6 0.51967 1.00000 0.52819 0.99881 0.50660 0.98319 0.50206 0.97666 0.49380 0.97423 0.47645 0.95874 0.43177 0.92915 0.42722 0.92262 0.42323 0.92318 0.41868 0.91665 0.38026 0.88977 0.37628 0.89032 0.35438 0.86830 0.34612 0.86587 0.33076 0.85010 0.31795 0.84114 0.31396 0.84170 0.29234 0.82322 0.27156 0.81538 0.26701 0.80885 0.25448 0.80343 0.24994 0.79690 0.24395 0.79774 0.21379 0.77329 0.20781 0.77412 0.20127 0.76787 0.19728 0.76843 0.18391 0.75238 0.17993 0.75294 0.16485 0.74071 0.16086 0.74127 0.15204 0.73175 0.14406 0.73287 0.13553 0.72689 0.10134 0.72810 0.09907 0.72483 0.09735 0.72866 0.08738 0.73005 0.08483 0.72324 0.07913 0.72762 0.07115 0.72874 0.06887 0.72547 0.06317 0.72986 0.03924 0.73321 0.03696 0.72994 0.01576 0.73458 0.03641 0.99633 0.03687 0.99698 0.03710 1.00000 0.51967 1.00000
5 0.42768 0.81092 0.42204 0.79352 0.41247 0.79107 0.40560 0.75263 0.41934 0.74313 0.43301 0.70029 0.42943 0.63335 0.40438 0.59670 0.37601 0.60446 0.35853 0.65307 0.36061 0.71725 0.38674 0.76209 0.39337 0.80284 0.37667 0.81276 0.37412 0.82903 0.35123 0.83602 0.34903 0.85679 0.39602 0.88507 0.45845 0.84981 0.45565 0.83050 0.42768 0.81092
6 0.51967 1.00000 0.52819 0.99881 0.50660 0.98319 0.50206 0.97666 0.49380 0.97423 0.47645 0.95874 0.43177 0.92915 0.42722 0.92262 0.42323 0.92318 0.41868 0.91665 0.38026 0.88977 0.37628 0.89032 0.35438 0.86830 0.34612 0.86587 0.33076 0.85010 0.31795 0.84114 0.31396 0.84170 0.29234 0.82322 0.27156 0.81538 0.26701 0.80885 0.25448 0.80343 0.24994 0.79690 0.24395 0.79774 0.21379 0.77329 0.20781 0.77412 0.20127 0.76787 0.19728 0.76843 0.18391 0.75238 0.17993 0.75294 0.16485 0.74071 0.16086 0.74127 0.15204 0.73175 0.14406 0.73287 0.13553 0.72689 0.10134 0.72810 0.09907 0.72483 0.09735 0.72866 0.08738 0.73005 0.08483 0.72324 0.07913 0.72762 0.07115 0.72874 0.06887 0.72547 0.06317 0.72986 0.03924 0.73321 0.03696 0.72994 0.01576 0.73458 0.03641 0.99633 0.03687 0.99698 0.03710 1.00000 0.51967 1.00000
5 0.42768 0.81092 0.42204 0.79352 0.41247 0.79107 0.40560 0.75263 0.41934 0.74313 0.43301 0.70029 0.42943 0.63335 0.40438 0.59670 0.37601 0.60446 0.35853 0.65307 0.36061 0.71725 0.38674 0.76209 0.39337 0.80284 0.37667 0.81276 0.37412 0.82903 0.35123 0.83602 0.34903 0.85679 0.39602 0.88507 0.45845 0.84981 0.45565 0.83050 0.42768 0.81092
6 0.51967 1.00000 0.52819 0.99881 0.50660 0.98319 0.50206 0.97666 0.49380 0.97423 0.47645 0.95874 0.43177 0.92915 0.42722 0.92262 0.42323 0.92318 0.41868 0.91665 0.38026 0.88977 0.37628 0.89032 0.35438 0.86830 0.34612 0.86587 0.33076 0.85010 0.31795 0.84114 0.31396 0.84170 0.29234 0.82322 0.27156 0.81538 0.26701 0.80885 0.25448 0.80343 0.24994 0.79690 0.24395 0.79774 0.21379 0.77329 0.20781 0.77412 0.20127 0.76787 0.19728 0.76843 0.18391 0.75238 0.17993 0.75294 0.16485 0.74071 0.16086 0.74127 0.15204 0.73175 0.14406 0.73287 0.13553 0.72689 0.10134 0.72810 0.09907 0.72483 0.09735 0.72866 0.08738 0.73005 0.08483 0.72324 0.07913 0.72762 0.07115 0.72874 0.06887 0.72547 0.06317 0.72986 0.03924 0.73321 0.03696 0.72994 0.01576 0.73458 0.03641 0.99633 0.03687 0.99698 0.03710 1.00000 0.51967 1.00000
5 0.42768 0.81092 0.42204 0.79352 0.41247 0.79107 0.40560 0.75263 0.41934 0.74313 0.43301 0.70029 0.42943 0.63335 0.40438 0.59670 0.37601 0.60446 0.35853 0.65307 0.36061 0.71725 0.38674 0.76209 0.39337 0.80284 0.37667 0.81276 0.37412 0.82903 0.35123 0.83602 0.34903 0.85679 0.39602 0.88507 0.45845 0.84981 0.45565 0.83050 0.42768 0.81092
6 0.51967 1.00000 0.52819 0.99881 0.50660 0.98319 0.50206 0.97666 0.49380 0.97423 0.47645 0.95874 0.43177 0.92915 0.42722 0.92262 0.42323 0.92318 0.41868 0.91665 0.38026 0.88977 0.37628 0.89032 0.35438 0.86830 0.34612 0.86587 0.33076 0.85010 0.31795 0.84114 0.31396 0.84170 0.29234 0.82322 0.27156 0.81538 0.26701 0.80885 0.25448 0.80343 0.24994 0.79690 0.24395 0.79774 0.21379 0.77329 0.20781 0.77412 0.20127 0.76787 0.19728 0.76843 0.18391 0.75238 0.17993 0.75294 0.16485 0.74071 0.16086 0.74127 0.15204 0.73175 0.14406 0.73287 0.13553 0.72689 0.10134 0.72810 0.09907 0.72483 0.09735 0.72866 0.08738 0.73005 0.08483 0.72324 0.07913 0.72762 0.07115 0.72874 0.06887 0.72547 0.06317 0.72986 0.03924 0.73321 0.03696 0.72994 0.01576 0.73458 0.03641 0.99633 0.03687 0.99698 0.03710 1.00000 0.51967 1.00000
5 0.42768 0.81092 0.42204 0.79352 0.41247 0.79107 0.40560 0.75263 0.41934 0.74313 0.43301 0.70029 0.42943 0.63335 0.40438 0.59670 0.37601 0.60446 0.35853 0.65307 0.36061 0.71725 0.38674 0.76209 0.39337 0.80284 0.37667 0.81276 0.37412 0.82903 0.35123 0.83602 0.34903 0.85679 0.39602 0.88507 0.45845 0.84981 0.45565 0.83050 0.42768 0.81092
6 0.51967 1.00000 0.52819 0.99881 0.50660 0.98319 0.50206 0.97666 0.49380 0.97423 0.47645 0.95874 0.43177 0.92915 0.42722 0.92262 0.42323 0.92318 0.41868 0.91665 0.38026 0.88977 0.37628 0.89032 0.35438 0.86830 0.34612 0.86587 0.33076 0.85010 0.31795 0.84114 0.31396 0.84170 0.29234 0.82322 0.27156 0.81538 0.26701 0.80885 0.25448 0.80343 0.24994 0.79690 0.24395 0.79774 0.21379 0.77329 0.20781 0.77412 0.20127 0.76787 0.19728 0.76843 0.18391 0.75238 0.17993 0.75294 0.16485 0.74071 0.16086 0.74127 0.15204 0.73175 0.14406 0.73287 0.13553 0.72689 0.10134 0.72810 0.09907 0.72483 0.09735 0.72866 0.08738 0.73005 0.08483 0.72324 0.07913 0.72762 0.07115 0.72874 0.06887 0.72547 0.06317 0.72986 0.03924 0.73321 0.03696 0.72994 0.01576 0.73458 0.03641 0.99633 0.03687 0.99698 0.03710 1.00000 0.51967 1.00000
5 0.42768 0.81092 0.42204 0.79352 0.41247 0.79107 0.40560 0.75263 0.41934 0.74313 0.43301 0.70029 0.42943 0.63335 0.40438 0.59670 0.37601 0.60446 0.35853 0.65307 0.36061 0.71725 0.38674 0.76209 0.39337 0.80284 0.37667 0.81276 0.37412 0.82903 0.35123 0.83602 0.34903 0.85679 0.39602 0.88507 0.45845 0.84981 0.45565 0.83050 0.42768 0.81092
6 0.51967 1.00000 0.52819 0.99881 0.50660 0.98319 0.50206 0.97666 0.49380 0.97423 0.47645 0.95874 0.43177 0.92915 0.42722 0.92262 0.42323 0.92318 0.41868 0.91665 0.38026 0.88977 0.37628 0.89032 0.35438 0.86830 0.34612 0.86587 0.33076 0.85010 0.31795 0.84114 0.31396 0.84170 0.29234 0.82322 0.27156 0.81538 0.26701 0.80885 0.25448 0.80343 0.24994 0.79690 0.24395 0.79774 0.21379 0.77329 0.20781 0.77412 0.20127 0.76787 0.19728 0.76843 0.18391 0.75238 0.17993 0.75294 0.16485 0.74071 0.16086 0.74127 0.15204 0.73175 0.14406 0.73287 0.13553 0.72689 0.10134 0.72810 0.09907 0.72483 0.09735 0.72866 0.08738 0.73005 0.08483 0.72324 0.07913 0.72762 0.07115 0.72874 0.06887 0.72547 0.06317 0.72986 0.03924 0.73321 0.03696 0.72994 0.01576 0.73458 0.03641 0.99633 0.03687 0.99698 0.03710 1.00000 0.51967 1.00000
5 0.42768 0.81092 0.42204 0.79352 0.41247 0.79107 0.40560 0.75263 0.41934 0.74313 0.43301 0.70029 0.42943 0.63335 0.40438 0.59670 0.37601 0.60446 0.35853 0.65307 0.36061 0.71725 0.38674 0.76209 0.39337 0.80284 0.37667 0.81276 0.37412 0.82903 0.35123 0.83602 0.34903 0.85679 0.39602 0.88507 0.45845 0.84981 0.45565 0.83050 0.42768 0.81092
