6 0.00000 0.19325 0.22980 0.20259 0.24144 0.17674 0.25928 0.16548 0.26440 0.15261 0.25911 0.12544 0.25601 0.11814 0.24811 0.09617 0.24162 0.07409 0.00000 0.06822 0.00000 0.19325
6 0.49162 0.00000 0.47219 0.07353 0.31275 0.07354 0.34427 0.19924 0.42910 0.21000 0.17561 1.00000 0.50983 1.00000 1.00000 0.96578 1.00000 0.48256 0.99673 0.39941 0.85682 0.17986 0.73585 0.00000 0.49162 0.00000
6 0.00000 0.19325 0.22980 0.20259 0.24144 0.17674 0.25928 0.16548 0.26440 0.15261 0.25911 0.12544 0.25601 0.11814 0.24811 0.09617 0.24162 0.07409 0.00000 0.06822 0.00000 0.19325
6 0.49162 0.00000 0.47219 0.07353 0.31275 0.07354 0.34427 0.19924 0.42910 0.21000 0.17561 1.00000 0.50983 1.00000 1.00000 0.96578 1.00000 0.48256 0.99673 0.39941 0.85682 0.17986 0.73585 0.00000 0.49162 0.00000
6 0.00000 0.19325 0.22980 0.20259 0.24144 0.17674 0.25928 0.16548 0.26440 0.15261 0.25911 0.12544 0.25601 0.11814 0.24811 0.09617 0.24162 0.07409 0.00000 0.06822 0.00000 0.19325
6 0.49162 0.00000 0.47219 0.07353 0.31275 0.07354 0.34427 0.19924 0.42910 0.21000 0.17561 1.00000 0.50983 1.00000 1.00000 0.96578 1.00000 0.48256 0.99673 0.39941 0.85682 0.17986 0.73585 0.00000 0.49162 0.00000
6 0.00000 0.19325 0.22980 0.20259 0.24144 0.17674 0.25928 0.16548 0.26440 0.15261 0.25911 0.12544 0.25601 0.11814 0.24811 0.09617 0.24162 0.07409 0.00000 0.06822 0.00000 0.19325
6 0.49162 0.00000 0.47219 0.07353 0.31275 0.07354 0.34427 0.19924 0.42910 0.21000 0.17561 1.00000 0.50983 1.00000 1.00000 0.96578 1.00000 0.48256 0.99673 0.39941 0.85682 0.17986 0.73585 0.00000 0.49162 0.00000
6 0.00000 0.19325 0.22980 0.20259 0.24144 0.17674 0.25928 0.16548 0.26440 0.15261 0.25911 0.12544 0.25601 0.11814 0.24811 0.09617 0.24162 0.07409 0.00000 0.06822 0.00000 0.19325
6 0.49162 0.00000 0.47219 0.07353 0.31275 0.07354 0.34427 0.19924 0.42910 0.21000 0.17561 1.00000 0.50983 1.00000 1.00000 0.96578 1.00000 0.48256 0.99673 0.39941 0.85682 0.17986 0.73585 0.00000 0.49162 0.00000
6 0.00000 0.19325 0.22980 0.20259 0.24144 0.17674 0.25928 0.16548 0.26440 0.15261 0.25911 0.12544 0.25601 0.11814 0.24811 0.09617 0.24162 0.07409 0.00000 0.06822 0.00000 0.19325
6 0.49162 0.00000 0.47219 0.07353 0.31275 0.07354 0.34427 0.19924 0.42910 0.21000 0.17561 1.00000 0.50983 1.00000 1.00000 0.96578 1.00000 0.48256 0.99673 0.39941 0.85682 0.17986 0.73585 0.00000 0.49162 0.00000
