6 1.00000 0.77157 0.54344 0.32651 0.40558 0.19456 0.32719 0.16643 0.18479 0.18114 0.01857 0.20963 0.00000 0.21480 0.00000 0.30309 0.02549 0.29732 0.06772 0.29402 0.06807 0.33569 0.00795 0.63564 0.03670 1.00000 0.51967 1.00000 1.00000 0.93275 1.00000 0.77157
2 0.60669 0.26941 0.60297 0.26406 0.59957 0.24889 0.58499 0.24507 0.58066 0.23198 0.57852 0.20490 0.58508 0.17661 0.58573 0.15696 0.59103 0.14057 0.58981 0.12509 0.59514 0.08132 0.59362 0.06198 0.58990 0.05663 0.56599 0.05998 0.56412 0.06415 0.52531 0.07350 0.52344 0.07767 0.51257 0.07919 0.50853 0.08367 0.50604 0.09380 0.53204 0.14491 0.53791 0.16365 0.55618 0.20021 0.55896 0.20764 0.56110 0.23472 0.56358 0.23829 0.56294 0.25793 0.55548 0.26093 0.55081 0.27137 0.55329 0.27493 0.55451 0.29041 0.54736 0.29727 0.53867 0.29849 0.53369 0.30505 0.53430 0.31279 0.54515 0.32496 0.55632 0.32731 0.56376 0.33800 0.57121 0.33500 0.57588 0.32457 0.58271 0.32753 0.58458 0.32336 0.59327 0.32214 0.60570 0.31257 0.62091 0.31045 0.62804 0.31727 0.63115 0.31488 0.63058 0.27976 0.62221 0.27115 0.61134 0.27267 0.60669 0.26941
6 1.00000 0.77157 0.54344 0.32651 0.40558 0.19456 0.32719 0.16643 0.18479 0.18114 0.01857 0.20963 0.00000 0.21480 0.00000 0.30309 0.02549 0.29732 0.06772 0.29402 0.06807 0.33569 0.00795 0.63564 0.03670 1.00000 0.51967 1.00000 1.00000 0.93275 1.00000 0.77157
2 0.60669 0.26941 0.60297 0.26406 0.59957 0.24889 0.58499 0.24507 0.58066 0.23198 0.57852 0.20490 0.58508 0.17661 0.58573 0.15696 0.59103 0.14057 0.58981 0.12509 0.59514 0.08132 0.59362 0.06198 0.58990 0.05663 0.56599 0.05998 0.56412 0.06415 0.52531 0.07350 0.52344 0.07767 0.51257 0.07919 0.50853 0.08367 0.50604 0.09380 0.53204 0.14491 0.53791 0.16365 0.55618 0.20021 0.55896 0.20764 0.56110 0.23472 0.56358 0.23829 0.56294 0.25793 0.55548 0.26093 0.55081 0.27137 0.55329 0.27493 0.55451 0.29041 0.54736 0.29727 0.53867 0.29849 0.53369 0.30505 0.53430 0.31279 0.54515 0.32496 0.55632 0.32731 0.56376 0.33800 0.57121 0.33500 0.57588 0.32457 0.58271 0.32753 0.58458 0.32336 0.59327 0.32214 0.60570 0.31257 0.62091 0.31045 0.62804 0.31727 0.63115 0.31488 0.63058 0.27976 0.62221 0.27115 0.61134 0.27267 0.60669 0.26941
6 1.00000 0.77157 0.54344 0.32651 0.40558 0.19456 0.32719 0.16643 0.18479 0.18114 0.01857 0.20963 0.00000 0.21480 0.00000 0.30309 0.02549 0.29732 0.06772 0.29402 0.06807 0.33569 0.00795 0.63564 0.03670 1.00000 0.51967 1.00000 1.00000 0.93275 1.00000 0.77157
2 0.60669 0.26941 0.60297 0.26406 0.59957 0.24889 0.58499 0.24507 0.58066 0.23198 0.57852 0.20490 0.58508 0.17661 0.58573 0.15696 0.59103 0.14057 0.58981 0.12509 0.59514 0.08132 0.59362 0.06198 0.58990 0.05663 0.56599 0.05998 0.56412 0.06415 0.52531 0.07350 0.52344 0.07767 0.51257 0.07919 0.50853 0.08367 0.50604 0.09380 0.53204 0.14491 0.53791 0.16365 0.55618 0.20021 0.55896 0.20764 0.56110 0.23472 0.56358 0.23829 0.56294 0.25793 0.55548 0.26093 0.55081 0.27137 0.55329 0.27493 0.55451 0.29041 0.54736 0.29727 0.53867 0.29849 0.53369 0.30505 0.53430 0.31279 0.54515 0.32496 0.55632 0.32731 0.56376 0.33800 0.57121 0.33500 0.57588 0.32457 0.58271 0.32753 0.58458 0.32336 0.59327 0.32214 0.60570 0.31257 0.62091 0.31045 0.62804 0.31727 0.63115 0.31488 0.63058 0.27976 0.62221 0.27115 0.61134 0.27267 0.60669 0.26941
6 1.00000 0.77157 0.54344 0.32651 0.40558 0.19456 0.32719 0.16643 0.18479 0.18114 0.01857 0.20963 0.00000 0.21480 0.00000 0.30309 0.02549 0.29732 0.06772 0.29402 0.06807 0.33569 0.00795 0.63564 0.03670 1.00000 0.51967 1.00000 1.00000 0.93275 1.00000 0.77157
2 0.60669 0.26941 0.60297 0.26406 0.59957 0.24889 0.58499 0.24507 0.58066 0.23198 0.57852 0.20490 0.58508 0.17661 0.58573 0.15696 0.59103 0.14057 0.58981 0.12509 0.59514 0.08132 0.59362 0.06198 0.58990 0.05663 0.56599 0.05998 0.56412 0.06415 0.52531 0.07350 0.52344 0.07767 0.51257 0.07919 0.50853 0.08367 0.50604 0.09380 0.53204 0.14491 0.53791 0.16365 0.55618 0.20021 0.55896 0.20764 0.56110 0.23472 0.56358 0.23829 0.56294 0.25793 0.55548 0.26093 0.55081 0.27137 0.55329 0.27493 0.55451 0.29041 0.54736 0.29727 0.53867 0.29849 0.53369 0.30505 0.53430 0.31279 0.54515 0.32496 0.55632 0.32731 0.56376 0.33800 0.57121 0.33500 0.57588 0.32457 0.58271 0.32753 0.58458 0.32336 0.59327 0.32214 0.60570 0.31257 0.62091 0.31045 0.62804 0.31727 0.63115 0.31488 0.63058 0.27976 0.62221 0.27115 0.61134 0.27267 0.60669 0.26941
6 1.00000 0.77157 0.54344 0.32651 0.40558 0.19456 0.32719 0.16643 0.18479 0.18114 0.01857 0.20963 0.00000 0.21480 0.00000 0.30309 0.02549 0.29732 0.06772 0.29402 0.06807 0.33569 0.00795 0.63564 0.03670 1.00000 0.51967 1.00000 1.00000 0.93275 1.00000 0.77157
2 0.60669 0.26941 0.60297 0.26406 0.59957 0.24889 0.58499 0.24507 0.58066 0.23198 0.57852 0.20490 0.58508 0.17661 0.58573 0.15696 0.59103 0.14057 0.58981 0.12509 0.59514 0.08132 0.59362 0.06198 0.58990 0.05663 0.56599 0.05998 0.56412 0.06415 0.52531 0.07350 0.52344 0.07767 0.51257 0.07919 0.50853 0.08367 0.50604 0.09380 0.53204 0.14491 0.53791 0.16365 0.55618 0.20021 0.55896 0.20764 0.56110 0.23472 0.56358 0.23829 0.56294 0.25793 0.55548 0.26093 0.55081 0.27137 0.55329 0.27493 0.55451 0.29041 0.54736 0.29727 0.53867 0.29849 0.53369 0.30505 0.53430 0.31279 0.54515 0.32496 0.55632 0.32731 0.56376 0.33800 0.57121 0.33500 0.57588 0.32457 0.58271 0.32753 0.58458 0.32336 0.59327 0.32214 0.60570 0.31257 0.62091 0.31045 0.62804 0.31727 0.63115 0.31488 0.63058 0.27976 0.62221 0.27115 0.61134 0.27267 0.60669 0.26941
6 1.00000 0.77157 0.54344 0.32651 0.40558 0.19456 0.32719 0.16643 0.18479 0.18114 0.01857 0.20963 0.00000 0.21480 0.00000 0.30309 0.02549 0.29732 0.06772 0.29402 0.06807 0.33569 0.00795 0.63564 0.03670 1.00000 0.51967 1.00000 1.00000 0.93275 1.00000 0.77157
2 0.60669 0.26941 0.60297 0.26406 0.59957 0.24889 0.58499 0.24507 0.58066 0.23198 0.57852 0.20490 0.58508 0.17661 0.58573 0.15696 0.59103 0.14057 0.58981 0.12509 0.59514 0.08132 0.59362 0.06198 0.58990 0.05663 0.56599 0.05998 0.56412 0.06415 0.52531 0.07350 0.52344 0.07767 0.51257 0.07919 0.50853 0.08367 0.50604 0.09380 0.53204 0.14491 0.53791 0.16365 0.55618 0.20021 0.55896 0.20764 0.56110 0.23472 0.56358 0.23829 0.56294 0.25793 0.55548 0.26093 0.55081 0.27137 0.55329 0.27493 0.55451 0.29041 0.54736 0.29727 0.53867 0.29849 0.53369 0.30505 0.53430 0.31279 0.54515 0.32496 0.55632 0.32731 0.56376 0.33800 0.57121 0.33500 0.57588 0.32457 0.58271 0.32753 0.58458 0.32336 0.59327 0.32214 0.60570 0.31257 0.62091 0.31045 0.62804 0.31727 0.63115 0.31488 0.63058 0.27976 0.62221 0.27115 0.61134 0.27267 0.60669 0.26941
