6 0.52954 1.00000 0.61821 0.98129 0.60712 0.96979 0.58675 0.95900 0.52093 0.90495 0.50971 0.89977 0.50219 0.89003 0.49554 0.88766 0.48802 0.87793 0.45806 0.85783 0.44596 0.84528 0.40227 0.81676 0.35977 0.78044 0.33482 0.76683 0.31815 0.75148 0.31351 0.73925 0.30016 0.72508 0.28687 0.72034 0.28186 0.71384 0.27063 0.70866 0.26104 0.69936 0.25691 0.70024 0.24023 0.68488 0.22945 0.68339 0.21027 0.66479 0.20362 0.66241 0.16363 0.62934 0.15535 0.63108 0.15285 0.62784 0.12181 0.63439 0.11930 0.63114 0.08206 0.63900 0.07955 0.63575 0.07334 0.63706 0.07171 0.64118 0.06921 0.63794 0.02368 0.64754 0.02118 0.64430 0.01129 0.64734 0.05322 1.00000 0.52954 1.00000
1 0.51432 0.77802 0.51012 0.76947 0.50706 0.74370 0.51528 0.73253 0.51941 0.73166 0.53209 0.70445 0.53599 0.66589 0.53260 0.65528 0.52954 0.62951 0.52027 0.60505 0.50899 0.59045 0.48861 0.57964 0.47250 0.58682 0.46346 0.60005 0.45493 0.62638 0.45059 0.66126 0.45453 0.69440 0.46380 0.71886 0.47759 0.73671 0.48424 0.73908 0.49050 0.74720 0.49357 0.77296 0.49282 0.78445 0.48209 0.79237 0.48014 0.81165 0.46152 0.81558 0.45788 0.82956 0.45875 0.83692 0.46502 0.84504 0.48082 0.85302 0.48790 0.85908 0.49335 0.86925 0.50245 0.86545 0.50201 0.86177 0.50652 0.85515 0.51480 0.85340 0.51643 0.84929 0.54954 0.84230 0.55776 0.83113 0.55644 0.82009 0.53852 0.80311 0.53438 0.80398 0.52767 0.79219 0.52636 0.78114 0.51432 0.77802
7 0.22776 0.67808 0.23359 0.68251 0.26130 0.67478 0.26707 0.66979 0.26445 0.64770 0.24745 0.64751 0.23520 0.54442 0.22360 0.54498 0.22115 0.55116 0.22290 0.56588 0.22541 0.56913 0.22465 0.58061 0.23253 0.64688 0.22764 0.65923 0.22776 0.67808
6 0.52954 1.00000 0.61821 0.98129 0.60712 0.96979 0.58675 0.95900 0.52093 0.90495 0.50971 0.89977 0.50219 0.89003 0.49554 0.88766 0.48802 0.87793 0.45806 0.85783 0.44596 0.84528 0.40227 0.81676 0.35977 0.78044 0.33482 0.76683 0.31815 0.75148 0.31351 0.73925 0.30016 0.72508 0.28687 0.72034 0.28186 0.71384 0.27063 0.70866 0.26104 0.69936 0.25691 0.70024 0.24023 0.68488 0.22945 0.68339 0.21027 0.66479 0.20362 0.66241 0.16363 0.62934 0.15535 0.63108 0.15285 0.62784 0.12181 0.63439 0.11930 0.63114 0.08206 0.63900 0.07955 0.63575 0.07334 0.63706 0.07171 0.64118 0.06921 0.63794 0.02368 0.64754 0.02118 0.64430 0.01129 0.64734 0.05322 1.00000 0.52954 1.00000
1 0.51432 0.77802 0.51012 0.76947 0.50706 0.74370 0.51528 0.73253 0.51941 0.73166 0.53209 0.70445 0.53599 0.66589 0.53260 0.65528 0.52954 0.62951 0.52027 0.60505 0.50899 0.59045 0.48861 0.57964 0.47250 0.58682 0.46346 0.60005 0.45493 0.62638 0.45059 0.66126 0.45453 0.69440 0.46380 0.71886 0.47759 0.73671 0.48424 0.73908 0.49050 0.74720 0.49357 0.77296 0.49282 0.78445 0.48209 0.79237 0.48014 0.81165 0.46152 0.81558 0.45788 0.82956 0.45875 0.83692 0.46502 0.84504 0.48082 0.85302 0.48790 0.85908 0.49335 0.86925 0.50245 0.86545 0.50201 0.86177 0.50652 0.85515 0.51480 0.85340 0.51643 0.84929 0.54954 0.84230 0.55776 0.83113 0.55644 0.82009 0.53852 0.80311 0.53438 0.80398 0.52767 0.79219 0.52636 0.78114 0.51432 0.77802
7 0.22776 0.67808 0.23359 0.68251 0.26130 0.67478 0.26707 0.66979 0.26445 0.64770 0.24745 0.64751 0.23520 0.54442 0.22360 0.54498 0.22115 0.55116 0.22290 0.56588 0.22541 0.56913 0.22465 0.58061 0.23253 0.64688 0.22764 0.65923 0.22776 0.67808
6 0.52954 1.00000 0.61821 0.98129 0.60712 0.96979 0.58675 0.95900 0.52093 0.90495 0.50971 0.89977 0.50219 0.89003 0.49554 0.88766 0.48802 0.87793 0.45806 0.85783 0.44596 0.84528 0.40227 0.81676 0.35977 0.78044 0.33482 0.76683 0.31815 0.75148 0.31351 0.73925 0.30016 0.72508 0.28687 0.72034 0.28186 0.71384 0.27063 0.70866 0.26104 0.69936 0.25691 0.70024 0.24023 0.68488 0.22945 0.68339 0.21027 0.66479 0.20362 0.66241 0.16363 0.62934 0.15535 0.63108 0.15285 0.62784 0.12181 0.63439 0.11930 0.63114 0.08206 0.63900 0.07955 0.63575 0.07334 0.63706 0.07171 0.64118 0.06921 0.63794 0.02368 0.64754 0.02118 0.64430 0.01129 0.64734 0.05322 1.00000 0.52954 1.00000
1 0.51432 0.77802 0.51012 0.76947 0.50706 0.74370 0.51528 0.73253 0.51941 0.73166 0.53209 0.70445 0.53599 0.66589 0.53260 0.65528 0.52954 0.62951 0.52027 0.60505 0.50899 0.59045 0.48861 0.57964 0.47250 0.58682 0.46346 0.60005 0.45493 0.62638 0.45059 0.66126 0.45453 0.69440 0.46380 0.71886 0.47759 0.73671 0.48424 0.73908 0.49050 0.74720 0.49357 0.77296 0.49282 0.78445 0.48209 0.79237 0.48014 0.81165 0.46152 0.81558 0.45788 0.82956 0.45875 0.83692 0.46502 0.84504 0.48082 0.85302 0.48790 0.85908 0.49335 0.86925 0.50245 0.86545 0.50201 0.86177 0.50652 0.85515 0.51480 0.85340 0.51643 0.84929 0.54954 0.84230 0.55776 0.83113 0.55644 0.82009 0.53852 0.80311 0.53438 0.80398 0.52767 0.79219 0.52636 0.78114 0.51432 0.77802
7 0.22776 0.67808 0.23359 0.68251 0.26130 0.67478 0.26707 0.66979 0.26445 0.64770 0.24745 0.64751 0.23520 0.54442 0.22360 0.54498 0.22115 0.55116 0.22290 0.56588 0.22541 0.56913 0.22465 0.58061 0.23253 0.64688 0.22764 0.65923 0.22776 0.67808
6 0.52954 1.00000 0.61821 0.98129 0.60712 0.96979 0.58675 0.95900 0.52093 0.90495 0.50971 0.89977 0.50219 0.89003 0.49554 0.88766 0.48802 0.87793 0.45806 0.85783 0.44596 0.84528 0.40227 0.81676 0.35977 0.78044 0.33482 0.76683 0.31815 0.75148 0.31351 0.73925 0.30016 0.72508 0.28687 0.72034 0.28186 0.71384 0.27063 0.70866 0.26104 0.69936 0.25691 0.70024 0.24023 0.68488 0.22945 0.68339 0.21027 0.66479 0.20362 0.66241 0.16363 0.62934 0.15535 0.63108 0.15285 0.62784 0.12181 0.63439 0.11930 0.63114 0.08206 0.63900 0.07955 0.63575 0.07334 0.63706 0.07171 0.64118 0.06921 0.63794 0.02368 0.64754 0.02118 0.64430 0.01129 0.64734 0.05322 1.00000 0.52954 1.00000
1 0.51432 0.77802 0.51012 0.76947 0.50706 0.74370 0.51528 0.73253 0.51941 0.73166 0.53209 0.70445 0.53599 0.66589 0.53260 0.65528 0.52954 0.62951 0.52027 0.60505 0.50899 0.59045 0.48861 0.57964 0.47250 0.58682 0.46346 0.60005 0.45493 0.62638 0.45059 0.66126 0.45453 0.69440 0.46380 0.71886 0.47759 0.73671 0.48424 0.73908 0.49050 0.74720 0.49357 0.77296 0.49282 0.78445 0.48209 0.79237 0.48014 0.81165 0.46152 0.81558 0.45788 0.82956 0.45875 0.83692 0.46502 0.84504 0.48082 0.85302 0.48790 0.85908 0.49335 0.86925 0.50245 0.86545 0.50201 0.86177 0.50652 0.85515 0.51480 0.85340 0.51643 0.84929 0.54954 0.84230 0.55776 0.83113 0.55644 0.82009 0.53852 0.80311 0.53438 0.80398 0.52767 0.79219 0.52636 0.78114 0.51432 0.77802
7 0.22776 0.67808 0.23359 0.68251 0.26130 0.67478 0.26707 0.66979 0.26445 0.64770 0.24745 0.64751 0.23520 0.54442 0.22360 0.54498 0.22115 0.55116 0.22290 0.56588 0.22541 0.56913 0.22465 0.58061 0.23253 0.64688 0.22764 0.65923 0.22776 0.67808
6 0.52954 1.00000 0.61821 0.98129 0.60712 0.96979 0.58675 0.95900 0.52093 0.90495 0.50971 0.89977 0.50219 0.89003 0.49554 0.88766 0.48802 0.87793 0.45806 0.85783 0.44596 0.84528 0.40227 0.81676 0.35977 0.78044 0.33482 0.76683 0.31815 0.75148 0.31351 0.73925 0.30016 0.72508 0.28687 0.72034 0.28186 0.71384 0.27063 0.70866 0.26104 0.69936 0.25691 0.70024 0.24023 0.68488 0.22945 0.68339 0.21027 0.66479 0.20362 0.66241 0.16363 0.62934 0.15535 0.63108 0.15285 0.62784 0.12181 0.63439 0.11930 0.63114 0.08206 0.63900 0.07955 0.63575 0.07334 0.63706 0.07171 0.64118 0.06921 0.63794 0.02368 0.64754 0.02118 0.64430 0.01129 0.64734 0.05322 1.00000 0.52954 1.00000
1 0.51432 0.77802 0.51012 0.76947 0.50706 0.74370 0.51528 0.73253 0.51941 0.73166 0.53209 0.70445 0.53599 0.66589 0.53260 0.65528 0.52954 0.62951 0.52027 0.60505 0.50899 0.59045 0.48861 0.57964 0.47250 0.58682 0.46346 0.60005 0.45493 0.62638 0.45059 0.66126 0.45453 0.69440 0.46380 0.71886 0.47759 0.73671 0.48424 0.73908 0.49050 0.74720 0.49357 0.77296 0.49282 0.78445 0.48209 0.79237 0.48014 0.81165 0.46152 0.81558 0.45788 0.82956 0.45875 0.83692 0.46502 0.84504 0.48082 0.85302 0.48790 0.85908 0.49335 0.86925 0.50245 0.86545 0.50201 0.86177 0.50652 0.85515 0.51480 0.85340 0.51643 0.84929 0.54954 0.84230 0.55776 0.83113 0.55644 0.82009 0.53852 0.80311 0.53438 0.80398 0.52767 0.79219 0.52636 0.78114 0.51432 0.77802
7 0.22776 0.67808 0.23359 0.68251 0.26130 0.67478 0.26707 0.66979 0.26445 0.64770 0.24745 0.64751 0.23520 0.54442 0.22360 0.54498 0.22115 0.55116 0.22290 0.56588 0.22541 0.56913 0.22465 0.58061 0.23253 0.64688 0.22764 0.65923 0.22776 0.67808
6 0.52954 1.00000 0.61821 0.98129 0.60712 0.96979 0.58675 0.95900 0.52093 0.90495 0.50971 0.89977 0.50219 0.89003 0.49554 0.88766 0.48802 0.87793 0.45806 0.85783 0.44596 0.84528 0.40227 0.81676 0.35977 0.78044 0.33482 0.76683 0.31815 0.75148 0.31351 0.73925 0.30016 0.72508 0.28687 0.72034 0.28186 0.71384 0.27063 0.70866 0.26104 0.69936 0.25691 0.70024 0.24023 0.68488 0.22945 0.68339 0.21027 0.66479 0.20362 0.66241 0.16363 0.62934 0.15535 0.63108 0.15285 0.62784 0.12181 0.63439 0.11930 0.63114 0.08206 0.63900 0.07955 0.63575 0.07334 0.63706 0.07171 0.64118 0.06921 0.63794 0.02368 0.64754 0.02118 0.64430 0.01129 0.64734 0.05322 1.00000 0.52954 1.00000
1 0.51432 0.77802 0.51012 0.76947 0.50706 0.74370 0.51528 0.73253 0.51941 0.73166 0.53209 0.70445 0.53599 0.66589 0.53260 0.65528 0.52954 0.62951 0.52027 0.60505 0.50899 0.59045 0.48861 0.57964 0.47250 0.58682 0.46346 0.60005 0.45493 0.62638 0.45059 0.66126 0.45453 0.69440 0.46380 0.71886 0.47759 0.73671 0.48424 0.73908 0.49050 0.74720 0.49357 0.77296 0.49282 0.78445 0.48209 0.79237 0.48014 0.81165 0.46152 0.81558 0.45788 0.82956 0.45875 0.83692 0.46502 0.84504 0.48082 0.85302 0.48790 0.85908 0.49335 0.86925 0.50245 0.86545 0.50201 0.86177 0.50652 0.85515 0.51480 0.85340 0.51643 0.84929 0.54954 0.84230 0.55776 0.83113 0.55644 0.82009 0.53852 0.80311 0.53438 0.80398 0.52767 0.79219 0.52636 0.78114 0.51432 0.77802
7 0.22776 0.67808 0.23359 0.68251 0.26130 0.67478 0.26707 0.66979 0.26445 0.64770 0.24745 0.64751 0.23520 0.54442 0.22360 0.54498 0.22115 0.55116 0.22290 0.56588 0.22541 0.56913 0.22465 0.58061 0.23253 0.64688 0.22764 0.65923 0.22776 0.67808
