7 0.29492 0.46702 0.28418 0.46528 0.28125 0.47396 0.28125 0.48785 0.28320 0.49132 0.28125 0.49827 0.28125 0.56077 0.27734 0.56771 0.27539 0.58854 0.27832 0.59375 0.30664 0.59202 0.31055 0.58854 0.31055 0.56771 0.29492 0.56423 0.29492 0.46702
7 0.00000 0.60590 0.03320 0.60590 0.03516 0.60243 0.03516 0.58160 0.03027 0.57292 0.02344 0.56771 0.02344 0.56077 0.02734 0.55035 0.02539 0.53298 0.02930 0.52952 0.02930 0.50173 0.02344 0.49132 0.02539 0.47048 0.02246 0.46528 0.00879 0.46528 0.00684 0.46180 0.00293 0.46528 0.00000 0.47396 0.00000 0.60590
1 0.56836 0.80035 0.56836 0.79340 0.56348 0.78472 0.54492 0.76562 0.54492 0.75521 0.54199 0.74653 0.53125 0.74132 0.53125 0.70660 0.54785 0.69445 0.56055 0.66840 0.56445 0.64757 0.56445 0.61632 0.55859 0.58507 0.54590 0.56250 0.53418 0.55208 0.52051 0.55208 0.50488 0.56597 0.49023 0.59896 0.48633 0.61979 0.48633 0.65452 0.49023 0.66493 0.49023 0.67188 0.50098 0.69445 0.51367 0.70660 0.51367 0.73785 0.51074 0.74653 0.50098 0.75000 0.49707 0.76736 0.47949 0.76736 0.47461 0.77604 0.47461 0.78993 0.50098 0.81597 0.50488 0.82639 0.50977 0.82465 0.51270 0.81597 0.51855 0.81250 0.56348 0.80903 0.56836 0.80035
6 0.57715 0.92361 0.53223 0.87153 0.51855 0.86111 0.50293 0.83680 0.49121 0.82639 0.48145 0.81250 0.46777 0.80208 0.44434 0.77430 0.44043 0.77430 0.41699 0.74653 0.40723 0.73958 0.37793 0.70486 0.36426 0.69445 0.34863 0.67014 0.34082 0.67014 0.34180 0.66146 0.32520 0.63889 0.31738 0.63542 0.29004 0.60417 0.27246 0.59375 0.26855 0.58680 0.25293 0.57292 0.24707 0.56250 0.23340 0.55208 0.21582 0.53125 0.20606 0.53125 0.20410 0.52778 0.19434 0.52778 0.19238 0.52430 0.15137 0.52430 0.14941 0.52083 0.09473 0.52083 0.09277 0.52430 0.08691 0.52083 0.05762 0.52083 0.05273 0.52604 0.05469 0.53646 0.06250 0.54688 0.03418 0.61111 0.03027 0.61458 0.01465 0.61458 0.01270 0.61805 0.00000 0.61979 0.00098 0.99653 0.64062 0.99479 0.63184 0.97917 0.62598 0.97570 0.60059 0.94445 0.57715 0.92361
7 0.29492 0.46702 0.28418 0.46528 0.28125 0.47396 0.28125 0.48785 0.28320 0.49132 0.28125 0.49827 0.28125 0.56077 0.27734 0.56771 0.27539 0.58854 0.27832 0.59375 0.30664 0.59202 0.31055 0.58854 0.31055 0.56771 0.29492 0.56423 0.29492 0.46702
7 0.00000 0.60590 0.03320 0.60590 0.03516 0.60243 0.03516 0.58160 0.03027 0.57292 0.02344 0.56771 0.02344 0.56077 0.02734 0.55035 0.02539 0.53298 0.02930 0.52952 0.02930 0.50173 0.02344 0.49132 0.02539 0.47048 0.02246 0.46528 0.00879 0.46528 0.00684 0.46180 0.00293 0.46528 0.00000 0.47396 0.00000 0.60590
1 0.56836 0.80035 0.56836 0.79340 0.56348 0.78472 0.54492 0.76562 0.54492 0.75521 0.54199 0.74653 0.53125 0.74132 0.53125 0.70660 0.54785 0.69445 0.56055 0.66840 0.56445 0.64757 0.56445 0.61632 0.55859 0.58507 0.54590 0.56250 0.53418 0.55208 0.52051 0.55208 0.50488 0.56597 0.49023 0.59896 0.48633 0.61979 0.48633 0.65452 0.49023 0.66493 0.49023 0.67188 0.50098 0.69445 0.51367 0.70660 0.51367 0.73785 0.51074 0.74653 0.50098 0.75000 0.49707 0.76736 0.47949 0.76736 0.47461 0.77604 0.47461 0.78993 0.50098 0.81597 0.50488 0.82639 0.50977 0.82465 0.51270 0.81597 0.51855 0.81250 0.56348 0.80903 0.56836 0.80035
6 0.57715 0.92361 0.53223 0.87153 0.51855 0.86111 0.50293 0.83680 0.49121 0.82639 0.48145 0.81250 0.46777 0.80208 0.44434 0.77430 0.44043 0.77430 0.41699 0.74653 0.40723 0.73958 0.37793 0.70486 0.36426 0.69445 0.34863 0.67014 0.34082 0.67014 0.34180 0.66146 0.32520 0.63889 0.31738 0.63542 0.29004 0.60417 0.27246 0.59375 0.26855 0.58680 0.25293 0.57292 0.24707 0.56250 0.23340 0.55208 0.21582 0.53125 0.20606 0.53125 0.20410 0.52778 0.19434 0.52778 0.19238 0.52430 0.15137 0.52430 0.14941 0.52083 0.09473 0.52083 0.09277 0.52430 0.08691 0.52083 0.05762 0.52083 0.05273 0.52604 0.05469 0.53646 0.06250 0.54688 0.03418 0.61111 0.03027 0.61458 0.01465 0.61458 0.01270 0.61805 0.00000 0.61979 0.00098 0.99653 0.64062 0.99479 0.63184 0.97917 0.62598 0.97570 0.60059 0.94445 0.57715 0.92361
7 0.29492 0.46702 0.28418 0.46528 0.28125 0.47396 0.28125 0.48785 0.28320 0.49132 0.28125 0.49827 0.28125 0.56077 0.27734 0.56771 0.27539 0.58854 0.27832 0.59375 0.30664 0.59202 0.31055 0.58854 0.31055 0.56771 0.29492 0.56423 0.29492 0.46702
7 0.00000 0.60590 0.03320 0.60590 0.03516 0.60243 0.03516 0.58160 0.03027 0.57292 0.02344 0.56771 0.02344 0.56077 0.02734 0.55035 0.02539 0.53298 0.02930 0.52952 0.02930 0.50173 0.02344 0.49132 0.02539 0.47048 0.02246 0.46528 0.00879 0.46528 0.00684 0.46180 0.00293 0.46528 0.00000 0.47396 0.00000 0.60590
1 0.56836 0.80035 0.56836 0.79340 0.56348 0.78472 0.54492 0.76562 0.54492 0.75521 0.54199 0.74653 0.53125 0.74132 0.53125 0.70660 0.54785 0.69445 0.56055 0.66840 0.56445 0.64757 0.56445 0.61632 0.55859 0.58507 0.54590 0.56250 0.53418 0.55208 0.52051 0.55208 0.50488 0.56597 0.49023 0.59896 0.48633 0.61979 0.48633 0.65452 0.49023 0.66493 0.49023 0.67188 0.50098 0.69445 0.51367 0.70660 0.51367 0.73785 0.51074 0.74653 0.50098 0.75000 0.49707 0.76736 0.47949 0.76736 0.47461 0.77604 0.47461 0.78993 0.50098 0.81597 0.50488 0.82639 0.50977 0.82465 0.51270 0.81597 0.51855 0.81250 0.56348 0.80903 0.56836 0.80035
6 0.57715 0.92361 0.53223 0.87153 0.51855 0.86111 0.50293 0.83680 0.49121 0.82639 0.48145 0.81250 0.46777 0.80208 0.44434 0.77430 0.44043 0.77430 0.41699 0.74653 0.40723 0.73958 0.37793 0.70486 0.36426 0.69445 0.34863 0.67014 0.34082 0.67014 0.34180 0.66146 0.32520 0.63889 0.31738 0.63542 0.29004 0.60417 0.27246 0.59375 0.26855 0.58680 0.25293 0.57292 0.24707 0.56250 0.23340 0.55208 0.21582 0.53125 0.20606 0.53125 0.20410 0.52778 0.19434 0.52778 0.19238 0.52430 0.15137 0.52430 0.14941 0.52083 0.09473 0.52083 0.09277 0.52430 0.08691 0.52083 0.05762 0.52083 0.05273 0.52604 0.05469 0.53646 0.06250 0.54688 0.03418 0.61111 0.03027 0.61458 0.01465 0.61458 0.01270 0.61805 0.00000 0.61979 0.00098 0.99653 0.64062 0.99479 0.63184 0.97917 0.62598 0.97570 0.60059 0.94445 0.57715 0.92361
7 0.29492 0.46702 0.28418 0.46528 0.28125 0.47396 0.28125 0.48785 0.28320 0.49132 0.28125 0.49827 0.28125 0.56077 0.27734 0.56771 0.27539 0.58854 0.27832 0.59375 0.30664 0.59202 0.31055 0.58854 0.31055 0.56771 0.29492 0.56423 0.29492 0.46702
7 0.00000 0.60590 0.03320 0.60590 0.03516 0.60243 0.03516 0.58160 0.03027 0.57292 0.02344 0.56771 0.02344 0.56077 0.02734 0.55035 0.02539 0.53298 0.02930 0.52952 0.02930 0.50173 0.02344 0.49132 0.02539 0.47048 0.02246 0.46528 0.00879 0.46528 0.00684 0.46180 0.00293 0.46528 0.00000 0.47396 0.00000 0.60590
1 0.56836 0.80035 0.56836 0.79340 0.56348 0.78472 0.54492 0.76562 0.54492 0.75521 0.54199 0.74653 0.53125 0.74132 0.53125 0.70660 0.54785 0.69445 0.56055 0.66840 0.56445 0.64757 0.56445 0.61632 0.55859 0.58507 0.54590 0.56250 0.53418 0.55208 0.52051 0.55208 0.50488 0.56597 0.49023 0.59896 0.48633 0.61979 0.48633 0.65452 0.49023 0.66493 0.49023 0.67188 0.50098 0.69445 0.51367 0.70660 0.51367 0.73785 0.51074 0.74653 0.50098 0.75000 0.49707 0.76736 0.47949 0.76736 0.47461 0.77604 0.47461 0.78993 0.50098 0.81597 0.50488 0.82639 0.50977 0.82465 0.51270 0.81597 0.51855 0.81250 0.56348 0.80903 0.56836 0.80035
6 0.57715 0.92361 0.53223 0.87153 0.51855 0.86111 0.50293 0.83680 0.49121 0.82639 0.48145 0.81250 0.46777 0.80208 0.44434 0.77430 0.44043 0.77430 0.41699 0.74653 0.40723 0.73958 0.37793 0.70486 0.36426 0.69445 0.34863 0.67014 0.34082 0.67014 0.34180 0.66146 0.32520 0.63889 0.31738 0.63542 0.29004 0.60417 0.27246 0.59375 0.26855 0.58680 0.25293 0.57292 0.24707 0.56250 0.23340 0.55208 0.21582 0.53125 0.20606 0.53125 0.20410 0.52778 0.19434 0.52778 0.19238 0.52430 0.15137 0.52430 0.14941 0.52083 0.09473 0.52083 0.09277 0.52430 0.08691 0.52083 0.05762 0.52083 0.05273 0.52604 0.05469 0.53646 0.06250 0.54688 0.03418 0.61111 0.03027 0.61458 0.01465 0.61458 0.01270 0.61805 0.00000 0.61979 0.00098 0.99653 0.64062 0.99479 0.63184 0.97917 0.62598 0.97570 0.60059 0.94445 0.57715 0.92361
7 0.29492 0.46702 0.28418 0.46528 0.28125 0.47396 0.28125 0.48785 0.28320 0.49132 0.28125 0.49827 0.28125 0.56077 0.27734 0.56771 0.27539 0.58854 0.27832 0.59375 0.30664 0.59202 0.31055 0.58854 0.31055 0.56771 0.29492 0.56423 0.29492 0.46702
7 0.00000 0.60590 0.03320 0.60590 0.03516 0.60243 0.03516 0.58160 0.03027 0.57292 0.02344 0.56771 0.02344 0.56077 0.02734 0.55035 0.02539 0.53298 0.02930 0.52952 0.02930 0.50173 0.02344 0.49132 0.02539 0.47048 0.02246 0.46528 0.00879 0.46528 0.00684 0.46180 0.00293 0.46528 0.00000 0.47396 0.00000 0.60590
1 0.56836 0.80035 0.56836 0.79340 0.56348 0.78472 0.54492 0.76562 0.54492 0.75521 0.54199 0.74653 0.53125 0.74132 0.53125 0.70660 0.54785 0.69445 0.56055 0.66840 0.56445 0.64757 0.56445 0.61632 0.55859 0.58507 0.54590 0.56250 0.53418 0.55208 0.52051 0.55208 0.50488 0.56597 0.49023 0.59896 0.48633 0.61979 0.48633 0.65452 0.49023 0.66493 0.49023 0.67188 0.50098 0.69445 0.51367 0.70660 0.51367 0.73785 0.51074 0.74653 0.50098 0.75000 0.49707 0.76736 0.47949 0.76736 0.47461 0.77604 0.47461 0.78993 0.50098 0.81597 0.50488 0.82639 0.50977 0.82465 0.51270 0.81597 0.51855 0.81250 0.56348 0.80903 0.56836 0.80035
6 0.57715 0.92361 0.53223 0.87153 0.51855 0.86111 0.50293 0.83680 0.49121 0.82639 0.48145 0.81250 0.46777 0.80208 0.44434 0.77430 0.44043 0.77430 0.41699 0.74653 0.40723 0.73958 0.37793 0.70486 0.36426 0.69445 0.34863 0.67014 0.34082 0.67014 0.34180 0.66146 0.32520 0.63889 0.31738 0.63542 0.29004 0.60417 0.27246 0.59375 0.26855 0.58680 0.25293 0.57292 0.24707 0.56250 0.23340 0.55208 0.21582 0.53125 0.20606 0.53125 0.20410 0.52778 0.19434 0.52778 0.19238 0.52430 0.15137 0.52430 0.14941 0.52083 0.09473 0.52083 0.09277 0.52430 0.08691 0.52083 0.05762 0.52083 0.05273 0.52604 0.05469 0.53646 0.06250 0.54688 0.03418 0.61111 0.03027 0.61458 0.01465 0.61458 0.01270 0.61805 0.00000 0.61979 0.00098 0.99653 0.64062 0.99479 0.63184 0.97917 0.62598 0.97570 0.60059 0.94445 0.57715 0.92361
7 0.29492 0.46702 0.28418 0.46528 0.28125 0.47396 0.28125 0.48785 0.28320 0.49132 0.28125 0.49827 0.28125 0.56077 0.27734 0.56771 0.27539 0.58854 0.27832 0.59375 0.30664 0.59202 0.31055 0.58854 0.31055 0.56771 0.29492 0.56423 0.29492 0.46702
7 0.00000 0.60590 0.03320 0.60590 0.03516 0.60243 0.03516 0.58160 0.03027 0.57292 0.02344 0.56771 0.02344 0.56077 0.02734 0.55035 0.02539 0.53298 0.02930 0.52952 0.02930 0.50173 0.02344 0.49132 0.02539 0.47048 0.02246 0.46528 0.00879 0.46528 0.00684 0.46180 0.00293 0.46528 0.00000 0.47396 0.00000 0.60590
1 0.56836 0.80035 0.56836 0.79340 0.56348 0.78472 0.54492 0.76562 0.54492 0.75521 0.54199 0.74653 0.53125 0.74132 0.53125 0.70660 0.54785 0.69445 0.56055 0.66840 0.56445 0.64757 0.56445 0.61632 0.55859 0.58507 0.54590 0.56250 0.53418 0.55208 0.52051 0.55208 0.50488 0.56597 0.49023 0.59896 0.48633 0.61979 0.48633 0.65452 0.49023 0.66493 0.49023 0.67188 0.50098 0.69445 0.51367 0.70660 0.51367 0.73785 0.51074 0.74653 0.50098 0.75000 0.49707 0.76736 0.47949 0.76736 0.47461 0.77604 0.47461 0.78993 0.50098 0.81597 0.50488 0.82639 0.50977 0.82465 0.51270 0.81597 0.51855 0.81250 0.56348 0.80903 0.56836 0.80035
6 0.57715 0.92361 0.53223 0.87153 0.51855 0.86111 0.50293 0.83680 0.49121 0.82639 0.48145 0.81250 0.46777 0.80208 0.44434 0.77430 0.44043 0.77430 0.41699 0.74653 0.40723 0.73958 0.37793 0.70486 0.36426 0.69445 0.34863 0.67014 0.34082 0.67014 0.34180 0.66146 0.32520 0.63889 0.31738 0.63542 0.29004 0.60417 0.27246 0.59375 0.26855 0.58680 0.25293 0.57292 0.24707 0.56250 0.23340 0.55208 0.21582 0.53125 0.20606 0.53125 0.20410 0.52778 0.19434 0.52778 0.19238 0.52430 0.15137 0.52430 0.14941 0.52083 0.09473 0.52083 0.09277 0.52430 0.08691 0.52083 0.05762 0.52083 0.05273 0.52604 0.05469 0.53646 0.06250 0.54688 0.03418 0.61111 0.03027 0.61458 0.01465 0.61458 0.01270 0.61805 0.00000 0.61979 0.00098 0.99653 0.64062 0.99479 0.63184 0.97917 0.62598 0.97570 0.60059 0.94445 0.57715 0.92361
