6 1.00000 0.57311 0.69861 0.04449 0.51298 0.04113 0.45164 0.19114 0.25009 0.18045 0.24601 0.19848 0.24986 0.27269 0.26140 0.27498 0.26174 0.30059 0.29491 0.30750 0.29114 0.34858 0.40064 0.36141 0.19133 1.00000 0.50328 1.00000 1.00000 0.98845 1.00000 0.57311
6 0.00000 0.32676 0.19621 0.35079 0.21140 0.30176 0.22290 0.30149 0.23147 0.29617 0.23284 0.29102 0.23555 0.27814 0.23531 0.26021 0.22802 0.25270 0.21628 0.23504 0.20879 0.21216 0.20691 0.17889 0.00000 0.16070 0.00000 0.32676
7 0.80335 0.00000 0.80238 0.00429 0.80274 0.03118 0.80063 0.03508 0.80088 0.05429 0.79877 0.05818 0.79923 0.09275 0.79712 0.09664 0.79782 0.15043 0.80109 0.15227 0.80535 0.14833 0.80655 0.15791 0.79256 0.16016 0.79130 0.14673 0.78588 0.14494 0.77856 0.16240 0.77896 0.19314 0.78443 0.19877 0.79070 0.18325 0.79502 0.18316 0.79722 0.18695 0.80370 0.18680 0.80816 0.19822 0.81443 0.18270 0.81664 0.18650 0.82527 0.18629 0.83089 0.20346 0.83520 0.20336 0.83932 0.18789 0.83901 0.16484 0.84112 0.16095 0.83876 0.14563 0.83229 0.14578 0.82728 0.17472 0.82070 0.16719 0.81313 0.16544 0.81272 0.13471 0.81674 0.11156 0.81643 0.08851 0.81854 0.08462 0.81824 0.06157 0.82035 0.05768 0.82004 0.03463 0.82215 0.03073 0.82347 0.00000 0.80335 0.00000
7 0.46351 0.11653 0.45482 0.12219 0.45237 0.00103 0.41340 0.00194 0.41709 0.11927 0.40645 0.13693 0.40597 0.17323 0.45505 0.17288 0.46645 0.13986 0.46351 0.11653
6 1.00000 0.57311 0.69861 0.04449 0.51298 0.04113 0.45164 0.19114 0.25009 0.18045 0.24601 0.19848 0.24986 0.27269 0.26140 0.27498 0.26174 0.30059 0.29491 0.30750 0.29114 0.34858 0.40064 0.36141 0.19133 1.00000 0.50328 1.00000 1.00000 0.98845 1.00000 0.57311
6 0.00000 0.32676 0.19621 0.35079 0.21140 0.30176 0.22290 0.30149 0.23147 0.29617 0.23284 0.29102 0.23555 0.27814 0.23531 0.26021 0.22802 0.25270 0.21628 0.23504 0.20879 0.21216 0.20691 0.17889 0.00000 0.16070 0.00000 0.32676
7 0.80335 0.00000 0.80238 0.00429 0.80274 0.03118 0.80063 0.03508 0.80088 0.05429 0.79877 0.05818 0.79923 0.09275 0.79712 0.09664 0.79782 0.15043 0.80109 0.15227 0.80535 0.14833 0.80655 0.15791 0.79256 0.16016 0.79130 0.14673 0.78588 0.14494 0.77856 0.16240 0.77896 0.19314 0.78443 0.19877 0.79070 0.18325 0.79502 0.18316 0.79722 0.18695 0.80370 0.18680 0.80816 0.19822 0.81443 0.18270 0.81664 0.18650 0.82527 0.18629 0.83089 0.20346 0.83520 0.20336 0.83932 0.18789 0.83901 0.16484 0.84112 0.16095 0.83876 0.14563 0.83229 0.14578 0.82728 0.17472 0.82070 0.16719 0.81313 0.16544 0.81272 0.13471 0.81674 0.11156 0.81643 0.08851 0.81854 0.08462 0.81824 0.06157 0.82035 0.05768 0.82004 0.03463 0.82215 0.03073 0.82347 0.00000 0.80335 0.00000
7 0.46351 0.11653 0.45482 0.12219 0.45237 0.00103 0.41340 0.00194 0.41709 0.11927 0.40645 0.13693 0.40597 0.17323 0.45505 0.17288 0.46645 0.13986 0.46351 0.11653
6 1.00000 0.57311 0.69861 0.04449 0.51298 0.04113 0.45164 0.19114 0.25009 0.18045 0.24601 0.19848 0.24986 0.27269 0.26140 0.27498 0.26174 0.30059 0.29491 0.30750 0.29114 0.34858 0.40064 0.36141 0.19133 1.00000 0.50328 1.00000 1.00000 0.98845 1.00000 0.57311
6 0.00000 0.32676 0.19621 0.35079 0.21140 0.30176 0.22290 0.30149 0.23147 0.29617 0.23284 0.29102 0.23555 0.27814 0.23531 0.26021 0.22802 0.25270 0.21628 0.23504 0.20879 0.21216 0.20691 0.17889 0.00000 0.16070 0.00000 0.32676
7 0.80335 0.00000 0.80238 0.00429 0.80274 0.03118 0.80063 0.03508 0.80088 0.05429 0.79877 0.05818 0.79923 0.09275 0.79712 0.09664 0.79782 0.15043 0.80109 0.15227 0.80535 0.14833 0.80655 0.15791 0.79256 0.16016 0.79130 0.14673 0.78588 0.14494 0.77856 0.16240 0.77896 0.19314 0.78443 0.19877 0.79070 0.18325 0.79502 0.18316 0.79722 0.18695 0.80370 0.18680 0.80816 0.19822 0.81443 0.18270 0.81664 0.18650 0.82527 0.18629 0.83089 0.20346 0.83520 0.20336 0.83932 0.18789 0.83901 0.16484 0.84112 0.16095 0.83876 0.14563 0.83229 0.14578 0.82728 0.17472 0.82070 0.16719 0.81313 0.16544 0.81272 0.13471 0.81674 0.11156 0.81643 0.08851 0.81854 0.08462 0.81824 0.06157 0.82035 0.05768 0.82004 0.03463 0.82215 0.03073 0.82347 0.00000 0.80335 0.00000
7 0.46351 0.11653 0.45482 0.12219 0.45237 0.00103 0.41340 0.00194 0.41709 0.11927 0.40645 0.13693 0.40597 0.17323 0.45505 0.17288 0.46645 0.13986 0.46351 0.11653
6 1.00000 0.57311 0.69861 0.04449 0.51298 0.04113 0.45164 0.19114 0.25009 0.18045 0.24601 0.19848 0.24986 0.27269 0.26140 0.27498 0.26174 0.30059 0.29491 0.30750 0.29114 0.34858 0.40064 0.36141 0.19133 1.00000 0.50328 1.00000 1.00000 0.98845 1.00000 0.57311
6 0.00000 0.32676 0.19621 0.35079 0.21140 0.30176 0.22290 0.30149 0.23147 0.29617 0.23284 0.29102 0.23555 0.27814 0.23531 0.26021 0.22802 0.25270 0.21628 0.23504 0.20879 0.21216 0.20691 0.17889 0.00000 0.16070 0.00000 0.32676
7 0.80335 0.00000 0.80238 0.00429 0.80274 0.03118 0.80063 0.03508 0.80088 0.05429 0.79877 0.05818 0.79923 0.09275 0.79712 0.09664 0.79782 0.15043 0.80109 0.15227 0.80535 0.14833 0.80655 0.15791 0.79256 0.16016 0.79130 0.14673 0.78588 0.14494 0.77856 0.16240 0.77896 0.19314 0.78443 0.19877 0.79070 0.18325 0.79502 0.18316 0.79722 0.18695 0.80370 0.18680 0.80816 0.19822 0.81443 0.18270 0.81664 0.18650 0.82527 0.18629 0.83089 0.20346 0.83520 0.20336 0.83932 0.18789 0.83901 0.16484 0.84112 0.16095 0.83876 0.14563 0.83229 0.14578 0.82728 0.17472 0.82070 0.16719 0.81313 0.16544 0.81272 0.13471 0.81674 0.11156 0.81643 0.08851 0.81854 0.08462 0.81824 0.06157 0.82035 0.05768 0.82004 0.03463 0.82215 0.03073 0.82347 0.00000 0.80335 0.00000
7 0.46351 0.11653 0.45482 0.12219 0.45237 0.00103 0.41340 0.00194 0.41709 0.11927 0.40645 0.13693 0.40597 0.17323 0.45505 0.17288 0.46645 0.13986 0.46351 0.11653
6 1.00000 0.57311 0.69861 0.04449 0.51298 0.04113 0.45164 0.19114 0.25009 0.18045 0.24601 0.19848 0.24986 0.27269 0.26140 0.27498 0.26174 0.30059 0.29491 0.30750 0.29114 0.34858 0.40064 0.36141 0.19133 1.00000 0.50328 1.00000 1.00000 0.98845 1.00000 0.57311
6 0.00000 0.32676 0.19621 0.35079 0.21140 0.30176 0.22290 0.30149 0.23147 0.29617 0.23284 0.29102 0.23555 0.27814 0.23531 0.26021 0.22802 0.25270 0.21628 0.23504 0.20879 0.21216 0.20691 0.17889 0.00000 0.16070 0.00000 0.32676
7 0.80335 0.00000 0.80238 0.00429 0.80274 0.03118 0.80063 0.03508 0.80088 0.05429 0.79877 0.05818 0.79923 0.09275 0.79712 0.09664 0.79782 0.15043 0.80109 0.15227 0.80535 0.14833 0.80655 0.15791 0.79256 0.16016 0.79130 0.14673 0.78588 0.14494 0.77856 0.16240 0.77896 0.19314 0.78443 0.19877 0.79070 0.18325 0.79502 0.18316 0.79722 0.18695 0.80370 0.18680 0.80816 0.19822 0.81443 0.18270 0.81664 0.18650 0.82527 0.18629 0.83089 0.20346 0.83520 0.20336 0.83932 0.18789 0.83901 0.16484 0.84112 0.16095 0.83876 0.14563 0.83229 0.14578 0.82728 0.17472 0.82070 0.16719 0.81313 0.16544 0.81272 0.13471 0.81674 0.11156 0.81643 0.08851 0.81854 0.08462 0.81824 0.06157 0.82035 0.05768 0.82004 0.03463 0.82215 0.03073 0.82347 0.00000 0.80335 0.00000
7 0.46351 0.11653 0.45482 0.12219 0.45237 0.00103 0.41340 0.00194 0.41709 0.11927 0.40645 0.13693 0.40597 0.17323 0.45505 0.17288 0.46645 0.13986 0.46351 0.11653
6 1.00000 0.57311 0.69861 0.04449 0.51298 0.04113 0.45164 0.19114 0.25009 0.18045 0.24601 0.19848 0.24986 0.27269 0.26140 0.27498 0.26174 0.30059 0.29491 0.30750 0.29114 0.34858 0.40064 0.36141 0.19133 1.00000 0.50328 1.00000 1.00000 0.98845 1.00000 0.57311
6 0.00000 0.32676 0.19621 0.35079 0.21140 0.30176 0.22290 0.30149 0.23147 0.29617 0.23284 0.29102 0.23555 0.27814 0.23531 0.26021 0.22802 0.25270 0.21628 0.23504 0.20879 0.21216 0.20691 0.17889 0.00000 0.16070 0.00000 0.32676
7 0.80335 0.00000 0.80238 0.00429 0.80274 0.03118 0.80063 0.03508 0.80088 0.05429 0.79877 0.05818 0.79923 0.09275 0.79712 0.09664 0.79782 0.15043 0.80109 0.15227 0.80535 0.14833 0.80655 0.15791 0.79256 0.16016 0.79130 0.14673 0.78588 0.14494 0.77856 0.16240 0.77896 0.19314 0.78443 0.19877 0.79070 0.18325 0.79502 0.18316 0.79722 0.18695 0.80370 0.18680 0.80816 0.19822 0.81443 0.18270 0.81664 0.18650 0.82527 0.18629 0.83089 0.20346 0.83520 0.20336 0.83932 0.18789 0.83901 0.16484 0.84112 0.16095 0.83876 0.14563 0.83229 0.14578 0.82728 0.17472 0.82070 0.16719 0.81313 0.16544 0.81272 0.13471 0.81674 0.11156 0.81643 0.08851 0.81854 0.08462 0.81824 0.06157 0.82035 0.05768 0.82004 0.03463 0.82215 0.03073 0.82347 0.00000 0.80335 0.00000
7 0.46351 0.11653 0.45482 0.12219 0.45237 0.00103 0.41340 0.00194 0.41709 0.11927 0.40645 0.13693 0.40597 0.17323 0.45505 0.17288 0.46645 0.13986 0.46351 0.11653
