6 1.00000 0.46487 0.87292 0.35194 0.69523 0.27664 0.38908 0.14463 0.12180 0.01579 0.01853 0.01155 0.00592 0.33213 0.21183 0.60646 0.27317 0.75164 0.14146 0.97566 0.49017 1.00000 0.98101 1.00000 1.00000 0.51744 1.00000 0.46487
5 0.38922 0.00000 0.38905 0.00999 0.38998 0.02648 0.40371 0.05972 0.40799 0.08752 0.39813 0.09968 0.40048 0.11333 0.37800 0.11562 0.37668 0.13095 0.41905 0.14611 0.45694 0.12820 0.45576 0.11787 0.43368 0.10673 0.43273 0.08282 0.42193 0.08207 0.41941 0.05427 0.42749 0.05098 0.43700 0.01401 0.43749 0.00000 0.38922 0.00000
6 1.00000 0.46487 0.87292 0.35194 0.69523 0.27664 0.38908 0.14463 0.12180 0.01579 0.01853 0.01155 0.00592 0.33213 0.21183 0.60646 0.27317 0.75164 0.14146 0.97566 0.49017 1.00000 0.98101 1.00000 1.00000 0.51744 1.00000 0.46487
5 0.38922 0.00000 0.38905 0.00999 0.38998 0.02648 0.40371 0.05972 0.40799 0.08752 0.39813 0.09968 0.40048 0.11333 0.37800 0.11562 0.37668 0.13095 0.41905 0.14611 0.45694 0.12820 0.45576 0.11787 0.43368 0.10673 0.43273 0.08282 0.42193 0.08207 0.41941 0.05427 0.42749 0.05098 0.43700 0.01401 0.43749 0.00000 0.38922 0.00000
6 1.00000 0.46487 0.87292 0.35194 0.69523 0.27664 0.38908 0.14463 0.12180 0.01579 0.01853 0.01155 0.00592 0.33213 0.21183 0.60646 0.27317 0.75164 0.14146 0.97566 0.49017 1.00000 0.98101 1.00000 1.00000 0.51744 1.00000 0.46487
5 0.38922 0.00000 0.38905 0.00999 0.38998 0.02648 0.40371 0.05972 0.40799 0.08752 0.39813 0.09968 0.40048 0.11333 0.37800 0.11562 0.37668 0.13095 0.41905 0.14611 0.45694 0.12820 0.45576 0.11787 0.43368 0.10673 0.43273 0.08282 0.42193 0.08207 0.41941 0.05427 0.42749 0.05098 0.43700 0.01401 0.43749 0.00000 0.38922 0.00000
6 1.00000 0.46487 0.87292 0.35194 0.69523 0.27664 0.38908 0.14463 0.12180 0.01579 0.01853 0.01155 0.00592 0.33213 0.21183 0.60646 0.27317 0.75164 0.14146 0.97566 0.49017 1.00000 0.98101 1.00000 1.00000 0.51744 1.00000 0.46487
5 0.38922 0.00000 0.38905 0.00999 0.38998 0.02648 0.40371 0.05972 0.40799 0.08752 0.39813 0.09968 0.40048 0.11333 0.37800 0.11562 0.37668 0.13095 0.41905 0.14611 0.45694 0.12820 0.45576 0.11787 0.43368 0.10673 0.43273 0.08282 0.42193 0.08207 0.41941 0.05427 0.42749 0.05098 0.43700 0.01401 0.43749 0.00000 0.38922 0.00000
6 1.00000 0.46487 0.87292 0.35194 0.69523 0.27664 0.38908 0.14463 0.12180 0.01579 0.01853 0.01155 0.00592 0.33213 0.21183 0.60646 0.27317 0.75164 0.14146 0.97566 0.49017 1.00000 0.98101 1.00000 1.00000 0.51744 1.00000 0.46487
5 0.38922 0.00000 0.38905 0.00999 0.38998 0.02648 0.40371 0.05972 0.40799 0.08752 0.39813 0.09968 0.40048 0.11333 0.37800 0.11562 0.37668 0.13095 0.41905 0.14611 0.45694 0.12820 0.45576 0.11787 0.43368 0.10673 0.43273 0.08282 0.42193 0.08207 0.41941 0.05427 0.42749 0.05098 0.43700 0.01401 0.43749 0.00000 0.38922 0.00000
6 1.00000 0.46487 0.87292 0.35194 0.69523 0.27664 0.38908 0.14463 0.12180 0.01579 0.01853 0.01155 0.00592 0.33213 0.21183 0.60646 0.27317 0.75164 0.14146 0.97566 0.49017 1.00000 0.98101 1.00000 1.00000 0.51744 1.00000 0.46487
5 0.38922 0.00000 0.38905 0.00999 0.38998 0.02648 0.40371 0.05972 0.40799 0.08752 0.39813 0.09968 0.40048 0.11333 0.37800 0.11562 0.37668 0.13095 0.41905 0.14611 0.45694 0.12820 0.45576 0.11787 0.43368 0.10673 0.43273 0.08282 0.42193 0.08207 0.41941 0.05427 0.42749 0.05098 0.43700 0.01401 0.43749 0.00000 0.38922 0.00000
