6 0.95767 1.00000 0.95992 0.97554 0.79583 0.77848 0.55211 0.56463 0.02708 0.16546 0.00000 0.45927 0.00000 0.92198 0.47704 1.00000 0.95767 1.00000
1 0.04934 0.00000 0.04799 0.02041 0.05687 0.05868 0.06142 0.07093 0.06879 0.07885 0.06960 0.08761 0.07110 0.11546 0.05712 0.11399 0.05376 0.12964 0.03036 0.13519 0.02857 0.15451 0.06874 0.18069 0.13133 0.17861 0.13068 0.14623 0.10715 0.14238 0.10573 0.10710 0.08921 0.11178 0.08812 0.08585 0.10511 0.07136 0.11534 0.05189 0.12096 0.03486 0.12417 0.00000 0.04934 0.00000
6 0.95767 1.00000 0.95992 0.97554 0.79583 0.77848 0.55211 0.56463 0.02708 0.16546 0.00000 0.45927 0.00000 0.92198 0.47704 1.00000 0.95767 1.00000
1 0.04934 0.00000 0.04799 0.02041 0.05687 0.05868 0.06142 0.07093 0.06879 0.07885 0.06960 0.08761 0.07110 0.11546 0.05712 0.11399 0.05376 0.12964 0.03036 0.13519 0.02857 0.15451 0.06874 0.18069 0.13133 0.17861 0.13068 0.14623 0.10715 0.14238 0.10573 0.10710 0.08921 0.11178 0.08812 0.08585 0.10511 0.07136 0.11534 0.05189 0.12096 0.03486 0.12417 0.00000 0.04934 0.00000
6 0.95767 1.00000 0.95992 0.97554 0.79583 0.77848 0.55211 0.56463 0.02708 0.16546 0.00000 0.45927 0.00000 0.92198 0.47704 1.00000 0.95767 1.00000
1 0.04934 0.00000 0.04799 0.02041 0.05687 0.05868 0.06142 0.07093 0.06879 0.07885 0.06960 0.08761 0.07110 0.11546 0.05712 0.11399 0.05376 0.12964 0.03036 0.13519 0.02857 0.15451 0.06874 0.18069 0.13133 0.17861 0.13068 0.14623 0.10715 0.14238 0.10573 0.10710 0.08921 0.11178 0.08812 0.08585 0.10511 0.07136 0.11534 0.05189 0.12096 0.03486 0.12417 0.00000 0.04934 0.00000
6 0.95767 1.00000 0.95992 0.97554 0.79583 0.77848 0.55211 0.56463 0.02708 0.16546 0.00000 0.45927 0.00000 0.92198 0.47704 1.00000 0.95767 1.00000
1 0.04934 0.00000 0.04799 0.02041 0.05687 0.05868 0.06142 0.07093 0.06879 0.07885 0.06960 0.08761 0.07110 0.11546 0.05712 0.11399 0.05376 0.12964 0.03036 0.13519 0.02857 0.15451 0.06874 0.18069 0.13133 0.17861 0.13068 0.14623 0.10715 0.14238 0.10573 0.10710 0.08921 0.11178 0.08812 0.08585 0.10511 0.07136 0.11534 0.05189 0.12096 0.03486 0.12417 0.00000 0.04934 0.00000
6 0.95767 1.00000 0.95992 0.97554 0.79583 0.77848 0.55211 0.56463 0.02708 0.16546 0.00000 0.45927 0.00000 0.92198 0.47704 1.00000 0.95767 1.00000
1 0.04934 0.00000 0.04799 0.02041 0.05687 0.05868 0.06142 0.07093 0.06879 0.07885 0.06960 0.08761 0.07110 0.11546 0.05712 0.11399 0.05376 0.12964 0.03036 0.13519 0.02857 0.15451 0.06874 0.18069 0.13133 0.17861 0.13068 0.14623 0.10715 0.14238 0.10573 0.10710 0.08921 0.11178 0.08812 0.08585 0.10511 0.07136 0.11534 0.05189 0.12096 0.03486 0.12417 0.00000 0.04934 0.00000
6 0.95767 1.00000 0.95992 0.97554 0.79583 0.77848 0.55211 0.56463 0.02708 0.16546 0.00000 0.45927 0.00000 0.92198 0.47704 1.00000 0.95767 1.00000
1 0.04934 0.00000 0.04799 0.02041 0.05687 0.05868 0.06142 0.07093 0.06879 0.07885 0.06960 0.08761 0.07110 0.11546 0.05712 0.11399 0.05376 0.12964 0.03036 0.13519 0.02857 0.15451 0.06874 0.18069 0.13133 0.17861 0.13068 0.14623 0.10715 0.14238 0.10573 0.10710 0.08921 0.11178 0.08812 0.08585 0.10511 0.07136 0.11534 0.05189 0.12096 0.03486 0.12417 0.00000 0.04934 0.00000
