7 0.51437 0.00000 0.51253 0.02804 0.51599 0.03973 0.51206 0.09950 0.49615 0.11647 0.49356 0.12370 0.49160 0.15358 0.49364 0.17076 0.52092 0.17394 0.52327 0.17045 0.53376 0.17167 0.53561 0.17565 0.54308 0.17464 0.55036 0.16043 0.55306 0.11934 0.53935 0.10268 0.54033 0.08774 0.54267 0.08425 0.54390 0.06557 0.55401 0.04040 0.55636 0.00466 0.54976 0.00389 0.54875 0.00779 0.54678 0.00354 0.51639 0.00000 0.51437 0.00000
7 0.90712 0.13801 0.90281 0.17139 0.89695 0.18012 0.89041 0.18312 0.88196 0.19907 0.88357 0.20679 0.88185 0.23294 0.88673 0.23915 0.89166 0.22844 0.90216 0.22966 0.90821 0.23413 0.91191 0.24209 0.91660 0.23511 0.93339 0.23706 0.93895 0.24900 0.94222 0.24750 0.94740 0.23305 0.94961 0.19943 0.94800 0.19171 0.94522 0.18574 0.94288 0.18923 0.92306 0.18504 0.92429 0.16636 0.92663 0.16287 0.92786 0.14419 0.93020 0.14070 0.93143 0.12202 0.93710 0.10010 0.93833 0.08142 0.94067 0.07793 0.94190 0.05925 0.94424 0.05576 0.94462 0.04991 0.92154 0.04721 0.92066 0.06054 0.91832 0.06403 0.91709 0.08271 0.91475 0.08620 0.91254 0.11982 0.90712 0.13801
6 0.27731 0.20703 0.27121 0.17119 0.26832 0.15077 0.27152 0.12354 0.02657 0.06644 0.01426 0.25389 0.24040 0.31817 0.27224 0.28424 0.28640 0.28338 0.29815 0.25463 0.28967 0.23357 0.27731 0.20703
6 1.00000 0.44513 0.80330 0.05502 0.60544 0.01941 0.55916 0.14452 0.32230 0.14452 0.32116 0.16195 0.31754 0.17408 0.30951 0.25345 0.32646 0.25291 0.31825 0.29211 0.35462 0.29635 0.35077 0.33354 0.46996 0.36500 0.24131 0.97176 0.48361 1.00000 0.96907 1.00000 1.00000 0.52908 1.00000 0.44513
7 0.51437 0.00000 0.51253 0.02804 0.51599 0.03973 0.51206 0.09950 0.49615 0.11647 0.49356 0.12370 0.49160 0.15358 0.49364 0.17076 0.52092 0.17394 0.52327 0.17045 0.53376 0.17167 0.53561 0.17565 0.54308 0.17464 0.55036 0.16043 0.55306 0.11934 0.53935 0.10268 0.54033 0.08774 0.54267 0.08425 0.54390 0.06557 0.55401 0.04040 0.55636 0.00466 0.54976 0.00389 0.54875 0.00779 0.54678 0.00354 0.51639 0.00000 0.51437 0.00000
7 0.90712 0.13801 0.90281 0.17139 0.89695 0.18012 0.89041 0.18312 0.88196 0.19907 0.88357 0.20679 0.88185 0.23294 0.88673 0.23915 0.89166 0.22844 0.90216 0.22966 0.90821 0.23413 0.91191 0.24209 0.91660 0.23511 0.93339 0.23706 0.93895 0.24900 0.94222 0.24750 0.94740 0.23305 0.94961 0.19943 0.94800 0.19171 0.94522 0.18574 0.94288 0.18923 0.92306 0.18504 0.92429 0.16636 0.92663 0.16287 0.92786 0.14419 0.93020 0.14070 0.93143 0.12202 0.93710 0.10010 0.93833 0.08142 0.94067 0.07793 0.94190 0.05925 0.94424 0.05576 0.94462 0.04991 0.92154 0.04721 0.92066 0.06054 0.91832 0.06403 0.91709 0.08271 0.91475 0.08620 0.91254 0.11982 0.90712 0.13801
6 0.27731 0.20703 0.27121 0.17119 0.26832 0.15077 0.27152 0.12354 0.02657 0.06644 0.01426 0.25389 0.24040 0.31817 0.27224 0.28424 0.28640 0.28338 0.29815 0.25463 0.28967 0.23357 0.27731 0.20703
6 1.00000 0.44513 0.80330 0.05502 0.60544 0.01941 0.55916 0.14452 0.32230 0.14452 0.32116 0.16195 0.31754 0.17408 0.30951 0.25345 0.32646 0.25291 0.31825 0.29211 0.35462 0.29635 0.35077 0.33354 0.46996 0.36500 0.24131 0.97176 0.48361 1.00000 0.96907 1.00000 1.00000 0.52908 1.00000 0.44513
7 0.51437 0.00000 0.51253 0.02804 0.51599 0.03973 0.51206 0.09950 0.49615 0.11647 0.49356 0.12370 0.49160 0.15358 0.49364 0.17076 0.52092 0.17394 0.52327 0.17045 0.53376 0.17167 0.53561 0.17565 0.54308 0.17464 0.55036 0.16043 0.55306 0.11934 0.53935 0.10268 0.54033 0.08774 0.54267 0.08425 0.54390 0.06557 0.55401 0.04040 0.55636 0.00466 0.54976 0.00389 0.54875 0.00779 0.54678 0.00354 0.51639 0.00000 0.51437 0.00000
7 0.90712 0.13801 0.90281 0.17139 0.89695 0.18012 0.89041 0.18312 0.88196 0.19907 0.88357 0.20679 0.88185 0.23294 0.88673 0.23915 0.89166 0.22844 0.90216 0.22966 0.90821 0.23413 0.91191 0.24209 0.91660 0.23511 0.93339 0.23706 0.93895 0.24900 0.94222 0.24750 0.94740 0.23305 0.94961 0.19943 0.94800 0.19171 0.94522 0.18574 0.94288 0.18923 0.92306 0.18504 0.92429 0.16636 0.92663 0.16287 0.92786 0.14419 0.93020 0.14070 0.93143 0.12202 0.93710 0.10010 0.93833 0.08142 0.94067 0.07793 0.94190 0.05925 0.94424 0.05576 0.94462 0.04991 0.92154 0.04721 0.92066 0.06054 0.91832 0.06403 0.91709 0.08271 0.91475 0.08620 0.91254 0.11982 0.90712 0.13801
6 0.27731 0.20703 0.27121 0.17119 0.26832 0.15077 0.27152 0.12354 0.02657 0.06644 0.01426 0.25389 0.24040 0.31817 0.27224 0.28424 0.28640 0.28338 0.29815 0.25463 0.28967 0.23357 0.27731 0.20703
6 1.00000 0.44513 0.80330 0.05502 0.60544 0.01941 0.55916 0.14452 0.32230 0.14452 0.32116 0.16195 0.31754 0.17408 0.30951 0.25345 0.32646 0.25291 0.31825 0.29211 0.35462 0.29635 0.35077 0.33354 0.46996 0.36500 0.24131 0.97176 0.48361 1.00000 0.96907 1.00000 1.00000 0.52908 1.00000 0.44513
7 0.51437 0.00000 0.51253 0.02804 0.51599 0.03973 0.51206 0.09950 0.49615 0.11647 0.49356 0.12370 0.49160 0.15358 0.49364 0.17076 0.52092 0.17394 0.52327 0.17045 0.53376 0.17167 0.53561 0.17565 0.54308 0.17464 0.55036 0.16043 0.55306 0.11934 0.53935 0.10268 0.54033 0.08774 0.54267 0.08425 0.54390 0.06557 0.55401 0.04040 0.55636 0.00466 0.54976 0.00389 0.54875 0.00779 0.54678 0.00354 0.51639 0.00000 0.51437 0.00000
7 0.90712 0.13801 0.90281 0.17139 0.89695 0.18012 0.89041 0.18312 0.88196 0.19907 0.88357 0.20679 0.88185 0.23294 0.88673 0.23915 0.89166 0.22844 0.90216 0.22966 0.90821 0.23413 0.91191 0.24209 0.91660 0.23511 0.93339 0.23706 0.93895 0.24900 0.94222 0.24750 0.94740 0.23305 0.94961 0.19943 0.94800 0.19171 0.94522 0.18574 0.94288 0.18923 0.92306 0.18504 0.92429 0.16636 0.92663 0.16287 0.92786 0.14419 0.93020 0.14070 0.93143 0.12202 0.93710 0.10010 0.93833 0.08142 0.94067 0.07793 0.94190 0.05925 0.94424 0.05576 0.94462 0.04991 0.92154 0.04721 0.92066 0.06054 0.91832 0.06403 0.91709 0.08271 0.91475 0.08620 0.91254 0.11982 0.90712 0.13801
6 0.27731 0.20703 0.27121 0.17119 0.26832 0.15077 0.27152 0.12354 0.02657 0.06644 0.01426 0.25389 0.24040 0.31817 0.27224 0.28424 0.28640 0.28338 0.29815 0.25463 0.28967 0.23357 0.27731 0.20703
6 1.00000 0.44513 0.80330 0.05502 0.60544 0.01941 0.55916 0.14452 0.32230 0.14452 0.32116 0.16195 0.31754 0.17408 0.30951 0.25345 0.32646 0.25291 0.31825 0.29211 0.35462 0.29635 0.35077 0.33354 0.46996 0.36500 0.24131 0.97176 0.48361 1.00000 0.96907 1.00000 1.00000 0.52908 1.00000 0.44513
7 0.51437 0.00000 0.51253 0.02804 0.51599 0.03973 0.51206 0.09950 0.49615 0.11647 0.49356 0.12370 0.49160 0.15358 0.49364 0.17076 0.52092 0.17394 0.52327 0.17045 0.53376 0.17167 0.53561 0.17565 0.54308 0.17464 0.55036 0.16043 0.55306 0.11934 0.53935 0.10268 0.54033 0.08774 0.54267 0.08425 0.54390 0.06557 0.55401 0.04040 0.55636 0.00466 0.54976 0.00389 0.54875 0.00779 0.54678 0.00354 0.51639 0.00000 0.51437 0.00000
7 0.90712 0.13801 0.90281 0.17139 0.89695 0.18012 0.89041 0.18312 0.88196 0.19907 0.88357 0.20679 0.88185 0.23294 0.88673 0.23915 0.89166 0.22844 0.90216 0.22966 0.90821 0.23413 0.91191 0.24209 0.91660 0.23511 0.93339 0.23706 0.93895 0.24900 0.94222 0.24750 0.94740 0.23305 0.94961 0.19943 0.94800 0.19171 0.94522 0.18574 0.94288 0.18923 0.92306 0.18504 0.92429 0.16636 0.92663 0.16287 0.92786 0.14419 0.93020 0.14070 0.93143 0.12202 0.93710 0.10010 0.93833 0.08142 0.94067 0.07793 0.94190 0.05925 0.94424 0.05576 0.94462 0.04991 0.92154 0.04721 0.92066 0.06054 0.91832 0.06403 0.91709 0.08271 0.91475 0.08620 0.91254 0.11982 0.90712 0.13801
6 0.27731 0.20703 0.27121 0.17119 0.26832 0.15077 0.27152 0.12354 0.02657 0.06644 0.01426 0.25389 0.24040 0.31817 0.27224 0.28424 0.28640 0.28338 0.29815 0.25463 0.28967 0.23357 0.27731 0.20703
6 1.00000 0.44513 0.80330 0.05502 0.60544 0.01941 0.55916 0.14452 0.32230 0.14452 0.32116 0.16195 0.31754 0.17408 0.30951 0.25345 0.32646 0.25291 0.31825 0.29211 0.35462 0.29635 0.35077 0.33354 0.46996 0.36500 0.24131 0.97176 0.48361 1.00000 0.96907 1.00000 1.00000 0.52908 1.00000 0.44513
7 0.51437 0.00000 0.51253 0.02804 0.51599 0.03973 0.51206 0.09950 0.49615 0.11647 0.49356 0.12370 0.49160 0.15358 0.49364 0.17076 0.52092 0.17394 0.52327 0.17045 0.53376 0.17167 0.53561 0.17565 0.54308 0.17464 0.55036 0.16043 0.55306 0.11934 0.53935 0.10268 0.54033 0.08774 0.54267 0.08425 0.54390 0.06557 0.55401 0.04040 0.55636 0.00466 0.54976 0.00389 0.54875 0.00779 0.54678 0.00354 0.51639 0.00000 0.51437 0.00000
7 0.90712 0.13801 0.90281 0.17139 0.89695 0.18012 0.89041 0.18312 0.88196 0.19907 0.88357 0.20679 0.88185 0.23294 0.88673 0.23915 0.89166 0.22844 0.90216 0.22966 0.90821 0.23413 0.91191 0.24209 0.91660 0.23511 0.93339 0.23706 0.93895 0.24900 0.94222 0.24750 0.94740 0.23305 0.94961 0.19943 0.94800 0.19171 0.94522 0.18574 0.94288 0.18923 0.92306 0.18504 0.92429 0.16636 0.92663 0.16287 0.92786 0.14419 0.93020 0.14070 0.93143 0.12202 0.93710 0.10010 0.93833 0.08142 0.94067 0.07793 0.94190 0.05925 0.94424 0.05576 0.94462 0.04991 0.92154 0.04721 0.92066 0.06054 0.91832 0.06403 0.91709 0.08271 0.91475 0.08620 0.91254 0.11982 0.90712 0.13801
6 0.27731 0.20703 0.27121 0.17119 0.26832 0.15077 0.27152 0.12354 0.02657 0.06644 0.01426 0.25389 0.24040 0.31817 0.27224 0.28424 0.28640 0.28338 0.29815 0.25463 0.28967 0.23357 0.27731 0.20703
6 1.00000 0.44513 0.80330 0.05502 0.60544 0.01941 0.55916 0.14452 0.32230 0.14452 0.32116 0.16195 0.31754 0.17408 0.30951 0.25345 0.32646 0.25291 0.31825 0.29211 0.35462 0.29635 0.35077 0.33354 0.46996 0.36500 0.24131 0.97176 0.48361 1.00000 0.96907 1.00000 1.00000 0.52908 1.00000 0.44513
