6 0.27029 0.09210 0.02809 0.04330 0.01980 0.16946 0.24714 0.22334 0.26147 0.20621 0.29138 0.19325 0.29468 0.16309 0.28280 0.14290 0.27029 0.09210
6 0.96907 1.00000 0.99397 0.62090 0.72060 0.02380 0.55226 0.00418 0.50562 0.12892 0.32333 0.08888 0.30430 0.11721 0.30602 0.17145 0.31504 0.17486 0.31275 0.20984 0.34506 0.22065 0.34368 0.24164 0.43744 0.26196 0.14029 0.95999 0.48361 1.00000 0.96907 1.00000
6 0.27029 0.09210 0.02809 0.04330 0.01980 0.16946 0.24714 0.22334 0.26147 0.20621 0.29138 0.19325 0.29468 0.16309 0.28280 0.14290 0.27029 0.09210
6 0.96907 1.00000 0.99397 0.62090 0.72060 0.02380 0.55226 0.00418 0.50562 0.12892 0.32333 0.08888 0.30430 0.11721 0.30602 0.17145 0.31504 0.17486 0.31275 0.20984 0.34506 0.22065 0.34368 0.24164 0.43744 0.26196 0.14029 0.95999 0.48361 1.00000 0.96907 1.00000
6 0.27029 0.09210 0.02809 0.04330 0.01980 0.16946 0.24714 0.22334 0.26147 0.20621 0.29138 0.19325 0.29468 0.16309 0.28280 0.14290 0.27029 0.09210
6 0.96907 1.00000 0.99397 0.62090 0.72060 0.02380 0.55226 0.00418 0.50562 0.12892 0.32333 0.08888 0.30430 0.11721 0.30602 0.17145 0.31504 0.17486 0.31275 0.20984 0.34506 0.22065 0.34368 0.24164 0.43744 0.26196 0.14029 0.95999 0.48361 1.00000 0.96907 1.00000
6 0.27029 0.09210 0.02809 0.04330 0.01980 0.16946 0.24714 0.22334 0.26147 0.20621 0.29138 0.19325 0.29468 0.16309 0.28280 0.14290 0.27029 0.09210
6 0.96907 1.00000 0.99397 0.62090 0.72060 0.02380 0.55226 0.00418 0.50562 0.12892 0.32333 0.08888 0.30430 0.11721 0.30602 0.17145 0.31504 0.17486 0.31275 0.20984 0.34506 0.22065 0.34368 0.24164 0.43744 0.26196 0.14029 0.95999 0.48361 1.00000 0.96907 1.00000
6 0.27029 0.09210 0.02809 0.04330 0.01980 0.16946 0.24714 0.22334 0.26147 0.20621 0.29138 0.19325 0.29468 0.16309 0.28280 0.14290 0.27029 0.09210
6 0.96907 1.00000 0.99397 0.62090 0.72060 0.02380 0.55226 0.00418 0.50562 0.12892 0.32333 0.08888 0.30430 0.11721 0.30602 0.17145 0.31504 0.17486 0.31275 0.20984 0.34506 0.22065 0.34368 0.24164 0.43744 0.26196 0.14029 0.95999 0.48361 1.00000 0.96907 1.00000
6 0.27029 0.09210 0.02809 0.04330 0.01980 0.16946 0.24714 0.22334 0.26147 0.20621 0.29138 0.19325 0.29468 0.16309 0.28280 0.14290 0.27029 0.09210
6 0.96907 1.00000 0.99397 0.62090 0.72060 0.02380 0.55226 0.00418 0.50562 0.12892 0.32333 0.08888 0.30430 0.11721 0.30602 0.17145 0.31504 0.17486 0.31275 0.20984 0.34506 0.22065 0.34368 0.24164 0.43744 0.26196 0.14029 0.95999 0.48361 1.00000 0.96907 1.00000
