5 0.43317 0.83450 0.40162 0.81448 0.39977 0.79307 0.38944 0.79355 0.38530 0.75077 0.39754 0.74099 0.41443 0.69493 0.41641 0.62270 0.39818 0.58441 0.36216 0.59146 0.33747 0.63554 0.33604 0.63028 0.33325 0.70484 0.36652 0.75779 0.36251 0.80171 0.34927 0.80617 0.34772 0.82926 0.32198 0.83353 0.32219 0.85808 0.36223 0.88998 0.43500 0.85513 0.43317 0.83450
6 0.47776 1.00000 0.32974 0.87635 0.32531 0.86901 0.31019 0.85839 0.29699 0.84013 0.27754 0.82593 0.27331 0.82613 0.26887 0.81879 0.26464 0.81898 0.17585 0.74761 0.17162 0.74781 0.13473 0.71555 0.13030 0.70821 0.12385 0.70473 0.11971 0.70870 0.11518 0.69759 0.08967 0.69500 0.08746 0.69133 0.07052 0.69211 0.06830 0.68844 0.05348 0.68913 0.05127 0.68546 0.04713 0.68943 0.04068 0.68595 0.03221 0.68635 0.03019 0.69021 0.00469 0.69043 0.01280 1.00000 0.47776 1.00000
5 0.43317 0.83450 0.40162 0.81448 0.39977 0.79307 0.38944 0.79355 0.38530 0.75077 0.39754 0.74099 0.41443 0.69493 0.41641 0.62270 0.39818 0.58441 0.36216 0.59146 0.33747 0.63554 0.33604 0.63028 0.33325 0.70484 0.36652 0.75779 0.36251 0.80171 0.34927 0.80617 0.34772 0.82926 0.32198 0.83353 0.32219 0.85808 0.36223 0.88998 0.43500 0.85513 0.43317 0.83450
6 0.47776 1.00000 0.32974 0.87635 0.32531 0.86901 0.31019 0.85839 0.29699 0.84013 0.27754 0.82593 0.27331 0.82613 0.26887 0.81879 0.26464 0.81898 0.17585 0.74761 0.17162 0.74781 0.13473 0.71555 0.13030 0.70821 0.12385 0.70473 0.11971 0.70870 0.11518 0.69759 0.08967 0.69500 0.08746 0.69133 0.07052 0.69211 0.06830 0.68844 0.05348 0.68913 0.05127 0.68546 0.04713 0.68943 0.04068 0.68595 0.03221 0.68635 0.03019 0.69021 0.00469 0.69043 0.01280 1.00000 0.47776 1.00000
5 0.43317 0.83450 0.40162 0.81448 0.39977 0.79307 0.38944 0.79355 0.38530 0.75077 0.39754 0.74099 0.41443 0.69493 0.41641 0.62270 0.39818 0.58441 0.36216 0.59146 0.33747 0.63554 0.33604 0.63028 0.33325 0.70484 0.36652 0.75779 0.36251 0.80171 0.34927 0.80617 0.34772 0.82926 0.32198 0.83353 0.32219 0.85808 0.36223 0.88998 0.43500 0.85513 0.43317 0.83450
6 0.47776 1.00000 0.32974 0.87635 0.32531 0.86901 0.31019 0.85839 0.29699 0.84013 0.27754 0.82593 0.27331 0.82613 0.26887 0.81879 0.26464 0.81898 0.17585 0.74761 0.17162 0.74781 0.13473 0.71555 0.13030 0.70821 0.12385 0.70473 0.11971 0.70870 0.11518 0.69759 0.08967 0.69500 0.08746 0.69133 0.07052 0.69211 0.06830 0.68844 0.05348 0.68913 0.05127 0.68546 0.04713 0.68943 0.04068 0.68595 0.03221 0.68635 0.03019 0.69021 0.00469 0.69043 0.01280 1.00000 0.47776 1.00000
5 0.43317 0.83450 0.40162 0.81448 0.39977 0.79307 0.38944 0.79355 0.38530 0.75077 0.39754 0.74099 0.41443 0.69493 0.41641 0.62270 0.39818 0.58441 0.36216 0.59146 0.33747 0.63554 0.33604 0.63028 0.33325 0.70484 0.36652 0.75779 0.36251 0.80171 0.34927 0.80617 0.34772 0.82926 0.32198 0.83353 0.32219 0.85808 0.36223 0.88998 0.43500 0.85513 0.43317 0.83450
6 0.47776 1.00000 0.32974 0.87635 0.32531 0.86901 0.31019 0.85839 0.29699 0.84013 0.27754 0.82593 0.27331 0.82613 0.26887 0.81879 0.26464 0.81898 0.17585 0.74761 0.17162 0.74781 0.13473 0.71555 0.13030 0.70821 0.12385 0.70473 0.11971 0.70870 0.11518 0.69759 0.08967 0.69500 0.08746 0.69133 0.07052 0.69211 0.06830 0.68844 0.05348 0.68913 0.05127 0.68546 0.04713 0.68943 0.04068 0.68595 0.03221 0.68635 0.03019 0.69021 0.00469 0.69043 0.01280 1.00000 0.47776 1.00000
5 0.43317 0.83450 0.40162 0.81448 0.39977 0.79307 0.38944 0.79355 0.38530 0.75077 0.39754 0.74099 0.41443 0.69493 0.41641 0.62270 0.39818 0.58441 0.36216 0.59146 0.33747 0.63554 0.33604 0.63028 0.33325 0.70484 0.36652 0.75779 0.36251 0.80171 0.34927 0.80617 0.34772 0.82926 0.32198 0.83353 0.32219 0.85808 0.36223 0.88998 0.43500 0.85513 0.43317 0.83450
6 0.47776 1.00000 0.32974 0.87635 0.32531 0.86901 0.31019 0.85839 0.29699 0.84013 0.27754 0.82593 0.27331 0.82613 0.26887 0.81879 0.26464 0.81898 0.17585 0.74761 0.17162 0.74781 0.13473 0.71555 0.13030 0.70821 0.12385 0.70473 0.11971 0.70870 0.11518 0.69759 0.08967 0.69500 0.08746 0.69133 0.07052 0.69211 0.06830 0.68844 0.05348 0.68913 0.05127 0.68546 0.04713 0.68943 0.04068 0.68595 0.03221 0.68635 0.03019 0.69021 0.00469 0.69043 0.01280 1.00000 0.47776 1.00000
5 0.43317 0.83450 0.40162 0.81448 0.39977 0.79307 0.38944 0.79355 0.38530 0.75077 0.39754 0.74099 0.41443 0.69493 0.41641 0.62270 0.39818 0.58441 0.36216 0.59146 0.33747 0.63554 0.33604 0.63028 0.33325 0.70484 0.36652 0.75779 0.36251 0.80171 0.34927 0.80617 0.34772 0.82926 0.32198 0.83353 0.32219 0.85808 0.36223 0.88998 0.43500 0.85513 0.43317 0.83450
6 0.47776 1.00000 0.32974 0.87635 0.32531 0.86901 0.31019 0.85839 0.29699 0.84013 0.27754 0.82593 0.27331 0.82613 0.26887 0.81879 0.26464 0.81898 0.17585 0.74761 0.17162 0.74781 0.13473 0.71555 0.13030 0.70821 0.12385 0.70473 0.11971 0.70870 0.11518 0.69759 0.08967 0.69500 0.08746 0.69133 0.07052 0.69211 0.06830 0.68844 0.05348 0.68913 0.05127 0.68546 0.04713 0.68943 0.04068 0.68595 0.03221 0.68635 0.03019 0.69021 0.00469 0.69043 0.01280 1.00000 0.47776 1.00000
