6 0.03670 0.00000 0.00000 0.46509 0.00000 0.93275 0.48033 1.00000 0.94538 1.00000 0.10797 0.00000 0.03670 0.00000
1 0.30980 0.00000 0.30457 0.01873 0.29785 0.06164 0.30127 0.08581 0.30619 0.09954 0.31753 0.11552 0.32512 0.12341 0.32606 0.13230 0.32795 0.16059 0.30834 0.15671 0.30713 0.17195 0.27579 0.17230 0.27799 0.19512 0.31427 0.22508 0.37903 0.22348 0.38730 0.20509 0.36494 0.18712 0.36304 0.15127 0.34630 0.15641 0.34486 0.13006 0.36194 0.11493 0.37207 0.09488 0.37755 0.07741 0.38715 0.04452 0.38596 0.00051 0.38572 0.00000 0.30980 0.00000
6 0.03670 0.00000 0.00000 0.46509 0.00000 0.93275 0.48033 1.00000 0.94538 1.00000 0.10797 0.00000 0.03670 0.00000
1 0.30980 0.00000 0.30457 0.01873 0.29785 0.06164 0.30127 0.08581 0.30619 0.09954 0.31753 0.11552 0.32512 0.12341 0.32606 0.13230 0.32795 0.16059 0.30834 0.15671 0.30713 0.17195 0.27579 0.17230 0.27799 0.19512 0.31427 0.22508 0.37903 0.22348 0.38730 0.20509 0.36494 0.18712 0.36304 0.15127 0.34630 0.15641 0.34486 0.13006 0.36194 0.11493 0.37207 0.09488 0.37755 0.07741 0.38715 0.04452 0.38596 0.00051 0.38572 0.00000 0.30980 0.00000
6 0.03670 0.00000 0.00000 0.46509 0.00000 0.93275 0.48033 1.00000 0.94538 1.00000 0.10797 0.00000 0.03670 0.00000
1 0.30980 0.00000 0.30457 0.01873 0.29785 0.06164 0.30127 0.08581 0.30619 0.09954 0.31753 0.11552 0.32512 0.12341 0.32606 0.13230 0.32795 0.16059 0.30834 0.15671 0.30713 0.17195 0.27579 0.17230 0.27799 0.19512 0.31427 0.22508 0.37903 0.22348 0.38730 0.20509 0.36494 0.18712 0.36304 0.15127 0.34630 0.15641 0.34486 0.13006 0.36194 0.11493 0.37207 0.09488 0.37755 0.07741 0.38715 0.04452 0.38596 0.00051 0.38572 0.00000 0.30980 0.00000
6 0.03670 0.00000 0.00000 0.46509 0.00000 0.93275 0.48033 1.00000 0.94538 1.00000 0.10797 0.00000 0.03670 0.00000
1 0.30980 0.00000 0.30457 0.01873 0.29785 0.06164 0.30127 0.08581 0.30619 0.09954 0.31753 0.11552 0.32512 0.12341 0.32606 0.13230 0.32795 0.16059 0.30834 0.15671 0.30713 0.17195 0.27579 0.17230 0.27799 0.19512 0.31427 0.22508 0.37903 0.22348 0.38730 0.20509 0.36494 0.18712 0.36304 0.15127 0.34630 0.15641 0.34486 0.13006 0.36194 0.11493 0.37207 0.09488 0.37755 0.07741 0.38715 0.04452 0.38596 0.00051 0.38572 0.00000 0.30980 0.00000
6 0.03670 0.00000 0.00000 0.46509 0.00000 0.93275 0.48033 1.00000 0.94538 1.00000 0.10797 0.00000 0.03670 0.00000
1 0.30980 0.00000 0.30457 0.01873 0.29785 0.06164 0.30127 0.08581 0.30619 0.09954 0.31753 0.11552 0.32512 0.12341 0.32606 0.13230 0.32795 0.16059 0.30834 0.15671 0.30713 0.17195 0.27579 0.17230 0.27799 0.19512 0.31427 0.22508 0.37903 0.22348 0.38730 0.20509 0.36494 0.18712 0.36304 0.15127 0.34630 0.15641 0.34486 0.13006 0.36194 0.11493 0.37207 0.09488 0.37755 0.07741 0.38715 0.04452 0.38596 0.00051 0.38572 0.00000 0.30980 0.00000
6 0.03670 0.00000 0.00000 0.46509 0.00000 0.93275 0.48033 1.00000 0.94538 1.00000 0.10797 0.00000 0.03670 0.00000
1 0.30980 0.00000 0.30457 0.01873 0.29785 0.06164 0.30127 0.08581 0.30619 0.09954 0.31753 0.11552 0.32512 0.12341 0.32606 0.13230 0.32795 0.16059 0.30834 0.15671 0.30713 0.17195 0.27579 0.17230 0.27799 0.19512 0.31427 0.22508 0.37903 0.22348 0.38730 0.20509 0.36494 0.18712 0.36304 0.15127 0.34630 0.15641 0.34486 0.13006 0.36194 0.11493 0.37207 0.09488 0.37755 0.07741 0.38715 0.04452 0.38596 0.00051 0.38572 0.00000 0.30980 0.00000
