6 0.47704 0.00000 0.00000 0.07802 0.00000 0.11160 0.13826 0.07805 0.31905 1.00000 0.52296 1.00000 1.00000 0.92198 1.00000 0.45927 0.99010 0.35191 0.67396 0.13948 0.47816 0.00000 0.47704 0.00000
5 0.65231 0.00000 0.64704 0.06356 0.62413 0.07720 0.62647 0.09201 0.66828 0.12357 0.72331 0.08734 0.71997 0.06565 0.68822 0.04366 0.68677 0.00000 0.65231 0.00000
6 0.47704 0.00000 0.00000 0.07802 0.00000 0.11160 0.13826 0.07805 0.31905 1.00000 0.52296 1.00000 1.00000 0.92198 1.00000 0.45927 0.99010 0.35191 0.67396 0.13948 0.47816 0.00000 0.47704 0.00000
5 0.65231 0.00000 0.64704 0.06356 0.62413 0.07720 0.62647 0.09201 0.66828 0.12357 0.72331 0.08734 0.71997 0.06565 0.68822 0.04366 0.68677 0.00000 0.65231 0.00000
6 0.47704 0.00000 0.00000 0.07802 0.00000 0.11160 0.13826 0.07805 0.31905 1.00000 0.52296 1.00000 1.00000 0.92198 1.00000 0.45927 0.99010 0.35191 0.67396 0.13948 0.47816 0.00000 0.47704 0.00000
5 0.65231 0.00000 0.64704 0.06356 0.62413 0.07720 0.62647 0.09201 0.66828 0.12357 0.72331 0.08734 0.71997 0.06565 0.68822 0.04366 0.68677 0.00000 0.65231 0.00000
6 0.47704 0.00000 0.00000 0.07802 0.00000 0.11160 0.13826 0.07805 0.31905 1.00000 0.52296 1.00000 1.00000 0.92198 1.00000 0.45927 0.99010 0.35191 0.67396 0.13948 0.47816 0.00000 0.47704 0.00000
5 0.65231 0.00000 0.64704 0.06356 0.62413 0.07720 0.62647 0.09201 0.66828 0.12357 0.72331 0.08734 0.71997 0.06565 0.68822 0.04366 0.68677 0.00000 0.65231 0.00000
6 0.47704 0.00000 0.00000 0.07802 0.00000 0.11160 0.13826 0.07805 0.31905 1.00000 0.52296 1.00000 1.00000 0.92198 1.00000 0.45927 0.99010 0.35191 0.67396 0.13948 0.47816 0.00000 0.47704 0.00000
5 0.65231 0.00000 0.64704 0.06356 0.62413 0.07720 0.62647 0.09201 0.66828 0.12357 0.72331 0.08734 0.71997 0.06565 0.68822 0.04366 0.68677 0.00000 0.65231 0.00000
6 0.47704 0.00000 0.00000 0.07802 0.00000 0.11160 0.13826 0.07805 0.31905 1.00000 0.52296 1.00000 1.00000 0.92198 1.00000 0.45927 0.99010 0.35191 0.67396 0.13948 0.47816 0.00000 0.47704 0.00000
5 0.65231 0.00000 0.64704 0.06356 0.62413 0.07720 0.62647 0.09201 0.66828 0.12357 0.72331 0.08734 0.71997 0.06565 0.68822 0.04366 0.68677 0.00000 0.65231 0.00000
