7 0.48112 0.00000 0.47747 0.01359 0.47818 0.03920 0.48131 0.05775 0.47889 0.06482 0.47679 0.10477 0.46357 0.12179 0.46281 0.13631 0.46057 0.13975 0.46128 0.16537 0.50811 0.17338 0.51781 0.14509 0.52228 0.13820 0.52266 0.13094 0.51784 0.12502 0.51247 0.10992 0.50838 0.10954 0.50560 0.10380 0.50598 0.09654 0.51364 0.06805 0.52909 0.04760 0.52819 0.02561 0.53340 0.02427 0.53489 0.01529 0.53187 0.00175 0.51311 0.00000 0.48112 0.00000
7 0.85611 0.11820 0.85387 0.12164 0.85292 0.13980 0.85068 0.14325 0.84992 0.15777 0.85270 0.16351 0.86162 0.16981 0.86085 0.18434 0.85677 0.18396 0.85641 0.17115 0.84210 0.16982 0.83782 0.17307 0.83204 0.18530 0.83033 0.21799 0.84128 0.22449 0.84780 0.21779 0.85393 0.21837 0.85764 0.22601 0.86211 0.21913 0.87846 0.22065 0.88105 0.23002 0.88383 0.23575 0.88495 0.23403 0.88961 0.22351 0.89394 0.18012 0.89116 0.17439 0.88503 0.17382 0.88279 0.17726 0.86756 0.17402 0.86851 0.15586 0.87074 0.15241 0.87470 0.11629 0.87693 0.11284 0.87826 0.08742 0.88050 0.08398 0.88145 0.06582 0.88369 0.06237 0.88464 0.04422 0.88688 0.04078 0.88719 0.03484 0.86600 0.03287 0.86458 0.03505 0.86325 0.06047 0.86101 0.06391 0.86006 0.08207 0.85782 0.08552 0.85611 0.11820
6 0.27810 0.22434 0.26707 0.22575 0.26511 0.21096 0.26315 0.19618 0.25215 0.17083 0.25330 0.14904 0.24886 0.12916 0.02053 0.08563 0.01220 0.24443 0.22621 0.29980 0.22817 0.31458 0.24136 0.27202 0.26355 0.26678 0.27560 0.24601 0.27810 0.22434
6 0.97497 1.00000 0.99955 0.53189 0.74646 0.04169 0.57351 0.02314 0.50541 0.17252 0.30610 0.13449 0.30470 0.16112 0.29465 0.16992 0.29318 0.25008 0.29578 0.25275 0.29898 0.27008 0.33663 0.28332 0.33349 0.31709 0.44201 0.33693 0.20033 0.97331 0.48689 1.00000 0.97497 1.00000
7 0.48112 0.00000 0.47747 0.01359 0.47818 0.03920 0.48131 0.05775 0.47889 0.06482 0.47679 0.10477 0.46357 0.12179 0.46281 0.13631 0.46057 0.13975 0.46128 0.16537 0.50811 0.17338 0.51781 0.14509 0.52228 0.13820 0.52266 0.13094 0.51784 0.12502 0.51247 0.10992 0.50838 0.10954 0.50560 0.10380 0.50598 0.09654 0.51364 0.06805 0.52909 0.04760 0.52819 0.02561 0.53340 0.02427 0.53489 0.01529 0.53187 0.00175 0.51311 0.00000 0.48112 0.00000
7 0.85611 0.11820 0.85387 0.12164 0.85292 0.13980 0.85068 0.14325 0.84992 0.15777 0.85270 0.16351 0.86162 0.16981 0.86085 0.18434 0.85677 0.18396 0.85641 0.17115 0.84210 0.16982 0.83782 0.17307 0.83204 0.18530 0.83033 0.21799 0.84128 0.22449 0.84780 0.21779 0.85393 0.21837 0.85764 0.22601 0.86211 0.21913 0.87846 0.22065 0.88105 0.23002 0.88383 0.23575 0.88495 0.23403 0.88961 0.22351 0.89394 0.18012 0.89116 0.17439 0.88503 0.17382 0.88279 0.17726 0.86756 0.17402 0.86851 0.15586 0.87074 0.15241 0.87470 0.11629 0.87693 0.11284 0.87826 0.08742 0.88050 0.08398 0.88145 0.06582 0.88369 0.06237 0.88464 0.04422 0.88688 0.04078 0.88719 0.03484 0.86600 0.03287 0.86458 0.03505 0.86325 0.06047 0.86101 0.06391 0.86006 0.08207 0.85782 0.08552 0.85611 0.11820
6 0.27810 0.22434 0.26707 0.22575 0.26511 0.21096 0.26315 0.19618 0.25215 0.17083 0.25330 0.14904 0.24886 0.12916 0.02053 0.08563 0.01220 0.24443 0.22621 0.29980 0.22817 0.31458 0.24136 0.27202 0.26355 0.26678 0.27560 0.24601 0.27810 0.22434
6 0.97497 1.00000 0.99955 0.53189 0.74646 0.04169 0.57351 0.02314 0.50541 0.17252 0.30610 0.13449 0.30470 0.16112 0.29465 0.16992 0.29318 0.25008 0.29578 0.25275 0.29898 0.27008 0.33663 0.28332 0.33349 0.31709 0.44201 0.33693 0.20033 0.97331 0.48689 1.00000 0.97497 1.00000
7 0.48112 0.00000 0.47747 0.01359 0.47818 0.03920 0.48131 0.05775 0.47889 0.06482 0.47679 0.10477 0.46357 0.12179 0.46281 0.13631 0.46057 0.13975 0.46128 0.16537 0.50811 0.17338 0.51781 0.14509 0.52228 0.13820 0.52266 0.13094 0.51784 0.12502 0.51247 0.10992 0.50838 0.10954 0.50560 0.10380 0.50598 0.09654 0.51364 0.06805 0.52909 0.04760 0.52819 0.02561 0.53340 0.02427 0.53489 0.01529 0.53187 0.00175 0.51311 0.00000 0.48112 0.00000
7 0.85611 0.11820 0.85387 0.12164 0.85292 0.13980 0.85068 0.14325 0.84992 0.15777 0.85270 0.16351 0.86162 0.16981 0.86085 0.18434 0.85677 0.18396 0.85641 0.17115 0.84210 0.16982 0.83782 0.17307 0.83204 0.18530 0.83033 0.21799 0.84128 0.22449 0.84780 0.21779 0.85393 0.21837 0.85764 0.22601 0.86211 0.21913 0.87846 0.22065 0.88105 0.23002 0.88383 0.23575 0.88495 0.23403 0.88961 0.22351 0.89394 0.18012 0.89116 0.17439 0.88503 0.17382 0.88279 0.17726 0.86756 0.17402 0.86851 0.15586 0.87074 0.15241 0.87470 0.11629 0.87693 0.11284 0.87826 0.08742 0.88050 0.08398 0.88145 0.06582 0.88369 0.06237 0.88464 0.04422 0.88688 0.04078 0.88719 0.03484 0.86600 0.03287 0.86458 0.03505 0.86325 0.06047 0.86101 0.06391 0.86006 0.08207 0.85782 0.08552 0.85611 0.11820
6 0.27810 0.22434 0.26707 0.22575 0.26511 0.21096 0.26315 0.19618 0.25215 0.17083 0.25330 0.14904 0.24886 0.12916 0.02053 0.08563 0.01220 0.24443 0.22621 0.29980 0.22817 0.31458 0.24136 0.27202 0.26355 0.26678 0.27560 0.24601 0.27810 0.22434
6 0.97497 1.00000 0.99955 0.53189 0.74646 0.04169 0.57351 0.02314 0.50541 0.17252 0.30610 0.13449 0.30470 0.16112 0.29465 0.16992 0.29318 0.25008 0.29578 0.25275 0.29898 0.27008 0.33663 0.28332 0.33349 0.31709 0.44201 0.33693 0.20033 0.97331 0.48689 1.00000 0.97497 1.00000
