6 0.97497 1.00000 0.99450 0.62796 0.79828 0.22472 0.71445 0.06759 0.67056 0.04318 0.58273 0.02355 0.54964 0.05383 0.48361 0.18713 0.32226 0.16558 0.31897 0.31668 0.42148 0.34183 0.16032 0.96958 0.48689 1.00000 0.97497 1.00000
6 0.24242 0.15517 0.01937 0.10780 0.01139 0.25983 0.21652 0.30416 0.24553 0.27292 0.25740 0.27311 0.26299 0.25527 0.24910 0.22462 0.24242 0.15517
7 0.46606 0.00000 0.46397 0.00698 0.46341 0.01764 0.45885 0.02794 0.45791 0.04572 0.46098 0.06387 0.45799 0.12077 0.44506 0.13743 0.44431 0.15165 0.44212 0.15502 0.44263 0.18366 0.46754 0.18776 0.46936 0.19150 0.47955 0.18888 0.48136 0.19262 0.49101 0.18102 0.50070 0.14976 0.48419 0.11963 0.49094 0.10597 0.49150 0.09530 0.49960 0.04119 0.49372 0.00000 0.46606 0.00000
7 0.79723 0.23209 0.80195 0.23789 0.80870 0.22422 0.81051 0.22796 0.82051 0.22889 0.82214 0.23620 0.82614 0.23657 0.83308 0.21935 0.83489 0.22309 0.84089 0.22365 0.84505 0.24011 0.84977 0.24591 0.85580 0.22682 0.85729 0.19837 0.85567 0.19108 0.85295 0.18546 0.84657 0.19202 0.83657 0.19109 0.83385 0.18547 0.83828 0.13943 0.84046 0.13606 0.84140 0.11828 0.84652 0.09732 0.84782 0.07243 0.85001 0.06905 0.85169 0.03705 0.83678 0.03388 0.83094 0.04941 0.82633 0.09901 0.82414 0.10238 0.82265 0.13083 0.82046 0.13420 0.81896 0.16264 0.81678 0.16602 0.81822 0.17687 0.81475 0.18548 0.80675 0.18473 0.80147 0.18960 0.79909 0.19653 0.79723 0.23209
6 0.97497 1.00000 0.99450 0.62796 0.79828 0.22472 0.71445 0.06759 0.67056 0.04318 0.58273 0.02355 0.54964 0.05383 0.48361 0.18713 0.32226 0.16558 0.31897 0.31668 0.42148 0.34183 0.16032 0.96958 0.48689 1.00000 0.97497 1.00000
6 0.24242 0.15517 0.01937 0.10780 0.01139 0.25983 0.21652 0.30416 0.24553 0.27292 0.25740 0.27311 0.26299 0.25527 0.24910 0.22462 0.24242 0.15517
7 0.46606 0.00000 0.46397 0.00698 0.46341 0.01764 0.45885 0.02794 0.45791 0.04572 0.46098 0.06387 0.45799 0.12077 0.44506 0.13743 0.44431 0.15165 0.44212 0.15502 0.44263 0.18366 0.46754 0.18776 0.46936 0.19150 0.47955 0.18888 0.48136 0.19262 0.49101 0.18102 0.50070 0.14976 0.48419 0.11963 0.49094 0.10597 0.49150 0.09530 0.49960 0.04119 0.49372 0.00000 0.46606 0.00000
7 0.79723 0.23209 0.80195 0.23789 0.80870 0.22422 0.81051 0.22796 0.82051 0.22889 0.82214 0.23620 0.82614 0.23657 0.83308 0.21935 0.83489 0.22309 0.84089 0.22365 0.84505 0.24011 0.84977 0.24591 0.85580 0.22682 0.85729 0.19837 0.85567 0.19108 0.85295 0.18546 0.84657 0.19202 0.83657 0.19109 0.83385 0.18547 0.83828 0.13943 0.84046 0.13606 0.84140 0.11828 0.84652 0.09732 0.84782 0.07243 0.85001 0.06905 0.85169 0.03705 0.83678 0.03388 0.83094 0.04941 0.82633 0.09901 0.82414 0.10238 0.82265 0.13083 0.82046 0.13420 0.81896 0.16264 0.81678 0.16602 0.81822 0.17687 0.81475 0.18548 0.80675 0.18473 0.80147 0.18960 0.79909 0.19653 0.79723 0.23209
6 0.97497 1.00000 0.99450 0.62796 0.79828 0.22472 0.71445 0.06759 0.67056 0.04318 0.58273 0.02355 0.54964 0.05383 0.48361 0.18713 0.32226 0.16558 0.31897 0.31668 0.42148 0.34183 0.16032 0.96958 0.48689 1.00000 0.97497 1.00000
6 0.24242 0.15517 0.01937 0.10780 0.01139 0.25983 0.21652 0.30416 0.24553 0.27292 0.25740 0.27311 0.26299 0.25527 0.24910 0.22462 0.24242 0.15517
7 0.46606 0.00000 0.46397 0.00698 0.46341 0.01764 0.45885 0.02794 0.45791 0.04572 0.46098 0.06387 0.45799 0.12077 0.44506 0.13743 0.44431 0.15165 0.44212 0.15502 0.44263 0.18366 0.46754 0.18776 0.46936 0.19150 0.47955 0.18888 0.48136 0.19262 0.49101 0.18102 0.50070 0.14976 0.48419 0.11963 0.49094 0.10597 0.49150 0.09530 0.49960 0.04119 0.49372 0.00000 0.46606 0.00000
7 0.79723 0.23209 0.80195 0.23789 0.80870 0.22422 0.81051 0.22796 0.82051 0.22889 0.82214 0.23620 0.82614 0.23657 0.83308 0.21935 0.83489 0.22309 0.84089 0.22365 0.84505 0.24011 0.84977 0.24591 0.85580 0.22682 0.85729 0.19837 0.85567 0.19108 0.85295 0.18546 0.84657 0.19202 0.83657 0.19109 0.83385 0.18547 0.83828 0.13943 0.84046 0.13606 0.84140 0.11828 0.84652 0.09732 0.84782 0.07243 0.85001 0.06905 0.85169 0.03705 0.83678 0.03388 0.83094 0.04941 0.82633 0.09901 0.82414 0.10238 0.82265 0.13083 0.82046 0.13420 0.81896 0.16264 0.81678 0.16602 0.81822 0.17687 0.81475 0.18548 0.80675 0.18473 0.80147 0.18960 0.79909 0.19653 0.79723 0.23209
6 0.97497 1.00000 0.99450 0.62796 0.79828 0.22472 0.71445 0.06759 0.67056 0.04318 0.58273 0.02355 0.54964 0.05383 0.48361 0.18713 0.32226 0.16558 0.31897 0.31668 0.42148 0.34183 0.16032 0.96958 0.48689 1.00000 0.97497 1.00000
6 0.24242 0.15517 0.01937 0.10780 0.01139 0.25983 0.21652 0.30416 0.24553 0.27292 0.25740 0.27311 0.26299 0.25527 0.24910 0.22462 0.24242 0.15517
7 0.46606 0.00000 0.46397 0.00698 0.46341 0.01764 0.45885 0.02794 0.45791 0.04572 0.46098 0.06387 0.45799 0.12077 0.44506 0.13743 0.44431 0.15165 0.44212 0.15502 0.44263 0.18366 0.46754 0.18776 0.46936 0.19150 0.47955 0.18888 0.48136 0.19262 0.49101 0.18102 0.50070 0.14976 0.48419 0.11963 0.49094 0.10597 0.49150 0.09530 0.49960 0.04119 0.49372 0.00000 0.46606 0.00000
7 0.79723 0.23209 0.80195 0.23789 0.80870 0.22422 0.81051 0.22796 0.82051 0.22889 0.82214 0.23620 0.82614 0.23657 0.83308 0.21935 0.83489 0.22309 0.84089 0.22365 0.84505 0.24011 0.84977 0.24591 0.85580 0.22682 0.85729 0.19837 0.85567 0.19108 0.85295 0.18546 0.84657 0.19202 0.83657 0.19109 0.83385 0.18547 0.83828 0.13943 0.84046 0.13606 0.84140 0.11828 0.84652 0.09732 0.84782 0.07243 0.85001 0.06905 0.85169 0.03705 0.83678 0.03388 0.83094 0.04941 0.82633 0.09901 0.82414 0.10238 0.82265 0.13083 0.82046 0.13420 0.81896 0.16264 0.81678 0.16602 0.81822 0.17687 0.81475 0.18548 0.80675 0.18473 0.80147 0.18960 0.79909 0.19653 0.79723 0.23209
6 0.97497 1.00000 0.99450 0.62796 0.79828 0.22472 0.71445 0.06759 0.67056 0.04318 0.58273 0.02355 0.54964 0.05383 0.48361 0.18713 0.32226 0.16558 0.31897 0.31668 0.42148 0.34183 0.16032 0.96958 0.48689 1.00000 0.97497 1.00000
6 0.24242 0.15517 0.01937 0.10780 0.01139 0.25983 0.21652 0.30416 0.24553 0.27292 0.25740 0.27311 0.26299 0.25527 0.24910 0.22462 0.24242 0.15517
7 0.46606 0.00000 0.46397 0.00698 0.46341 0.01764 0.45885 0.02794 0.45791 0.04572 0.46098 0.06387 0.45799 0.12077 0.44506 0.13743 0.44431 0.15165 0.44212 0.15502 0.44263 0.18366 0.46754 0.18776 0.46936 0.19150 0.47955 0.18888 0.48136 0.19262 0.49101 0.18102 0.50070 0.14976 0.48419 0.11963 0.49094 0.10597 0.49150 0.09530 0.49960 0.04119 0.49372 0.00000 0.46606 0.00000
7 0.79723 0.23209 0.80195 0.23789 0.80870 0.22422 0.81051 0.22796 0.82051 0.22889 0.82214 0.23620 0.82614 0.23657 0.83308 0.21935 0.83489 0.22309 0.84089 0.22365 0.84505 0.24011 0.84977 0.24591 0.85580 0.22682 0.85729 0.19837 0.85567 0.19108 0.85295 0.18546 0.84657 0.19202 0.83657 0.19109 0.83385 0.18547 0.83828 0.13943 0.84046 0.13606 0.84140 0.11828 0.84652 0.09732 0.84782 0.07243 0.85001 0.06905 0.85169 0.03705 0.83678 0.03388 0.83094 0.04941 0.82633 0.09901 0.82414 0.10238 0.82265 0.13083 0.82046 0.13420 0.81896 0.16264 0.81678 0.16602 0.81822 0.17687 0.81475 0.18548 0.80675 0.18473 0.80147 0.18960 0.79909 0.19653 0.79723 0.23209
