6 0.31583 1.00000 0.30385 0.99901 0.29269 0.99054 0.28477 0.99221 0.27601 0.98684 0.27007 0.98809 0.26329 0.98231 0.25099 0.98129 0.24421 0.97550 0.17424 0.95057 0.16830 0.95182 0.16152 0.94603 0.14484 0.94233 0.11657 0.92664 0.09989 0.92294 0.09071 0.91405 0.07205 0.91077 0.04619 0.89818 0.04124 0.89923 0.04664 0.94464 0.04887 0.94634 0.04697 0.94746 0.05322 1.00000 0.31583 1.00000
5 0.22275 0.88384 0.22268 0.88327 0.19167 0.85798 0.19023 0.84034 0.17707 0.84196 0.16871 0.80726 0.18375 0.80235 0.19193 0.75606 0.18875 0.68554 0.16404 0.65023 0.13326 0.66251 0.11498 0.70862 0.11374 0.70368 0.12220 0.77482 0.15155 0.81088 0.15694 0.85894 0.14282 0.86887 0.14250 0.88804 0.11391 0.89407 0.11470 0.91995 0.15820 0.93797 0.20850 0.90363 0.22275 0.88384
6 0.31583 1.00000 0.30385 0.99901 0.29269 0.99054 0.28477 0.99221 0.27601 0.98684 0.27007 0.98809 0.26329 0.98231 0.25099 0.98129 0.24421 0.97550 0.17424 0.95057 0.16830 0.95182 0.16152 0.94603 0.14484 0.94233 0.11657 0.92664 0.09989 0.92294 0.09071 0.91405 0.07205 0.91077 0.04619 0.89818 0.04124 0.89923 0.04664 0.94464 0.04887 0.94634 0.04697 0.94746 0.05322 1.00000 0.31583 1.00000
5 0.22275 0.88384 0.22268 0.88327 0.19167 0.85798 0.19023 0.84034 0.17707 0.84196 0.16871 0.80726 0.18375 0.80235 0.19193 0.75606 0.18875 0.68554 0.16404 0.65023 0.13326 0.66251 0.11498 0.70862 0.11374 0.70368 0.12220 0.77482 0.15155 0.81088 0.15694 0.85894 0.14282 0.86887 0.14250 0.88804 0.11391 0.89407 0.11470 0.91995 0.15820 0.93797 0.20850 0.90363 0.22275 0.88384
6 0.31583 1.00000 0.30385 0.99901 0.29269 0.99054 0.28477 0.99221 0.27601 0.98684 0.27007 0.98809 0.26329 0.98231 0.25099 0.98129 0.24421 0.97550 0.17424 0.95057 0.16830 0.95182 0.16152 0.94603 0.14484 0.94233 0.11657 0.92664 0.09989 0.92294 0.09071 0.91405 0.07205 0.91077 0.04619 0.89818 0.04124 0.89923 0.04664 0.94464 0.04887 0.94634 0.04697 0.94746 0.05322 1.00000 0.31583 1.00000
5 0.22275 0.88384 0.22268 0.88327 0.19167 0.85798 0.19023 0.84034 0.17707 0.84196 0.16871 0.80726 0.18375 0.80235 0.19193 0.75606 0.18875 0.68554 0.16404 0.65023 0.13326 0.66251 0.11498 0.70862 0.11374 0.70368 0.12220 0.77482 0.15155 0.81088 0.15694 0.85894 0.14282 0.86887 0.14250 0.88804 0.11391 0.89407 0.11470 0.91995 0.15820 0.93797 0.20850 0.90363 0.22275 0.88384
6 0.31583 1.00000 0.30385 0.99901 0.29269 0.99054 0.28477 0.99221 0.27601 0.98684 0.27007 0.98809 0.26329 0.98231 0.25099 0.98129 0.24421 0.97550 0.17424 0.95057 0.16830 0.95182 0.16152 0.94603 0.14484 0.94233 0.11657 0.92664 0.09989 0.92294 0.09071 0.91405 0.07205 0.91077 0.04619 0.89818 0.04124 0.89923 0.04664 0.94464 0.04887 0.94634 0.04697 0.94746 0.05322 1.00000 0.31583 1.00000
5 0.22275 0.88384 0.22268 0.88327 0.19167 0.85798 0.19023 0.84034 0.17707 0.84196 0.16871 0.80726 0.18375 0.80235 0.19193 0.75606 0.18875 0.68554 0.16404 0.65023 0.13326 0.66251 0.11498 0.70862 0.11374 0.70368 0.12220 0.77482 0.15155 0.81088 0.15694 0.85894 0.14282 0.86887 0.14250 0.88804 0.11391 0.89407 0.11470 0.91995 0.15820 0.93797 0.20850 0.90363 0.22275 0.88384
6 0.31583 1.00000 0.30385 0.99901 0.29269 0.99054 0.28477 0.99221 0.27601 0.98684 0.27007 0.98809 0.26329 0.98231 0.25099 0.98129 0.24421 0.97550 0.17424 0.95057 0.16830 0.95182 0.16152 0.94603 0.14484 0.94233 0.11657 0.92664 0.09989 0.92294 0.09071 0.91405 0.07205 0.91077 0.04619 0.89818 0.04124 0.89923 0.04664 0.94464 0.04887 0.94634 0.04697 0.94746 0.05322 1.00000 0.31583 1.00000
5 0.22275 0.88384 0.22268 0.88327 0.19167 0.85798 0.19023 0.84034 0.17707 0.84196 0.16871 0.80726 0.18375 0.80235 0.19193 0.75606 0.18875 0.68554 0.16404 0.65023 0.13326 0.66251 0.11498 0.70862 0.11374 0.70368 0.12220 0.77482 0.15155 0.81088 0.15694 0.85894 0.14282 0.86887 0.14250 0.88804 0.11391 0.89407 0.11470 0.91995 0.15820 0.93797 0.20850 0.90363 0.22275 0.88384
6 0.31583 1.00000 0.30385 0.99901 0.29269 0.99054 0.28477 0.99221 0.27601 0.98684 0.27007 0.98809 0.26329 0.98231 0.25099 0.98129 0.24421 0.97550 0.17424 0.95057 0.16830 0.95182 0.16152 0.94603 0.14484 0.94233 0.11657 0.92664 0.09989 0.92294 0.09071 0.91405 0.07205 0.91077 0.04619 0.89818 0.04124 0.89923 0.04664 0.94464 0.04887 0.94634 0.04697 0.94746 0.05322 1.00000 0.31583 1.00000
5 0.22275 0.88384 0.22268 0.88327 0.19167 0.85798 0.19023 0.84034 0.17707 0.84196 0.16871 0.80726 0.18375 0.80235 0.19193 0.75606 0.18875 0.68554 0.16404 0.65023 0.13326 0.66251 0.11498 0.70862 0.11374 0.70368 0.12220 0.77482 0.15155 0.81088 0.15694 0.85894 0.14282 0.86887 0.14250 0.88804 0.11391 0.89407 0.11470 0.91995 0.15820 0.93797 0.20850 0.90363 0.22275 0.88384
