6 0.99352 1.00000 0.99382 0.97727 0.99250 0.97483 0.98407 0.96704 0.97782 0.95551 0.97147 0.95157 0.95897 0.92850 0.95054 0.92071 0.94013 0.90149 0.93378 0.89754 0.92758 0.88221 0.92331 0.88212 0.91701 0.87438 0.91082 0.85905 0.90655 0.85895 0.90025 0.85121 0.89405 0.83588 0.88765 0.83573 0.86667 0.80867 0.81643 0.73538 0.78910 0.70437 0.77661 0.68130 0.76396 0.66963 0.75141 0.65035 0.70727 0.59998 0.69269 0.57306 0.68842 0.57296 0.68212 0.56523 0.65073 0.51894 0.64016 0.51111 0.63714 0.49775 0.63937 0.49021 0.63853 0.47311 0.63431 0.46921 0.61938 0.46886 0.61730 0.46502 0.60450 0.46472 0.60014 0.47221 0.59806 0.46837 0.58739 0.46812 0.58521 0.47186 0.53402 0.47068 0.53184 0.47442 0.52976 0.47057 0.52544 0.47427 0.52123 0.47038 0.51691 0.47407 0.51270 0.47018 0.50838 0.47387 0.50416 0.46998 0.49985 0.47368 0.49563 0.46978 0.49132 0.47348 0.48497 0.46954 0.48279 0.47328 0.44866 0.47249 0.44648 0.47623 0.44440 0.47239 0.43373 0.47214 0.43155 0.47589 0.41022 0.47539 0.40159 0.48278 0.39812 0.50358 0.38056 0.54113 0.38046 0.54872 0.37604 0.56001 0.36736 0.57120 0.35848 0.59756 0.33229 0.64250 0.32565 0.66133 0.31037 0.68755 0.30809 0.69888 0.29708 0.72520 0.26201 0.79651 0.22897 0.87546 0.20928 0.91296 0.19162 0.95811 0.18071 0.97684 0.17457 0.99251 0.49672 1.00000 0.99352 1.00000
6 0.65286 0.51899 0.66888 0.51746 0.67637 0.51574 0.67756 0.50628 0.68624 0.49509 0.68634 0.48750 0.68322 0.48173 0.67052 0.47385 0.62677 0.47473 0.62667 0.48232 0.63396 0.49578 0.64661 0.50746 0.64865 0.51510 0.65286 0.51899
6 1.00000 0.47143 0.97139 0.46946 0.96921 0.47320 0.92016 0.47206 0.91797 0.47580 0.88811 0.47511 0.88603 0.47127 0.88385 0.47501 0.82413 0.47363 0.82195 0.47737 0.73450 0.47534 0.73232 0.47908 0.71313 0.47864 0.70767 0.48800 0.71164 0.51087 0.71898 0.52053 0.77552 0.51995 0.85979 0.52001 0.86197 0.51626 0.91956 0.51760 0.92164 0.52145 0.93657 0.52179 0.93875 0.51805 0.99421 0.51934 0.99639 0.51559 0.99987 0.51567 1.00000 0.50581 1.00000 0.47143
6 0.00000 0.53039 0.04467 0.53142 0.04685 0.52768 0.05325 0.52783 0.05533 0.53167 0.06610 0.52433 0.18137 0.51942 0.18921 0.49113 0.18930 0.48354 0.12428 0.48013 0.12210 0.48387 0.12001 0.48003 0.11783 0.48377 0.08157 0.48293 0.07939 0.48668 0.00010 0.48674 0.00000 0.49419 0.00000 0.53039
4 0.72364 0.40865 0.71005 0.38746 0.69299 0.38706 0.68436 0.39445 0.67672 0.40756 0.67226 0.42264 0.67196 0.44541 0.67806 0.46833 0.68327 0.47794 0.68962 0.48189 0.69056 0.49140 0.67970 0.50633 0.67850 0.51579 0.66992 0.51939 0.66660 0.52880 0.67806 0.54995 0.68857 0.56158 0.71739 0.56035 0.72404 0.54152 0.72418 0.53014 0.71689 0.51668 0.71159 0.51466 0.71169 0.50707 0.70330 0.49549 0.70345 0.48411 0.71531 0.47489 0.72295 0.46178 0.72746 0.44291 0.72771 0.42393 0.72364 0.40865
7 0.37252 0.50298 0.37267 0.49160 0.36851 0.48391 0.37719 0.47272 0.37645 0.36641 0.35834 0.36409 0.35695 0.38874 0.35904 0.39258 0.35799 0.47228 0.36008 0.47612 0.35983 0.49510 0.36504 0.50471 0.37252 0.50298
7 0.37843 0.37785 0.37937 0.46898 0.40070 0.46947 0.40397 0.46386 0.40933 0.46208 0.40963 0.43931 0.40645 0.43734 0.40209 0.44483 0.39683 0.43902 0.39584 0.35168 0.39272 0.34591 0.37992 0.34562 0.37665 0.35123 0.37635 0.37400 0.37843 0.37785
6 0.99352 1.00000 0.99382 0.97727 0.99250 0.97483 0.98407 0.96704 0.97782 0.95551 0.97147 0.95157 0.95897 0.92850 0.95054 0.92071 0.94013 0.90149 0.93378 0.89754 0.92758 0.88221 0.92331 0.88212 0.91701 0.87438 0.91082 0.85905 0.90655 0.85895 0.90025 0.85121 0.89405 0.83588 0.88765 0.83573 0.86667 0.80867 0.81643 0.73538 0.78910 0.70437 0.77661 0.68130 0.76396 0.66963 0.75141 0.65035 0.70727 0.59998 0.69269 0.57306 0.68842 0.57296 0.68212 0.56523 0.65073 0.51894 0.64016 0.51111 0.63714 0.49775 0.63937 0.49021 0.63853 0.47311 0.63431 0.46921 0.61938 0.46886 0.61730 0.46502 0.60450 0.46472 0.60014 0.47221 0.59806 0.46837 0.58739 0.46812 0.58521 0.47186 0.53402 0.47068 0.53184 0.47442 0.52976 0.47057 0.52544 0.47427 0.52123 0.47038 0.51691 0.47407 0.51270 0.47018 0.50838 0.47387 0.50416 0.46998 0.49985 0.47368 0.49563 0.46978 0.49132 0.47348 0.48497 0.46954 0.48279 0.47328 0.44866 0.47249 0.44648 0.47623 0.44440 0.47239 0.43373 0.47214 0.43155 0.47589 0.41022 0.47539 0.40159 0.48278 0.39812 0.50358 0.38056 0.54113 0.38046 0.54872 0.37604 0.56001 0.36736 0.57120 0.35848 0.59756 0.33229 0.64250 0.32565 0.66133 0.31037 0.68755 0.30809 0.69888 0.29708 0.72520 0.26201 0.79651 0.22897 0.87546 0.20928 0.91296 0.19162 0.95811 0.18071 0.97684 0.17457 0.99251 0.49672 1.00000 0.99352 1.00000
6 0.65286 0.51899 0.66888 0.51746 0.67637 0.51574 0.67756 0.50628 0.68624 0.49509 0.68634 0.48750 0.68322 0.48173 0.67052 0.47385 0.62677 0.47473 0.62667 0.48232 0.63396 0.49578 0.64661 0.50746 0.64865 0.51510 0.65286 0.51899
6 1.00000 0.47143 0.97139 0.46946 0.96921 0.47320 0.92016 0.47206 0.91797 0.47580 0.88811 0.47511 0.88603 0.47127 0.88385 0.47501 0.82413 0.47363 0.82195 0.47737 0.73450 0.47534 0.73232 0.47908 0.71313 0.47864 0.70767 0.48800 0.71164 0.51087 0.71898 0.52053 0.77552 0.51995 0.85979 0.52001 0.86197 0.51626 0.91956 0.51760 0.92164 0.52145 0.93657 0.52179 0.93875 0.51805 0.99421 0.51934 0.99639 0.51559 0.99987 0.51567 1.00000 0.50581 1.00000 0.47143
6 0.00000 0.53039 0.04467 0.53142 0.04685 0.52768 0.05325 0.52783 0.05533 0.53167 0.06610 0.52433 0.18137 0.51942 0.18921 0.49113 0.18930 0.48354 0.12428 0.48013 0.12210 0.48387 0.12001 0.48003 0.11783 0.48377 0.08157 0.48293 0.07939 0.48668 0.00010 0.48674 0.00000 0.49419 0.00000 0.53039
4 0.72364 0.40865 0.71005 0.38746 0.69299 0.38706 0.68436 0.39445 0.67672 0.40756 0.67226 0.42264 0.67196 0.44541 0.67806 0.46833 0.68327 0.47794 0.68962 0.48189 0.69056 0.49140 0.67970 0.50633 0.67850 0.51579 0.66992 0.51939 0.66660 0.52880 0.67806 0.54995 0.68857 0.56158 0.71739 0.56035 0.72404 0.54152 0.72418 0.53014 0.71689 0.51668 0.71159 0.51466 0.71169 0.50707 0.70330 0.49549 0.70345 0.48411 0.71531 0.47489 0.72295 0.46178 0.72746 0.44291 0.72771 0.42393 0.72364 0.40865
7 0.37252 0.50298 0.37267 0.49160 0.36851 0.48391 0.37719 0.47272 0.37645 0.36641 0.35834 0.36409 0.35695 0.38874 0.35904 0.39258 0.35799 0.47228 0.36008 0.47612 0.35983 0.49510 0.36504 0.50471 0.37252 0.50298
7 0.37843 0.37785 0.37937 0.46898 0.40070 0.46947 0.40397 0.46386 0.40933 0.46208 0.40963 0.43931 0.40645 0.43734 0.40209 0.44483 0.39683 0.43902 0.39584 0.35168 0.39272 0.34591 0.37992 0.34562 0.37665 0.35123 0.37635 0.37400 0.37843 0.37785
6 0.99352 1.00000 0.99382 0.97727 0.99250 0.97483 0.98407 0.96704 0.97782 0.95551 0.97147 0.95157 0.95897 0.92850 0.95054 0.92071 0.94013 0.90149 0.93378 0.89754 0.92758 0.88221 0.92331 0.88212 0.91701 0.87438 0.91082 0.85905 0.90655 0.85895 0.90025 0.85121 0.89405 0.83588 0.88765 0.83573 0.86667 0.80867 0.81643 0.73538 0.78910 0.70437 0.77661 0.68130 0.76396 0.66963 0.75141 0.65035 0.70727 0.59998 0.69269 0.57306 0.68842 0.57296 0.68212 0.56523 0.65073 0.51894 0.64016 0.51111 0.63714 0.49775 0.63937 0.49021 0.63853 0.47311 0.63431 0.46921 0.61938 0.46886 0.61730 0.46502 0.60450 0.46472 0.60014 0.47221 0.59806 0.46837 0.58739 0.46812 0.58521 0.47186 0.53402 0.47068 0.53184 0.47442 0.52976 0.47057 0.52544 0.47427 0.52123 0.47038 0.51691 0.47407 0.51270 0.47018 0.50838 0.47387 0.50416 0.46998 0.49985 0.47368 0.49563 0.46978 0.49132 0.47348 0.48497 0.46954 0.48279 0.47328 0.44866 0.47249 0.44648 0.47623 0.44440 0.47239 0.43373 0.47214 0.43155 0.47589 0.41022 0.47539 0.40159 0.48278 0.39812 0.50358 0.38056 0.54113 0.38046 0.54872 0.37604 0.56001 0.36736 0.57120 0.35848 0.59756 0.33229 0.64250 0.32565 0.66133 0.31037 0.68755 0.30809 0.69888 0.29708 0.72520 0.26201 0.79651 0.22897 0.87546 0.20928 0.91296 0.19162 0.95811 0.18071 0.97684 0.17457 0.99251 0.49672 1.00000 0.99352 1.00000
6 0.65286 0.51899 0.66888 0.51746 0.67637 0.51574 0.67756 0.50628 0.68624 0.49509 0.68634 0.48750 0.68322 0.48173 0.67052 0.47385 0.62677 0.47473 0.62667 0.48232 0.63396 0.49578 0.64661 0.50746 0.64865 0.51510 0.65286 0.51899
6 1.00000 0.47143 0.97139 0.46946 0.96921 0.47320 0.92016 0.47206 0.91797 0.47580 0.88811 0.47511 0.88603 0.47127 0.88385 0.47501 0.82413 0.47363 0.82195 0.47737 0.73450 0.47534 0.73232 0.47908 0.71313 0.47864 0.70767 0.48800 0.71164 0.51087 0.71898 0.52053 0.77552 0.51995 0.85979 0.52001 0.86197 0.51626 0.91956 0.51760 0.92164 0.52145 0.93657 0.52179 0.93875 0.51805 0.99421 0.51934 0.99639 0.51559 0.99987 0.51567 1.00000 0.50581 1.00000 0.47143
6 0.00000 0.53039 0.04467 0.53142 0.04685 0.52768 0.05325 0.52783 0.05533 0.53167 0.06610 0.52433 0.18137 0.51942 0.18921 0.49113 0.18930 0.48354 0.12428 0.48013 0.12210 0.48387 0.12001 0.48003 0.11783 0.48377 0.08157 0.48293 0.07939 0.48668 0.00010 0.48674 0.00000 0.49419 0.00000 0.53039
4 0.72364 0.40865 0.71005 0.38746 0.69299 0.38706 0.68436 0.39445 0.67672 0.40756 0.67226 0.42264 0.67196 0.44541 0.67806 0.46833 0.68327 0.47794 0.68962 0.48189 0.69056 0.49140 0.67970 0.50633 0.67850 0.51579 0.66992 0.51939 0.66660 0.52880 0.67806 0.54995 0.68857 0.56158 0.71739 0.56035 0.72404 0.54152 0.72418 0.53014 0.71689 0.51668 0.71159 0.51466 0.71169 0.50707 0.70330 0.49549 0.70345 0.48411 0.71531 0.47489 0.72295 0.46178 0.72746 0.44291 0.72771 0.42393 0.72364 0.40865
7 0.37252 0.50298 0.37267 0.49160 0.36851 0.48391 0.37719 0.47272 0.37645 0.36641 0.35834 0.36409 0.35695 0.38874 0.35904 0.39258 0.35799 0.47228 0.36008 0.47612 0.35983 0.49510 0.36504 0.50471 0.37252 0.50298
7 0.37843 0.37785 0.37937 0.46898 0.40070 0.46947 0.40397 0.46386 0.40933 0.46208 0.40963 0.43931 0.40645 0.43734 0.40209 0.44483 0.39683 0.43902 0.39584 0.35168 0.39272 0.34591 0.37992 0.34562 0.37665 0.35123 0.37635 0.37400 0.37843 0.37785
6 0.99352 1.00000 0.99382 0.97727 0.99250 0.97483 0.98407 0.96704 0.97782 0.95551 0.97147 0.95157 0.95897 0.92850 0.95054 0.92071 0.94013 0.90149 0.93378 0.89754 0.92758 0.88221 0.92331 0.88212 0.91701 0.87438 0.91082 0.85905 0.90655 0.85895 0.90025 0.85121 0.89405 0.83588 0.88765 0.83573 0.86667 0.80867 0.81643 0.73538 0.78910 0.70437 0.77661 0.68130 0.76396 0.66963 0.75141 0.65035 0.70727 0.59998 0.69269 0.57306 0.68842 0.57296 0.68212 0.56523 0.65073 0.51894 0.64016 0.51111 0.63714 0.49775 0.63937 0.49021 0.63853 0.47311 0.63431 0.46921 0.61938 0.46886 0.61730 0.46502 0.60450 0.46472 0.60014 0.47221 0.59806 0.46837 0.58739 0.46812 0.58521 0.47186 0.53402 0.47068 0.53184 0.47442 0.52976 0.47057 0.52544 0.47427 0.52123 0.47038 0.51691 0.47407 0.51270 0.47018 0.50838 0.47387 0.50416 0.46998 0.49985 0.47368 0.49563 0.46978 0.49132 0.47348 0.48497 0.46954 0.48279 0.47328 0.44866 0.47249 0.44648 0.47623 0.44440 0.47239 0.43373 0.47214 0.43155 0.47589 0.41022 0.47539 0.40159 0.48278 0.39812 0.50358 0.38056 0.54113 0.38046 0.54872 0.37604 0.56001 0.36736 0.57120 0.35848 0.59756 0.33229 0.64250 0.32565 0.66133 0.31037 0.68755 0.30809 0.69888 0.29708 0.72520 0.26201 0.79651 0.22897 0.87546 0.20928 0.91296 0.19162 0.95811 0.18071 0.97684 0.17457 0.99251 0.49672 1.00000 0.99352 1.00000
6 0.65286 0.51899 0.66888 0.51746 0.67637 0.51574 0.67756 0.50628 0.68624 0.49509 0.68634 0.48750 0.68322 0.48173 0.67052 0.47385 0.62677 0.47473 0.62667 0.48232 0.63396 0.49578 0.64661 0.50746 0.64865 0.51510 0.65286 0.51899
6 1.00000 0.47143 0.97139 0.46946 0.96921 0.47320 0.92016 0.47206 0.91797 0.47580 0.88811 0.47511 0.88603 0.47127 0.88385 0.47501 0.82413 0.47363 0.82195 0.47737 0.73450 0.47534 0.73232 0.47908 0.71313 0.47864 0.70767 0.48800 0.71164 0.51087 0.71898 0.52053 0.77552 0.51995 0.85979 0.52001 0.86197 0.51626 0.91956 0.51760 0.92164 0.52145 0.93657 0.52179 0.93875 0.51805 0.99421 0.51934 0.99639 0.51559 0.99987 0.51567 1.00000 0.50581 1.00000 0.47143
6 0.00000 0.53039 0.04467 0.53142 0.04685 0.52768 0.05325 0.52783 0.05533 0.53167 0.06610 0.52433 0.18137 0.51942 0.18921 0.49113 0.18930 0.48354 0.12428 0.48013 0.12210 0.48387 0.12001 0.48003 0.11783 0.48377 0.08157 0.48293 0.07939 0.48668 0.00010 0.48674 0.00000 0.49419 0.00000 0.53039
4 0.72364 0.40865 0.71005 0.38746 0.69299 0.38706 0.68436 0.39445 0.67672 0.40756 0.67226 0.42264 0.67196 0.44541 0.67806 0.46833 0.68327 0.47794 0.68962 0.48189 0.69056 0.49140 0.67970 0.50633 0.67850 0.51579 0.66992 0.51939 0.66660 0.52880 0.67806 0.54995 0.68857 0.56158 0.71739 0.56035 0.72404 0.54152 0.72418 0.53014 0.71689 0.51668 0.71159 0.51466 0.71169 0.50707 0.70330 0.49549 0.70345 0.48411 0.71531 0.47489 0.72295 0.46178 0.72746 0.44291 0.72771 0.42393 0.72364 0.40865
7 0.37252 0.50298 0.37267 0.49160 0.36851 0.48391 0.37719 0.47272 0.37645 0.36641 0.35834 0.36409 0.35695 0.38874 0.35904 0.39258 0.35799 0.47228 0.36008 0.47612 0.35983 0.49510 0.36504 0.50471 0.37252 0.50298
7 0.37843 0.37785 0.37937 0.46898 0.40070 0.46947 0.40397 0.46386 0.40933 0.46208 0.40963 0.43931 0.40645 0.43734 0.40209 0.44483 0.39683 0.43902 0.39584 0.35168 0.39272 0.34591 0.37992 0.34562 0.37665 0.35123 0.37635 0.37400 0.37843 0.37785
6 0.99352 1.00000 0.99382 0.97727 0.99250 0.97483 0.98407 0.96704 0.97782 0.95551 0.97147 0.95157 0.95897 0.92850 0.95054 0.92071 0.94013 0.90149 0.93378 0.89754 0.92758 0.88221 0.92331 0.88212 0.91701 0.87438 0.91082 0.85905 0.90655 0.85895 0.90025 0.85121 0.89405 0.83588 0.88765 0.83573 0.86667 0.80867 0.81643 0.73538 0.78910 0.70437 0.77661 0.68130 0.76396 0.66963 0.75141 0.65035 0.70727 0.59998 0.69269 0.57306 0.68842 0.57296 0.68212 0.56523 0.65073 0.51894 0.64016 0.51111 0.63714 0.49775 0.63937 0.49021 0.63853 0.47311 0.63431 0.46921 0.61938 0.46886 0.61730 0.46502 0.60450 0.46472 0.60014 0.47221 0.59806 0.46837 0.58739 0.46812 0.58521 0.47186 0.53402 0.47068 0.53184 0.47442 0.52976 0.47057 0.52544 0.47427 0.52123 0.47038 0.51691 0.47407 0.51270 0.47018 0.50838 0.47387 0.50416 0.46998 0.49985 0.47368 0.49563 0.46978 0.49132 0.47348 0.48497 0.46954 0.48279 0.47328 0.44866 0.47249 0.44648 0.47623 0.44440 0.47239 0.43373 0.47214 0.43155 0.47589 0.41022 0.47539 0.40159 0.48278 0.39812 0.50358 0.38056 0.54113 0.38046 0.54872 0.37604 0.56001 0.36736 0.57120 0.35848 0.59756 0.33229 0.64250 0.32565 0.66133 0.31037 0.68755 0.30809 0.69888 0.29708 0.72520 0.26201 0.79651 0.22897 0.87546 0.20928 0.91296 0.19162 0.95811 0.18071 0.97684 0.17457 0.99251 0.49672 1.00000 0.99352 1.00000
6 0.65286 0.51899 0.66888 0.51746 0.67637 0.51574 0.67756 0.50628 0.68624 0.49509 0.68634 0.48750 0.68322 0.48173 0.67052 0.47385 0.62677 0.47473 0.62667 0.48232 0.63396 0.49578 0.64661 0.50746 0.64865 0.51510 0.65286 0.51899
6 1.00000 0.47143 0.97139 0.46946 0.96921 0.47320 0.92016 0.47206 0.91797 0.47580 0.88811 0.47511 0.88603 0.47127 0.88385 0.47501 0.82413 0.47363 0.82195 0.47737 0.73450 0.47534 0.73232 0.47908 0.71313 0.47864 0.70767 0.48800 0.71164 0.51087 0.71898 0.52053 0.77552 0.51995 0.85979 0.52001 0.86197 0.51626 0.91956 0.51760 0.92164 0.52145 0.93657 0.52179 0.93875 0.51805 0.99421 0.51934 0.99639 0.51559 0.99987 0.51567 1.00000 0.50581 1.00000 0.47143
6 0.00000 0.53039 0.04467 0.53142 0.04685 0.52768 0.05325 0.52783 0.05533 0.53167 0.06610 0.52433 0.18137 0.51942 0.18921 0.49113 0.18930 0.48354 0.12428 0.48013 0.12210 0.48387 0.12001 0.48003 0.11783 0.48377 0.08157 0.48293 0.07939 0.48668 0.00010 0.48674 0.00000 0.49419 0.00000 0.53039
4 0.72364 0.40865 0.71005 0.38746 0.69299 0.38706 0.68436 0.39445 0.67672 0.40756 0.67226 0.42264 0.67196 0.44541 0.67806 0.46833 0.68327 0.47794 0.68962 0.48189 0.69056 0.49140 0.67970 0.50633 0.67850 0.51579 0.66992 0.51939 0.66660 0.52880 0.67806 0.54995 0.68857 0.56158 0.71739 0.56035 0.72404 0.54152 0.72418 0.53014 0.71689 0.51668 0.71159 0.51466 0.71169 0.50707 0.70330 0.49549 0.70345 0.48411 0.71531 0.47489 0.72295 0.46178 0.72746 0.44291 0.72771 0.42393 0.72364 0.40865
7 0.37252 0.50298 0.37267 0.49160 0.36851 0.48391 0.37719 0.47272 0.37645 0.36641 0.35834 0.36409 0.35695 0.38874 0.35904 0.39258 0.35799 0.47228 0.36008 0.47612 0.35983 0.49510 0.36504 0.50471 0.37252 0.50298
7 0.37843 0.37785 0.37937 0.46898 0.40070 0.46947 0.40397 0.46386 0.40933 0.46208 0.40963 0.43931 0.40645 0.43734 0.40209 0.44483 0.39683 0.43902 0.39584 0.35168 0.39272 0.34591 0.37992 0.34562 0.37665 0.35123 0.37635 0.37400 0.37843 0.37785
6 0.99352 1.00000 0.99382 0.97727 0.99250 0.97483 0.98407 0.96704 0.97782 0.95551 0.97147 0.95157 0.95897 0.92850 0.95054 0.92071 0.94013 0.90149 0.93378 0.89754 0.92758 0.88221 0.92331 0.88212 0.91701 0.87438 0.91082 0.85905 0.90655 0.85895 0.90025 0.85121 0.89405 0.83588 0.88765 0.83573 0.86667 0.80867 0.81643 0.73538 0.78910 0.70437 0.77661 0.68130 0.76396 0.66963 0.75141 0.65035 0.70727 0.59998 0.69269 0.57306 0.68842 0.57296 0.68212 0.56523 0.65073 0.51894 0.64016 0.51111 0.63714 0.49775 0.63937 0.49021 0.63853 0.47311 0.63431 0.46921 0.61938 0.46886 0.61730 0.46502 0.60450 0.46472 0.60014 0.47221 0.59806 0.46837 0.58739 0.46812 0.58521 0.47186 0.53402 0.47068 0.53184 0.47442 0.52976 0.47057 0.52544 0.47427 0.52123 0.47038 0.51691 0.47407 0.51270 0.47018 0.50838 0.47387 0.50416 0.46998 0.49985 0.47368 0.49563 0.46978 0.49132 0.47348 0.48497 0.46954 0.48279 0.47328 0.44866 0.47249 0.44648 0.47623 0.44440 0.47239 0.43373 0.47214 0.43155 0.47589 0.41022 0.47539 0.40159 0.48278 0.39812 0.50358 0.38056 0.54113 0.38046 0.54872 0.37604 0.56001 0.36736 0.57120 0.35848 0.59756 0.33229 0.64250 0.32565 0.66133 0.31037 0.68755 0.30809 0.69888 0.29708 0.72520 0.26201 0.79651 0.22897 0.87546 0.20928 0.91296 0.19162 0.95811 0.18071 0.97684 0.17457 0.99251 0.49672 1.00000 0.99352 1.00000
6 0.65286 0.51899 0.66888 0.51746 0.67637 0.51574 0.67756 0.50628 0.68624 0.49509 0.68634 0.48750 0.68322 0.48173 0.67052 0.47385 0.62677 0.47473 0.62667 0.48232 0.63396 0.49578 0.64661 0.50746 0.64865 0.51510 0.65286 0.51899
6 1.00000 0.47143 0.97139 0.46946 0.96921 0.47320 0.92016 0.47206 0.91797 0.47580 0.88811 0.47511 0.88603 0.47127 0.88385 0.47501 0.82413 0.47363 0.82195 0.47737 0.73450 0.47534 0.73232 0.47908 0.71313 0.47864 0.70767 0.48800 0.71164 0.51087 0.71898 0.52053 0.77552 0.51995 0.85979 0.52001 0.86197 0.51626 0.91956 0.51760 0.92164 0.52145 0.93657 0.52179 0.93875 0.51805 0.99421 0.51934 0.99639 0.51559 0.99987 0.51567 1.00000 0.50581 1.00000 0.47143
6 0.00000 0.53039 0.04467 0.53142 0.04685 0.52768 0.05325 0.52783 0.05533 0.53167 0.06610 0.52433 0.18137 0.51942 0.18921 0.49113 0.18930 0.48354 0.12428 0.48013 0.12210 0.48387 0.12001 0.48003 0.11783 0.48377 0.08157 0.48293 0.07939 0.48668 0.00010 0.48674 0.00000 0.49419 0.00000 0.53039
4 0.72364 0.40865 0.71005 0.38746 0.69299 0.38706 0.68436 0.39445 0.67672 0.40756 0.67226 0.42264 0.67196 0.44541 0.67806 0.46833 0.68327 0.47794 0.68962 0.48189 0.69056 0.49140 0.67970 0.50633 0.67850 0.51579 0.66992 0.51939 0.66660 0.52880 0.67806 0.54995 0.68857 0.56158 0.71739 0.56035 0.72404 0.54152 0.72418 0.53014 0.71689 0.51668 0.71159 0.51466 0.71169 0.50707 0.70330 0.49549 0.70345 0.48411 0.71531 0.47489 0.72295 0.46178 0.72746 0.44291 0.72771 0.42393 0.72364 0.40865
7 0.37252 0.50298 0.37267 0.49160 0.36851 0.48391 0.37719 0.47272 0.37645 0.36641 0.35834 0.36409 0.35695 0.38874 0.35904 0.39258 0.35799 0.47228 0.36008 0.47612 0.35983 0.49510 0.36504 0.50471 0.37252 0.50298
7 0.37843 0.37785 0.37937 0.46898 0.40070 0.46947 0.40397 0.46386 0.40933 0.46208 0.40963 0.43931 0.40645 0.43734 0.40209 0.44483 0.39683 0.43902 0.39584 0.35168 0.39272 0.34591 0.37992 0.34562 0.37665 0.35123 0.37635 0.37400 0.37843 0.37785
