6 1.00000 0.44758 0.99869 0.43653 0.56843 0.05656 0.49744 0.04421 0.40908 0.05120 0.27072 0.08814 0.00000 0.18381 0.00000 0.27533 0.23729 0.19307 0.24796 0.21621 0.14850 1.00000 0.52954 1.00000 1.00000 0.90075 1.00000 0.44758
5 0.82309 0.00000 0.82137 0.00492 0.81776 0.03817 0.82209 0.10113 0.83595 0.12011 0.86262 0.15172 0.86033 0.19126 0.84493 0.20835 0.81023 0.23471 0.81062 0.25928 0.86818 0.30316 0.95257 0.25656 0.94905 0.22700 0.91426 0.20490 0.90032 0.17627 0.88951 0.17491 0.88489 0.13950 0.90638 0.11877 0.91771 0.06798 0.92007 0.05256 0.91811 0.00000 0.82309 0.00000
6 1.00000 0.44758 0.99869 0.43653 0.56843 0.05656 0.49744 0.04421 0.40908 0.05120 0.27072 0.08814 0.00000 0.18381 0.00000 0.27533 0.23729 0.19307 0.24796 0.21621 0.14850 1.00000 0.52954 1.00000 1.00000 0.90075 1.00000 0.44758
5 0.82309 0.00000 0.82137 0.00492 0.81776 0.03817 0.82209 0.10113 0.83595 0.12011 0.86262 0.15172 0.86033 0.19126 0.84493 0.20835 0.81023 0.23471 0.81062 0.25928 0.86818 0.30316 0.95257 0.25656 0.94905 0.22700 0.91426 0.20490 0.90032 0.17627 0.88951 0.17491 0.88489 0.13950 0.90638 0.11877 0.91771 0.06798 0.92007 0.05256 0.91811 0.00000 0.82309 0.00000
6 1.00000 0.44758 0.99869 0.43653 0.56843 0.05656 0.49744 0.04421 0.40908 0.05120 0.27072 0.08814 0.00000 0.18381 0.00000 0.27533 0.23729 0.19307 0.24796 0.21621 0.14850 1.00000 0.52954 1.00000 1.00000 0.90075 1.00000 0.44758
5 0.82309 0.00000 0.82137 0.00492 0.81776 0.03817 0.82209 0.10113 0.83595 0.12011 0.86262 0.15172 0.86033 0.19126 0.84493 0.20835 0.81023 0.23471 0.81062 0.25928 0.86818 0.30316 0.95257 0.25656 0.94905 0.22700 0.91426 0.20490 0.90032 0.17627 0.88951 0.17491 0.88489 0.13950 0.90638 0.11877 0.91771 0.06798 0.92007 0.05256 0.91811 0.00000 0.82309 0.00000
6 1.00000 0.44758 0.99869 0.43653 0.56843 0.05656 0.49744 0.04421 0.40908 0.05120 0.27072 0.08814 0.00000 0.18381 0.00000 0.27533 0.23729 0.19307 0.24796 0.21621 0.14850 1.00000 0.52954 1.00000 1.00000 0.90075 1.00000 0.44758
5 0.82309 0.00000 0.82137 0.00492 0.81776 0.03817 0.82209 0.10113 0.83595 0.12011 0.86262 0.15172 0.86033 0.19126 0.84493 0.20835 0.81023 0.23471 0.81062 0.25928 0.86818 0.30316 0.95257 0.25656 0.94905 0.22700 0.91426 0.20490 0.90032 0.17627 0.88951 0.17491 0.88489 0.13950 0.90638 0.11877 0.91771 0.06798 0.92007 0.05256 0.91811 0.00000 0.82309 0.00000
6 1.00000 0.44758 0.99869 0.43653 0.56843 0.05656 0.49744 0.04421 0.40908 0.05120 0.27072 0.08814 0.00000 0.18381 0.00000 0.27533 0.23729 0.19307 0.24796 0.21621 0.14850 1.00000 0.52954 1.00000 1.00000 0.90075 1.00000 0.44758
5 0.82309 0.00000 0.82137 0.00492 0.81776 0.03817 0.82209 0.10113 0.83595 0.12011 0.86262 0.15172 0.86033 0.19126 0.84493 0.20835 0.81023 0.23471 0.81062 0.25928 0.86818 0.30316 0.95257 0.25656 0.94905 0.22700 0.91426 0.20490 0.90032 0.17627 0.88951 0.17491 0.88489 0.13950 0.90638 0.11877 0.91771 0.06798 0.92007 0.05256 0.91811 0.00000 0.82309 0.00000
6 1.00000 0.44758 0.99869 0.43653 0.56843 0.05656 0.49744 0.04421 0.40908 0.05120 0.27072 0.08814 0.00000 0.18381 0.00000 0.27533 0.23729 0.19307 0.24796 0.21621 0.14850 1.00000 0.52954 1.00000 1.00000 0.90075 1.00000 0.44758
5 0.82309 0.00000 0.82137 0.00492 0.81776 0.03817 0.82209 0.10113 0.83595 0.12011 0.86262 0.15172 0.86033 0.19126 0.84493 0.20835 0.81023 0.23471 0.81062 0.25928 0.86818 0.30316 0.95257 0.25656 0.94905 0.22700 0.91426 0.20490 0.90032 0.17627 0.88951 0.17491 0.88489 0.13950 0.90638 0.11877 0.91771 0.06798 0.92007 0.05256 0.91811 0.00000 0.82309 0.00000
