6 0.23447 0.00000 0.23287 0.00973 0.23896 0.02046 0.23742 0.04000 0.26313 0.04854 0.26670 0.07373 0.35934 0.09657 0.00000 0.82678 0.00000 0.93275 0.48033 1.00000 0.96330 1.00000 0.98591 0.71341 0.68649 0.02336 0.51967 0.00000 0.23447 0.00000
6 0.03670 0.00000 0.03520 0.01905 0.18173 0.05936 0.19778 0.03198 0.21701 0.03467 0.22053 0.02529 0.22245 0.00086 0.22187 0.00000 0.03670 0.00000
6 0.23447 0.00000 0.23287 0.00973 0.23896 0.02046 0.23742 0.04000 0.26313 0.04854 0.26670 0.07373 0.35934 0.09657 0.00000 0.82678 0.00000 0.93275 0.48033 1.00000 0.96330 1.00000 0.98591 0.71341 0.68649 0.02336 0.51967 0.00000 0.23447 0.00000
6 0.03670 0.00000 0.03520 0.01905 0.18173 0.05936 0.19778 0.03198 0.21701 0.03467 0.22053 0.02529 0.22245 0.00086 0.22187 0.00000 0.03670 0.00000
6 0.23447 0.00000 0.23287 0.00973 0.23896 0.02046 0.23742 0.04000 0.26313 0.04854 0.26670 0.07373 0.35934 0.09657 0.00000 0.82678 0.00000 0.93275 0.48033 1.00000 0.96330 1.00000 0.98591 0.71341 0.68649 0.02336 0.51967 0.00000 0.23447 0.00000
6 0.03670 0.00000 0.03520 0.01905 0.18173 0.05936 0.19778 0.03198 0.21701 0.03467 0.22053 0.02529 0.22245 0.00086 0.22187 0.00000 0.03670 0.00000
6 0.23447 0.00000 0.23287 0.00973 0.23896 0.02046 0.23742 0.04000 0.26313 0.04854 0.26670 0.07373 0.35934 0.09657 0.00000 0.82678 0.00000 0.93275 0.48033 1.00000 0.96330 1.00000 0.98591 0.71341 0.68649 0.02336 0.51967 0.00000 0.23447 0.00000
6 0.03670 0.00000 0.03520 0.01905 0.18173 0.05936 0.19778 0.03198 0.21701 0.03467 0.22053 0.02529 0.22245 0.00086 0.22187 0.00000 0.03670 0.00000
6 0.23447 0.00000 0.23287 0.00973 0.23896 0.02046 0.23742 0.04000 0.26313 0.04854 0.26670 0.07373 0.35934 0.09657 0.00000 0.82678 0.00000 0.93275 0.48033 1.00000 0.96330 1.00000 0.98591 0.71341 0.68649 0.02336 0.51967 0.00000 0.23447 0.00000
6 0.03670 0.00000 0.03520 0.01905 0.18173 0.05936 0.19778 0.03198 0.21701 0.03467 0.22053 0.02529 0.22245 0.00086 0.22187 0.00000 0.03670 0.00000
6 0.23447 0.00000 0.23287 0.00973 0.23896 0.02046 0.23742 0.04000 0.26313 0.04854 0.26670 0.07373 0.35934 0.09657 0.00000 0.82678 0.00000 0.93275 0.48033 1.00000 0.96330 1.00000 0.98591 0.71341 0.68649 0.02336 0.51967 0.00000 0.23447 0.00000
6 0.03670 0.00000 0.03520 0.01905 0.18173 0.05936 0.19778 0.03198 0.21701 0.03467 0.22053 0.02529 0.22245 0.00086 0.22187 0.00000 0.03670 0.00000
