6 0.00000 0.28241 0.22917 0.31945 0.23828 0.31713 0.24609 0.28935 0.26693 0.28704 0.26953 0.25695 0.26823 0.25463 0.25651 0.23843 0.25000 0.21296 0.24089 0.20602 0.24479 0.16204 0.00000 0.14583 0.00000 0.28241
6 1.00000 0.60417 0.70313 0.04630 0.52995 0.04398 0.48438 0.17824 0.29948 0.16204 0.28906 0.18982 0.28906 0.25000 0.29427 0.28704 0.33073 0.28704 0.32031 0.32639 0.42057 0.34259 0.18880 0.98380 1.00000 1.00000 1.00000 0.60417
7 0.82324 0.14583 0.82031 0.15104 0.82031 0.16146 0.81543 0.17014 0.80762 0.17014 0.80469 0.16493 0.80469 0.13368 0.80664 0.13021 0.80664 0.10590 0.81055 0.08507 0.81055 0.06077 0.81250 0.05729 0.81250 0.03646 0.81445 0.03298 0.81445 0.00173 0.79980 0.00000 0.79492 0.02604 0.79297 0.08507 0.78906 0.10590 0.78906 0.14410 0.79101 0.15104 0.78418 0.15278 0.78027 0.14583 0.77734 0.14757 0.77148 0.17188 0.77148 0.19271 0.77441 0.19792 0.77832 0.19792 0.78027 0.19097 0.78223 0.19445 0.79590 0.19445 0.79785 0.19792 0.80371 0.18403 0.80762 0.18403 0.81152 0.19097 0.81738 0.19097 0.82129 0.20139 0.82422 0.19965 0.82813 0.17882 0.82813 0.15452 0.82617 0.14757 0.82324 0.14583
7 0.44824 0.00000 0.44727 0.01562 0.44336 0.02952 0.44336 0.05382 0.44727 0.07118 0.44727 0.09202 0.44531 0.09548 0.44531 0.11632 0.44727 0.11979 0.43359 0.13715 0.43359 0.17882 0.44238 0.18750 0.47461 0.18577 0.48242 0.17188 0.48828 0.14062 0.47754 0.12153 0.47266 0.11979 0.47266 0.10590 0.47461 0.09548 0.49414 0.06423 0.49609 0.03993 0.49023 0.01215 0.48340 0.00000 0.44824 0.00000
6 0.00000 0.28241 0.22917 0.31945 0.23828 0.31713 0.24609 0.28935 0.26693 0.28704 0.26953 0.25695 0.26823 0.25463 0.25651 0.23843 0.25000 0.21296 0.24089 0.20602 0.24479 0.16204 0.00000 0.14583 0.00000 0.28241
6 1.00000 0.60417 0.70313 0.04630 0.52995 0.04398 0.48438 0.17824 0.29948 0.16204 0.28906 0.18982 0.28906 0.25000 0.29427 0.28704 0.33073 0.28704 0.32031 0.32639 0.42057 0.34259 0.18880 0.98380 1.00000 1.00000 1.00000 0.60417
7 0.82324 0.14583 0.82031 0.15104 0.82031 0.16146 0.81543 0.17014 0.80762 0.17014 0.80469 0.16493 0.80469 0.13368 0.80664 0.13021 0.80664 0.10590 0.81055 0.08507 0.81055 0.06077 0.81250 0.05729 0.81250 0.03646 0.81445 0.03298 0.81445 0.00173 0.79980 0.00000 0.79492 0.02604 0.79297 0.08507 0.78906 0.10590 0.78906 0.14410 0.79101 0.15104 0.78418 0.15278 0.78027 0.14583 0.77734 0.14757 0.77148 0.17188 0.77148 0.19271 0.77441 0.19792 0.77832 0.19792 0.78027 0.19097 0.78223 0.19445 0.79590 0.19445 0.79785 0.19792 0.80371 0.18403 0.80762 0.18403 0.81152 0.19097 0.81738 0.19097 0.82129 0.20139 0.82422 0.19965 0.82813 0.17882 0.82813 0.15452 0.82617 0.14757 0.82324 0.14583
7 0.44824 0.00000 0.44727 0.01562 0.44336 0.02952 0.44336 0.05382 0.44727 0.07118 0.44727 0.09202 0.44531 0.09548 0.44531 0.11632 0.44727 0.11979 0.43359 0.13715 0.43359 0.17882 0.44238 0.18750 0.47461 0.18577 0.48242 0.17188 0.48828 0.14062 0.47754 0.12153 0.47266 0.11979 0.47266 0.10590 0.47461 0.09548 0.49414 0.06423 0.49609 0.03993 0.49023 0.01215 0.48340 0.00000 0.44824 0.00000
6 0.00000 0.28241 0.22917 0.31945 0.23828 0.31713 0.24609 0.28935 0.26693 0.28704 0.26953 0.25695 0.26823 0.25463 0.25651 0.23843 0.25000 0.21296 0.24089 0.20602 0.24479 0.16204 0.00000 0.14583 0.00000 0.28241
6 1.00000 0.60417 0.70313 0.04630 0.52995 0.04398 0.48438 0.17824 0.29948 0.16204 0.28906 0.18982 0.28906 0.25000 0.29427 0.28704 0.33073 0.28704 0.32031 0.32639 0.42057 0.34259 0.18880 0.98380 1.00000 1.00000 1.00000 0.60417
7 0.82324 0.14583 0.82031 0.15104 0.82031 0.16146 0.81543 0.17014 0.80762 0.17014 0.80469 0.16493 0.80469 0.13368 0.80664 0.13021 0.80664 0.10590 0.81055 0.08507 0.81055 0.06077 0.81250 0.05729 0.81250 0.03646 0.81445 0.03298 0.81445 0.00173 0.79980 0.00000 0.79492 0.02604 0.79297 0.08507 0.78906 0.10590 0.78906 0.14410 0.79101 0.15104 0.78418 0.15278 0.78027 0.14583 0.77734 0.14757 0.77148 0.17188 0.77148 0.19271 0.77441 0.19792 0.77832 0.19792 0.78027 0.19097 0.78223 0.19445 0.79590 0.19445 0.79785 0.19792 0.80371 0.18403 0.80762 0.18403 0.81152 0.19097 0.81738 0.19097 0.82129 0.20139 0.82422 0.19965 0.82813 0.17882 0.82813 0.15452 0.82617 0.14757 0.82324 0.14583
7 0.44824 0.00000 0.44727 0.01562 0.44336 0.02952 0.44336 0.05382 0.44727 0.07118 0.44727 0.09202 0.44531 0.09548 0.44531 0.11632 0.44727 0.11979 0.43359 0.13715 0.43359 0.17882 0.44238 0.18750 0.47461 0.18577 0.48242 0.17188 0.48828 0.14062 0.47754 0.12153 0.47266 0.11979 0.47266 0.10590 0.47461 0.09548 0.49414 0.06423 0.49609 0.03993 0.49023 0.01215 0.48340 0.00000 0.44824 0.00000
6 0.00000 0.28241 0.22917 0.31945 0.23828 0.31713 0.24609 0.28935 0.26693 0.28704 0.26953 0.25695 0.26823 0.25463 0.25651 0.23843 0.25000 0.21296 0.24089 0.20602 0.24479 0.16204 0.00000 0.14583 0.00000 0.28241
6 1.00000 0.60417 0.70313 0.04630 0.52995 0.04398 0.48438 0.17824 0.29948 0.16204 0.28906 0.18982 0.28906 0.25000 0.29427 0.28704 0.33073 0.28704 0.32031 0.32639 0.42057 0.34259 0.18880 0.98380 1.00000 1.00000 1.00000 0.60417
7 0.82324 0.14583 0.82031 0.15104 0.82031 0.16146 0.81543 0.17014 0.80762 0.17014 0.80469 0.16493 0.80469 0.13368 0.80664 0.13021 0.80664 0.10590 0.81055 0.08507 0.81055 0.06077 0.81250 0.05729 0.81250 0.03646 0.81445 0.03298 0.81445 0.00173 0.79980 0.00000 0.79492 0.02604 0.79297 0.08507 0.78906 0.10590 0.78906 0.14410 0.79101 0.15104 0.78418 0.15278 0.78027 0.14583 0.77734 0.14757 0.77148 0.17188 0.77148 0.19271 0.77441 0.19792 0.77832 0.19792 0.78027 0.19097 0.78223 0.19445 0.79590 0.19445 0.79785 0.19792 0.80371 0.18403 0.80762 0.18403 0.81152 0.19097 0.81738 0.19097 0.82129 0.20139 0.82422 0.19965 0.82813 0.17882 0.82813 0.15452 0.82617 0.14757 0.82324 0.14583
7 0.44824 0.00000 0.44727 0.01562 0.44336 0.02952 0.44336 0.05382 0.44727 0.07118 0.44727 0.09202 0.44531 0.09548 0.44531 0.11632 0.44727 0.11979 0.43359 0.13715 0.43359 0.17882 0.44238 0.18750 0.47461 0.18577 0.48242 0.17188 0.48828 0.14062 0.47754 0.12153 0.47266 0.11979 0.47266 0.10590 0.47461 0.09548 0.49414 0.06423 0.49609 0.03993 0.49023 0.01215 0.48340 0.00000 0.44824 0.00000
6 0.00000 0.28241 0.22917 0.31945 0.23828 0.31713 0.24609 0.28935 0.26693 0.28704 0.26953 0.25695 0.26823 0.25463 0.25651 0.23843 0.25000 0.21296 0.24089 0.20602 0.24479 0.16204 0.00000 0.14583 0.00000 0.28241
6 1.00000 0.60417 0.70313 0.04630 0.52995 0.04398 0.48438 0.17824 0.29948 0.16204 0.28906 0.18982 0.28906 0.25000 0.29427 0.28704 0.33073 0.28704 0.32031 0.32639 0.42057 0.34259 0.18880 0.98380 1.00000 1.00000 1.00000 0.60417
7 0.82324 0.14583 0.82031 0.15104 0.82031 0.16146 0.81543 0.17014 0.80762 0.17014 0.80469 0.16493 0.80469 0.13368 0.80664 0.13021 0.80664 0.10590 0.81055 0.08507 0.81055 0.06077 0.81250 0.05729 0.81250 0.03646 0.81445 0.03298 0.81445 0.00173 0.79980 0.00000 0.79492 0.02604 0.79297 0.08507 0.78906 0.10590 0.78906 0.14410 0.79101 0.15104 0.78418 0.15278 0.78027 0.14583 0.77734 0.14757 0.77148 0.17188 0.77148 0.19271 0.77441 0.19792 0.77832 0.19792 0.78027 0.19097 0.78223 0.19445 0.79590 0.19445 0.79785 0.19792 0.80371 0.18403 0.80762 0.18403 0.81152 0.19097 0.81738 0.19097 0.82129 0.20139 0.82422 0.19965 0.82813 0.17882 0.82813 0.15452 0.82617 0.14757 0.82324 0.14583
7 0.44824 0.00000 0.44727 0.01562 0.44336 0.02952 0.44336 0.05382 0.44727 0.07118 0.44727 0.09202 0.44531 0.09548 0.44531 0.11632 0.44727 0.11979 0.43359 0.13715 0.43359 0.17882 0.44238 0.18750 0.47461 0.18577 0.48242 0.17188 0.48828 0.14062 0.47754 0.12153 0.47266 0.11979 0.47266 0.10590 0.47461 0.09548 0.49414 0.06423 0.49609 0.03993 0.49023 0.01215 0.48340 0.00000 0.44824 0.00000
6 0.00000 0.28241 0.22917 0.31945 0.23828 0.31713 0.24609 0.28935 0.26693 0.28704 0.26953 0.25695 0.26823 0.25463 0.25651 0.23843 0.25000 0.21296 0.24089 0.20602 0.24479 0.16204 0.00000 0.14583 0.00000 0.28241
6 1.00000 0.60417 0.70313 0.04630 0.52995 0.04398 0.48438 0.17824 0.29948 0.16204 0.28906 0.18982 0.28906 0.25000 0.29427 0.28704 0.33073 0.28704 0.32031 0.32639 0.42057 0.34259 0.18880 0.98380 1.00000 1.00000 1.00000 0.60417
7 0.82324 0.14583 0.82031 0.15104 0.82031 0.16146 0.81543 0.17014 0.80762 0.17014 0.80469 0.16493 0.80469 0.13368 0.80664 0.13021 0.80664 0.10590 0.81055 0.08507 0.81055 0.06077 0.81250 0.05729 0.81250 0.03646 0.81445 0.03298 0.81445 0.00173 0.79980 0.00000 0.79492 0.02604 0.79297 0.08507 0.78906 0.10590 0.78906 0.14410 0.79101 0.15104 0.78418 0.15278 0.78027 0.14583 0.77734 0.14757 0.77148 0.17188 0.77148 0.19271 0.77441 0.19792 0.77832 0.19792 0.78027 0.19097 0.78223 0.19445 0.79590 0.19445 0.79785 0.19792 0.80371 0.18403 0.80762 0.18403 0.81152 0.19097 0.81738 0.19097 0.82129 0.20139 0.82422 0.19965 0.82813 0.17882 0.82813 0.15452 0.82617 0.14757 0.82324 0.14583
7 0.44824 0.00000 0.44727 0.01562 0.44336 0.02952 0.44336 0.05382 0.44727 0.07118 0.44727 0.09202 0.44531 0.09548 0.44531 0.11632 0.44727 0.11979 0.43359 0.13715 0.43359 0.17882 0.44238 0.18750 0.47461 0.18577 0.48242 0.17188 0.48828 0.14062 0.47754 0.12153 0.47266 0.11979 0.47266 0.10590 0.47461 0.09548 0.49414 0.06423 0.49609 0.03993 0.49023 0.01215 0.48340 0.00000 0.44824 0.00000
