6 0.27694 0.25441 0.27828 0.24173 0.27918 0.20569 0.27375 0.20208 0.26974 0.19875 0.26627 0.19034 0.25995 0.18139 0.25835 0.15523 0.25595 0.13667 0.25640 0.11865 0.26220 0.09128 0.04503 0.02665 0.02362 0.22951 0.22111 0.28794 0.23473 0.28273 0.25112 0.26510 0.26074 0.25655 0.27071 0.25842 0.27694 0.25441
6 1.00000 0.47387 0.80490 0.05216 0.60841 0.01538 0.54895 0.16824 0.31178 0.10315 0.31605 0.14534 0.30020 0.15789 0.30641 0.23665 0.29813 0.27390 0.34460 0.28777 0.33373 0.32195 0.46086 0.35610 0.21646 0.95184 0.47375 1.00000 0.95216 1.00000 1.00000 0.54657 1.00000 0.47387
7 0.51586 0.00000 0.51562 0.00228 0.51842 0.03772 0.51548 0.04493 0.51106 0.08679 0.49410 0.10301 0.48888 0.15247 0.53976 0.16587 0.54483 0.15907 0.55739 0.12262 0.55472 0.10660 0.54865 0.09188 0.54138 0.08858 0.54298 0.07336 0.54926 0.05514 0.56496 0.04061 0.57170 0.02830 0.57531 0.00918 0.52625 0.00000 0.51586 0.00000
7 0.92157 0.14036 0.91582 0.17420 0.90740 0.19202 0.90045 0.23728 0.90906 0.24859 0.91761 0.25019 0.92108 0.25860 0.92402 0.25139 0.93684 0.25379 0.93857 0.25800 0.94498 0.25920 0.94591 0.27101 0.94932 0.26971 0.95440 0.26290 0.95640 0.24388 0.96309 0.22184 0.95528 0.20292 0.94766 0.21314 0.93484 0.21074 0.93224 0.20443 0.94588 0.13714 0.94841 0.13374 0.95002 0.11852 0.95256 0.11511 0.95497 0.09229 0.95750 0.08888 0.95835 0.08089 0.93540 0.07659 0.93360 0.08829 0.93106 0.09169 0.92906 0.11071 0.92652 0.11412 0.92411 0.13695 0.92157 0.14036
6 0.27694 0.25441 0.27828 0.24173 0.27918 0.20569 0.27375 0.20208 0.26974 0.19875 0.26627 0.19034 0.25995 0.18139 0.25835 0.15523 0.25595 0.13667 0.25640 0.11865 0.26220 0.09128 0.04503 0.02665 0.02362 0.22951 0.22111 0.28794 0.23473 0.28273 0.25112 0.26510 0.26074 0.25655 0.27071 0.25842 0.27694 0.25441
6 1.00000 0.47387 0.80490 0.05216 0.60841 0.01538 0.54895 0.16824 0.31178 0.10315 0.31605 0.14534 0.30020 0.15789 0.30641 0.23665 0.29813 0.27390 0.34460 0.28777 0.33373 0.32195 0.46086 0.35610 0.21646 0.95184 0.47375 1.00000 0.95216 1.00000 1.00000 0.54657 1.00000 0.47387
7 0.51586 0.00000 0.51562 0.00228 0.51842 0.03772 0.51548 0.04493 0.51106 0.08679 0.49410 0.10301 0.48888 0.15247 0.53976 0.16587 0.54483 0.15907 0.55739 0.12262 0.55472 0.10660 0.54865 0.09188 0.54138 0.08858 0.54298 0.07336 0.54926 0.05514 0.56496 0.04061 0.57170 0.02830 0.57531 0.00918 0.52625 0.00000 0.51586 0.00000
7 0.92157 0.14036 0.91582 0.17420 0.90740 0.19202 0.90045 0.23728 0.90906 0.24859 0.91761 0.25019 0.92108 0.25860 0.92402 0.25139 0.93684 0.25379 0.93857 0.25800 0.94498 0.25920 0.94591 0.27101 0.94932 0.26971 0.95440 0.26290 0.95640 0.24388 0.96309 0.22184 0.95528 0.20292 0.94766 0.21314 0.93484 0.21074 0.93224 0.20443 0.94588 0.13714 0.94841 0.13374 0.95002 0.11852 0.95256 0.11511 0.95497 0.09229 0.95750 0.08888 0.95835 0.08089 0.93540 0.07659 0.93360 0.08829 0.93106 0.09169 0.92906 0.11071 0.92652 0.11412 0.92411 0.13695 0.92157 0.14036
6 0.27694 0.25441 0.27828 0.24173 0.27918 0.20569 0.27375 0.20208 0.26974 0.19875 0.26627 0.19034 0.25995 0.18139 0.25835 0.15523 0.25595 0.13667 0.25640 0.11865 0.26220 0.09128 0.04503 0.02665 0.02362 0.22951 0.22111 0.28794 0.23473 0.28273 0.25112 0.26510 0.26074 0.25655 0.27071 0.25842 0.27694 0.25441
6 1.00000 0.47387 0.80490 0.05216 0.60841 0.01538 0.54895 0.16824 0.31178 0.10315 0.31605 0.14534 0.30020 0.15789 0.30641 0.23665 0.29813 0.27390 0.34460 0.28777 0.33373 0.32195 0.46086 0.35610 0.21646 0.95184 0.47375 1.00000 0.95216 1.00000 1.00000 0.54657 1.00000 0.47387
7 0.51586 0.00000 0.51562 0.00228 0.51842 0.03772 0.51548 0.04493 0.51106 0.08679 0.49410 0.10301 0.48888 0.15247 0.53976 0.16587 0.54483 0.15907 0.55739 0.12262 0.55472 0.10660 0.54865 0.09188 0.54138 0.08858 0.54298 0.07336 0.54926 0.05514 0.56496 0.04061 0.57170 0.02830 0.57531 0.00918 0.52625 0.00000 0.51586 0.00000
7 0.92157 0.14036 0.91582 0.17420 0.90740 0.19202 0.90045 0.23728 0.90906 0.24859 0.91761 0.25019 0.92108 0.25860 0.92402 0.25139 0.93684 0.25379 0.93857 0.25800 0.94498 0.25920 0.94591 0.27101 0.94932 0.26971 0.95440 0.26290 0.95640 0.24388 0.96309 0.22184 0.95528 0.20292 0.94766 0.21314 0.93484 0.21074 0.93224 0.20443 0.94588 0.13714 0.94841 0.13374 0.95002 0.11852 0.95256 0.11511 0.95497 0.09229 0.95750 0.08888 0.95835 0.08089 0.93540 0.07659 0.93360 0.08829 0.93106 0.09169 0.92906 0.11071 0.92652 0.11412 0.92411 0.13695 0.92157 0.14036
6 0.27694 0.25441 0.27828 0.24173 0.27918 0.20569 0.27375 0.20208 0.26974 0.19875 0.26627 0.19034 0.25995 0.18139 0.25835 0.15523 0.25595 0.13667 0.25640 0.11865 0.26220 0.09128 0.04503 0.02665 0.02362 0.22951 0.22111 0.28794 0.23473 0.28273 0.25112 0.26510 0.26074 0.25655 0.27071 0.25842 0.27694 0.25441
6 1.00000 0.47387 0.80490 0.05216 0.60841 0.01538 0.54895 0.16824 0.31178 0.10315 0.31605 0.14534 0.30020 0.15789 0.30641 0.23665 0.29813 0.27390 0.34460 0.28777 0.33373 0.32195 0.46086 0.35610 0.21646 0.95184 0.47375 1.00000 0.95216 1.00000 1.00000 0.54657 1.00000 0.47387
7 0.51586 0.00000 0.51562 0.00228 0.51842 0.03772 0.51548 0.04493 0.51106 0.08679 0.49410 0.10301 0.48888 0.15247 0.53976 0.16587 0.54483 0.15907 0.55739 0.12262 0.55472 0.10660 0.54865 0.09188 0.54138 0.08858 0.54298 0.07336 0.54926 0.05514 0.56496 0.04061 0.57170 0.02830 0.57531 0.00918 0.52625 0.00000 0.51586 0.00000
7 0.92157 0.14036 0.91582 0.17420 0.90740 0.19202 0.90045 0.23728 0.90906 0.24859 0.91761 0.25019 0.92108 0.25860 0.92402 0.25139 0.93684 0.25379 0.93857 0.25800 0.94498 0.25920 0.94591 0.27101 0.94932 0.26971 0.95440 0.26290 0.95640 0.24388 0.96309 0.22184 0.95528 0.20292 0.94766 0.21314 0.93484 0.21074 0.93224 0.20443 0.94588 0.13714 0.94841 0.13374 0.95002 0.11852 0.95256 0.11511 0.95497 0.09229 0.95750 0.08888 0.95835 0.08089 0.93540 0.07659 0.93360 0.08829 0.93106 0.09169 0.92906 0.11071 0.92652 0.11412 0.92411 0.13695 0.92157 0.14036
6 0.27694 0.25441 0.27828 0.24173 0.27918 0.20569 0.27375 0.20208 0.26974 0.19875 0.26627 0.19034 0.25995 0.18139 0.25835 0.15523 0.25595 0.13667 0.25640 0.11865 0.26220 0.09128 0.04503 0.02665 0.02362 0.22951 0.22111 0.28794 0.23473 0.28273 0.25112 0.26510 0.26074 0.25655 0.27071 0.25842 0.27694 0.25441
6 1.00000 0.47387 0.80490 0.05216 0.60841 0.01538 0.54895 0.16824 0.31178 0.10315 0.31605 0.14534 0.30020 0.15789 0.30641 0.23665 0.29813 0.27390 0.34460 0.28777 0.33373 0.32195 0.46086 0.35610 0.21646 0.95184 0.47375 1.00000 0.95216 1.00000 1.00000 0.54657 1.00000 0.47387
7 0.51586 0.00000 0.51562 0.00228 0.51842 0.03772 0.51548 0.04493 0.51106 0.08679 0.49410 0.10301 0.48888 0.15247 0.53976 0.16587 0.54483 0.15907 0.55739 0.12262 0.55472 0.10660 0.54865 0.09188 0.54138 0.08858 0.54298 0.07336 0.54926 0.05514 0.56496 0.04061 0.57170 0.02830 0.57531 0.00918 0.52625 0.00000 0.51586 0.00000
7 0.92157 0.14036 0.91582 0.17420 0.90740 0.19202 0.90045 0.23728 0.90906 0.24859 0.91761 0.25019 0.92108 0.25860 0.92402 0.25139 0.93684 0.25379 0.93857 0.25800 0.94498 0.25920 0.94591 0.27101 0.94932 0.26971 0.95440 0.26290 0.95640 0.24388 0.96309 0.22184 0.95528 0.20292 0.94766 0.21314 0.93484 0.21074 0.93224 0.20443 0.94588 0.13714 0.94841 0.13374 0.95002 0.11852 0.95256 0.11511 0.95497 0.09229 0.95750 0.08888 0.95835 0.08089 0.93540 0.07659 0.93360 0.08829 0.93106 0.09169 0.92906 0.11071 0.92652 0.11412 0.92411 0.13695 0.92157 0.14036
6 0.27694 0.25441 0.27828 0.24173 0.27918 0.20569 0.27375 0.20208 0.26974 0.19875 0.26627 0.19034 0.25995 0.18139 0.25835 0.15523 0.25595 0.13667 0.25640 0.11865 0.26220 0.09128 0.04503 0.02665 0.02362 0.22951 0.22111 0.28794 0.23473 0.28273 0.25112 0.26510 0.26074 0.25655 0.27071 0.25842 0.27694 0.25441
6 1.00000 0.47387 0.80490 0.05216 0.60841 0.01538 0.54895 0.16824 0.31178 0.10315 0.31605 0.14534 0.30020 0.15789 0.30641 0.23665 0.29813 0.27390 0.34460 0.28777 0.33373 0.32195 0.46086 0.35610 0.21646 0.95184 0.47375 1.00000 0.95216 1.00000 1.00000 0.54657 1.00000 0.47387
7 0.51586 0.00000 0.51562 0.00228 0.51842 0.03772 0.51548 0.04493 0.51106 0.08679 0.49410 0.10301 0.48888 0.15247 0.53976 0.16587 0.54483 0.15907 0.55739 0.12262 0.55472 0.10660 0.54865 0.09188 0.54138 0.08858 0.54298 0.07336 0.54926 0.05514 0.56496 0.04061 0.57170 0.02830 0.57531 0.00918 0.52625 0.00000 0.51586 0.00000
7 0.92157 0.14036 0.91582 0.17420 0.90740 0.19202 0.90045 0.23728 0.90906 0.24859 0.91761 0.25019 0.92108 0.25860 0.92402 0.25139 0.93684 0.25379 0.93857 0.25800 0.94498 0.25920 0.94591 0.27101 0.94932 0.26971 0.95440 0.26290 0.95640 0.24388 0.96309 0.22184 0.95528 0.20292 0.94766 0.21314 0.93484 0.21074 0.93224 0.20443 0.94588 0.13714 0.94841 0.13374 0.95002 0.11852 0.95256 0.11511 0.95497 0.09229 0.95750 0.08888 0.95835 0.08089 0.93540 0.07659 0.93360 0.08829 0.93106 0.09169 0.92906 0.11071 0.92652 0.11412 0.92411 0.13695 0.92157 0.14036
