6 0.99352 1.00000 0.99448 0.92701 0.84004 0.79891 0.76531 0.72857 0.00450 0.15040 0.00000 0.49419 0.00000 0.98845 0.49672 1.00000 0.99352 1.00000
1 0.14958 0.00000 0.14689 0.00174 0.13584 0.05164 0.13633 0.09036 0.14862 0.12864 0.15432 0.14065 0.16258 0.14777 0.16413 0.15672 0.16795 0.18529 0.15339 0.18579 0.15119 0.20246 0.12747 0.21158 0.12720 0.23182 0.17083 0.25307 0.23533 0.24186 0.23202 0.20847 0.20740 0.20790 0.20305 0.17163 0.18636 0.17886 0.18313 0.15221 0.19950 0.13477 0.20848 0.11317 0.21289 0.09474 0.21338 0.05769 0.20960 0.02795 0.19626 0.00000 0.14958 0.00000
6 0.99352 1.00000 0.99448 0.92701 0.84004 0.79891 0.76531 0.72857 0.00450 0.15040 0.00000 0.49419 0.00000 0.98845 0.49672 1.00000 0.99352 1.00000
1 0.14958 0.00000 0.14689 0.00174 0.13584 0.05164 0.13633 0.09036 0.14862 0.12864 0.15432 0.14065 0.16258 0.14777 0.16413 0.15672 0.16795 0.18529 0.15339 0.18579 0.15119 0.20246 0.12747 0.21158 0.12720 0.23182 0.17083 0.25307 0.23533 0.24186 0.23202 0.20847 0.20740 0.20790 0.20305 0.17163 0.18636 0.17886 0.18313 0.15221 0.19950 0.13477 0.20848 0.11317 0.21289 0.09474 0.21338 0.05769 0.20960 0.02795 0.19626 0.00000 0.14958 0.00000
6 0.99352 1.00000 0.99448 0.92701 0.84004 0.79891 0.76531 0.72857 0.00450 0.15040 0.00000 0.49419 0.00000 0.98845 0.49672 1.00000 0.99352 1.00000
1 0.14958 0.00000 0.14689 0.00174 0.13584 0.05164 0.13633 0.09036 0.14862 0.12864 0.15432 0.14065 0.16258 0.14777 0.16413 0.15672 0.16795 0.18529 0.15339 0.18579 0.15119 0.20246 0.12747 0.21158 0.12720 0.23182 0.17083 0.25307 0.23533 0.24186 0.23202 0.20847 0.20740 0.20790 0.20305 0.17163 0.18636 0.17886 0.18313 0.15221 0.19950 0.13477 0.20848 0.11317 0.21289 0.09474 0.21338 0.05769 0.20960 0.02795 0.19626 0.00000 0.14958 0.00000
6 0.99352 1.00000 0.99448 0.92701 0.84004 0.79891 0.76531 0.72857 0.00450 0.15040 0.00000 0.49419 0.00000 0.98845 0.49672 1.00000 0.99352 1.00000
1 0.14958 0.00000 0.14689 0.00174 0.13584 0.05164 0.13633 0.09036 0.14862 0.12864 0.15432 0.14065 0.16258 0.14777 0.16413 0.15672 0.16795 0.18529 0.15339 0.18579 0.15119 0.20246 0.12747 0.21158 0.12720 0.23182 0.17083 0.25307 0.23533 0.24186 0.23202 0.20847 0.20740 0.20790 0.20305 0.17163 0.18636 0.17886 0.18313 0.15221 0.19950 0.13477 0.20848 0.11317 0.21289 0.09474 0.21338 0.05769 0.20960 0.02795 0.19626 0.00000 0.14958 0.00000
6 0.99352 1.00000 0.99448 0.92701 0.84004 0.79891 0.76531 0.72857 0.00450 0.15040 0.00000 0.49419 0.00000 0.98845 0.49672 1.00000 0.99352 1.00000
1 0.14958 0.00000 0.14689 0.00174 0.13584 0.05164 0.13633 0.09036 0.14862 0.12864 0.15432 0.14065 0.16258 0.14777 0.16413 0.15672 0.16795 0.18529 0.15339 0.18579 0.15119 0.20246 0.12747 0.21158 0.12720 0.23182 0.17083 0.25307 0.23533 0.24186 0.23202 0.20847 0.20740 0.20790 0.20305 0.17163 0.18636 0.17886 0.18313 0.15221 0.19950 0.13477 0.20848 0.11317 0.21289 0.09474 0.21338 0.05769 0.20960 0.02795 0.19626 0.00000 0.14958 0.00000
6 0.99352 1.00000 0.99448 0.92701 0.84004 0.79891 0.76531 0.72857 0.00450 0.15040 0.00000 0.49419 0.00000 0.98845 0.49672 1.00000 0.99352 1.00000
1 0.14958 0.00000 0.14689 0.00174 0.13584 0.05164 0.13633 0.09036 0.14862 0.12864 0.15432 0.14065 0.16258 0.14777 0.16413 0.15672 0.16795 0.18529 0.15339 0.18579 0.15119 0.20246 0.12747 0.21158 0.12720 0.23182 0.17083 0.25307 0.23533 0.24186 0.23202 0.20847 0.20740 0.20790 0.20305 0.17163 0.18636 0.17886 0.18313 0.15221 0.19950 0.13477 0.20848 0.11317 0.21289 0.09474 0.21338 0.05769 0.20960 0.02795 0.19626 0.00000 0.14958 0.00000
