7 0.35547 0.60243 0.35352 0.45660 0.35059 0.45139 0.33301 0.45139 0.32813 0.45660 0.33203 0.60938 0.33887 0.62500 0.34082 0.62153 0.35059 0.62847 0.35742 0.62673 0.35938 0.62327 0.35840 0.61805 0.34961 0.61632 0.35547 0.60243
7 0.40137 0.53472 0.39648 0.53298 0.39844 0.50173 0.39648 0.49827 0.39453 0.42535 0.39160 0.42014 0.37402 0.42014 0.37305 0.45312 0.37500 0.45660 0.37500 0.50173 0.37695 0.50521 0.37695 0.52604 0.37891 0.53298 0.37402 0.53820 0.37012 0.53472 0.36719 0.53993 0.36719 0.56771 0.37012 0.57292 0.40234 0.57118 0.41406 0.56077 0.41406 0.53298 0.41113 0.52778 0.40137 0.53472
4 0.83399 0.70312 0.83789 0.69965 0.83984 0.68923 0.83496 0.67708 0.82324 0.66320 0.81934 0.66320 0.81641 0.65798 0.81543 0.64583 0.80566 0.64236 0.80273 0.63715 0.80273 0.62327 0.80566 0.61805 0.81934 0.61111 0.83594 0.58160 0.83984 0.56771 0.83984 0.53298 0.83203 0.50868 0.82129 0.49305 0.80566 0.48264 0.78809 0.48611 0.77637 0.49653 0.76758 0.51215 0.76172 0.53298 0.76172 0.56771 0.76367 0.57812 0.76953 0.59548 0.78027 0.61458 0.78711 0.61979 0.78711 0.63715 0.78418 0.64236 0.77441 0.64583 0.77344 0.65452 0.77051 0.65972 0.75684 0.65972 0.75195 0.66840 0.75195 0.67882 0.76074 0.70486 0.78613 0.73611 0.82813 0.73438 0.83301 0.73264 0.83789 0.72396 0.83789 0.71354 0.83399 0.70312
6 0.32715 0.60764 0.33008 0.60243 0.33008 0.58507 0.32715 0.57986 0.27637 0.57986 0.27441 0.58333 0.25879 0.58333 0.25586 0.58854 0.25586 0.61979 0.25977 0.62327 0.25977 0.64062 0.26270 0.64583 0.27539 0.64410 0.28027 0.63889 0.29785 0.63195 0.31348 0.61111 0.32715 0.60764
6 0.22949 0.64583 0.23730 0.64583 0.24219 0.63021 0.24219 0.61285 0.24023 0.60938 0.24023 0.59896 0.22754 0.57986 0.21777 0.57986 0.21582 0.58333 0.13379 0.58333 0.13184 0.58680 0.11035 0.58680 0.10449 0.57986 0.10059 0.58333 0.09668 0.57986 0.08691 0.57986 0.08496 0.58333 0.07129 0.57986 0.06738 0.58680 0.02051 0.58680 0.01855 0.59028 0.00879 0.58680 0.00000 0.59202 0.00098 0.66320 0.06055 0.66146 0.18652 0.65972 0.18848 0.65625 0.21777 0.65625 0.22949 0.64583
6 0.88770 0.64930 0.88965 0.64583 0.91309 0.64236 0.91504 0.63889 0.93848 0.63889 0.94043 0.64236 0.94629 0.64236 0.94824 0.63889 0.95020 0.64236 0.95215 0.63889 0.98340 0.63889 0.98730 0.64583 0.99902 0.64583 1.00000 0.57812 0.97363 0.57639 0.96777 0.56945 0.89551 0.56945 0.89355 0.56597 0.88770 0.56945 0.87598 0.56250 0.84473 0.56250 0.84375 0.57118 0.83594 0.58160 0.82617 0.60590 0.81250 0.61979 0.81250 0.63715 0.82617 0.64757 0.82520 0.66320 0.83106 0.66667 0.85156 0.66493 0.85840 0.66320 0.85938 0.65798 0.86426 0.65278 0.88770 0.64930
6 0.88184 0.87153 0.86621 0.85764 0.86133 0.84896 0.87500 0.84548 0.87500 0.82465 0.87207 0.81945 0.86035 0.81945 0.85645 0.81250 0.85547 0.81423 0.85352 0.82465 0.85645 0.82986 0.86621 0.83333 0.86621 0.84028 0.85840 0.84028 0.85449 0.83680 0.85254 0.82986 0.84668 0.82986 0.84375 0.82465 0.84180 0.81077 0.83887 0.81250 0.83399 0.80729 0.83594 0.80382 0.83496 0.79861 0.82910 0.80208 0.82422 0.79340 0.82520 0.78820 0.80957 0.77430 0.79004 0.74305 0.77441 0.72917 0.75195 0.69618 0.75000 0.66840 0.76074 0.65278 0.76855 0.65278 0.77441 0.63889 0.77832 0.63889 0.78125 0.63368 0.78125 0.61979 0.77148 0.60938 0.76758 0.59896 0.76562 0.58160 0.75684 0.56250 0.71973 0.56250 0.71777 0.56597 0.70606 0.56597 0.70020 0.55903 0.68848 0.55555 0.68652 0.55903 0.57129 0.55903 0.56934 0.56250 0.56152 0.56250 0.55957 0.55903 0.55371 0.56250 0.45215 0.56250 0.45020 0.56597 0.42285 0.56597 0.42090 0.57292 0.41309 0.57292 0.40527 0.58333 0.37012 0.58333 0.36621 0.58680 0.36523 0.59202 0.37207 0.59722 0.37695 0.61632 0.38086 0.61979 0.37500 0.62673 0.37500 0.63715 0.37891 0.64410 0.37305 0.65452 0.37305 0.66146 0.35938 0.68923 0.35547 0.70660 0.34180 0.73090 0.34180 0.73785 0.33203 0.75173 0.31641 0.78993 0.31348 0.79167 0.30078 0.81771 0.30078 0.82465 0.29590 0.82986 0.27930 0.86285 0.27930 0.86979 0.23047 0.96354 0.22070 0.99479 0.22363 1.00000 0.22656 0.99827 0.96484 0.99479 0.95801 0.97917 0.88574 0.88195 0.88184 0.87153
7 0.35547 0.60243 0.35352 0.45660 0.35059 0.45139 0.33301 0.45139 0.32813 0.45660 0.33203 0.60938 0.33887 0.62500 0.34082 0.62153 0.35059 0.62847 0.35742 0.62673 0.35938 0.62327 0.35840 0.61805 0.34961 0.61632 0.35547 0.60243
7 0.40137 0.53472 0.39648 0.53298 0.39844 0.50173 0.39648 0.49827 0.39453 0.42535 0.39160 0.42014 0.37402 0.42014 0.37305 0.45312 0.37500 0.45660 0.37500 0.50173 0.37695 0.50521 0.37695 0.52604 0.37891 0.53298 0.37402 0.53820 0.37012 0.53472 0.36719 0.53993 0.36719 0.56771 0.37012 0.57292 0.40234 0.57118 0.41406 0.56077 0.41406 0.53298 0.41113 0.52778 0.40137 0.53472
4 0.83399 0.70312 0.83789 0.69965 0.83984 0.68923 0.83496 0.67708 0.82324 0.66320 0.81934 0.66320 0.81641 0.65798 0.81543 0.64583 0.80566 0.64236 0.80273 0.63715 0.80273 0.62327 0.80566 0.61805 0.81934 0.61111 0.83594 0.58160 0.83984 0.56771 0.83984 0.53298 0.83203 0.50868 0.82129 0.49305 0.80566 0.48264 0.78809 0.48611 0.77637 0.49653 0.76758 0.51215 0.76172 0.53298 0.76172 0.56771 0.76367 0.57812 0.76953 0.59548 0.78027 0.61458 0.78711 0.61979 0.78711 0.63715 0.78418 0.64236 0.77441 0.64583 0.77344 0.65452 0.77051 0.65972 0.75684 0.65972 0.75195 0.66840 0.75195 0.67882 0.76074 0.70486 0.78613 0.73611 0.82813 0.73438 0.83301 0.73264 0.83789 0.72396 0.83789 0.71354 0.83399 0.70312
6 0.32715 0.60764 0.33008 0.60243 0.33008 0.58507 0.32715 0.57986 0.27637 0.57986 0.27441 0.58333 0.25879 0.58333 0.25586 0.58854 0.25586 0.61979 0.25977 0.62327 0.25977 0.64062 0.26270 0.64583 0.27539 0.64410 0.28027 0.63889 0.29785 0.63195 0.31348 0.61111 0.32715 0.60764
6 0.22949 0.64583 0.23730 0.64583 0.24219 0.63021 0.24219 0.61285 0.24023 0.60938 0.24023 0.59896 0.22754 0.57986 0.21777 0.57986 0.21582 0.58333 0.13379 0.58333 0.13184 0.58680 0.11035 0.58680 0.10449 0.57986 0.10059 0.58333 0.09668 0.57986 0.08691 0.57986 0.08496 0.58333 0.07129 0.57986 0.06738 0.58680 0.02051 0.58680 0.01855 0.59028 0.00879 0.58680 0.00000 0.59202 0.00098 0.66320 0.06055 0.66146 0.18652 0.65972 0.18848 0.65625 0.21777 0.65625 0.22949 0.64583
6 0.88770 0.64930 0.88965 0.64583 0.91309 0.64236 0.91504 0.63889 0.93848 0.63889 0.94043 0.64236 0.94629 0.64236 0.94824 0.63889 0.95020 0.64236 0.95215 0.63889 0.98340 0.63889 0.98730 0.64583 0.99902 0.64583 1.00000 0.57812 0.97363 0.57639 0.96777 0.56945 0.89551 0.56945 0.89355 0.56597 0.88770 0.56945 0.87598 0.56250 0.84473 0.56250 0.84375 0.57118 0.83594 0.58160 0.82617 0.60590 0.81250 0.61979 0.81250 0.63715 0.82617 0.64757 0.82520 0.66320 0.83106 0.66667 0.85156 0.66493 0.85840 0.66320 0.85938 0.65798 0.86426 0.65278 0.88770 0.64930
6 0.88184 0.87153 0.86621 0.85764 0.86133 0.84896 0.87500 0.84548 0.87500 0.82465 0.87207 0.81945 0.86035 0.81945 0.85645 0.81250 0.85547 0.81423 0.85352 0.82465 0.85645 0.82986 0.86621 0.83333 0.86621 0.84028 0.85840 0.84028 0.85449 0.83680 0.85254 0.82986 0.84668 0.82986 0.84375 0.82465 0.84180 0.81077 0.83887 0.81250 0.83399 0.80729 0.83594 0.80382 0.83496 0.79861 0.82910 0.80208 0.82422 0.79340 0.82520 0.78820 0.80957 0.77430 0.79004 0.74305 0.77441 0.72917 0.75195 0.69618 0.75000 0.66840 0.76074 0.65278 0.76855 0.65278 0.77441 0.63889 0.77832 0.63889 0.78125 0.63368 0.78125 0.61979 0.77148 0.60938 0.76758 0.59896 0.76562 0.58160 0.75684 0.56250 0.71973 0.56250 0.71777 0.56597 0.70606 0.56597 0.70020 0.55903 0.68848 0.55555 0.68652 0.55903 0.57129 0.55903 0.56934 0.56250 0.56152 0.56250 0.55957 0.55903 0.55371 0.56250 0.45215 0.56250 0.45020 0.56597 0.42285 0.56597 0.42090 0.57292 0.41309 0.57292 0.40527 0.58333 0.37012 0.58333 0.36621 0.58680 0.36523 0.59202 0.37207 0.59722 0.37695 0.61632 0.38086 0.61979 0.37500 0.62673 0.37500 0.63715 0.37891 0.64410 0.37305 0.65452 0.37305 0.66146 0.35938 0.68923 0.35547 0.70660 0.34180 0.73090 0.34180 0.73785 0.33203 0.75173 0.31641 0.78993 0.31348 0.79167 0.30078 0.81771 0.30078 0.82465 0.29590 0.82986 0.27930 0.86285 0.27930 0.86979 0.23047 0.96354 0.22070 0.99479 0.22363 1.00000 0.22656 0.99827 0.96484 0.99479 0.95801 0.97917 0.88574 0.88195 0.88184 0.87153
7 0.35547 0.60243 0.35352 0.45660 0.35059 0.45139 0.33301 0.45139 0.32813 0.45660 0.33203 0.60938 0.33887 0.62500 0.34082 0.62153 0.35059 0.62847 0.35742 0.62673 0.35938 0.62327 0.35840 0.61805 0.34961 0.61632 0.35547 0.60243
7 0.40137 0.53472 0.39648 0.53298 0.39844 0.50173 0.39648 0.49827 0.39453 0.42535 0.39160 0.42014 0.37402 0.42014 0.37305 0.45312 0.37500 0.45660 0.37500 0.50173 0.37695 0.50521 0.37695 0.52604 0.37891 0.53298 0.37402 0.53820 0.37012 0.53472 0.36719 0.53993 0.36719 0.56771 0.37012 0.57292 0.40234 0.57118 0.41406 0.56077 0.41406 0.53298 0.41113 0.52778 0.40137 0.53472
4 0.83399 0.70312 0.83789 0.69965 0.83984 0.68923 0.83496 0.67708 0.82324 0.66320 0.81934 0.66320 0.81641 0.65798 0.81543 0.64583 0.80566 0.64236 0.80273 0.63715 0.80273 0.62327 0.80566 0.61805 0.81934 0.61111 0.83594 0.58160 0.83984 0.56771 0.83984 0.53298 0.83203 0.50868 0.82129 0.49305 0.80566 0.48264 0.78809 0.48611 0.77637 0.49653 0.76758 0.51215 0.76172 0.53298 0.76172 0.56771 0.76367 0.57812 0.76953 0.59548 0.78027 0.61458 0.78711 0.61979 0.78711 0.63715 0.78418 0.64236 0.77441 0.64583 0.77344 0.65452 0.77051 0.65972 0.75684 0.65972 0.75195 0.66840 0.75195 0.67882 0.76074 0.70486 0.78613 0.73611 0.82813 0.73438 0.83301 0.73264 0.83789 0.72396 0.83789 0.71354 0.83399 0.70312
6 0.32715 0.60764 0.33008 0.60243 0.33008 0.58507 0.32715 0.57986 0.27637 0.57986 0.27441 0.58333 0.25879 0.58333 0.25586 0.58854 0.25586 0.61979 0.25977 0.62327 0.25977 0.64062 0.26270 0.64583 0.27539 0.64410 0.28027 0.63889 0.29785 0.63195 0.31348 0.61111 0.32715 0.60764
6 0.22949 0.64583 0.23730 0.64583 0.24219 0.63021 0.24219 0.61285 0.24023 0.60938 0.24023 0.59896 0.22754 0.57986 0.21777 0.57986 0.21582 0.58333 0.13379 0.58333 0.13184 0.58680 0.11035 0.58680 0.10449 0.57986 0.10059 0.58333 0.09668 0.57986 0.08691 0.57986 0.08496 0.58333 0.07129 0.57986 0.06738 0.58680 0.02051 0.58680 0.01855 0.59028 0.00879 0.58680 0.00000 0.59202 0.00098 0.66320 0.06055 0.66146 0.18652 0.65972 0.18848 0.65625 0.21777 0.65625 0.22949 0.64583
6 0.88770 0.64930 0.88965 0.64583 0.91309 0.64236 0.91504 0.63889 0.93848 0.63889 0.94043 0.64236 0.94629 0.64236 0.94824 0.63889 0.95020 0.64236 0.95215 0.63889 0.98340 0.63889 0.98730 0.64583 0.99902 0.64583 1.00000 0.57812 0.97363 0.57639 0.96777 0.56945 0.89551 0.56945 0.89355 0.56597 0.88770 0.56945 0.87598 0.56250 0.84473 0.56250 0.84375 0.57118 0.83594 0.58160 0.82617 0.60590 0.81250 0.61979 0.81250 0.63715 0.82617 0.64757 0.82520 0.66320 0.83106 0.66667 0.85156 0.66493 0.85840 0.66320 0.85938 0.65798 0.86426 0.65278 0.88770 0.64930
6 0.88184 0.87153 0.86621 0.85764 0.86133 0.84896 0.87500 0.84548 0.87500 0.82465 0.87207 0.81945 0.86035 0.81945 0.85645 0.81250 0.85547 0.81423 0.85352 0.82465 0.85645 0.82986 0.86621 0.83333 0.86621 0.84028 0.85840 0.84028 0.85449 0.83680 0.85254 0.82986 0.84668 0.82986 0.84375 0.82465 0.84180 0.81077 0.83887 0.81250 0.83399 0.80729 0.83594 0.80382 0.83496 0.79861 0.82910 0.80208 0.82422 0.79340 0.82520 0.78820 0.80957 0.77430 0.79004 0.74305 0.77441 0.72917 0.75195 0.69618 0.75000 0.66840 0.76074 0.65278 0.76855 0.65278 0.77441 0.63889 0.77832 0.63889 0.78125 0.63368 0.78125 0.61979 0.77148 0.60938 0.76758 0.59896 0.76562 0.58160 0.75684 0.56250 0.71973 0.56250 0.71777 0.56597 0.70606 0.56597 0.70020 0.55903 0.68848 0.55555 0.68652 0.55903 0.57129 0.55903 0.56934 0.56250 0.56152 0.56250 0.55957 0.55903 0.55371 0.56250 0.45215 0.56250 0.45020 0.56597 0.42285 0.56597 0.42090 0.57292 0.41309 0.57292 0.40527 0.58333 0.37012 0.58333 0.36621 0.58680 0.36523 0.59202 0.37207 0.59722 0.37695 0.61632 0.38086 0.61979 0.37500 0.62673 0.37500 0.63715 0.37891 0.64410 0.37305 0.65452 0.37305 0.66146 0.35938 0.68923 0.35547 0.70660 0.34180 0.73090 0.34180 0.73785 0.33203 0.75173 0.31641 0.78993 0.31348 0.79167 0.30078 0.81771 0.30078 0.82465 0.29590 0.82986 0.27930 0.86285 0.27930 0.86979 0.23047 0.96354 0.22070 0.99479 0.22363 1.00000 0.22656 0.99827 0.96484 0.99479 0.95801 0.97917 0.88574 0.88195 0.88184 0.87153
7 0.35547 0.60243 0.35352 0.45660 0.35059 0.45139 0.33301 0.45139 0.32813 0.45660 0.33203 0.60938 0.33887 0.62500 0.34082 0.62153 0.35059 0.62847 0.35742 0.62673 0.35938 0.62327 0.35840 0.61805 0.34961 0.61632 0.35547 0.60243
7 0.40137 0.53472 0.39648 0.53298 0.39844 0.50173 0.39648 0.49827 0.39453 0.42535 0.39160 0.42014 0.37402 0.42014 0.37305 0.45312 0.37500 0.45660 0.37500 0.50173 0.37695 0.50521 0.37695 0.52604 0.37891 0.53298 0.37402 0.53820 0.37012 0.53472 0.36719 0.53993 0.36719 0.56771 0.37012 0.57292 0.40234 0.57118 0.41406 0.56077 0.41406 0.53298 0.41113 0.52778 0.40137 0.53472
4 0.83399 0.70312 0.83789 0.69965 0.83984 0.68923 0.83496 0.67708 0.82324 0.66320 0.81934 0.66320 0.81641 0.65798 0.81543 0.64583 0.80566 0.64236 0.80273 0.63715 0.80273 0.62327 0.80566 0.61805 0.81934 0.61111 0.83594 0.58160 0.83984 0.56771 0.83984 0.53298 0.83203 0.50868 0.82129 0.49305 0.80566 0.48264 0.78809 0.48611 0.77637 0.49653 0.76758 0.51215 0.76172 0.53298 0.76172 0.56771 0.76367 0.57812 0.76953 0.59548 0.78027 0.61458 0.78711 0.61979 0.78711 0.63715 0.78418 0.64236 0.77441 0.64583 0.77344 0.65452 0.77051 0.65972 0.75684 0.65972 0.75195 0.66840 0.75195 0.67882 0.76074 0.70486 0.78613 0.73611 0.82813 0.73438 0.83301 0.73264 0.83789 0.72396 0.83789 0.71354 0.83399 0.70312
6 0.32715 0.60764 0.33008 0.60243 0.33008 0.58507 0.32715 0.57986 0.27637 0.57986 0.27441 0.58333 0.25879 0.58333 0.25586 0.58854 0.25586 0.61979 0.25977 0.62327 0.25977 0.64062 0.26270 0.64583 0.27539 0.64410 0.28027 0.63889 0.29785 0.63195 0.31348 0.61111 0.32715 0.60764
6 0.22949 0.64583 0.23730 0.64583 0.24219 0.63021 0.24219 0.61285 0.24023 0.60938 0.24023 0.59896 0.22754 0.57986 0.21777 0.57986 0.21582 0.58333 0.13379 0.58333 0.13184 0.58680 0.11035 0.58680 0.10449 0.57986 0.10059 0.58333 0.09668 0.57986 0.08691 0.57986 0.08496 0.58333 0.07129 0.57986 0.06738 0.58680 0.02051 0.58680 0.01855 0.59028 0.00879 0.58680 0.00000 0.59202 0.00098 0.66320 0.06055 0.66146 0.18652 0.65972 0.18848 0.65625 0.21777 0.65625 0.22949 0.64583
6 0.88770 0.64930 0.88965 0.64583 0.91309 0.64236 0.91504 0.63889 0.93848 0.63889 0.94043 0.64236 0.94629 0.64236 0.94824 0.63889 0.95020 0.64236 0.95215 0.63889 0.98340 0.63889 0.98730 0.64583 0.99902 0.64583 1.00000 0.57812 0.97363 0.57639 0.96777 0.56945 0.89551 0.56945 0.89355 0.56597 0.88770 0.56945 0.87598 0.56250 0.84473 0.56250 0.84375 0.57118 0.83594 0.58160 0.82617 0.60590 0.81250 0.61979 0.81250 0.63715 0.82617 0.64757 0.82520 0.66320 0.83106 0.66667 0.85156 0.66493 0.85840 0.66320 0.85938 0.65798 0.86426 0.65278 0.88770 0.64930
6 0.88184 0.87153 0.86621 0.85764 0.86133 0.84896 0.87500 0.84548 0.87500 0.82465 0.87207 0.81945 0.86035 0.81945 0.85645 0.81250 0.85547 0.81423 0.85352 0.82465 0.85645 0.82986 0.86621 0.83333 0.86621 0.84028 0.85840 0.84028 0.85449 0.83680 0.85254 0.82986 0.84668 0.82986 0.84375 0.82465 0.84180 0.81077 0.83887 0.81250 0.83399 0.80729 0.83594 0.80382 0.83496 0.79861 0.82910 0.80208 0.82422 0.79340 0.82520 0.78820 0.80957 0.77430 0.79004 0.74305 0.77441 0.72917 0.75195 0.69618 0.75000 0.66840 0.76074 0.65278 0.76855 0.65278 0.77441 0.63889 0.77832 0.63889 0.78125 0.63368 0.78125 0.61979 0.77148 0.60938 0.76758 0.59896 0.76562 0.58160 0.75684 0.56250 0.71973 0.56250 0.71777 0.56597 0.70606 0.56597 0.70020 0.55903 0.68848 0.55555 0.68652 0.55903 0.57129 0.55903 0.56934 0.56250 0.56152 0.56250 0.55957 0.55903 0.55371 0.56250 0.45215 0.56250 0.45020 0.56597 0.42285 0.56597 0.42090 0.57292 0.41309 0.57292 0.40527 0.58333 0.37012 0.58333 0.36621 0.58680 0.36523 0.59202 0.37207 0.59722 0.37695 0.61632 0.38086 0.61979 0.37500 0.62673 0.37500 0.63715 0.37891 0.64410 0.37305 0.65452 0.37305 0.66146 0.35938 0.68923 0.35547 0.70660 0.34180 0.73090 0.34180 0.73785 0.33203 0.75173 0.31641 0.78993 0.31348 0.79167 0.30078 0.81771 0.30078 0.82465 0.29590 0.82986 0.27930 0.86285 0.27930 0.86979 0.23047 0.96354 0.22070 0.99479 0.22363 1.00000 0.22656 0.99827 0.96484 0.99479 0.95801 0.97917 0.88574 0.88195 0.88184 0.87153
7 0.35547 0.60243 0.35352 0.45660 0.35059 0.45139 0.33301 0.45139 0.32813 0.45660 0.33203 0.60938 0.33887 0.62500 0.34082 0.62153 0.35059 0.62847 0.35742 0.62673 0.35938 0.62327 0.35840 0.61805 0.34961 0.61632 0.35547 0.60243
7 0.40137 0.53472 0.39648 0.53298 0.39844 0.50173 0.39648 0.49827 0.39453 0.42535 0.39160 0.42014 0.37402 0.42014 0.37305 0.45312 0.37500 0.45660 0.37500 0.50173 0.37695 0.50521 0.37695 0.52604 0.37891 0.53298 0.37402 0.53820 0.37012 0.53472 0.36719 0.53993 0.36719 0.56771 0.37012 0.57292 0.40234 0.57118 0.41406 0.56077 0.41406 0.53298 0.41113 0.52778 0.40137 0.53472
4 0.83399 0.70312 0.83789 0.69965 0.83984 0.68923 0.83496 0.67708 0.82324 0.66320 0.81934 0.66320 0.81641 0.65798 0.81543 0.64583 0.80566 0.64236 0.80273 0.63715 0.80273 0.62327 0.80566 0.61805 0.81934 0.61111 0.83594 0.58160 0.83984 0.56771 0.83984 0.53298 0.83203 0.50868 0.82129 0.49305 0.80566 0.48264 0.78809 0.48611 0.77637 0.49653 0.76758 0.51215 0.76172 0.53298 0.76172 0.56771 0.76367 0.57812 0.76953 0.59548 0.78027 0.61458 0.78711 0.61979 0.78711 0.63715 0.78418 0.64236 0.77441 0.64583 0.77344 0.65452 0.77051 0.65972 0.75684 0.65972 0.75195 0.66840 0.75195 0.67882 0.76074 0.70486 0.78613 0.73611 0.82813 0.73438 0.83301 0.73264 0.83789 0.72396 0.83789 0.71354 0.83399 0.70312
6 0.32715 0.60764 0.33008 0.60243 0.33008 0.58507 0.32715 0.57986 0.27637 0.57986 0.27441 0.58333 0.25879 0.58333 0.25586 0.58854 0.25586 0.61979 0.25977 0.62327 0.25977 0.64062 0.26270 0.64583 0.27539 0.64410 0.28027 0.63889 0.29785 0.63195 0.31348 0.61111 0.32715 0.60764
6 0.22949 0.64583 0.23730 0.64583 0.24219 0.63021 0.24219 0.61285 0.24023 0.60938 0.24023 0.59896 0.22754 0.57986 0.21777 0.57986 0.21582 0.58333 0.13379 0.58333 0.13184 0.58680 0.11035 0.58680 0.10449 0.57986 0.10059 0.58333 0.09668 0.57986 0.08691 0.57986 0.08496 0.58333 0.07129 0.57986 0.06738 0.58680 0.02051 0.58680 0.01855 0.59028 0.00879 0.58680 0.00000 0.59202 0.00098 0.66320 0.06055 0.66146 0.18652 0.65972 0.18848 0.65625 0.21777 0.65625 0.22949 0.64583
6 0.88770 0.64930 0.88965 0.64583 0.91309 0.64236 0.91504 0.63889 0.93848 0.63889 0.94043 0.64236 0.94629 0.64236 0.94824 0.63889 0.95020 0.64236 0.95215 0.63889 0.98340 0.63889 0.98730 0.64583 0.99902 0.64583 1.00000 0.57812 0.97363 0.57639 0.96777 0.56945 0.89551 0.56945 0.89355 0.56597 0.88770 0.56945 0.87598 0.56250 0.84473 0.56250 0.84375 0.57118 0.83594 0.58160 0.82617 0.60590 0.81250 0.61979 0.81250 0.63715 0.82617 0.64757 0.82520 0.66320 0.83106 0.66667 0.85156 0.66493 0.85840 0.66320 0.85938 0.65798 0.86426 0.65278 0.88770 0.64930
6 0.88184 0.87153 0.86621 0.85764 0.86133 0.84896 0.87500 0.84548 0.87500 0.82465 0.87207 0.81945 0.86035 0.81945 0.85645 0.81250 0.85547 0.81423 0.85352 0.82465 0.85645 0.82986 0.86621 0.83333 0.86621 0.84028 0.85840 0.84028 0.85449 0.83680 0.85254 0.82986 0.84668 0.82986 0.84375 0.82465 0.84180 0.81077 0.83887 0.81250 0.83399 0.80729 0.83594 0.80382 0.83496 0.79861 0.82910 0.80208 0.82422 0.79340 0.82520 0.78820 0.80957 0.77430 0.79004 0.74305 0.77441 0.72917 0.75195 0.69618 0.75000 0.66840 0.76074 0.65278 0.76855 0.65278 0.77441 0.63889 0.77832 0.63889 0.78125 0.63368 0.78125 0.61979 0.77148 0.60938 0.76758 0.59896 0.76562 0.58160 0.75684 0.56250 0.71973 0.56250 0.71777 0.56597 0.70606 0.56597 0.70020 0.55903 0.68848 0.55555 0.68652 0.55903 0.57129 0.55903 0.56934 0.56250 0.56152 0.56250 0.55957 0.55903 0.55371 0.56250 0.45215 0.56250 0.45020 0.56597 0.42285 0.56597 0.42090 0.57292 0.41309 0.57292 0.40527 0.58333 0.37012 0.58333 0.36621 0.58680 0.36523 0.59202 0.37207 0.59722 0.37695 0.61632 0.38086 0.61979 0.37500 0.62673 0.37500 0.63715 0.37891 0.64410 0.37305 0.65452 0.37305 0.66146 0.35938 0.68923 0.35547 0.70660 0.34180 0.73090 0.34180 0.73785 0.33203 0.75173 0.31641 0.78993 0.31348 0.79167 0.30078 0.81771 0.30078 0.82465 0.29590 0.82986 0.27930 0.86285 0.27930 0.86979 0.23047 0.96354 0.22070 0.99479 0.22363 1.00000 0.22656 0.99827 0.96484 0.99479 0.95801 0.97917 0.88574 0.88195 0.88184 0.87153
7 0.35547 0.60243 0.35352 0.45660 0.35059 0.45139 0.33301 0.45139 0.32813 0.45660 0.33203 0.60938 0.33887 0.62500 0.34082 0.62153 0.35059 0.62847 0.35742 0.62673 0.35938 0.62327 0.35840 0.61805 0.34961 0.61632 0.35547 0.60243
7 0.40137 0.53472 0.39648 0.53298 0.39844 0.50173 0.39648 0.49827 0.39453 0.42535 0.39160 0.42014 0.37402 0.42014 0.37305 0.45312 0.37500 0.45660 0.37500 0.50173 0.37695 0.50521 0.37695 0.52604 0.37891 0.53298 0.37402 0.53820 0.37012 0.53472 0.36719 0.53993 0.36719 0.56771 0.37012 0.57292 0.40234 0.57118 0.41406 0.56077 0.41406 0.53298 0.41113 0.52778 0.40137 0.53472
4 0.83399 0.70312 0.83789 0.69965 0.83984 0.68923 0.83496 0.67708 0.82324 0.66320 0.81934 0.66320 0.81641 0.65798 0.81543 0.64583 0.80566 0.64236 0.80273 0.63715 0.80273 0.62327 0.80566 0.61805 0.81934 0.61111 0.83594 0.58160 0.83984 0.56771 0.83984 0.53298 0.83203 0.50868 0.82129 0.49305 0.80566 0.48264 0.78809 0.48611 0.77637 0.49653 0.76758 0.51215 0.76172 0.53298 0.76172 0.56771 0.76367 0.57812 0.76953 0.59548 0.78027 0.61458 0.78711 0.61979 0.78711 0.63715 0.78418 0.64236 0.77441 0.64583 0.77344 0.65452 0.77051 0.65972 0.75684 0.65972 0.75195 0.66840 0.75195 0.67882 0.76074 0.70486 0.78613 0.73611 0.82813 0.73438 0.83301 0.73264 0.83789 0.72396 0.83789 0.71354 0.83399 0.70312
6 0.32715 0.60764 0.33008 0.60243 0.33008 0.58507 0.32715 0.57986 0.27637 0.57986 0.27441 0.58333 0.25879 0.58333 0.25586 0.58854 0.25586 0.61979 0.25977 0.62327 0.25977 0.64062 0.26270 0.64583 0.27539 0.64410 0.28027 0.63889 0.29785 0.63195 0.31348 0.61111 0.32715 0.60764
6 0.22949 0.64583 0.23730 0.64583 0.24219 0.63021 0.24219 0.61285 0.24023 0.60938 0.24023 0.59896 0.22754 0.57986 0.21777 0.57986 0.21582 0.58333 0.13379 0.58333 0.13184 0.58680 0.11035 0.58680 0.10449 0.57986 0.10059 0.58333 0.09668 0.57986 0.08691 0.57986 0.08496 0.58333 0.07129 0.57986 0.06738 0.58680 0.02051 0.58680 0.01855 0.59028 0.00879 0.58680 0.00000 0.59202 0.00098 0.66320 0.06055 0.66146 0.18652 0.65972 0.18848 0.65625 0.21777 0.65625 0.22949 0.64583
6 0.88770 0.64930 0.88965 0.64583 0.91309 0.64236 0.91504 0.63889 0.93848 0.63889 0.94043 0.64236 0.94629 0.64236 0.94824 0.63889 0.95020 0.64236 0.95215 0.63889 0.98340 0.63889 0.98730 0.64583 0.99902 0.64583 1.00000 0.57812 0.97363 0.57639 0.96777 0.56945 0.89551 0.56945 0.89355 0.56597 0.88770 0.56945 0.87598 0.56250 0.84473 0.56250 0.84375 0.57118 0.83594 0.58160 0.82617 0.60590 0.81250 0.61979 0.81250 0.63715 0.82617 0.64757 0.82520 0.66320 0.83106 0.66667 0.85156 0.66493 0.85840 0.66320 0.85938 0.65798 0.86426 0.65278 0.88770 0.64930
6 0.88184 0.87153 0.86621 0.85764 0.86133 0.84896 0.87500 0.84548 0.87500 0.82465 0.87207 0.81945 0.86035 0.81945 0.85645 0.81250 0.85547 0.81423 0.85352 0.82465 0.85645 0.82986 0.86621 0.83333 0.86621 0.84028 0.85840 0.84028 0.85449 0.83680 0.85254 0.82986 0.84668 0.82986 0.84375 0.82465 0.84180 0.81077 0.83887 0.81250 0.83399 0.80729 0.83594 0.80382 0.83496 0.79861 0.82910 0.80208 0.82422 0.79340 0.82520 0.78820 0.80957 0.77430 0.79004 0.74305 0.77441 0.72917 0.75195 0.69618 0.75000 0.66840 0.76074 0.65278 0.76855 0.65278 0.77441 0.63889 0.77832 0.63889 0.78125 0.63368 0.78125 0.61979 0.77148 0.60938 0.76758 0.59896 0.76562 0.58160 0.75684 0.56250 0.71973 0.56250 0.71777 0.56597 0.70606 0.56597 0.70020 0.55903 0.68848 0.55555 0.68652 0.55903 0.57129 0.55903 0.56934 0.56250 0.56152 0.56250 0.55957 0.55903 0.55371 0.56250 0.45215 0.56250 0.45020 0.56597 0.42285 0.56597 0.42090 0.57292 0.41309 0.57292 0.40527 0.58333 0.37012 0.58333 0.36621 0.58680 0.36523 0.59202 0.37207 0.59722 0.37695 0.61632 0.38086 0.61979 0.37500 0.62673 0.37500 0.63715 0.37891 0.64410 0.37305 0.65452 0.37305 0.66146 0.35938 0.68923 0.35547 0.70660 0.34180 0.73090 0.34180 0.73785 0.33203 0.75173 0.31641 0.78993 0.31348 0.79167 0.30078 0.81771 0.30078 0.82465 0.29590 0.82986 0.27930 0.86285 0.27930 0.86979 0.23047 0.96354 0.22070 0.99479 0.22363 1.00000 0.22656 0.99827 0.96484 0.99479 0.95801 0.97917 0.88574 0.88195 0.88184 0.87153
