6 0.33504 1.00000 0.32503 0.99342 0.31261 0.99123 0.28276 0.97286 0.26605 0.96753 0.25518 0.95787 0.24073 0.95591 0.23417 0.94940 0.21745 0.94407 0.20026 0.93151 0.19417 0.93222 0.16253 0.91770 0.15596 0.91119 0.13721 0.90609 0.13065 0.89957 0.12456 0.90029 0.11799 0.89377 0.09901 0.88506 0.08659 0.88287 0.05674 0.86450 0.03596 0.85964 0.02713 0.84975 0.02111 0.85045 0.03093 1.00000 0.33504 1.00000
1 0.07169 0.81179 0.08161 0.80700 0.08812 0.79713 0.08424 0.78484 0.06526 0.77614 0.05345 0.75203 0.04395 0.74767 0.04121 0.73707 0.04003 0.71901 0.04451 0.70938 0.05442 0.70459 0.06004 0.69665 0.07145 0.66802 0.07433 0.64948 0.07172 0.60974 0.06421 0.58877 0.04970 0.57044 0.03072 0.56173 0.01471 0.56723 0.01113 0.57493 0.00527 0.57925 0.00360 0.58391 0.01199 0.71162 0.01948 0.71776 0.01983 0.75413 0.01504 0.75814 0.02011 0.83533 0.02708 0.83337 0.03180 0.82736 0.05819 0.82429 0.05999 0.82044 0.06608 0.81973 0.07169 0.81179
6 0.33504 1.00000 0.32503 0.99342 0.31261 0.99123 0.28276 0.97286 0.26605 0.96753 0.25518 0.95787 0.24073 0.95591 0.23417 0.94940 0.21745 0.94407 0.20026 0.93151 0.19417 0.93222 0.16253 0.91770 0.15596 0.91119 0.13721 0.90609 0.13065 0.89957 0.12456 0.90029 0.11799 0.89377 0.09901 0.88506 0.08659 0.88287 0.05674 0.86450 0.03596 0.85964 0.02713 0.84975 0.02111 0.85045 0.03093 1.00000 0.33504 1.00000
1 0.07169 0.81179 0.08161 0.80700 0.08812 0.79713 0.08424 0.78484 0.06526 0.77614 0.05345 0.75203 0.04395 0.74767 0.04121 0.73707 0.04003 0.71901 0.04451 0.70938 0.05442 0.70459 0.06004 0.69665 0.07145 0.66802 0.07433 0.64948 0.07172 0.60974 0.06421 0.58877 0.04970 0.57044 0.03072 0.56173 0.01471 0.56723 0.01113 0.57493 0.00527 0.57925 0.00360 0.58391 0.01199 0.71162 0.01948 0.71776 0.01983 0.75413 0.01504 0.75814 0.02011 0.83533 0.02708 0.83337 0.03180 0.82736 0.05819 0.82429 0.05999 0.82044 0.06608 0.81973 0.07169 0.81179
6 0.33504 1.00000 0.32503 0.99342 0.31261 0.99123 0.28276 0.97286 0.26605 0.96753 0.25518 0.95787 0.24073 0.95591 0.23417 0.94940 0.21745 0.94407 0.20026 0.93151 0.19417 0.93222 0.16253 0.91770 0.15596 0.91119 0.13721 0.90609 0.13065 0.89957 0.12456 0.90029 0.11799 0.89377 0.09901 0.88506 0.08659 0.88287 0.05674 0.86450 0.03596 0.85964 0.02713 0.84975 0.02111 0.85045 0.03093 1.00000 0.33504 1.00000
1 0.07169 0.81179 0.08161 0.80700 0.08812 0.79713 0.08424 0.78484 0.06526 0.77614 0.05345 0.75203 0.04395 0.74767 0.04121 0.73707 0.04003 0.71901 0.04451 0.70938 0.05442 0.70459 0.06004 0.69665 0.07145 0.66802 0.07433 0.64948 0.07172 0.60974 0.06421 0.58877 0.04970 0.57044 0.03072 0.56173 0.01471 0.56723 0.01113 0.57493 0.00527 0.57925 0.00360 0.58391 0.01199 0.71162 0.01948 0.71776 0.01983 0.75413 0.01504 0.75814 0.02011 0.83533 0.02708 0.83337 0.03180 0.82736 0.05819 0.82429 0.05999 0.82044 0.06608 0.81973 0.07169 0.81179
6 0.33504 1.00000 0.32503 0.99342 0.31261 0.99123 0.28276 0.97286 0.26605 0.96753 0.25518 0.95787 0.24073 0.95591 0.23417 0.94940 0.21745 0.94407 0.20026 0.93151 0.19417 0.93222 0.16253 0.91770 0.15596 0.91119 0.13721 0.90609 0.13065 0.89957 0.12456 0.90029 0.11799 0.89377 0.09901 0.88506 0.08659 0.88287 0.05674 0.86450 0.03596 0.85964 0.02713 0.84975 0.02111 0.85045 0.03093 1.00000 0.33504 1.00000
1 0.07169 0.81179 0.08161 0.80700 0.08812 0.79713 0.08424 0.78484 0.06526 0.77614 0.05345 0.75203 0.04395 0.74767 0.04121 0.73707 0.04003 0.71901 0.04451 0.70938 0.05442 0.70459 0.06004 0.69665 0.07145 0.66802 0.07433 0.64948 0.07172 0.60974 0.06421 0.58877 0.04970 0.57044 0.03072 0.56173 0.01471 0.56723 0.01113 0.57493 0.00527 0.57925 0.00360 0.58391 0.01199 0.71162 0.01948 0.71776 0.01983 0.75413 0.01504 0.75814 0.02011 0.83533 0.02708 0.83337 0.03180 0.82736 0.05819 0.82429 0.05999 0.82044 0.06608 0.81973 0.07169 0.81179
6 0.33504 1.00000 0.32503 0.99342 0.31261 0.99123 0.28276 0.97286 0.26605 0.96753 0.25518 0.95787 0.24073 0.95591 0.23417 0.94940 0.21745 0.94407 0.20026 0.93151 0.19417 0.93222 0.16253 0.91770 0.15596 0.91119 0.13721 0.90609 0.13065 0.89957 0.12456 0.90029 0.11799 0.89377 0.09901 0.88506 0.08659 0.88287 0.05674 0.86450 0.03596 0.85964 0.02713 0.84975 0.02111 0.85045 0.03093 1.00000 0.33504 1.00000
1 0.07169 0.81179 0.08161 0.80700 0.08812 0.79713 0.08424 0.78484 0.06526 0.77614 0.05345 0.75203 0.04395 0.74767 0.04121 0.73707 0.04003 0.71901 0.04451 0.70938 0.05442 0.70459 0.06004 0.69665 0.07145 0.66802 0.07433 0.64948 0.07172 0.60974 0.06421 0.58877 0.04970 0.57044 0.03072 0.56173 0.01471 0.56723 0.01113 0.57493 0.00527 0.57925 0.00360 0.58391 0.01199 0.71162 0.01948 0.71776 0.01983 0.75413 0.01504 0.75814 0.02011 0.83533 0.02708 0.83337 0.03180 0.82736 0.05819 0.82429 0.05999 0.82044 0.06608 0.81973 0.07169 0.81179
6 0.33504 1.00000 0.32503 0.99342 0.31261 0.99123 0.28276 0.97286 0.26605 0.96753 0.25518 0.95787 0.24073 0.95591 0.23417 0.94940 0.21745 0.94407 0.20026 0.93151 0.19417 0.93222 0.16253 0.91770 0.15596 0.91119 0.13721 0.90609 0.13065 0.89957 0.12456 0.90029 0.11799 0.89377 0.09901 0.88506 0.08659 0.88287 0.05674 0.86450 0.03596 0.85964 0.02713 0.84975 0.02111 0.85045 0.03093 1.00000 0.33504 1.00000
1 0.07169 0.81179 0.08161 0.80700 0.08812 0.79713 0.08424 0.78484 0.06526 0.77614 0.05345 0.75203 0.04395 0.74767 0.04121 0.73707 0.04003 0.71901 0.04451 0.70938 0.05442 0.70459 0.06004 0.69665 0.07145 0.66802 0.07433 0.64948 0.07172 0.60974 0.06421 0.58877 0.04970 0.57044 0.03072 0.56173 0.01471 0.56723 0.01113 0.57493 0.00527 0.57925 0.00360 0.58391 0.01199 0.71162 0.01948 0.71776 0.01983 0.75413 0.01504 0.75814 0.02011 0.83533 0.02708 0.83337 0.03180 0.82736 0.05819 0.82429 0.05999 0.82044 0.06608 0.81973 0.07169 0.81179
