5 0.00000 0.76950 0.03971 0.76085 0.04394 0.73065 0.01759 0.71243 0.02036 0.69458 0.00229 0.68847 0.00507 0.64875 0.01952 0.64719 0.04523 0.60540 0.05397 0.54276 0.03818 0.49567 0.00527 0.49448 0.00000 0.50363 0.00000 0.76950
6 0.00000 0.90075 0.17530 0.93773 0.16331 0.92660 0.13988 0.91428 0.13466 0.90581 0.12657 0.90410 0.10399 0.88459 0.08822 0.87758 0.07534 0.86380 0.05191 0.85149 0.04467 0.84259 0.03859 0.84131 0.01602 0.82180 0.00228 0.81521 0.00000 0.81242 0.00000 0.90075
5 0.00000 0.76950 0.03971 0.76085 0.04394 0.73065 0.01759 0.71243 0.02036 0.69458 0.00229 0.68847 0.00507 0.64875 0.01952 0.64719 0.04523 0.60540 0.05397 0.54276 0.03818 0.49567 0.00527 0.49448 0.00000 0.50363 0.00000 0.76950
6 0.00000 0.90075 0.17530 0.93773 0.16331 0.92660 0.13988 0.91428 0.13466 0.90581 0.12657 0.90410 0.10399 0.88459 0.08822 0.87758 0.07534 0.86380 0.05191 0.85149 0.04467 0.84259 0.03859 0.84131 0.01602 0.82180 0.00228 0.81521 0.00000 0.81242 0.00000 0.90075
5 0.00000 0.76950 0.03971 0.76085 0.04394 0.73065 0.01759 0.71243 0.02036 0.69458 0.00229 0.68847 0.00507 0.64875 0.01952 0.64719 0.04523 0.60540 0.05397 0.54276 0.03818 0.49567 0.00527 0.49448 0.00000 0.50363 0.00000 0.76950
6 0.00000 0.90075 0.17530 0.93773 0.16331 0.92660 0.13988 0.91428 0.13466 0.90581 0.12657 0.90410 0.10399 0.88459 0.08822 0.87758 0.07534 0.86380 0.05191 0.85149 0.04467 0.84259 0.03859 0.84131 0.01602 0.82180 0.00228 0.81521 0.00000 0.81242 0.00000 0.90075
5 0.00000 0.76950 0.03971 0.76085 0.04394 0.73065 0.01759 0.71243 0.02036 0.69458 0.00229 0.68847 0.00507 0.64875 0.01952 0.64719 0.04523 0.60540 0.05397 0.54276 0.03818 0.49567 0.00527 0.49448 0.00000 0.50363 0.00000 0.76950
6 0.00000 0.90075 0.17530 0.93773 0.16331 0.92660 0.13988 0.91428 0.13466 0.90581 0.12657 0.90410 0.10399 0.88459 0.08822 0.87758 0.07534 0.86380 0.05191 0.85149 0.04467 0.84259 0.03859 0.84131 0.01602 0.82180 0.00228 0.81521 0.00000 0.81242 0.00000 0.90075
5 0.00000 0.76950 0.03971 0.76085 0.04394 0.73065 0.01759 0.71243 0.02036 0.69458 0.00229 0.68847 0.00507 0.64875 0.01952 0.64719 0.04523 0.60540 0.05397 0.54276 0.03818 0.49567 0.00527 0.49448 0.00000 0.50363 0.00000 0.76950
6 0.00000 0.90075 0.17530 0.93773 0.16331 0.92660 0.13988 0.91428 0.13466 0.90581 0.12657 0.90410 0.10399 0.88459 0.08822 0.87758 0.07534 0.86380 0.05191 0.85149 0.04467 0.84259 0.03859 0.84131 0.01602 0.82180 0.00228 0.81521 0.00000 0.81242 0.00000 0.90075
5 0.00000 0.76950 0.03971 0.76085 0.04394 0.73065 0.01759 0.71243 0.02036 0.69458 0.00229 0.68847 0.00507 0.64875 0.01952 0.64719 0.04523 0.60540 0.05397 0.54276 0.03818 0.49567 0.00527 0.49448 0.00000 0.50363 0.00000 0.76950
6 0.00000 0.90075 0.17530 0.93773 0.16331 0.92660 0.13988 0.91428 0.13466 0.90581 0.12657 0.90410 0.10399 0.88459 0.08822 0.87758 0.07534 0.86380 0.05191 0.85149 0.04467 0.84259 0.03859 0.84131 0.01602 0.82180 0.00228 0.81521 0.00000 0.81242 0.00000 0.90075
