4 0.76937 0.49170 0.76465 0.47654 0.75449 0.45971 0.74351 0.45254 0.72852 0.45707 0.71506 0.47885 0.71125 0.49825 0.71165 0.51361 0.71882 0.54018 0.72446 0.54954 0.73216 0.55494 0.73257 0.57030 0.72517 0.57641 0.72434 0.58606 0.72126 0.59197 0.71479 0.59227 0.71171 0.59818 0.71201 0.60970 0.71775 0.62289 0.73550 0.64129 0.74844 0.64069 0.75050 0.63675 0.75491 0.64039 0.76025 0.63821 0.76775 0.63595 0.77083 0.63004 0.77003 0.59932 0.76233 0.59391 0.75659 0.58072 0.74766 0.56960 0.74520 0.55818 0.74828 0.55227 0.75681 0.54803 0.76606 0.53030 0.76997 0.51474 0.76937 0.49170
7 0.36506 0.59316 0.36649 0.60655 0.36341 0.61246 0.36208 0.60291 0.36413 0.59897 0.35869 0.59730 0.35150 0.61109 0.35230 0.64181 0.35456 0.64555 0.35260 0.65333 0.36256 0.66248 0.40025 0.65881 0.41258 0.63516 0.41824 0.60414 0.41455 0.58702 0.40255 0.58181 0.40655 0.57009 0.40384 0.46641 0.39809 0.45322 0.38731 0.45373 0.38423 0.45964 0.38971 0.58625 0.37348 0.58508 0.36506 0.59316
7 0.43233 0.56505 0.44055 0.54929 0.44015 0.53393 0.43902 0.53205 0.43501 0.54377 0.42927 0.53059 0.42480 0.44237 0.42131 0.43292 0.41053 0.43342 0.40529 0.43943 0.41036 0.55069 0.41621 0.56772 0.43233 0.56505
6 1.00000 0.96161 0.99974 0.96155 0.99738 0.95397 0.99944 0.95003 0.99821 0.94432 0.99184 0.94846 0.99051 0.93891 0.98712 0.93330 0.98517 0.94109 0.98178 0.93548 0.97943 0.92790 0.98025 0.91825 0.97368 0.91471 0.96516 0.91895 0.95397 0.90409 0.94740 0.90055 0.89600 0.83374 0.87609 0.81545 0.87486 0.80973 0.86254 0.79301 0.85823 0.79321 0.85587 0.78563 0.84930 0.78209 0.84469 0.77077 0.82478 0.75247 0.80241 0.72276 0.79143 0.71558 0.78240 0.70062 0.77809 0.70082 0.77357 0.69334 0.76700 0.68980 0.73786 0.64887 0.71570 0.62683 0.71447 0.62113 0.69764 0.59692 0.69333 0.59712 0.68984 0.58767 0.68091 0.57655 0.68626 0.57438 0.68708 0.56473 0.69016 0.55882 0.69663 0.55852 0.69766 0.55655 0.69428 0.55094 0.68781 0.55124 0.68555 0.54750 0.64458 0.54941 0.64232 0.54566 0.63585 0.54596 0.63380 0.54991 0.59498 0.55171 0.59293 0.55565 0.58215 0.55615 0.57989 0.55241 0.57568 0.55645 0.56705 0.55686 0.56479 0.55312 0.55401 0.55362 0.55196 0.55756 0.54754 0.55392 0.53892 0.55432 0.53686 0.55826 0.51951 0.55522 0.51745 0.55916 0.48080 0.56087 0.47874 0.56481 0.47227 0.56511 0.47001 0.56137 0.46796 0.56531 0.44640 0.56631 0.43797 0.57439 0.42882 0.59596 0.42902 0.60364 0.42080 0.61941 0.42100 0.62709 0.39849 0.67427 0.38852 0.70549 0.34133 0.79995 0.33743 0.81551 0.32715 0.83521 0.32529 0.84683 0.27626 0.95291 0.27029 0.97242 0.26403 0.98040 0.25661 1.00000 0.50655 1.00000 1.00000 0.97705 1.00000 0.96161
6 0.10721 0.63976 0.19336 0.63191 0.19644 0.62600 0.19614 0.61448 0.20025 0.60660 0.20201 0.59114 0.09737 0.59408 0.09532 0.59802 0.06297 0.59953 0.06091 0.60346 0.00485 0.60607 0.00260 0.60234 0.00238 0.60237 0.00379 0.65612 0.00400 0.65609 0.00606 0.65215 0.07938 0.64874 0.08143 0.64480 0.10515 0.64370 0.10721 0.63976
6 0.68881 0.58964 0.69979 0.59682 0.70945 0.59445 0.72116 0.58813 0.72199 0.57848 0.72722 0.57247 0.73021 0.56272 0.72015 0.54973 0.71378 0.55388 0.70064 0.54680 0.67692 0.54790 0.67467 0.54416 0.66511 0.55037 0.66532 0.55805 0.68881 0.58964
6 1.00000 0.52575 0.97214 0.52648 0.97009 0.53042 0.91187 0.53313 0.90981 0.53707 0.85159 0.53978 0.84953 0.54371 0.75896 0.54793 0.75167 0.55788 0.75659 0.58072 0.76223 0.59007 0.76880 0.59361 0.78821 0.59270 0.79026 0.58876 0.82045 0.58736 0.82271 0.59110 0.84745 0.58803 0.90455 0.58345 0.90660 0.57951 0.97345 0.57640 0.97571 0.58014 1.00000 0.57792 1.00000 0.52575
4 0.76937 0.49170 0.76465 0.47654 0.75449 0.45971 0.74351 0.45254 0.72852 0.45707 0.71506 0.47885 0.71125 0.49825 0.71165 0.51361 0.71882 0.54018 0.72446 0.54954 0.73216 0.55494 0.73257 0.57030 0.72517 0.57641 0.72434 0.58606 0.72126 0.59197 0.71479 0.59227 0.71171 0.59818 0.71201 0.60970 0.71775 0.62289 0.73550 0.64129 0.74844 0.64069 0.75050 0.63675 0.75491 0.64039 0.76025 0.63821 0.76775 0.63595 0.77083 0.63004 0.77003 0.59932 0.76233 0.59391 0.75659 0.58072 0.74766 0.56960 0.74520 0.55818 0.74828 0.55227 0.75681 0.54803 0.76606 0.53030 0.76997 0.51474 0.76937 0.49170
7 0.36506 0.59316 0.36649 0.60655 0.36341 0.61246 0.36208 0.60291 0.36413 0.59897 0.35869 0.59730 0.35150 0.61109 0.35230 0.64181 0.35456 0.64555 0.35260 0.65333 0.36256 0.66248 0.40025 0.65881 0.41258 0.63516 0.41824 0.60414 0.41455 0.58702 0.40255 0.58181 0.40655 0.57009 0.40384 0.46641 0.39809 0.45322 0.38731 0.45373 0.38423 0.45964 0.38971 0.58625 0.37348 0.58508 0.36506 0.59316
7 0.43233 0.56505 0.44055 0.54929 0.44015 0.53393 0.43902 0.53205 0.43501 0.54377 0.42927 0.53059 0.42480 0.44237 0.42131 0.43292 0.41053 0.43342 0.40529 0.43943 0.41036 0.55069 0.41621 0.56772 0.43233 0.56505
6 1.00000 0.96161 0.99974 0.96155 0.99738 0.95397 0.99944 0.95003 0.99821 0.94432 0.99184 0.94846 0.99051 0.93891 0.98712 0.93330 0.98517 0.94109 0.98178 0.93548 0.97943 0.92790 0.98025 0.91825 0.97368 0.91471 0.96516 0.91895 0.95397 0.90409 0.94740 0.90055 0.89600 0.83374 0.87609 0.81545 0.87486 0.80973 0.86254 0.79301 0.85823 0.79321 0.85587 0.78563 0.84930 0.78209 0.84469 0.77077 0.82478 0.75247 0.80241 0.72276 0.79143 0.71558 0.78240 0.70062 0.77809 0.70082 0.77357 0.69334 0.76700 0.68980 0.73786 0.64887 0.71570 0.62683 0.71447 0.62113 0.69764 0.59692 0.69333 0.59712 0.68984 0.58767 0.68091 0.57655 0.68626 0.57438 0.68708 0.56473 0.69016 0.55882 0.69663 0.55852 0.69766 0.55655 0.69428 0.55094 0.68781 0.55124 0.68555 0.54750 0.64458 0.54941 0.64232 0.54566 0.63585 0.54596 0.63380 0.54991 0.59498 0.55171 0.59293 0.55565 0.58215 0.55615 0.57989 0.55241 0.57568 0.55645 0.56705 0.55686 0.56479 0.55312 0.55401 0.55362 0.55196 0.55756 0.54754 0.55392 0.53892 0.55432 0.53686 0.55826 0.51951 0.55522 0.51745 0.55916 0.48080 0.56087 0.47874 0.56481 0.47227 0.56511 0.47001 0.56137 0.46796 0.56531 0.44640 0.56631 0.43797 0.57439 0.42882 0.59596 0.42902 0.60364 0.42080 0.61941 0.42100 0.62709 0.39849 0.67427 0.38852 0.70549 0.34133 0.79995 0.33743 0.81551 0.32715 0.83521 0.32529 0.84683 0.27626 0.95291 0.27029 0.97242 0.26403 0.98040 0.25661 1.00000 0.50655 1.00000 1.00000 0.97705 1.00000 0.96161
6 0.10721 0.63976 0.19336 0.63191 0.19644 0.62600 0.19614 0.61448 0.20025 0.60660 0.20201 0.59114 0.09737 0.59408 0.09532 0.59802 0.06297 0.59953 0.06091 0.60346 0.00485 0.60607 0.00260 0.60234 0.00238 0.60237 0.00379 0.65612 0.00400 0.65609 0.00606 0.65215 0.07938 0.64874 0.08143 0.64480 0.10515 0.64370 0.10721 0.63976
6 0.68881 0.58964 0.69979 0.59682 0.70945 0.59445 0.72116 0.58813 0.72199 0.57848 0.72722 0.57247 0.73021 0.56272 0.72015 0.54973 0.71378 0.55388 0.70064 0.54680 0.67692 0.54790 0.67467 0.54416 0.66511 0.55037 0.66532 0.55805 0.68881 0.58964
6 1.00000 0.52575 0.97214 0.52648 0.97009 0.53042 0.91187 0.53313 0.90981 0.53707 0.85159 0.53978 0.84953 0.54371 0.75896 0.54793 0.75167 0.55788 0.75659 0.58072 0.76223 0.59007 0.76880 0.59361 0.78821 0.59270 0.79026 0.58876 0.82045 0.58736 0.82271 0.59110 0.84745 0.58803 0.90455 0.58345 0.90660 0.57951 0.97345 0.57640 0.97571 0.58014 1.00000 0.57792 1.00000 0.52575
4 0.76937 0.49170 0.76465 0.47654 0.75449 0.45971 0.74351 0.45254 0.72852 0.45707 0.71506 0.47885 0.71125 0.49825 0.71165 0.51361 0.71882 0.54018 0.72446 0.54954 0.73216 0.55494 0.73257 0.57030 0.72517 0.57641 0.72434 0.58606 0.72126 0.59197 0.71479 0.59227 0.71171 0.59818 0.71201 0.60970 0.71775 0.62289 0.73550 0.64129 0.74844 0.64069 0.75050 0.63675 0.75491 0.64039 0.76025 0.63821 0.76775 0.63595 0.77083 0.63004 0.77003 0.59932 0.76233 0.59391 0.75659 0.58072 0.74766 0.56960 0.74520 0.55818 0.74828 0.55227 0.75681 0.54803 0.76606 0.53030 0.76997 0.51474 0.76937 0.49170
7 0.36506 0.59316 0.36649 0.60655 0.36341 0.61246 0.36208 0.60291 0.36413 0.59897 0.35869 0.59730 0.35150 0.61109 0.35230 0.64181 0.35456 0.64555 0.35260 0.65333 0.36256 0.66248 0.40025 0.65881 0.41258 0.63516 0.41824 0.60414 0.41455 0.58702 0.40255 0.58181 0.40655 0.57009 0.40384 0.46641 0.39809 0.45322 0.38731 0.45373 0.38423 0.45964 0.38971 0.58625 0.37348 0.58508 0.36506 0.59316
7 0.43233 0.56505 0.44055 0.54929 0.44015 0.53393 0.43902 0.53205 0.43501 0.54377 0.42927 0.53059 0.42480 0.44237 0.42131 0.43292 0.41053 0.43342 0.40529 0.43943 0.41036 0.55069 0.41621 0.56772 0.43233 0.56505
6 1.00000 0.96161 0.99974 0.96155 0.99738 0.95397 0.99944 0.95003 0.99821 0.94432 0.99184 0.94846 0.99051 0.93891 0.98712 0.93330 0.98517 0.94109 0.98178 0.93548 0.97943 0.92790 0.98025 0.91825 0.97368 0.91471 0.96516 0.91895 0.95397 0.90409 0.94740 0.90055 0.89600 0.83374 0.87609 0.81545 0.87486 0.80973 0.86254 0.79301 0.85823 0.79321 0.85587 0.78563 0.84930 0.78209 0.84469 0.77077 0.82478 0.75247 0.80241 0.72276 0.79143 0.71558 0.78240 0.70062 0.77809 0.70082 0.77357 0.69334 0.76700 0.68980 0.73786 0.64887 0.71570 0.62683 0.71447 0.62113 0.69764 0.59692 0.69333 0.59712 0.68984 0.58767 0.68091 0.57655 0.68626 0.57438 0.68708 0.56473 0.69016 0.55882 0.69663 0.55852 0.69766 0.55655 0.69428 0.55094 0.68781 0.55124 0.68555 0.54750 0.64458 0.54941 0.64232 0.54566 0.63585 0.54596 0.63380 0.54991 0.59498 0.55171 0.59293 0.55565 0.58215 0.55615 0.57989 0.55241 0.57568 0.55645 0.56705 0.55686 0.56479 0.55312 0.55401 0.55362 0.55196 0.55756 0.54754 0.55392 0.53892 0.55432 0.53686 0.55826 0.51951 0.55522 0.51745 0.55916 0.48080 0.56087 0.47874 0.56481 0.47227 0.56511 0.47001 0.56137 0.46796 0.56531 0.44640 0.56631 0.43797 0.57439 0.42882 0.59596 0.42902 0.60364 0.42080 0.61941 0.42100 0.62709 0.39849 0.67427 0.38852 0.70549 0.34133 0.79995 0.33743 0.81551 0.32715 0.83521 0.32529 0.84683 0.27626 0.95291 0.27029 0.97242 0.26403 0.98040 0.25661 1.00000 0.50655 1.00000 1.00000 0.97705 1.00000 0.96161
6 0.10721 0.63976 0.19336 0.63191 0.19644 0.62600 0.19614 0.61448 0.20025 0.60660 0.20201 0.59114 0.09737 0.59408 0.09532 0.59802 0.06297 0.59953 0.06091 0.60346 0.00485 0.60607 0.00260 0.60234 0.00238 0.60237 0.00379 0.65612 0.00400 0.65609 0.00606 0.65215 0.07938 0.64874 0.08143 0.64480 0.10515 0.64370 0.10721 0.63976
6 0.68881 0.58964 0.69979 0.59682 0.70945 0.59445 0.72116 0.58813 0.72199 0.57848 0.72722 0.57247 0.73021 0.56272 0.72015 0.54973 0.71378 0.55388 0.70064 0.54680 0.67692 0.54790 0.67467 0.54416 0.66511 0.55037 0.66532 0.55805 0.68881 0.58964
6 1.00000 0.52575 0.97214 0.52648 0.97009 0.53042 0.91187 0.53313 0.90981 0.53707 0.85159 0.53978 0.84953 0.54371 0.75896 0.54793 0.75167 0.55788 0.75659 0.58072 0.76223 0.59007 0.76880 0.59361 0.78821 0.59270 0.79026 0.58876 0.82045 0.58736 0.82271 0.59110 0.84745 0.58803 0.90455 0.58345 0.90660 0.57951 0.97345 0.57640 0.97571 0.58014 1.00000 0.57792 1.00000 0.52575
