4 0.76752 0.38166 0.75322 0.36637 0.73875 0.36772 0.73087 0.37584 0.72076 0.40079 0.72230 0.43018 0.72721 0.44450 0.74283 0.46520 0.74134 0.47641 0.73421 0.47892 0.73385 0.49188 0.72277 0.49845 0.72222 0.50773 0.73710 0.53404 0.74575 0.54063 0.74875 0.53850 0.77449 0.53425 0.77879 0.51724 0.77802 0.50254 0.76598 0.49073 0.76259 0.48551 0.76107 0.47642 0.75355 0.47158 0.75316 0.46423 0.76198 0.45418 0.77397 0.42537 0.77243 0.39597 0.76752 0.38166
7 0.43535 0.42368 0.43309 0.42019 0.43003 0.38170 0.41556 0.38305 0.41275 0.38885 0.41540 0.39968 0.42229 0.49136 0.42587 0.50026 0.42887 0.49813 0.43882 0.48982 0.43535 0.42368
7 0.46905 0.47223 0.46789 0.45018 0.45549 0.45134 0.44899 0.36702 0.44560 0.36179 0.43733 0.36256 0.43058 0.37242 0.43116 0.38345 0.43342 0.38693 0.44050 0.48228 0.46324 0.48016 0.46905 0.47223
6 1.00000 0.83190 0.96670 0.79330 0.96031 0.79020 0.94675 0.76931 0.94036 0.76621 0.92248 0.74203 0.91608 0.73893 0.90704 0.72500 0.88296 0.70140 0.84079 0.64994 0.76835 0.57545 0.75046 0.55126 0.73748 0.54139 0.71734 0.51373 0.69667 0.51565 0.69328 0.51043 0.70042 0.50792 0.70116 0.50231 0.69590 0.50095 0.69251 0.49573 0.69438 0.49186 0.68948 0.47755 0.69135 0.47368 0.68945 0.45724 0.64191 0.46167 0.64004 0.46554 0.53050 0.47574 0.52863 0.47961 0.50589 0.48173 0.50363 0.47824 0.49763 0.48250 0.49330 0.47921 0.49143 0.48307 0.47696 0.48442 0.46494 0.49293 0.45728 0.52503 0.44623 0.55191 0.44494 0.56680 0.40055 0.67063 0.39906 0.68185 0.38781 0.70505 0.38090 0.73155 0.35692 0.78917 0.35169 0.80812 0.34419 0.82359 0.34270 0.83481 0.33333 0.85414 0.32267 0.88837 0.31330 0.90771 0.30994 0.92279 0.28018 1.00000 0.51311 1.00000 1.00000 0.95465 1.00000 0.83190
6 0.70340 0.48548 0.70623 0.49999 0.71243 0.49941 0.71470 0.50290 0.71977 0.50058 0.72877 0.49420 0.73159 0.48840 0.73120 0.48105 0.73889 0.46925 0.73737 0.46016 0.73305 0.45687 0.72271 0.45784 0.72045 0.45436 0.67818 0.46014 0.69080 0.48296 0.69945 0.48955 0.70340 0.48548
6 0.92055 0.42833 0.91867 0.43220 0.86287 0.43740 0.86099 0.44127 0.78039 0.44877 0.77852 0.45264 0.76198 0.45418 0.75917 0.45998 0.75975 0.47100 0.76427 0.47797 0.76465 0.48532 0.77237 0.49383 0.88905 0.48112 0.90032 0.47822 0.90219 0.47436 0.96833 0.46820 0.97059 0.47168 0.97660 0.46743 0.97886 0.47091 0.98919 0.46995 0.99106 0.46608 0.99940 0.46530 0.99692 0.41815 0.96789 0.42023 0.96601 0.42410 0.93915 0.42660 0.93727 0.43047 0.93501 0.42698 0.92055 0.42833
6 0.14523 0.57440 0.14710 0.57054 0.23991 0.55820 0.24179 0.55433 0.25419 0.55318 0.25700 0.54737 0.25642 0.53635 0.26017 0.52862 0.25959 0.51759 0.22539 0.51893 0.22352 0.52280 0.16358 0.52838 0.16171 0.53225 0.00145 0.55080 0.00275 0.57561 0.01557 0.57725 0.00298 0.57993 0.00386 0.59680 0.00620 0.59659 0.06708 0.58907 0.06895 0.58520 0.12475 0.58000 0.12663 0.57614 0.14523 0.57440
4 0.76752 0.38166 0.75322 0.36637 0.73875 0.36772 0.73087 0.37584 0.72076 0.40079 0.72230 0.43018 0.72721 0.44450 0.74283 0.46520 0.74134 0.47641 0.73421 0.47892 0.73385 0.49188 0.72277 0.49845 0.72222 0.50773 0.73710 0.53404 0.74575 0.54063 0.74875 0.53850 0.77449 0.53425 0.77879 0.51724 0.77802 0.50254 0.76598 0.49073 0.76259 0.48551 0.76107 0.47642 0.75355 0.47158 0.75316 0.46423 0.76198 0.45418 0.77397 0.42537 0.77243 0.39597 0.76752 0.38166
7 0.43535 0.42368 0.43309 0.42019 0.43003 0.38170 0.41556 0.38305 0.41275 0.38885 0.41540 0.39968 0.42229 0.49136 0.42587 0.50026 0.42887 0.49813 0.43882 0.48982 0.43535 0.42368
7 0.46905 0.47223 0.46789 0.45018 0.45549 0.45134 0.44899 0.36702 0.44560 0.36179 0.43733 0.36256 0.43058 0.37242 0.43116 0.38345 0.43342 0.38693 0.44050 0.48228 0.46324 0.48016 0.46905 0.47223
6 1.00000 0.83190 0.96670 0.79330 0.96031 0.79020 0.94675 0.76931 0.94036 0.76621 0.92248 0.74203 0.91608 0.73893 0.90704 0.72500 0.88296 0.70140 0.84079 0.64994 0.76835 0.57545 0.75046 0.55126 0.73748 0.54139 0.71734 0.51373 0.69667 0.51565 0.69328 0.51043 0.70042 0.50792 0.70116 0.50231 0.69590 0.50095 0.69251 0.49573 0.69438 0.49186 0.68948 0.47755 0.69135 0.47368 0.68945 0.45724 0.64191 0.46167 0.64004 0.46554 0.53050 0.47574 0.52863 0.47961 0.50589 0.48173 0.50363 0.47824 0.49763 0.48250 0.49330 0.47921 0.49143 0.48307 0.47696 0.48442 0.46494 0.49293 0.45728 0.52503 0.44623 0.55191 0.44494 0.56680 0.40055 0.67063 0.39906 0.68185 0.38781 0.70505 0.38090 0.73155 0.35692 0.78917 0.35169 0.80812 0.34419 0.82359 0.34270 0.83481 0.33333 0.85414 0.32267 0.88837 0.31330 0.90771 0.30994 0.92279 0.28018 1.00000 0.51311 1.00000 1.00000 0.95465 1.00000 0.83190
6 0.70340 0.48548 0.70623 0.49999 0.71243 0.49941 0.71470 0.50290 0.71977 0.50058 0.72877 0.49420 0.73159 0.48840 0.73120 0.48105 0.73889 0.46925 0.73737 0.46016 0.73305 0.45687 0.72271 0.45784 0.72045 0.45436 0.67818 0.46014 0.69080 0.48296 0.69945 0.48955 0.70340 0.48548
6 0.92055 0.42833 0.91867 0.43220 0.86287 0.43740 0.86099 0.44127 0.78039 0.44877 0.77852 0.45264 0.76198 0.45418 0.75917 0.45998 0.75975 0.47100 0.76427 0.47797 0.76465 0.48532 0.77237 0.49383 0.88905 0.48112 0.90032 0.47822 0.90219 0.47436 0.96833 0.46820 0.97059 0.47168 0.97660 0.46743 0.97886 0.47091 0.98919 0.46995 0.99106 0.46608 0.99940 0.46530 0.99692 0.41815 0.96789 0.42023 0.96601 0.42410 0.93915 0.42660 0.93727 0.43047 0.93501 0.42698 0.92055 0.42833
6 0.14523 0.57440 0.14710 0.57054 0.23991 0.55820 0.24179 0.55433 0.25419 0.55318 0.25700 0.54737 0.25642 0.53635 0.26017 0.52862 0.25959 0.51759 0.22539 0.51893 0.22352 0.52280 0.16358 0.52838 0.16171 0.53225 0.00145 0.55080 0.00275 0.57561 0.01557 0.57725 0.00298 0.57993 0.00386 0.59680 0.00620 0.59659 0.06708 0.58907 0.06895 0.58520 0.12475 0.58000 0.12663 0.57614 0.14523 0.57440
4 0.76752 0.38166 0.75322 0.36637 0.73875 0.36772 0.73087 0.37584 0.72076 0.40079 0.72230 0.43018 0.72721 0.44450 0.74283 0.46520 0.74134 0.47641 0.73421 0.47892 0.73385 0.49188 0.72277 0.49845 0.72222 0.50773 0.73710 0.53404 0.74575 0.54063 0.74875 0.53850 0.77449 0.53425 0.77879 0.51724 0.77802 0.50254 0.76598 0.49073 0.76259 0.48551 0.76107 0.47642 0.75355 0.47158 0.75316 0.46423 0.76198 0.45418 0.77397 0.42537 0.77243 0.39597 0.76752 0.38166
7 0.43535 0.42368 0.43309 0.42019 0.43003 0.38170 0.41556 0.38305 0.41275 0.38885 0.41540 0.39968 0.42229 0.49136 0.42587 0.50026 0.42887 0.49813 0.43882 0.48982 0.43535 0.42368
7 0.46905 0.47223 0.46789 0.45018 0.45549 0.45134 0.44899 0.36702 0.44560 0.36179 0.43733 0.36256 0.43058 0.37242 0.43116 0.38345 0.43342 0.38693 0.44050 0.48228 0.46324 0.48016 0.46905 0.47223
6 1.00000 0.83190 0.96670 0.79330 0.96031 0.79020 0.94675 0.76931 0.94036 0.76621 0.92248 0.74203 0.91608 0.73893 0.90704 0.72500 0.88296 0.70140 0.84079 0.64994 0.76835 0.57545 0.75046 0.55126 0.73748 0.54139 0.71734 0.51373 0.69667 0.51565 0.69328 0.51043 0.70042 0.50792 0.70116 0.50231 0.69590 0.50095 0.69251 0.49573 0.69438 0.49186 0.68948 0.47755 0.69135 0.47368 0.68945 0.45724 0.64191 0.46167 0.64004 0.46554 0.53050 0.47574 0.52863 0.47961 0.50589 0.48173 0.50363 0.47824 0.49763 0.48250 0.49330 0.47921 0.49143 0.48307 0.47696 0.48442 0.46494 0.49293 0.45728 0.52503 0.44623 0.55191 0.44494 0.56680 0.40055 0.67063 0.39906 0.68185 0.38781 0.70505 0.38090 0.73155 0.35692 0.78917 0.35169 0.80812 0.34419 0.82359 0.34270 0.83481 0.33333 0.85414 0.32267 0.88837 0.31330 0.90771 0.30994 0.92279 0.28018 1.00000 0.51311 1.00000 1.00000 0.95465 1.00000 0.83190
6 0.70340 0.48548 0.70623 0.49999 0.71243 0.49941 0.71470 0.50290 0.71977 0.50058 0.72877 0.49420 0.73159 0.48840 0.73120 0.48105 0.73889 0.46925 0.73737 0.46016 0.73305 0.45687 0.72271 0.45784 0.72045 0.45436 0.67818 0.46014 0.69080 0.48296 0.69945 0.48955 0.70340 0.48548
6 0.92055 0.42833 0.91867 0.43220 0.86287 0.43740 0.86099 0.44127 0.78039 0.44877 0.77852 0.45264 0.76198 0.45418 0.75917 0.45998 0.75975 0.47100 0.76427 0.47797 0.76465 0.48532 0.77237 0.49383 0.88905 0.48112 0.90032 0.47822 0.90219 0.47436 0.96833 0.46820 0.97059 0.47168 0.97660 0.46743 0.97886 0.47091 0.98919 0.46995 0.99106 0.46608 0.99940 0.46530 0.99692 0.41815 0.96789 0.42023 0.96601 0.42410 0.93915 0.42660 0.93727 0.43047 0.93501 0.42698 0.92055 0.42833
6 0.14523 0.57440 0.14710 0.57054 0.23991 0.55820 0.24179 0.55433 0.25419 0.55318 0.25700 0.54737 0.25642 0.53635 0.26017 0.52862 0.25959 0.51759 0.22539 0.51893 0.22352 0.52280 0.16358 0.52838 0.16171 0.53225 0.00145 0.55080 0.00275 0.57561 0.01557 0.57725 0.00298 0.57993 0.00386 0.59680 0.00620 0.59659 0.06708 0.58907 0.06895 0.58520 0.12475 0.58000 0.12663 0.57614 0.14523 0.57440
