6 0.03670 0.00000 0.00714 0.37461 0.20085 0.53379 0.23659 0.69343 0.00000 0.91483 0.00000 0.93275 0.48033 1.00000 0.96330 1.00000 1.00000 0.53491 1.00000 0.36884 0.89593 0.28646 0.73638 0.20472 0.53974 0.15903 0.13847 0.00000 0.03670 0.00000
5 0.32070 0.00000 0.32080 0.00929 0.31001 0.02123 0.31191 0.03562 0.28838 0.03637 0.28637 0.05223 0.32992 0.07112 0.37016 0.05522 0.36928 0.03289 0.34857 0.02663 0.34678 0.00620 0.33555 0.00462 0.33531 0.00000 0.32070 0.00000
6 0.03670 0.00000 0.00714 0.37461 0.20085 0.53379 0.23659 0.69343 0.00000 0.91483 0.00000 0.93275 0.48033 1.00000 0.96330 1.00000 1.00000 0.53491 1.00000 0.36884 0.89593 0.28646 0.73638 0.20472 0.53974 0.15903 0.13847 0.00000 0.03670 0.00000
5 0.32070 0.00000 0.32080 0.00929 0.31001 0.02123 0.31191 0.03562 0.28838 0.03637 0.28637 0.05223 0.32992 0.07112 0.37016 0.05522 0.36928 0.03289 0.34857 0.02663 0.34678 0.00620 0.33555 0.00462 0.33531 0.00000 0.32070 0.00000
6 0.03670 0.00000 0.00714 0.37461 0.20085 0.53379 0.23659 0.69343 0.00000 0.91483 0.00000 0.93275 0.48033 1.00000 0.96330 1.00000 1.00000 0.53491 1.00000 0.36884 0.89593 0.28646 0.73638 0.20472 0.53974 0.15903 0.13847 0.00000 0.03670 0.00000
5 0.32070 0.00000 0.32080 0.00929 0.31001 0.02123 0.31191 0.03562 0.28838 0.03637 0.28637 0.05223 0.32992 0.07112 0.37016 0.05522 0.36928 0.03289 0.34857 0.02663 0.34678 0.00620 0.33555 0.00462 0.33531 0.00000 0.32070 0.00000
6 0.03670 0.00000 0.00714 0.37461 0.20085 0.53379 0.23659 0.69343 0.00000 0.91483 0.00000 0.93275 0.48033 1.00000 0.96330 1.00000 1.00000 0.53491 1.00000 0.36884 0.89593 0.28646 0.73638 0.20472 0.53974 0.15903 0.13847 0.00000 0.03670 0.00000
5 0.32070 0.00000 0.32080 0.00929 0.31001 0.02123 0.31191 0.03562 0.28838 0.03637 0.28637 0.05223 0.32992 0.07112 0.37016 0.05522 0.36928 0.03289 0.34857 0.02663 0.34678 0.00620 0.33555 0.00462 0.33531 0.00000 0.32070 0.00000
6 0.03670 0.00000 0.00714 0.37461 0.20085 0.53379 0.23659 0.69343 0.00000 0.91483 0.00000 0.93275 0.48033 1.00000 0.96330 1.00000 1.00000 0.53491 1.00000 0.36884 0.89593 0.28646 0.73638 0.20472 0.53974 0.15903 0.13847 0.00000 0.03670 0.00000
5 0.32070 0.00000 0.32080 0.00929 0.31001 0.02123 0.31191 0.03562 0.28838 0.03637 0.28637 0.05223 0.32992 0.07112 0.37016 0.05522 0.36928 0.03289 0.34857 0.02663 0.34678 0.00620 0.33555 0.00462 0.33531 0.00000 0.32070 0.00000
6 0.03670 0.00000 0.00714 0.37461 0.20085 0.53379 0.23659 0.69343 0.00000 0.91483 0.00000 0.93275 0.48033 1.00000 0.96330 1.00000 1.00000 0.53491 1.00000 0.36884 0.89593 0.28646 0.73638 0.20472 0.53974 0.15903 0.13847 0.00000 0.03670 0.00000
5 0.32070 0.00000 0.32080 0.00929 0.31001 0.02123 0.31191 0.03562 0.28838 0.03637 0.28637 0.05223 0.32992 0.07112 0.37016 0.05522 0.36928 0.03289 0.34857 0.02663 0.34678 0.00620 0.33555 0.00462 0.33531 0.00000 0.32070 0.00000
