6 0.52954 1.00000 0.64365 0.97593 0.60413 0.94264 0.58901 0.93500 0.57306 0.92032 0.56909 0.92116 0.55752 0.90916 0.54678 0.90421 0.52644 0.88685 0.50694 0.87653 0.47982 0.85337 0.44916 0.83458 0.43080 0.81680 0.41130 0.80648 0.37543 0.77795 0.34717 0.76226 0.31567 0.73643 0.30253 0.72837 0.29857 0.72921 0.29377 0.72300 0.28741 0.72073 0.26384 0.69323 0.25987 0.69406 0.23714 0.67359 0.23318 0.67443 0.22004 0.66638 0.20408 0.65170 0.19178 0.65068 0.18458 0.64138 0.17384 0.63642 0.15788 0.62174 0.14516 0.61721 0.12920 0.60253 0.11294 0.60235 0.11054 0.59925 0.09667 0.60218 0.09427 0.59907 0.04872 0.60868 0.04632 0.60558 0.00747 0.61523 0.05322 1.00000 0.52954 1.00000
1 0.44988 0.69548 0.46639 0.67214 0.47529 0.63598 0.47027 0.59373 0.46140 0.57034 0.44820 0.55327 0.43506 0.54522 0.42119 0.54814 0.41213 0.55728 0.39927 0.59427 0.39710 0.62721 0.39877 0.64130 0.40848 0.67173 0.42408 0.69190 0.42804 0.69106 0.43404 0.69882 0.43247 0.70276 0.43582 0.73093 0.42754 0.73809 0.42363 0.74793 0.42369 0.75695 0.40628 0.76423 0.40394 0.77013 0.40561 0.78422 0.43195 0.80934 0.43633 0.81202 0.44305 0.80880 0.48105 0.79537 0.48261 0.79143 0.48855 0.79018 0.49402 0.77639 0.49234 0.76231 0.47560 0.74960 0.47164 0.75044 0.46637 0.73170 0.46277 0.72705 0.45683 0.72830 0.45323 0.72364 0.44988 0.69548
7 0.19334 0.64674 0.22383 0.63851 0.22653 0.62711 0.22570 0.62007 0.22210 0.61541 0.21855 0.61977 0.20901 0.61637 0.19729 0.51779 0.18775 0.51439 0.18343 0.52071 0.19431 0.61225 0.18963 0.62407 0.18974 0.64209 0.19334 0.64674
6 0.52954 1.00000 0.64365 0.97593 0.60413 0.94264 0.58901 0.93500 0.57306 0.92032 0.56909 0.92116 0.55752 0.90916 0.54678 0.90421 0.52644 0.88685 0.50694 0.87653 0.47982 0.85337 0.44916 0.83458 0.43080 0.81680 0.41130 0.80648 0.37543 0.77795 0.34717 0.76226 0.31567 0.73643 0.30253 0.72837 0.29857 0.72921 0.29377 0.72300 0.28741 0.72073 0.26384 0.69323 0.25987 0.69406 0.23714 0.67359 0.23318 0.67443 0.22004 0.66638 0.20408 0.65170 0.19178 0.65068 0.18458 0.64138 0.17384 0.63642 0.15788 0.62174 0.14516 0.61721 0.12920 0.60253 0.11294 0.60235 0.11054 0.59925 0.09667 0.60218 0.09427 0.59907 0.04872 0.60868 0.04632 0.60558 0.00747 0.61523 0.05322 1.00000 0.52954 1.00000
1 0.44988 0.69548 0.46639 0.67214 0.47529 0.63598 0.47027 0.59373 0.46140 0.57034 0.44820 0.55327 0.43506 0.54522 0.42119 0.54814 0.41213 0.55728 0.39927 0.59427 0.39710 0.62721 0.39877 0.64130 0.40848 0.67173 0.42408 0.69190 0.42804 0.69106 0.43404 0.69882 0.43247 0.70276 0.43582 0.73093 0.42754 0.73809 0.42363 0.74793 0.42369 0.75695 0.40628 0.76423 0.40394 0.77013 0.40561 0.78422 0.43195 0.80934 0.43633 0.81202 0.44305 0.80880 0.48105 0.79537 0.48261 0.79143 0.48855 0.79018 0.49402 0.77639 0.49234 0.76231 0.47560 0.74960 0.47164 0.75044 0.46637 0.73170 0.46277 0.72705 0.45683 0.72830 0.45323 0.72364 0.44988 0.69548
7 0.19334 0.64674 0.22383 0.63851 0.22653 0.62711 0.22570 0.62007 0.22210 0.61541 0.21855 0.61977 0.20901 0.61637 0.19729 0.51779 0.18775 0.51439 0.18343 0.52071 0.19431 0.61225 0.18963 0.62407 0.18974 0.64209 0.19334 0.64674
6 0.52954 1.00000 0.64365 0.97593 0.60413 0.94264 0.58901 0.93500 0.57306 0.92032 0.56909 0.92116 0.55752 0.90916 0.54678 0.90421 0.52644 0.88685 0.50694 0.87653 0.47982 0.85337 0.44916 0.83458 0.43080 0.81680 0.41130 0.80648 0.37543 0.77795 0.34717 0.76226 0.31567 0.73643 0.30253 0.72837 0.29857 0.72921 0.29377 0.72300 0.28741 0.72073 0.26384 0.69323 0.25987 0.69406 0.23714 0.67359 0.23318 0.67443 0.22004 0.66638 0.20408 0.65170 0.19178 0.65068 0.18458 0.64138 0.17384 0.63642 0.15788 0.62174 0.14516 0.61721 0.12920 0.60253 0.11294 0.60235 0.11054 0.59925 0.09667 0.60218 0.09427 0.59907 0.04872 0.60868 0.04632 0.60558 0.00747 0.61523 0.05322 1.00000 0.52954 1.00000
1 0.44988 0.69548 0.46639 0.67214 0.47529 0.63598 0.47027 0.59373 0.46140 0.57034 0.44820 0.55327 0.43506 0.54522 0.42119 0.54814 0.41213 0.55728 0.39927 0.59427 0.39710 0.62721 0.39877 0.64130 0.40848 0.67173 0.42408 0.69190 0.42804 0.69106 0.43404 0.69882 0.43247 0.70276 0.43582 0.73093 0.42754 0.73809 0.42363 0.74793 0.42369 0.75695 0.40628 0.76423 0.40394 0.77013 0.40561 0.78422 0.43195 0.80934 0.43633 0.81202 0.44305 0.80880 0.48105 0.79537 0.48261 0.79143 0.48855 0.79018 0.49402 0.77639 0.49234 0.76231 0.47560 0.74960 0.47164 0.75044 0.46637 0.73170 0.46277 0.72705 0.45683 0.72830 0.45323 0.72364 0.44988 0.69548
7 0.19334 0.64674 0.22383 0.63851 0.22653 0.62711 0.22570 0.62007 0.22210 0.61541 0.21855 0.61977 0.20901 0.61637 0.19729 0.51779 0.18775 0.51439 0.18343 0.52071 0.19431 0.61225 0.18963 0.62407 0.18974 0.64209 0.19334 0.64674
6 0.52954 1.00000 0.64365 0.97593 0.60413 0.94264 0.58901 0.93500 0.57306 0.92032 0.56909 0.92116 0.55752 0.90916 0.54678 0.90421 0.52644 0.88685 0.50694 0.87653 0.47982 0.85337 0.44916 0.83458 0.43080 0.81680 0.41130 0.80648 0.37543 0.77795 0.34717 0.76226 0.31567 0.73643 0.30253 0.72837 0.29857 0.72921 0.29377 0.72300 0.28741 0.72073 0.26384 0.69323 0.25987 0.69406 0.23714 0.67359 0.23318 0.67443 0.22004 0.66638 0.20408 0.65170 0.19178 0.65068 0.18458 0.64138 0.17384 0.63642 0.15788 0.62174 0.14516 0.61721 0.12920 0.60253 0.11294 0.60235 0.11054 0.59925 0.09667 0.60218 0.09427 0.59907 0.04872 0.60868 0.04632 0.60558 0.00747 0.61523 0.05322 1.00000 0.52954 1.00000
1 0.44988 0.69548 0.46639 0.67214 0.47529 0.63598 0.47027 0.59373 0.46140 0.57034 0.44820 0.55327 0.43506 0.54522 0.42119 0.54814 0.41213 0.55728 0.39927 0.59427 0.39710 0.62721 0.39877 0.64130 0.40848 0.67173 0.42408 0.69190 0.42804 0.69106 0.43404 0.69882 0.43247 0.70276 0.43582 0.73093 0.42754 0.73809 0.42363 0.74793 0.42369 0.75695 0.40628 0.76423 0.40394 0.77013 0.40561 0.78422 0.43195 0.80934 0.43633 0.81202 0.44305 0.80880 0.48105 0.79537 0.48261 0.79143 0.48855 0.79018 0.49402 0.77639 0.49234 0.76231 0.47560 0.74960 0.47164 0.75044 0.46637 0.73170 0.46277 0.72705 0.45683 0.72830 0.45323 0.72364 0.44988 0.69548
7 0.19334 0.64674 0.22383 0.63851 0.22653 0.62711 0.22570 0.62007 0.22210 0.61541 0.21855 0.61977 0.20901 0.61637 0.19729 0.51779 0.18775 0.51439 0.18343 0.52071 0.19431 0.61225 0.18963 0.62407 0.18974 0.64209 0.19334 0.64674
6 0.52954 1.00000 0.64365 0.97593 0.60413 0.94264 0.58901 0.93500 0.57306 0.92032 0.56909 0.92116 0.55752 0.90916 0.54678 0.90421 0.52644 0.88685 0.50694 0.87653 0.47982 0.85337 0.44916 0.83458 0.43080 0.81680 0.41130 0.80648 0.37543 0.77795 0.34717 0.76226 0.31567 0.73643 0.30253 0.72837 0.29857 0.72921 0.29377 0.72300 0.28741 0.72073 0.26384 0.69323 0.25987 0.69406 0.23714 0.67359 0.23318 0.67443 0.22004 0.66638 0.20408 0.65170 0.19178 0.65068 0.18458 0.64138 0.17384 0.63642 0.15788 0.62174 0.14516 0.61721 0.12920 0.60253 0.11294 0.60235 0.11054 0.59925 0.09667 0.60218 0.09427 0.59907 0.04872 0.60868 0.04632 0.60558 0.00747 0.61523 0.05322 1.00000 0.52954 1.00000
1 0.44988 0.69548 0.46639 0.67214 0.47529 0.63598 0.47027 0.59373 0.46140 0.57034 0.44820 0.55327 0.43506 0.54522 0.42119 0.54814 0.41213 0.55728 0.39927 0.59427 0.39710 0.62721 0.39877 0.64130 0.40848 0.67173 0.42408 0.69190 0.42804 0.69106 0.43404 0.69882 0.43247 0.70276 0.43582 0.73093 0.42754 0.73809 0.42363 0.74793 0.42369 0.75695 0.40628 0.76423 0.40394 0.77013 0.40561 0.78422 0.43195 0.80934 0.43633 0.81202 0.44305 0.80880 0.48105 0.79537 0.48261 0.79143 0.48855 0.79018 0.49402 0.77639 0.49234 0.76231 0.47560 0.74960 0.47164 0.75044 0.46637 0.73170 0.46277 0.72705 0.45683 0.72830 0.45323 0.72364 0.44988 0.69548
7 0.19334 0.64674 0.22383 0.63851 0.22653 0.62711 0.22570 0.62007 0.22210 0.61541 0.21855 0.61977 0.20901 0.61637 0.19729 0.51779 0.18775 0.51439 0.18343 0.52071 0.19431 0.61225 0.18963 0.62407 0.18974 0.64209 0.19334 0.64674
6 0.52954 1.00000 0.64365 0.97593 0.60413 0.94264 0.58901 0.93500 0.57306 0.92032 0.56909 0.92116 0.55752 0.90916 0.54678 0.90421 0.52644 0.88685 0.50694 0.87653 0.47982 0.85337 0.44916 0.83458 0.43080 0.81680 0.41130 0.80648 0.37543 0.77795 0.34717 0.76226 0.31567 0.73643 0.30253 0.72837 0.29857 0.72921 0.29377 0.72300 0.28741 0.72073 0.26384 0.69323 0.25987 0.69406 0.23714 0.67359 0.23318 0.67443 0.22004 0.66638 0.20408 0.65170 0.19178 0.65068 0.18458 0.64138 0.17384 0.63642 0.15788 0.62174 0.14516 0.61721 0.12920 0.60253 0.11294 0.60235 0.11054 0.59925 0.09667 0.60218 0.09427 0.59907 0.04872 0.60868 0.04632 0.60558 0.00747 0.61523 0.05322 1.00000 0.52954 1.00000
1 0.44988 0.69548 0.46639 0.67214 0.47529 0.63598 0.47027 0.59373 0.46140 0.57034 0.44820 0.55327 0.43506 0.54522 0.42119 0.54814 0.41213 0.55728 0.39927 0.59427 0.39710 0.62721 0.39877 0.64130 0.40848 0.67173 0.42408 0.69190 0.42804 0.69106 0.43404 0.69882 0.43247 0.70276 0.43582 0.73093 0.42754 0.73809 0.42363 0.74793 0.42369 0.75695 0.40628 0.76423 0.40394 0.77013 0.40561 0.78422 0.43195 0.80934 0.43633 0.81202 0.44305 0.80880 0.48105 0.79537 0.48261 0.79143 0.48855 0.79018 0.49402 0.77639 0.49234 0.76231 0.47560 0.74960 0.47164 0.75044 0.46637 0.73170 0.46277 0.72705 0.45683 0.72830 0.45323 0.72364 0.44988 0.69548
7 0.19334 0.64674 0.22383 0.63851 0.22653 0.62711 0.22570 0.62007 0.22210 0.61541 0.21855 0.61977 0.20901 0.61637 0.19729 0.51779 0.18775 0.51439 0.18343 0.52071 0.19431 0.61225 0.18963 0.62407 0.18974 0.64209 0.19334 0.64674
