2 0.80126 0.34552 0.79577 0.34046 0.78538 0.34143 0.77892 0.31788 0.78490 0.27275 0.79524 0.23093 0.80422 0.16323 0.80325 0.14475 0.79776 0.13969 0.77698 0.14162 0.77509 0.14551 0.75431 0.14745 0.75243 0.15134 0.71729 0.15832 0.70634 0.16863 0.70939 0.18692 0.72322 0.21163 0.72588 0.22253 0.75925 0.30114 0.76196 0.35289 0.75271 0.35561 0.74800 0.36534 0.75104 0.38363 0.74822 0.38946 0.72971 0.39490 0.72688 0.40074 0.72746 0.41183 0.73314 0.42058 0.73730 0.42020 0.75035 0.43012 0.75717 0.44063 0.76152 0.44394 0.76662 0.44161 0.77283 0.42060 0.80381 0.41400 0.81589 0.40545 0.82004 0.40506 0.83160 0.42627 0.83650 0.42024 0.83384 0.40935 0.83742 0.39787 0.83645 0.37939 0.82038 0.37160 0.80563 0.36926 0.80126 0.34552
6 1.00000 0.71631 0.88224 0.58871 0.73793 0.43871 0.62690 0.31285 0.58097 0.26017 0.50863 0.23472 0.44840 0.22795 0.35709 0.23893 0.27838 0.25121 0.18896 0.27192 0.11010 0.36099 0.20934 0.34184 0.24965 0.34056 0.25974 0.34705 0.26190 0.36171 0.25098 0.39244 0.22001 0.49191 0.06938 1.00000 0.51311 1.00000 1.00000 0.95465 1.00000 0.71631
2 0.80126 0.34552 0.79577 0.34046 0.78538 0.34143 0.77892 0.31788 0.78490 0.27275 0.79524 0.23093 0.80422 0.16323 0.80325 0.14475 0.79776 0.13969 0.77698 0.14162 0.77509 0.14551 0.75431 0.14745 0.75243 0.15134 0.71729 0.15832 0.70634 0.16863 0.70939 0.18692 0.72322 0.21163 0.72588 0.22253 0.75925 0.30114 0.76196 0.35289 0.75271 0.35561 0.74800 0.36534 0.75104 0.38363 0.74822 0.38946 0.72971 0.39490 0.72688 0.40074 0.72746 0.41183 0.73314 0.42058 0.73730 0.42020 0.75035 0.43012 0.75717 0.44063 0.76152 0.44394 0.76662 0.44161 0.77283 0.42060 0.80381 0.41400 0.81589 0.40545 0.82004 0.40506 0.83160 0.42627 0.83650 0.42024 0.83384 0.40935 0.83742 0.39787 0.83645 0.37939 0.82038 0.37160 0.80563 0.36926 0.80126 0.34552
6 1.00000 0.71631 0.88224 0.58871 0.73793 0.43871 0.62690 0.31285 0.58097 0.26017 0.50863 0.23472 0.44840 0.22795 0.35709 0.23893 0.27838 0.25121 0.18896 0.27192 0.11010 0.36099 0.20934 0.34184 0.24965 0.34056 0.25974 0.34705 0.26190 0.36171 0.25098 0.39244 0.22001 0.49191 0.06938 1.00000 0.51311 1.00000 1.00000 0.95465 1.00000 0.71631
2 0.80126 0.34552 0.79577 0.34046 0.78538 0.34143 0.77892 0.31788 0.78490 0.27275 0.79524 0.23093 0.80422 0.16323 0.80325 0.14475 0.79776 0.13969 0.77698 0.14162 0.77509 0.14551 0.75431 0.14745 0.75243 0.15134 0.71729 0.15832 0.70634 0.16863 0.70939 0.18692 0.72322 0.21163 0.72588 0.22253 0.75925 0.30114 0.76196 0.35289 0.75271 0.35561 0.74800 0.36534 0.75104 0.38363 0.74822 0.38946 0.72971 0.39490 0.72688 0.40074 0.72746 0.41183 0.73314 0.42058 0.73730 0.42020 0.75035 0.43012 0.75717 0.44063 0.76152 0.44394 0.76662 0.44161 0.77283 0.42060 0.80381 0.41400 0.81589 0.40545 0.82004 0.40506 0.83160 0.42627 0.83650 0.42024 0.83384 0.40935 0.83742 0.39787 0.83645 0.37939 0.82038 0.37160 0.80563 0.36926 0.80126 0.34552
6 1.00000 0.71631 0.88224 0.58871 0.73793 0.43871 0.62690 0.31285 0.58097 0.26017 0.50863 0.23472 0.44840 0.22795 0.35709 0.23893 0.27838 0.25121 0.18896 0.27192 0.11010 0.36099 0.20934 0.34184 0.24965 0.34056 0.25974 0.34705 0.26190 0.36171 0.25098 0.39244 0.22001 0.49191 0.06938 1.00000 0.51311 1.00000 1.00000 0.95465 1.00000 0.71631
2 0.80126 0.34552 0.79577 0.34046 0.78538 0.34143 0.77892 0.31788 0.78490 0.27275 0.79524 0.23093 0.80422 0.16323 0.80325 0.14475 0.79776 0.13969 0.77698 0.14162 0.77509 0.14551 0.75431 0.14745 0.75243 0.15134 0.71729 0.15832 0.70634 0.16863 0.70939 0.18692 0.72322 0.21163 0.72588 0.22253 0.75925 0.30114 0.76196 0.35289 0.75271 0.35561 0.74800 0.36534 0.75104 0.38363 0.74822 0.38946 0.72971 0.39490 0.72688 0.40074 0.72746 0.41183 0.73314 0.42058 0.73730 0.42020 0.75035 0.43012 0.75717 0.44063 0.76152 0.44394 0.76662 0.44161 0.77283 0.42060 0.80381 0.41400 0.81589 0.40545 0.82004 0.40506 0.83160 0.42627 0.83650 0.42024 0.83384 0.40935 0.83742 0.39787 0.83645 0.37939 0.82038 0.37160 0.80563 0.36926 0.80126 0.34552
6 1.00000 0.71631 0.88224 0.58871 0.73793 0.43871 0.62690 0.31285 0.58097 0.26017 0.50863 0.23472 0.44840 0.22795 0.35709 0.23893 0.27838 0.25121 0.18896 0.27192 0.11010 0.36099 0.20934 0.34184 0.24965 0.34056 0.25974 0.34705 0.26190 0.36171 0.25098 0.39244 0.22001 0.49191 0.06938 1.00000 0.51311 1.00000 1.00000 0.95465 1.00000 0.71631
2 0.80126 0.34552 0.79577 0.34046 0.78538 0.34143 0.77892 0.31788 0.78490 0.27275 0.79524 0.23093 0.80422 0.16323 0.80325 0.14475 0.79776 0.13969 0.77698 0.14162 0.77509 0.14551 0.75431 0.14745 0.75243 0.15134 0.71729 0.15832 0.70634 0.16863 0.70939 0.18692 0.72322 0.21163 0.72588 0.22253 0.75925 0.30114 0.76196 0.35289 0.75271 0.35561 0.74800 0.36534 0.75104 0.38363 0.74822 0.38946 0.72971 0.39490 0.72688 0.40074 0.72746 0.41183 0.73314 0.42058 0.73730 0.42020 0.75035 0.43012 0.75717 0.44063 0.76152 0.44394 0.76662 0.44161 0.77283 0.42060 0.80381 0.41400 0.81589 0.40545 0.82004 0.40506 0.83160 0.42627 0.83650 0.42024 0.83384 0.40935 0.83742 0.39787 0.83645 0.37939 0.82038 0.37160 0.80563 0.36926 0.80126 0.34552
6 1.00000 0.71631 0.88224 0.58871 0.73793 0.43871 0.62690 0.31285 0.58097 0.26017 0.50863 0.23472 0.44840 0.22795 0.35709 0.23893 0.27838 0.25121 0.18896 0.27192 0.11010 0.36099 0.20934 0.34184 0.24965 0.34056 0.25974 0.34705 0.26190 0.36171 0.25098 0.39244 0.22001 0.49191 0.06938 1.00000 0.51311 1.00000 1.00000 0.95465 1.00000 0.71631
2 0.80126 0.34552 0.79577 0.34046 0.78538 0.34143 0.77892 0.31788 0.78490 0.27275 0.79524 0.23093 0.80422 0.16323 0.80325 0.14475 0.79776 0.13969 0.77698 0.14162 0.77509 0.14551 0.75431 0.14745 0.75243 0.15134 0.71729 0.15832 0.70634 0.16863 0.70939 0.18692 0.72322 0.21163 0.72588 0.22253 0.75925 0.30114 0.76196 0.35289 0.75271 0.35561 0.74800 0.36534 0.75104 0.38363 0.74822 0.38946 0.72971 0.39490 0.72688 0.40074 0.72746 0.41183 0.73314 0.42058 0.73730 0.42020 0.75035 0.43012 0.75717 0.44063 0.76152 0.44394 0.76662 0.44161 0.77283 0.42060 0.80381 0.41400 0.81589 0.40545 0.82004 0.40506 0.83160 0.42627 0.83650 0.42024 0.83384 0.40935 0.83742 0.39787 0.83645 0.37939 0.82038 0.37160 0.80563 0.36926 0.80126 0.34552
6 1.00000 0.71631 0.88224 0.58871 0.73793 0.43871 0.62690 0.31285 0.58097 0.26017 0.50863 0.23472 0.44840 0.22795 0.35709 0.23893 0.27838 0.25121 0.18896 0.27192 0.11010 0.36099 0.20934 0.34184 0.24965 0.34056 0.25974 0.34705 0.26190 0.36171 0.25098 0.39244 0.22001 0.49191 0.06938 1.00000 0.51311 1.00000 1.00000 0.95465 1.00000 0.71631
