5 0.93750 0.40452 0.93750 0.44271 0.94336 0.44965 0.95508 0.47743 0.97070 0.50521 0.96680 0.51910 0.96680 0.55035 0.96191 0.56250 0.94238 0.56945 0.93652 0.57986 0.91699 0.57986 0.90918 0.58680 0.90332 0.58333 0.88965 0.58333 0.88672 0.58854 0.88672 0.61285 0.88867 0.61979 0.90137 0.63889 0.90918 0.64236 0.95020 0.68750 0.95606 0.69097 0.99902 0.68750 1.00000 0.25868 0.99121 0.25695 0.96387 0.30555 0.96191 0.30555 0.94336 0.34202 0.94336 0.35938 0.93945 0.37673 0.93945 0.40104 0.93750 0.40452
6 1.00000 0.80324 0.74349 0.43287 0.63802 0.26389 0.57162 0.23148 0.51432 0.21991 0.45833 0.20370 0.38281 0.21065 0.30338 0.21759 0.25521 0.21759 0.17057 0.23380 0.09635 0.24074 0.00000 0.26389 0.00000 0.35185 0.23047 0.31945 0.25130 0.32176 0.26693 0.32639 0.26823 0.33333 0.25260 0.37500 0.02513 0.99538 1.00000 1.00000 1.00000 0.80324
5 0.93750 0.40452 0.93750 0.44271 0.94336 0.44965 0.95508 0.47743 0.97070 0.50521 0.96680 0.51910 0.96680 0.55035 0.96191 0.56250 0.94238 0.56945 0.93652 0.57986 0.91699 0.57986 0.90918 0.58680 0.90332 0.58333 0.88965 0.58333 0.88672 0.58854 0.88672 0.61285 0.88867 0.61979 0.90137 0.63889 0.90918 0.64236 0.95020 0.68750 0.95606 0.69097 0.99902 0.68750 1.00000 0.25868 0.99121 0.25695 0.96387 0.30555 0.96191 0.30555 0.94336 0.34202 0.94336 0.35938 0.93945 0.37673 0.93945 0.40104 0.93750 0.40452
6 1.00000 0.80324 0.74349 0.43287 0.63802 0.26389 0.57162 0.23148 0.51432 0.21991 0.45833 0.20370 0.38281 0.21065 0.30338 0.21759 0.25521 0.21759 0.17057 0.23380 0.09635 0.24074 0.00000 0.26389 0.00000 0.35185 0.23047 0.31945 0.25130 0.32176 0.26693 0.32639 0.26823 0.33333 0.25260 0.37500 0.02513 0.99538 1.00000 1.00000 1.00000 0.80324
5 0.93750 0.40452 0.93750 0.44271 0.94336 0.44965 0.95508 0.47743 0.97070 0.50521 0.96680 0.51910 0.96680 0.55035 0.96191 0.56250 0.94238 0.56945 0.93652 0.57986 0.91699 0.57986 0.90918 0.58680 0.90332 0.58333 0.88965 0.58333 0.88672 0.58854 0.88672 0.61285 0.88867 0.61979 0.90137 0.63889 0.90918 0.64236 0.95020 0.68750 0.95606 0.69097 0.99902 0.68750 1.00000 0.25868 0.99121 0.25695 0.96387 0.30555 0.96191 0.30555 0.94336 0.34202 0.94336 0.35938 0.93945 0.37673 0.93945 0.40104 0.93750 0.40452
6 1.00000 0.80324 0.74349 0.43287 0.63802 0.26389 0.57162 0.23148 0.51432 0.21991 0.45833 0.20370 0.38281 0.21065 0.30338 0.21759 0.25521 0.21759 0.17057 0.23380 0.09635 0.24074 0.00000 0.26389 0.00000 0.35185 0.23047 0.31945 0.25130 0.32176 0.26693 0.32639 0.26823 0.33333 0.25260 0.37500 0.02513 0.99538 1.00000 1.00000 1.00000 0.80324
5 0.93750 0.40452 0.93750 0.44271 0.94336 0.44965 0.95508 0.47743 0.97070 0.50521 0.96680 0.51910 0.96680 0.55035 0.96191 0.56250 0.94238 0.56945 0.93652 0.57986 0.91699 0.57986 0.90918 0.58680 0.90332 0.58333 0.88965 0.58333 0.88672 0.58854 0.88672 0.61285 0.88867 0.61979 0.90137 0.63889 0.90918 0.64236 0.95020 0.68750 0.95606 0.69097 0.99902 0.68750 1.00000 0.25868 0.99121 0.25695 0.96387 0.30555 0.96191 0.30555 0.94336 0.34202 0.94336 0.35938 0.93945 0.37673 0.93945 0.40104 0.93750 0.40452
6 1.00000 0.80324 0.74349 0.43287 0.63802 0.26389 0.57162 0.23148 0.51432 0.21991 0.45833 0.20370 0.38281 0.21065 0.30338 0.21759 0.25521 0.21759 0.17057 0.23380 0.09635 0.24074 0.00000 0.26389 0.00000 0.35185 0.23047 0.31945 0.25130 0.32176 0.26693 0.32639 0.26823 0.33333 0.25260 0.37500 0.02513 0.99538 1.00000 1.00000 1.00000 0.80324
5 0.93750 0.40452 0.93750 0.44271 0.94336 0.44965 0.95508 0.47743 0.97070 0.50521 0.96680 0.51910 0.96680 0.55035 0.96191 0.56250 0.94238 0.56945 0.93652 0.57986 0.91699 0.57986 0.90918 0.58680 0.90332 0.58333 0.88965 0.58333 0.88672 0.58854 0.88672 0.61285 0.88867 0.61979 0.90137 0.63889 0.90918 0.64236 0.95020 0.68750 0.95606 0.69097 0.99902 0.68750 1.00000 0.25868 0.99121 0.25695 0.96387 0.30555 0.96191 0.30555 0.94336 0.34202 0.94336 0.35938 0.93945 0.37673 0.93945 0.40104 0.93750 0.40452
6 1.00000 0.80324 0.74349 0.43287 0.63802 0.26389 0.57162 0.23148 0.51432 0.21991 0.45833 0.20370 0.38281 0.21065 0.30338 0.21759 0.25521 0.21759 0.17057 0.23380 0.09635 0.24074 0.00000 0.26389 0.00000 0.35185 0.23047 0.31945 0.25130 0.32176 0.26693 0.32639 0.26823 0.33333 0.25260 0.37500 0.02513 0.99538 1.00000 1.00000 1.00000 0.80324
5 0.93750 0.40452 0.93750 0.44271 0.94336 0.44965 0.95508 0.47743 0.97070 0.50521 0.96680 0.51910 0.96680 0.55035 0.96191 0.56250 0.94238 0.56945 0.93652 0.57986 0.91699 0.57986 0.90918 0.58680 0.90332 0.58333 0.88965 0.58333 0.88672 0.58854 0.88672 0.61285 0.88867 0.61979 0.90137 0.63889 0.90918 0.64236 0.95020 0.68750 0.95606 0.69097 0.99902 0.68750 1.00000 0.25868 0.99121 0.25695 0.96387 0.30555 0.96191 0.30555 0.94336 0.34202 0.94336 0.35938 0.93945 0.37673 0.93945 0.40104 0.93750 0.40452
6 1.00000 0.80324 0.74349 0.43287 0.63802 0.26389 0.57162 0.23148 0.51432 0.21991 0.45833 0.20370 0.38281 0.21065 0.30338 0.21759 0.25521 0.21759 0.17057 0.23380 0.09635 0.24074 0.00000 0.26389 0.00000 0.35185 0.23047 0.31945 0.25130 0.32176 0.26693 0.32639 0.26823 0.33333 0.25260 0.37500 0.02513 0.99538 1.00000 1.00000 1.00000 0.80324
