6 0.04784 0.00000 0.01828 0.28015 0.20358 0.57427 0.25940 0.69331 0.27284 0.76635 0.24278 0.83829 0.15138 0.93965 0.47375 1.00000 0.95216 1.00000 1.00000 0.54657 1.00000 0.54256 0.87762 0.42119 0.70134 0.31297 0.40928 0.13723 0.18722 0.00000 0.04784 0.00000
5 0.42885 0.00000 0.42837 0.00579 0.42822 0.02224 0.43967 0.05675 0.44210 0.08478 0.43154 0.09569 0.43298 0.10949 0.41055 0.10916 0.40825 0.12418 0.44925 0.14410 0.48796 0.13073 0.48746 0.12037 0.46631 0.10679 0.46692 0.08298 0.45627 0.08099 0.45558 0.05316 0.46380 0.05083 0.47563 0.01532 0.47718 0.00000 0.42885 0.00000
6 0.04784 0.00000 0.01828 0.28015 0.20358 0.57427 0.25940 0.69331 0.27284 0.76635 0.24278 0.83829 0.15138 0.93965 0.47375 1.00000 0.95216 1.00000 1.00000 0.54657 1.00000 0.54256 0.87762 0.42119 0.70134 0.31297 0.40928 0.13723 0.18722 0.00000 0.04784 0.00000
5 0.42885 0.00000 0.42837 0.00579 0.42822 0.02224 0.43967 0.05675 0.44210 0.08478 0.43154 0.09569 0.43298 0.10949 0.41055 0.10916 0.40825 0.12418 0.44925 0.14410 0.48796 0.13073 0.48746 0.12037 0.46631 0.10679 0.46692 0.08298 0.45627 0.08099 0.45558 0.05316 0.46380 0.05083 0.47563 0.01532 0.47718 0.00000 0.42885 0.00000
6 0.04784 0.00000 0.01828 0.28015 0.20358 0.57427 0.25940 0.69331 0.27284 0.76635 0.24278 0.83829 0.15138 0.93965 0.47375 1.00000 0.95216 1.00000 1.00000 0.54657 1.00000 0.54256 0.87762 0.42119 0.70134 0.31297 0.40928 0.13723 0.18722 0.00000 0.04784 0.00000
5 0.42885 0.00000 0.42837 0.00579 0.42822 0.02224 0.43967 0.05675 0.44210 0.08478 0.43154 0.09569 0.43298 0.10949 0.41055 0.10916 0.40825 0.12418 0.44925 0.14410 0.48796 0.13073 0.48746 0.12037 0.46631 0.10679 0.46692 0.08298 0.45627 0.08099 0.45558 0.05316 0.46380 0.05083 0.47563 0.01532 0.47718 0.00000 0.42885 0.00000
6 0.04784 0.00000 0.01828 0.28015 0.20358 0.57427 0.25940 0.69331 0.27284 0.76635 0.24278 0.83829 0.15138 0.93965 0.47375 1.00000 0.95216 1.00000 1.00000 0.54657 1.00000 0.54256 0.87762 0.42119 0.70134 0.31297 0.40928 0.13723 0.18722 0.00000 0.04784 0.00000
5 0.42885 0.00000 0.42837 0.00579 0.42822 0.02224 0.43967 0.05675 0.44210 0.08478 0.43154 0.09569 0.43298 0.10949 0.41055 0.10916 0.40825 0.12418 0.44925 0.14410 0.48796 0.13073 0.48746 0.12037 0.46631 0.10679 0.46692 0.08298 0.45627 0.08099 0.45558 0.05316 0.46380 0.05083 0.47563 0.01532 0.47718 0.00000 0.42885 0.00000
6 0.04784 0.00000 0.01828 0.28015 0.20358 0.57427 0.25940 0.69331 0.27284 0.76635 0.24278 0.83829 0.15138 0.93965 0.47375 1.00000 0.95216 1.00000 1.00000 0.54657 1.00000 0.54256 0.87762 0.42119 0.70134 0.31297 0.40928 0.13723 0.18722 0.00000 0.04784 0.00000
5 0.42885 0.00000 0.42837 0.00579 0.42822 0.02224 0.43967 0.05675 0.44210 0.08478 0.43154 0.09569 0.43298 0.10949 0.41055 0.10916 0.40825 0.12418 0.44925 0.14410 0.48796 0.13073 0.48746 0.12037 0.46631 0.10679 0.46692 0.08298 0.45627 0.08099 0.45558 0.05316 0.46380 0.05083 0.47563 0.01532 0.47718 0.00000 0.42885 0.00000
6 0.04784 0.00000 0.01828 0.28015 0.20358 0.57427 0.25940 0.69331 0.27284 0.76635 0.24278 0.83829 0.15138 0.93965 0.47375 1.00000 0.95216 1.00000 1.00000 0.54657 1.00000 0.54256 0.87762 0.42119 0.70134 0.31297 0.40928 0.13723 0.18722 0.00000 0.04784 0.00000
5 0.42885 0.00000 0.42837 0.00579 0.42822 0.02224 0.43967 0.05675 0.44210 0.08478 0.43154 0.09569 0.43298 0.10949 0.41055 0.10916 0.40825 0.12418 0.44925 0.14410 0.48796 0.13073 0.48746 0.12037 0.46631 0.10679 0.46692 0.08298 0.45627 0.08099 0.45558 0.05316 0.46380 0.05083 0.47563 0.01532 0.47718 0.00000 0.42885 0.00000
