2 0.86639 0.61782 0.86464 0.60309 0.86213 0.59985 0.85994 0.58144 0.87069 0.51124 0.87395 0.50300 0.88143 0.44104 0.88012 0.43000 0.88402 0.39143 0.88183 0.37302 0.87556 0.36491 0.83831 0.37277 0.83668 0.37689 0.78909 0.38693 0.78746 0.39105 0.76263 0.39629 0.75686 0.40127 0.75441 0.40745 0.75616 0.42218 0.78299 0.46936 0.80654 0.52477 0.82246 0.55161 0.83173 0.57607 0.83567 0.60921 0.83818 0.61245 0.84081 0.63454 0.83466 0.64527 0.82268 0.65157 0.82406 0.67204 0.82205 0.68190 0.79928 0.68670 0.79558 0.69126 0.79314 0.69744 0.79533 0.71584 0.82077 0.74255 0.82993 0.74817 0.83663 0.75997 0.84748 0.77089 0.85368 0.76958 0.85933 0.74574 0.90028 0.73333 0.90191 0.72921 0.93088 0.72310 0.94053 0.74182 0.94679 0.74994 0.94968 0.74744 0.95131 0.74332 0.94868 0.72123 0.95107 0.70563 0.94681 0.68766 0.92889 0.67068 0.91058 0.65945 0.90438 0.66076 0.89811 0.65264 0.89385 0.63468 0.89009 0.62980 0.87103 0.63005 0.86639 0.61782
6 0.52954 1.00000 0.93911 0.91359 0.74115 0.63481 0.63853 0.48537 0.56386 0.42816 0.44941 0.41707 0.32431 0.42334 0.21671 0.44604 0.07826 0.48280 0.03911 0.58164 0.19122 0.56464 0.23122 0.55620 0.24125 0.56918 0.23038 0.59664 0.07721 1.00000 0.52954 1.00000
2 0.86639 0.61782 0.86464 0.60309 0.86213 0.59985 0.85994 0.58144 0.87069 0.51124 0.87395 0.50300 0.88143 0.44104 0.88012 0.43000 0.88402 0.39143 0.88183 0.37302 0.87556 0.36491 0.83831 0.37277 0.83668 0.37689 0.78909 0.38693 0.78746 0.39105 0.76263 0.39629 0.75686 0.40127 0.75441 0.40745 0.75616 0.42218 0.78299 0.46936 0.80654 0.52477 0.82246 0.55161 0.83173 0.57607 0.83567 0.60921 0.83818 0.61245 0.84081 0.63454 0.83466 0.64527 0.82268 0.65157 0.82406 0.67204 0.82205 0.68190 0.79928 0.68670 0.79558 0.69126 0.79314 0.69744 0.79533 0.71584 0.82077 0.74255 0.82993 0.74817 0.83663 0.75997 0.84748 0.77089 0.85368 0.76958 0.85933 0.74574 0.90028 0.73333 0.90191 0.72921 0.93088 0.72310 0.94053 0.74182 0.94679 0.74994 0.94968 0.74744 0.95131 0.74332 0.94868 0.72123 0.95107 0.70563 0.94681 0.68766 0.92889 0.67068 0.91058 0.65945 0.90438 0.66076 0.89811 0.65264 0.89385 0.63468 0.89009 0.62980 0.87103 0.63005 0.86639 0.61782
6 0.52954 1.00000 0.93911 0.91359 0.74115 0.63481 0.63853 0.48537 0.56386 0.42816 0.44941 0.41707 0.32431 0.42334 0.21671 0.44604 0.07826 0.48280 0.03911 0.58164 0.19122 0.56464 0.23122 0.55620 0.24125 0.56918 0.23038 0.59664 0.07721 1.00000 0.52954 1.00000
2 0.86639 0.61782 0.86464 0.60309 0.86213 0.59985 0.85994 0.58144 0.87069 0.51124 0.87395 0.50300 0.88143 0.44104 0.88012 0.43000 0.88402 0.39143 0.88183 0.37302 0.87556 0.36491 0.83831 0.37277 0.83668 0.37689 0.78909 0.38693 0.78746 0.39105 0.76263 0.39629 0.75686 0.40127 0.75441 0.40745 0.75616 0.42218 0.78299 0.46936 0.80654 0.52477 0.82246 0.55161 0.83173 0.57607 0.83567 0.60921 0.83818 0.61245 0.84081 0.63454 0.83466 0.64527 0.82268 0.65157 0.82406 0.67204 0.82205 0.68190 0.79928 0.68670 0.79558 0.69126 0.79314 0.69744 0.79533 0.71584 0.82077 0.74255 0.82993 0.74817 0.83663 0.75997 0.84748 0.77089 0.85368 0.76958 0.85933 0.74574 0.90028 0.73333 0.90191 0.72921 0.93088 0.72310 0.94053 0.74182 0.94679 0.74994 0.94968 0.74744 0.95131 0.74332 0.94868 0.72123 0.95107 0.70563 0.94681 0.68766 0.92889 0.67068 0.91058 0.65945 0.90438 0.66076 0.89811 0.65264 0.89385 0.63468 0.89009 0.62980 0.87103 0.63005 0.86639 0.61782
6 0.52954 1.00000 0.93911 0.91359 0.74115 0.63481 0.63853 0.48537 0.56386 0.42816 0.44941 0.41707 0.32431 0.42334 0.21671 0.44604 0.07826 0.48280 0.03911 0.58164 0.19122 0.56464 0.23122 0.55620 0.24125 0.56918 0.23038 0.59664 0.07721 1.00000 0.52954 1.00000
2 0.86639 0.61782 0.86464 0.60309 0.86213 0.59985 0.85994 0.58144 0.87069 0.51124 0.87395 0.50300 0.88143 0.44104 0.88012 0.43000 0.88402 0.39143 0.88183 0.37302 0.87556 0.36491 0.83831 0.37277 0.83668 0.37689 0.78909 0.38693 0.78746 0.39105 0.76263 0.39629 0.75686 0.40127 0.75441 0.40745 0.75616 0.42218 0.78299 0.46936 0.80654 0.52477 0.82246 0.55161 0.83173 0.57607 0.83567 0.60921 0.83818 0.61245 0.84081 0.63454 0.83466 0.64527 0.82268 0.65157 0.82406 0.67204 0.82205 0.68190 0.79928 0.68670 0.79558 0.69126 0.79314 0.69744 0.79533 0.71584 0.82077 0.74255 0.82993 0.74817 0.83663 0.75997 0.84748 0.77089 0.85368 0.76958 0.85933 0.74574 0.90028 0.73333 0.90191 0.72921 0.93088 0.72310 0.94053 0.74182 0.94679 0.74994 0.94968 0.74744 0.95131 0.74332 0.94868 0.72123 0.95107 0.70563 0.94681 0.68766 0.92889 0.67068 0.91058 0.65945 0.90438 0.66076 0.89811 0.65264 0.89385 0.63468 0.89009 0.62980 0.87103 0.63005 0.86639 0.61782
6 0.52954 1.00000 0.93911 0.91359 0.74115 0.63481 0.63853 0.48537 0.56386 0.42816 0.44941 0.41707 0.32431 0.42334 0.21671 0.44604 0.07826 0.48280 0.03911 0.58164 0.19122 0.56464 0.23122 0.55620 0.24125 0.56918 0.23038 0.59664 0.07721 1.00000 0.52954 1.00000
2 0.86639 0.61782 0.86464 0.60309 0.86213 0.59985 0.85994 0.58144 0.87069 0.51124 0.87395 0.50300 0.88143 0.44104 0.88012 0.43000 0.88402 0.39143 0.88183 0.37302 0.87556 0.36491 0.83831 0.37277 0.83668 0.37689 0.78909 0.38693 0.78746 0.39105 0.76263 0.39629 0.75686 0.40127 0.75441 0.40745 0.75616 0.42218 0.78299 0.46936 0.80654 0.52477 0.82246 0.55161 0.83173 0.57607 0.83567 0.60921 0.83818 0.61245 0.84081 0.63454 0.83466 0.64527 0.82268 0.65157 0.82406 0.67204 0.82205 0.68190 0.79928 0.68670 0.79558 0.69126 0.79314 0.69744 0.79533 0.71584 0.82077 0.74255 0.82993 0.74817 0.83663 0.75997 0.84748 0.77089 0.85368 0.76958 0.85933 0.74574 0.90028 0.73333 0.90191 0.72921 0.93088 0.72310 0.94053 0.74182 0.94679 0.74994 0.94968 0.74744 0.95131 0.74332 0.94868 0.72123 0.95107 0.70563 0.94681 0.68766 0.92889 0.67068 0.91058 0.65945 0.90438 0.66076 0.89811 0.65264 0.89385 0.63468 0.89009 0.62980 0.87103 0.63005 0.86639 0.61782
6 0.52954 1.00000 0.93911 0.91359 0.74115 0.63481 0.63853 0.48537 0.56386 0.42816 0.44941 0.41707 0.32431 0.42334 0.21671 0.44604 0.07826 0.48280 0.03911 0.58164 0.19122 0.56464 0.23122 0.55620 0.24125 0.56918 0.23038 0.59664 0.07721 1.00000 0.52954 1.00000
2 0.86639 0.61782 0.86464 0.60309 0.86213 0.59985 0.85994 0.58144 0.87069 0.51124 0.87395 0.50300 0.88143 0.44104 0.88012 0.43000 0.88402 0.39143 0.88183 0.37302 0.87556 0.36491 0.83831 0.37277 0.83668 0.37689 0.78909 0.38693 0.78746 0.39105 0.76263 0.39629 0.75686 0.40127 0.75441 0.40745 0.75616 0.42218 0.78299 0.46936 0.80654 0.52477 0.82246 0.55161 0.83173 0.57607 0.83567 0.60921 0.83818 0.61245 0.84081 0.63454 0.83466 0.64527 0.82268 0.65157 0.82406 0.67204 0.82205 0.68190 0.79928 0.68670 0.79558 0.69126 0.79314 0.69744 0.79533 0.71584 0.82077 0.74255 0.82993 0.74817 0.83663 0.75997 0.84748 0.77089 0.85368 0.76958 0.85933 0.74574 0.90028 0.73333 0.90191 0.72921 0.93088 0.72310 0.94053 0.74182 0.94679 0.74994 0.94968 0.74744 0.95131 0.74332 0.94868 0.72123 0.95107 0.70563 0.94681 0.68766 0.92889 0.67068 0.91058 0.65945 0.90438 0.66076 0.89811 0.65264 0.89385 0.63468 0.89009 0.62980 0.87103 0.63005 0.86639 0.61782
6 0.52954 1.00000 0.93911 0.91359 0.74115 0.63481 0.63853 0.48537 0.56386 0.42816 0.44941 0.41707 0.32431 0.42334 0.21671 0.44604 0.07826 0.48280 0.03911 0.58164 0.19122 0.56464 0.23122 0.55620 0.24125 0.56918 0.23038 0.59664 0.07721 1.00000 0.52954 1.00000
