1 0.00000 0.74317 0.00887 0.73863 0.03257 0.74029 0.04364 0.73336 0.05226 0.73396 0.05888 0.73058 0.06464 0.72136 0.06509 0.70985 0.06009 0.69988 0.05362 0.69943 0.04115 0.68702 0.03859 0.66953 0.03559 0.66355 0.02912 0.66309 0.02612 0.65711 0.02702 0.63409 0.02502 0.63011 0.02748 0.62258 0.04632 0.61043 0.06361 0.58278 0.06868 0.56390 0.07004 0.52936 0.06478 0.49822 0.05376 0.47629 0.03913 0.46372 0.01974 0.46237 0.00635 0.47298 0.00000 0.48418 0.00000 0.61484 0.00593 0.62108 0.00487 0.64793 0.00226 0.65930 0.00000 0.66292 0.00000 0.74317
6 0.00000 0.96578 0.29225 0.98618 0.28468 0.97719 0.26559 0.96816 0.25527 0.95590 0.25096 0.95560 0.24695 0.94763 0.23418 0.94289 0.19875 0.90963 0.18382 0.90474 0.17982 0.89677 0.16919 0.89218 0.15887 0.87991 0.15241 0.87946 0.14625 0.87134 0.13562 0.86675 0.11268 0.84591 0.10621 0.84546 0.10005 0.83734 0.07680 0.82417 0.07064 0.81604 0.03692 0.79445 0.02028 0.77790 0.00119 0.76887 0.00000 0.76719 0.00000 0.96578
1 0.00000 0.74317 0.00887 0.73863 0.03257 0.74029 0.04364 0.73336 0.05226 0.73396 0.05888 0.73058 0.06464 0.72136 0.06509 0.70985 0.06009 0.69988 0.05362 0.69943 0.04115 0.68702 0.03859 0.66953 0.03559 0.66355 0.02912 0.66309 0.02612 0.65711 0.02702 0.63409 0.02502 0.63011 0.02748 0.62258 0.04632 0.61043 0.06361 0.58278 0.06868 0.56390 0.07004 0.52936 0.06478 0.49822 0.05376 0.47629 0.03913 0.46372 0.01974 0.46237 0.00635 0.47298 0.00000 0.48418 0.00000 0.61484 0.00593 0.62108 0.00487 0.64793 0.00226 0.65930 0.00000 0.66292 0.00000 0.74317
6 0.00000 0.96578 0.29225 0.98618 0.28468 0.97719 0.26559 0.96816 0.25527 0.95590 0.25096 0.95560 0.24695 0.94763 0.23418 0.94289 0.19875 0.90963 0.18382 0.90474 0.17982 0.89677 0.16919 0.89218 0.15887 0.87991 0.15241 0.87946 0.14625 0.87134 0.13562 0.86675 0.11268 0.84591 0.10621 0.84546 0.10005 0.83734 0.07680 0.82417 0.07064 0.81604 0.03692 0.79445 0.02028 0.77790 0.00119 0.76887 0.00000 0.76719 0.00000 0.96578
1 0.00000 0.74317 0.00887 0.73863 0.03257 0.74029 0.04364 0.73336 0.05226 0.73396 0.05888 0.73058 0.06464 0.72136 0.06509 0.70985 0.06009 0.69988 0.05362 0.69943 0.04115 0.68702 0.03859 0.66953 0.03559 0.66355 0.02912 0.66309 0.02612 0.65711 0.02702 0.63409 0.02502 0.63011 0.02748 0.62258 0.04632 0.61043 0.06361 0.58278 0.06868 0.56390 0.07004 0.52936 0.06478 0.49822 0.05376 0.47629 0.03913 0.46372 0.01974 0.46237 0.00635 0.47298 0.00000 0.48418 0.00000 0.61484 0.00593 0.62108 0.00487 0.64793 0.00226 0.65930 0.00000 0.66292 0.00000 0.74317
6 0.00000 0.96578 0.29225 0.98618 0.28468 0.97719 0.26559 0.96816 0.25527 0.95590 0.25096 0.95560 0.24695 0.94763 0.23418 0.94289 0.19875 0.90963 0.18382 0.90474 0.17982 0.89677 0.16919 0.89218 0.15887 0.87991 0.15241 0.87946 0.14625 0.87134 0.13562 0.86675 0.11268 0.84591 0.10621 0.84546 0.10005 0.83734 0.07680 0.82417 0.07064 0.81604 0.03692 0.79445 0.02028 0.77790 0.00119 0.76887 0.00000 0.76719 0.00000 0.96578
1 0.00000 0.74317 0.00887 0.73863 0.03257 0.74029 0.04364 0.73336 0.05226 0.73396 0.05888 0.73058 0.06464 0.72136 0.06509 0.70985 0.06009 0.69988 0.05362 0.69943 0.04115 0.68702 0.03859 0.66953 0.03559 0.66355 0.02912 0.66309 0.02612 0.65711 0.02702 0.63409 0.02502 0.63011 0.02748 0.62258 0.04632 0.61043 0.06361 0.58278 0.06868 0.56390 0.07004 0.52936 0.06478 0.49822 0.05376 0.47629 0.03913 0.46372 0.01974 0.46237 0.00635 0.47298 0.00000 0.48418 0.00000 0.61484 0.00593 0.62108 0.00487 0.64793 0.00226 0.65930 0.00000 0.66292 0.00000 0.74317
6 0.00000 0.96578 0.29225 0.98618 0.28468 0.97719 0.26559 0.96816 0.25527 0.95590 0.25096 0.95560 0.24695 0.94763 0.23418 0.94289 0.19875 0.90963 0.18382 0.90474 0.17982 0.89677 0.16919 0.89218 0.15887 0.87991 0.15241 0.87946 0.14625 0.87134 0.13562 0.86675 0.11268 0.84591 0.10621 0.84546 0.10005 0.83734 0.07680 0.82417 0.07064 0.81604 0.03692 0.79445 0.02028 0.77790 0.00119 0.76887 0.00000 0.76719 0.00000 0.96578
1 0.00000 0.74317 0.00887 0.73863 0.03257 0.74029 0.04364 0.73336 0.05226 0.73396 0.05888 0.73058 0.06464 0.72136 0.06509 0.70985 0.06009 0.69988 0.05362 0.69943 0.04115 0.68702 0.03859 0.66953 0.03559 0.66355 0.02912 0.66309 0.02612 0.65711 0.02702 0.63409 0.02502 0.63011 0.02748 0.62258 0.04632 0.61043 0.06361 0.58278 0.06868 0.56390 0.07004 0.52936 0.06478 0.49822 0.05376 0.47629 0.03913 0.46372 0.01974 0.46237 0.00635 0.47298 0.00000 0.48418 0.00000 0.61484 0.00593 0.62108 0.00487 0.64793 0.00226 0.65930 0.00000 0.66292 0.00000 0.74317
6 0.00000 0.96578 0.29225 0.98618 0.28468 0.97719 0.26559 0.96816 0.25527 0.95590 0.25096 0.95560 0.24695 0.94763 0.23418 0.94289 0.19875 0.90963 0.18382 0.90474 0.17982 0.89677 0.16919 0.89218 0.15887 0.87991 0.15241 0.87946 0.14625 0.87134 0.13562 0.86675 0.11268 0.84591 0.10621 0.84546 0.10005 0.83734 0.07680 0.82417 0.07064 0.81604 0.03692 0.79445 0.02028 0.77790 0.00119 0.76887 0.00000 0.76719 0.00000 0.96578
1 0.00000 0.74317 0.00887 0.73863 0.03257 0.74029 0.04364 0.73336 0.05226 0.73396 0.05888 0.73058 0.06464 0.72136 0.06509 0.70985 0.06009 0.69988 0.05362 0.69943 0.04115 0.68702 0.03859 0.66953 0.03559 0.66355 0.02912 0.66309 0.02612 0.65711 0.02702 0.63409 0.02502 0.63011 0.02748 0.62258 0.04632 0.61043 0.06361 0.58278 0.06868 0.56390 0.07004 0.52936 0.06478 0.49822 0.05376 0.47629 0.03913 0.46372 0.01974 0.46237 0.00635 0.47298 0.00000 0.48418 0.00000 0.61484 0.00593 0.62108 0.00487 0.64793 0.00226 0.65930 0.00000 0.66292 0.00000 0.74317
6 0.00000 0.96578 0.29225 0.98618 0.28468 0.97719 0.26559 0.96816 0.25527 0.95590 0.25096 0.95560 0.24695 0.94763 0.23418 0.94289 0.19875 0.90963 0.18382 0.90474 0.17982 0.89677 0.16919 0.89218 0.15887 0.87991 0.15241 0.87946 0.14625 0.87134 0.13562 0.86675 0.11268 0.84591 0.10621 0.84546 0.10005 0.83734 0.07680 0.82417 0.07064 0.81604 0.03692 0.79445 0.02028 0.77790 0.00119 0.76887 0.00000 0.76719 0.00000 0.96578
