6 0.91316 1.00000 0.68932 0.61923 0.70669 0.61908 0.71056 0.60675 0.72178 0.59286 0.71234 0.56579 0.41644 0.53981 0.42485 0.56159 0.42447 0.58472 0.21753 0.96321 0.48033 1.00000 0.91316 1.00000
6 0.99437 0.60628 0.75682 0.58129 0.74279 0.59786 0.74933 0.60290 0.74397 0.62688 0.99094 0.64980 0.99437 0.60628
6 0.00000 0.55283 0.08366 0.56328 0.09934 0.55517 0.21885 0.56572 0.21736 0.55521 0.23024 0.52405 0.00000 0.49701 0.00000 0.55283
4 0.76659 0.52895 0.76351 0.51307 0.75306 0.49422 0.73620 0.48800 0.72701 0.49444 0.71355 0.51380 0.71265 0.52526 0.71020 0.52879 0.71023 0.55583 0.71178 0.56378 0.72499 0.58880 0.72438 0.59645 0.71857 0.60143 0.70848 0.61933 0.70082 0.62019 0.69961 0.63548 0.70975 0.65814 0.71774 0.66699 0.74685 0.66913 0.75389 0.66239 0.75755 0.64359 0.75324 0.62946 0.74434 0.61856 0.74494 0.61091 0.73726 0.59825 0.73786 0.59061 0.74153 0.58533 0.74583 0.58593 0.76173 0.56304 0.76448 0.55570 0.76659 0.52895
7 0.39808 0.44259 0.39992 0.44671 0.39453 0.54254 0.39699 0.55254 0.40036 0.55109 0.41200 0.54112 0.41830 0.43383 0.40021 0.42937 0.39808 0.44259
7 0.43376 0.54030 0.43713 0.53885 0.44355 0.52622 0.44108 0.51622 0.43402 0.50944 0.43911 0.41743 0.42317 0.41327 0.41950 0.41855 0.41799 0.43765 0.41984 0.44177 0.41475 0.53378 0.41751 0.53996 0.43376 0.54030
6 0.91316 1.00000 0.68932 0.61923 0.70669 0.61908 0.71056 0.60675 0.72178 0.59286 0.71234 0.56579 0.41644 0.53981 0.42485 0.56159 0.42447 0.58472 0.21753 0.96321 0.48033 1.00000 0.91316 1.00000
6 0.99437 0.60628 0.75682 0.58129 0.74279 0.59786 0.74933 0.60290 0.74397 0.62688 0.99094 0.64980 0.99437 0.60628
6 0.00000 0.55283 0.08366 0.56328 0.09934 0.55517 0.21885 0.56572 0.21736 0.55521 0.23024 0.52405 0.00000 0.49701 0.00000 0.55283
4 0.76659 0.52895 0.76351 0.51307 0.75306 0.49422 0.73620 0.48800 0.72701 0.49444 0.71355 0.51380 0.71265 0.52526 0.71020 0.52879 0.71023 0.55583 0.71178 0.56378 0.72499 0.58880 0.72438 0.59645 0.71857 0.60143 0.70848 0.61933 0.70082 0.62019 0.69961 0.63548 0.70975 0.65814 0.71774 0.66699 0.74685 0.66913 0.75389 0.66239 0.75755 0.64359 0.75324 0.62946 0.74434 0.61856 0.74494 0.61091 0.73726 0.59825 0.73786 0.59061 0.74153 0.58533 0.74583 0.58593 0.76173 0.56304 0.76448 0.55570 0.76659 0.52895
7 0.39808 0.44259 0.39992 0.44671 0.39453 0.54254 0.39699 0.55254 0.40036 0.55109 0.41200 0.54112 0.41830 0.43383 0.40021 0.42937 0.39808 0.44259
7 0.43376 0.54030 0.43713 0.53885 0.44355 0.52622 0.44108 0.51622 0.43402 0.50944 0.43911 0.41743 0.42317 0.41327 0.41950 0.41855 0.41799 0.43765 0.41984 0.44177 0.41475 0.53378 0.41751 0.53996 0.43376 0.54030
6 0.91316 1.00000 0.68932 0.61923 0.70669 0.61908 0.71056 0.60675 0.72178 0.59286 0.71234 0.56579 0.41644 0.53981 0.42485 0.56159 0.42447 0.58472 0.21753 0.96321 0.48033 1.00000 0.91316 1.00000
6 0.99437 0.60628 0.75682 0.58129 0.74279 0.59786 0.74933 0.60290 0.74397 0.62688 0.99094 0.64980 0.99437 0.60628
6 0.00000 0.55283 0.08366 0.56328 0.09934 0.55517 0.21885 0.56572 0.21736 0.55521 0.23024 0.52405 0.00000 0.49701 0.00000 0.55283
4 0.76659 0.52895 0.76351 0.51307 0.75306 0.49422 0.73620 0.48800 0.72701 0.49444 0.71355 0.51380 0.71265 0.52526 0.71020 0.52879 0.71023 0.55583 0.71178 0.56378 0.72499 0.58880 0.72438 0.59645 0.71857 0.60143 0.70848 0.61933 0.70082 0.62019 0.69961 0.63548 0.70975 0.65814 0.71774 0.66699 0.74685 0.66913 0.75389 0.66239 0.75755 0.64359 0.75324 0.62946 0.74434 0.61856 0.74494 0.61091 0.73726 0.59825 0.73786 0.59061 0.74153 0.58533 0.74583 0.58593 0.76173 0.56304 0.76448 0.55570 0.76659 0.52895
7 0.39808 0.44259 0.39992 0.44671 0.39453 0.54254 0.39699 0.55254 0.40036 0.55109 0.41200 0.54112 0.41830 0.43383 0.40021 0.42937 0.39808 0.44259
7 0.43376 0.54030 0.43713 0.53885 0.44355 0.52622 0.44108 0.51622 0.43402 0.50944 0.43911 0.41743 0.42317 0.41327 0.41950 0.41855 0.41799 0.43765 0.41984 0.44177 0.41475 0.53378 0.41751 0.53996 0.43376 0.54030
6 0.91316 1.00000 0.68932 0.61923 0.70669 0.61908 0.71056 0.60675 0.72178 0.59286 0.71234 0.56579 0.41644 0.53981 0.42485 0.56159 0.42447 0.58472 0.21753 0.96321 0.48033 1.00000 0.91316 1.00000
6 0.99437 0.60628 0.75682 0.58129 0.74279 0.59786 0.74933 0.60290 0.74397 0.62688 0.99094 0.64980 0.99437 0.60628
6 0.00000 0.55283 0.08366 0.56328 0.09934 0.55517 0.21885 0.56572 0.21736 0.55521 0.23024 0.52405 0.00000 0.49701 0.00000 0.55283
4 0.76659 0.52895 0.76351 0.51307 0.75306 0.49422 0.73620 0.48800 0.72701 0.49444 0.71355 0.51380 0.71265 0.52526 0.71020 0.52879 0.71023 0.55583 0.71178 0.56378 0.72499 0.58880 0.72438 0.59645 0.71857 0.60143 0.70848 0.61933 0.70082 0.62019 0.69961 0.63548 0.70975 0.65814 0.71774 0.66699 0.74685 0.66913 0.75389 0.66239 0.75755 0.64359 0.75324 0.62946 0.74434 0.61856 0.74494 0.61091 0.73726 0.59825 0.73786 0.59061 0.74153 0.58533 0.74583 0.58593 0.76173 0.56304 0.76448 0.55570 0.76659 0.52895
7 0.39808 0.44259 0.39992 0.44671 0.39453 0.54254 0.39699 0.55254 0.40036 0.55109 0.41200 0.54112 0.41830 0.43383 0.40021 0.42937 0.39808 0.44259
7 0.43376 0.54030 0.43713 0.53885 0.44355 0.52622 0.44108 0.51622 0.43402 0.50944 0.43911 0.41743 0.42317 0.41327 0.41950 0.41855 0.41799 0.43765 0.41984 0.44177 0.41475 0.53378 0.41751 0.53996 0.43376 0.54030
6 0.91316 1.00000 0.68932 0.61923 0.70669 0.61908 0.71056 0.60675 0.72178 0.59286 0.71234 0.56579 0.41644 0.53981 0.42485 0.56159 0.42447 0.58472 0.21753 0.96321 0.48033 1.00000 0.91316 1.00000
6 0.99437 0.60628 0.75682 0.58129 0.74279 0.59786 0.74933 0.60290 0.74397 0.62688 0.99094 0.64980 0.99437 0.60628
6 0.00000 0.55283 0.08366 0.56328 0.09934 0.55517 0.21885 0.56572 0.21736 0.55521 0.23024 0.52405 0.00000 0.49701 0.00000 0.55283
4 0.76659 0.52895 0.76351 0.51307 0.75306 0.49422 0.73620 0.48800 0.72701 0.49444 0.71355 0.51380 0.71265 0.52526 0.71020 0.52879 0.71023 0.55583 0.71178 0.56378 0.72499 0.58880 0.72438 0.59645 0.71857 0.60143 0.70848 0.61933 0.70082 0.62019 0.69961 0.63548 0.70975 0.65814 0.71774 0.66699 0.74685 0.66913 0.75389 0.66239 0.75755 0.64359 0.75324 0.62946 0.74434 0.61856 0.74494 0.61091 0.73726 0.59825 0.73786 0.59061 0.74153 0.58533 0.74583 0.58593 0.76173 0.56304 0.76448 0.55570 0.76659 0.52895
7 0.39808 0.44259 0.39992 0.44671 0.39453 0.54254 0.39699 0.55254 0.40036 0.55109 0.41200 0.54112 0.41830 0.43383 0.40021 0.42937 0.39808 0.44259
7 0.43376 0.54030 0.43713 0.53885 0.44355 0.52622 0.44108 0.51622 0.43402 0.50944 0.43911 0.41743 0.42317 0.41327 0.41950 0.41855 0.41799 0.43765 0.41984 0.44177 0.41475 0.53378 0.41751 0.53996 0.43376 0.54030
6 0.91316 1.00000 0.68932 0.61923 0.70669 0.61908 0.71056 0.60675 0.72178 0.59286 0.71234 0.56579 0.41644 0.53981 0.42485 0.56159 0.42447 0.58472 0.21753 0.96321 0.48033 1.00000 0.91316 1.00000
6 0.99437 0.60628 0.75682 0.58129 0.74279 0.59786 0.74933 0.60290 0.74397 0.62688 0.99094 0.64980 0.99437 0.60628
6 0.00000 0.55283 0.08366 0.56328 0.09934 0.55517 0.21885 0.56572 0.21736 0.55521 0.23024 0.52405 0.00000 0.49701 0.00000 0.55283
4 0.76659 0.52895 0.76351 0.51307 0.75306 0.49422 0.73620 0.48800 0.72701 0.49444 0.71355 0.51380 0.71265 0.52526 0.71020 0.52879 0.71023 0.55583 0.71178 0.56378 0.72499 0.58880 0.72438 0.59645 0.71857 0.60143 0.70848 0.61933 0.70082 0.62019 0.69961 0.63548 0.70975 0.65814 0.71774 0.66699 0.74685 0.66913 0.75389 0.66239 0.75755 0.64359 0.75324 0.62946 0.74434 0.61856 0.74494 0.61091 0.73726 0.59825 0.73786 0.59061 0.74153 0.58533 0.74583 0.58593 0.76173 0.56304 0.76448 0.55570 0.76659 0.52895
7 0.39808 0.44259 0.39992 0.44671 0.39453 0.54254 0.39699 0.55254 0.40036 0.55109 0.41200 0.54112 0.41830 0.43383 0.40021 0.42937 0.39808 0.44259
7 0.43376 0.54030 0.43713 0.53885 0.44355 0.52622 0.44108 0.51622 0.43402 0.50944 0.43911 0.41743 0.42317 0.41327 0.41950 0.41855 0.41799 0.43765 0.41984 0.44177 0.41475 0.53378 0.41751 0.53996 0.43376 0.54030
