7 0.40201 0.41016 0.39913 0.40443 0.38671 0.40356 0.38339 0.40886 0.38267 0.42726 0.38460 0.43108 0.38141 0.51201 0.38415 0.52142 0.39560 0.52038 0.40003 0.51331 0.40201 0.41016
7 0.40518 0.48785 0.40431 0.50992 0.42707 0.51151 0.43386 0.49723 0.43112 0.48781 0.42669 0.49488 0.42188 0.48532 0.42328 0.39689 0.42040 0.39116 0.40591 0.39015 0.40321 0.43238 0.40514 0.43620 0.40355 0.47667 0.40740 0.48431 0.40518 0.48785
4 0.73550 0.45004 0.73151 0.44607 0.71082 0.44463 0.69658 0.46393 0.69407 0.47482 0.69291 0.50425 0.69633 0.52293 0.70306 0.53631 0.70816 0.53851 0.70759 0.55322 0.70027 0.55456 0.69873 0.56736 0.68920 0.57223 0.68588 0.57753 0.68559 0.58489 0.68930 0.59621 0.70195 0.61738 0.73823 0.61807 0.74059 0.61086 0.74160 0.58511 0.72977 0.56953 0.73006 0.56217 0.72221 0.55055 0.72250 0.54320 0.73218 0.53465 0.74435 0.51521 0.74671 0.50800 0.74772 0.48225 0.74416 0.46725 0.73550 0.45004
6 0.96865 1.00000 0.92994 0.93946 0.92580 0.93918 0.90641 0.90463 0.90035 0.90051 0.86899 0.85406 0.86292 0.84995 0.84546 0.81921 0.83540 0.81114 0.78850 0.73778 0.77060 0.71808 0.76690 0.70676 0.75477 0.69854 0.74116 0.67545 0.71542 0.64414 0.70387 0.62121 0.69189 0.60930 0.67650 0.57872 0.66837 0.57446 0.66053 0.56285 0.65764 0.55711 0.66207 0.55005 0.65807 0.54608 0.66058 0.53519 0.65769 0.52945 0.65341 0.53284 0.64735 0.52873 0.64513 0.53227 0.64128 0.52462 0.62266 0.52332 0.62074 0.51950 0.61646 0.52288 0.59163 0.52115 0.58942 0.52469 0.58749 0.52086 0.58321 0.52425 0.57921 0.52029 0.57700 0.52382 0.56666 0.52310 0.56473 0.51927 0.55838 0.52252 0.54804 0.52180 0.54611 0.51797 0.54390 0.52151 0.53355 0.52079 0.53163 0.51696 0.52528 0.52021 0.44665 0.51472 0.43395 0.52121 0.41971 0.54050 0.41706 0.55507 0.40142 0.58349 0.39891 0.59438 0.38121 0.62266 0.37649 0.63708 0.34328 0.69010 0.29150 0.79346 0.26257 0.84308 0.24665 0.87886 0.23115 0.90359 0.21522 0.93937 0.20872 0.94629 0.19958 0.96779 0.19242 0.97921 0.49017 1.00000 0.96865 1.00000
6 0.64432 0.52668 0.64595 0.53786 0.66452 0.56682 0.67251 0.57475 0.68603 0.57385 0.69334 0.57252 0.69666 0.56721 0.69695 0.55986 0.70027 0.55456 0.70552 0.55308 0.70581 0.54572 0.69907 0.53234 0.69508 0.52838 0.68887 0.52794 0.68666 0.53147 0.68266 0.52751 0.64432 0.52668
6 0.72996 0.53819 0.72650 0.54716 0.73020 0.55849 0.72991 0.56585 0.73872 0.57937 0.82147 0.58515 0.82369 0.58162 0.83803 0.58630 0.84024 0.58277 0.90438 0.58725 0.90659 0.58371 0.93349 0.58559 0.94354 0.59367 0.98699 0.59670 0.99349 0.58978 0.99714 0.59004 0.99908 0.54088 0.94379 0.53467 0.93936 0.54174 0.86902 0.53683 0.86680 0.54036 0.73424 0.53480 0.72996 0.53819
6 0.00000 0.55233 0.01260 0.55266 0.08198 0.55566 0.08419 0.55212 0.14848 0.55293 0.15069 0.54939 0.19621 0.55257 0.19789 0.53609 0.20468 0.52180 0.20497 0.51445 0.11489 0.51000 0.11268 0.51354 0.00000 0.50567 0.00000 0.55233
7 0.40201 0.41016 0.39913 0.40443 0.38671 0.40356 0.38339 0.40886 0.38267 0.42726 0.38460 0.43108 0.38141 0.51201 0.38415 0.52142 0.39560 0.52038 0.40003 0.51331 0.40201 0.41016
7 0.40518 0.48785 0.40431 0.50992 0.42707 0.51151 0.43386 0.49723 0.43112 0.48781 0.42669 0.49488 0.42188 0.48532 0.42328 0.39689 0.42040 0.39116 0.40591 0.39015 0.40321 0.43238 0.40514 0.43620 0.40355 0.47667 0.40740 0.48431 0.40518 0.48785
4 0.73550 0.45004 0.73151 0.44607 0.71082 0.44463 0.69658 0.46393 0.69407 0.47482 0.69291 0.50425 0.69633 0.52293 0.70306 0.53631 0.70816 0.53851 0.70759 0.55322 0.70027 0.55456 0.69873 0.56736 0.68920 0.57223 0.68588 0.57753 0.68559 0.58489 0.68930 0.59621 0.70195 0.61738 0.73823 0.61807 0.74059 0.61086 0.74160 0.58511 0.72977 0.56953 0.73006 0.56217 0.72221 0.55055 0.72250 0.54320 0.73218 0.53465 0.74435 0.51521 0.74671 0.50800 0.74772 0.48225 0.74416 0.46725 0.73550 0.45004
6 0.96865 1.00000 0.92994 0.93946 0.92580 0.93918 0.90641 0.90463 0.90035 0.90051 0.86899 0.85406 0.86292 0.84995 0.84546 0.81921 0.83540 0.81114 0.78850 0.73778 0.77060 0.71808 0.76690 0.70676 0.75477 0.69854 0.74116 0.67545 0.71542 0.64414 0.70387 0.62121 0.69189 0.60930 0.67650 0.57872 0.66837 0.57446 0.66053 0.56285 0.65764 0.55711 0.66207 0.55005 0.65807 0.54608 0.66058 0.53519 0.65769 0.52945 0.65341 0.53284 0.64735 0.52873 0.64513 0.53227 0.64128 0.52462 0.62266 0.52332 0.62074 0.51950 0.61646 0.52288 0.59163 0.52115 0.58942 0.52469 0.58749 0.52086 0.58321 0.52425 0.57921 0.52029 0.57700 0.52382 0.56666 0.52310 0.56473 0.51927 0.55838 0.52252 0.54804 0.52180 0.54611 0.51797 0.54390 0.52151 0.53355 0.52079 0.53163 0.51696 0.52528 0.52021 0.44665 0.51472 0.43395 0.52121 0.41971 0.54050 0.41706 0.55507 0.40142 0.58349 0.39891 0.59438 0.38121 0.62266 0.37649 0.63708 0.34328 0.69010 0.29150 0.79346 0.26257 0.84308 0.24665 0.87886 0.23115 0.90359 0.21522 0.93937 0.20872 0.94629 0.19958 0.96779 0.19242 0.97921 0.49017 1.00000 0.96865 1.00000
6 0.64432 0.52668 0.64595 0.53786 0.66452 0.56682 0.67251 0.57475 0.68603 0.57385 0.69334 0.57252 0.69666 0.56721 0.69695 0.55986 0.70027 0.55456 0.70552 0.55308 0.70581 0.54572 0.69907 0.53234 0.69508 0.52838 0.68887 0.52794 0.68666 0.53147 0.68266 0.52751 0.64432 0.52668
6 0.72996 0.53819 0.72650 0.54716 0.73020 0.55849 0.72991 0.56585 0.73872 0.57937 0.82147 0.58515 0.82369 0.58162 0.83803 0.58630 0.84024 0.58277 0.90438 0.58725 0.90659 0.58371 0.93349 0.58559 0.94354 0.59367 0.98699 0.59670 0.99349 0.58978 0.99714 0.59004 0.99908 0.54088 0.94379 0.53467 0.93936 0.54174 0.86902 0.53683 0.86680 0.54036 0.73424 0.53480 0.72996 0.53819
6 0.00000 0.55233 0.01260 0.55266 0.08198 0.55566 0.08419 0.55212 0.14848 0.55293 0.15069 0.54939 0.19621 0.55257 0.19789 0.53609 0.20468 0.52180 0.20497 0.51445 0.11489 0.51000 0.11268 0.51354 0.00000 0.50567 0.00000 0.55233
7 0.40201 0.41016 0.39913 0.40443 0.38671 0.40356 0.38339 0.40886 0.38267 0.42726 0.38460 0.43108 0.38141 0.51201 0.38415 0.52142 0.39560 0.52038 0.40003 0.51331 0.40201 0.41016
7 0.40518 0.48785 0.40431 0.50992 0.42707 0.51151 0.43386 0.49723 0.43112 0.48781 0.42669 0.49488 0.42188 0.48532 0.42328 0.39689 0.42040 0.39116 0.40591 0.39015 0.40321 0.43238 0.40514 0.43620 0.40355 0.47667 0.40740 0.48431 0.40518 0.48785
4 0.73550 0.45004 0.73151 0.44607 0.71082 0.44463 0.69658 0.46393 0.69407 0.47482 0.69291 0.50425 0.69633 0.52293 0.70306 0.53631 0.70816 0.53851 0.70759 0.55322 0.70027 0.55456 0.69873 0.56736 0.68920 0.57223 0.68588 0.57753 0.68559 0.58489 0.68930 0.59621 0.70195 0.61738 0.73823 0.61807 0.74059 0.61086 0.74160 0.58511 0.72977 0.56953 0.73006 0.56217 0.72221 0.55055 0.72250 0.54320 0.73218 0.53465 0.74435 0.51521 0.74671 0.50800 0.74772 0.48225 0.74416 0.46725 0.73550 0.45004
6 0.96865 1.00000 0.92994 0.93946 0.92580 0.93918 0.90641 0.90463 0.90035 0.90051 0.86899 0.85406 0.86292 0.84995 0.84546 0.81921 0.83540 0.81114 0.78850 0.73778 0.77060 0.71808 0.76690 0.70676 0.75477 0.69854 0.74116 0.67545 0.71542 0.64414 0.70387 0.62121 0.69189 0.60930 0.67650 0.57872 0.66837 0.57446 0.66053 0.56285 0.65764 0.55711 0.66207 0.55005 0.65807 0.54608 0.66058 0.53519 0.65769 0.52945 0.65341 0.53284 0.64735 0.52873 0.64513 0.53227 0.64128 0.52462 0.62266 0.52332 0.62074 0.51950 0.61646 0.52288 0.59163 0.52115 0.58942 0.52469 0.58749 0.52086 0.58321 0.52425 0.57921 0.52029 0.57700 0.52382 0.56666 0.52310 0.56473 0.51927 0.55838 0.52252 0.54804 0.52180 0.54611 0.51797 0.54390 0.52151 0.53355 0.52079 0.53163 0.51696 0.52528 0.52021 0.44665 0.51472 0.43395 0.52121 0.41971 0.54050 0.41706 0.55507 0.40142 0.58349 0.39891 0.59438 0.38121 0.62266 0.37649 0.63708 0.34328 0.69010 0.29150 0.79346 0.26257 0.84308 0.24665 0.87886 0.23115 0.90359 0.21522 0.93937 0.20872 0.94629 0.19958 0.96779 0.19242 0.97921 0.49017 1.00000 0.96865 1.00000
6 0.64432 0.52668 0.64595 0.53786 0.66452 0.56682 0.67251 0.57475 0.68603 0.57385 0.69334 0.57252 0.69666 0.56721 0.69695 0.55986 0.70027 0.55456 0.70552 0.55308 0.70581 0.54572 0.69907 0.53234 0.69508 0.52838 0.68887 0.52794 0.68666 0.53147 0.68266 0.52751 0.64432 0.52668
6 0.72996 0.53819 0.72650 0.54716 0.73020 0.55849 0.72991 0.56585 0.73872 0.57937 0.82147 0.58515 0.82369 0.58162 0.83803 0.58630 0.84024 0.58277 0.90438 0.58725 0.90659 0.58371 0.93349 0.58559 0.94354 0.59367 0.98699 0.59670 0.99349 0.58978 0.99714 0.59004 0.99908 0.54088 0.94379 0.53467 0.93936 0.54174 0.86902 0.53683 0.86680 0.54036 0.73424 0.53480 0.72996 0.53819
6 0.00000 0.55233 0.01260 0.55266 0.08198 0.55566 0.08419 0.55212 0.14848 0.55293 0.15069 0.54939 0.19621 0.55257 0.19789 0.53609 0.20468 0.52180 0.20497 0.51445 0.11489 0.51000 0.11268 0.51354 0.00000 0.50567 0.00000 0.55233
7 0.40201 0.41016 0.39913 0.40443 0.38671 0.40356 0.38339 0.40886 0.38267 0.42726 0.38460 0.43108 0.38141 0.51201 0.38415 0.52142 0.39560 0.52038 0.40003 0.51331 0.40201 0.41016
7 0.40518 0.48785 0.40431 0.50992 0.42707 0.51151 0.43386 0.49723 0.43112 0.48781 0.42669 0.49488 0.42188 0.48532 0.42328 0.39689 0.42040 0.39116 0.40591 0.39015 0.40321 0.43238 0.40514 0.43620 0.40355 0.47667 0.40740 0.48431 0.40518 0.48785
4 0.73550 0.45004 0.73151 0.44607 0.71082 0.44463 0.69658 0.46393 0.69407 0.47482 0.69291 0.50425 0.69633 0.52293 0.70306 0.53631 0.70816 0.53851 0.70759 0.55322 0.70027 0.55456 0.69873 0.56736 0.68920 0.57223 0.68588 0.57753 0.68559 0.58489 0.68930 0.59621 0.70195 0.61738 0.73823 0.61807 0.74059 0.61086 0.74160 0.58511 0.72977 0.56953 0.73006 0.56217 0.72221 0.55055 0.72250 0.54320 0.73218 0.53465 0.74435 0.51521 0.74671 0.50800 0.74772 0.48225 0.74416 0.46725 0.73550 0.45004
6 0.96865 1.00000 0.92994 0.93946 0.92580 0.93918 0.90641 0.90463 0.90035 0.90051 0.86899 0.85406 0.86292 0.84995 0.84546 0.81921 0.83540 0.81114 0.78850 0.73778 0.77060 0.71808 0.76690 0.70676 0.75477 0.69854 0.74116 0.67545 0.71542 0.64414 0.70387 0.62121 0.69189 0.60930 0.67650 0.57872 0.66837 0.57446 0.66053 0.56285 0.65764 0.55711 0.66207 0.55005 0.65807 0.54608 0.66058 0.53519 0.65769 0.52945 0.65341 0.53284 0.64735 0.52873 0.64513 0.53227 0.64128 0.52462 0.62266 0.52332 0.62074 0.51950 0.61646 0.52288 0.59163 0.52115 0.58942 0.52469 0.58749 0.52086 0.58321 0.52425 0.57921 0.52029 0.57700 0.52382 0.56666 0.52310 0.56473 0.51927 0.55838 0.52252 0.54804 0.52180 0.54611 0.51797 0.54390 0.52151 0.53355 0.52079 0.53163 0.51696 0.52528 0.52021 0.44665 0.51472 0.43395 0.52121 0.41971 0.54050 0.41706 0.55507 0.40142 0.58349 0.39891 0.59438 0.38121 0.62266 0.37649 0.63708 0.34328 0.69010 0.29150 0.79346 0.26257 0.84308 0.24665 0.87886 0.23115 0.90359 0.21522 0.93937 0.20872 0.94629 0.19958 0.96779 0.19242 0.97921 0.49017 1.00000 0.96865 1.00000
6 0.64432 0.52668 0.64595 0.53786 0.66452 0.56682 0.67251 0.57475 0.68603 0.57385 0.69334 0.57252 0.69666 0.56721 0.69695 0.55986 0.70027 0.55456 0.70552 0.55308 0.70581 0.54572 0.69907 0.53234 0.69508 0.52838 0.68887 0.52794 0.68666 0.53147 0.68266 0.52751 0.64432 0.52668
6 0.72996 0.53819 0.72650 0.54716 0.73020 0.55849 0.72991 0.56585 0.73872 0.57937 0.82147 0.58515 0.82369 0.58162 0.83803 0.58630 0.84024 0.58277 0.90438 0.58725 0.90659 0.58371 0.93349 0.58559 0.94354 0.59367 0.98699 0.59670 0.99349 0.58978 0.99714 0.59004 0.99908 0.54088 0.94379 0.53467 0.93936 0.54174 0.86902 0.53683 0.86680 0.54036 0.73424 0.53480 0.72996 0.53819
6 0.00000 0.55233 0.01260 0.55266 0.08198 0.55566 0.08419 0.55212 0.14848 0.55293 0.15069 0.54939 0.19621 0.55257 0.19789 0.53609 0.20468 0.52180 0.20497 0.51445 0.11489 0.51000 0.11268 0.51354 0.00000 0.50567 0.00000 0.55233
7 0.40201 0.41016 0.39913 0.40443 0.38671 0.40356 0.38339 0.40886 0.38267 0.42726 0.38460 0.43108 0.38141 0.51201 0.38415 0.52142 0.39560 0.52038 0.40003 0.51331 0.40201 0.41016
7 0.40518 0.48785 0.40431 0.50992 0.42707 0.51151 0.43386 0.49723 0.43112 0.48781 0.42669 0.49488 0.42188 0.48532 0.42328 0.39689 0.42040 0.39116 0.40591 0.39015 0.40321 0.43238 0.40514 0.43620 0.40355 0.47667 0.40740 0.48431 0.40518 0.48785
4 0.73550 0.45004 0.73151 0.44607 0.71082 0.44463 0.69658 0.46393 0.69407 0.47482 0.69291 0.50425 0.69633 0.52293 0.70306 0.53631 0.70816 0.53851 0.70759 0.55322 0.70027 0.55456 0.69873 0.56736 0.68920 0.57223 0.68588 0.57753 0.68559 0.58489 0.68930 0.59621 0.70195 0.61738 0.73823 0.61807 0.74059 0.61086 0.74160 0.58511 0.72977 0.56953 0.73006 0.56217 0.72221 0.55055 0.72250 0.54320 0.73218 0.53465 0.74435 0.51521 0.74671 0.50800 0.74772 0.48225 0.74416 0.46725 0.73550 0.45004
6 0.96865 1.00000 0.92994 0.93946 0.92580 0.93918 0.90641 0.90463 0.90035 0.90051 0.86899 0.85406 0.86292 0.84995 0.84546 0.81921 0.83540 0.81114 0.78850 0.73778 0.77060 0.71808 0.76690 0.70676 0.75477 0.69854 0.74116 0.67545 0.71542 0.64414 0.70387 0.62121 0.69189 0.60930 0.67650 0.57872 0.66837 0.57446 0.66053 0.56285 0.65764 0.55711 0.66207 0.55005 0.65807 0.54608 0.66058 0.53519 0.65769 0.52945 0.65341 0.53284 0.64735 0.52873 0.64513 0.53227 0.64128 0.52462 0.62266 0.52332 0.62074 0.51950 0.61646 0.52288 0.59163 0.52115 0.58942 0.52469 0.58749 0.52086 0.58321 0.52425 0.57921 0.52029 0.57700 0.52382 0.56666 0.52310 0.56473 0.51927 0.55838 0.52252 0.54804 0.52180 0.54611 0.51797 0.54390 0.52151 0.53355 0.52079 0.53163 0.51696 0.52528 0.52021 0.44665 0.51472 0.43395 0.52121 0.41971 0.54050 0.41706 0.55507 0.40142 0.58349 0.39891 0.59438 0.38121 0.62266 0.37649 0.63708 0.34328 0.69010 0.29150 0.79346 0.26257 0.84308 0.24665 0.87886 0.23115 0.90359 0.21522 0.93937 0.20872 0.94629 0.19958 0.96779 0.19242 0.97921 0.49017 1.00000 0.96865 1.00000
6 0.64432 0.52668 0.64595 0.53786 0.66452 0.56682 0.67251 0.57475 0.68603 0.57385 0.69334 0.57252 0.69666 0.56721 0.69695 0.55986 0.70027 0.55456 0.70552 0.55308 0.70581 0.54572 0.69907 0.53234 0.69508 0.52838 0.68887 0.52794 0.68666 0.53147 0.68266 0.52751 0.64432 0.52668
6 0.72996 0.53819 0.72650 0.54716 0.73020 0.55849 0.72991 0.56585 0.73872 0.57937 0.82147 0.58515 0.82369 0.58162 0.83803 0.58630 0.84024 0.58277 0.90438 0.58725 0.90659 0.58371 0.93349 0.58559 0.94354 0.59367 0.98699 0.59670 0.99349 0.58978 0.99714 0.59004 0.99908 0.54088 0.94379 0.53467 0.93936 0.54174 0.86902 0.53683 0.86680 0.54036 0.73424 0.53480 0.72996 0.53819
6 0.00000 0.55233 0.01260 0.55266 0.08198 0.55566 0.08419 0.55212 0.14848 0.55293 0.15069 0.54939 0.19621 0.55257 0.19789 0.53609 0.20468 0.52180 0.20497 0.51445 0.11489 0.51000 0.11268 0.51354 0.00000 0.50567 0.00000 0.55233
7 0.40201 0.41016 0.39913 0.40443 0.38671 0.40356 0.38339 0.40886 0.38267 0.42726 0.38460 0.43108 0.38141 0.51201 0.38415 0.52142 0.39560 0.52038 0.40003 0.51331 0.40201 0.41016
7 0.40518 0.48785 0.40431 0.50992 0.42707 0.51151 0.43386 0.49723 0.43112 0.48781 0.42669 0.49488 0.42188 0.48532 0.42328 0.39689 0.42040 0.39116 0.40591 0.39015 0.40321 0.43238 0.40514 0.43620 0.40355 0.47667 0.40740 0.48431 0.40518 0.48785
4 0.73550 0.45004 0.73151 0.44607 0.71082 0.44463 0.69658 0.46393 0.69407 0.47482 0.69291 0.50425 0.69633 0.52293 0.70306 0.53631 0.70816 0.53851 0.70759 0.55322 0.70027 0.55456 0.69873 0.56736 0.68920 0.57223 0.68588 0.57753 0.68559 0.58489 0.68930 0.59621 0.70195 0.61738 0.73823 0.61807 0.74059 0.61086 0.74160 0.58511 0.72977 0.56953 0.73006 0.56217 0.72221 0.55055 0.72250 0.54320 0.73218 0.53465 0.74435 0.51521 0.74671 0.50800 0.74772 0.48225 0.74416 0.46725 0.73550 0.45004
6 0.96865 1.00000 0.92994 0.93946 0.92580 0.93918 0.90641 0.90463 0.90035 0.90051 0.86899 0.85406 0.86292 0.84995 0.84546 0.81921 0.83540 0.81114 0.78850 0.73778 0.77060 0.71808 0.76690 0.70676 0.75477 0.69854 0.74116 0.67545 0.71542 0.64414 0.70387 0.62121 0.69189 0.60930 0.67650 0.57872 0.66837 0.57446 0.66053 0.56285 0.65764 0.55711 0.66207 0.55005 0.65807 0.54608 0.66058 0.53519 0.65769 0.52945 0.65341 0.53284 0.64735 0.52873 0.64513 0.53227 0.64128 0.52462 0.62266 0.52332 0.62074 0.51950 0.61646 0.52288 0.59163 0.52115 0.58942 0.52469 0.58749 0.52086 0.58321 0.52425 0.57921 0.52029 0.57700 0.52382 0.56666 0.52310 0.56473 0.51927 0.55838 0.52252 0.54804 0.52180 0.54611 0.51797 0.54390 0.52151 0.53355 0.52079 0.53163 0.51696 0.52528 0.52021 0.44665 0.51472 0.43395 0.52121 0.41971 0.54050 0.41706 0.55507 0.40142 0.58349 0.39891 0.59438 0.38121 0.62266 0.37649 0.63708 0.34328 0.69010 0.29150 0.79346 0.26257 0.84308 0.24665 0.87886 0.23115 0.90359 0.21522 0.93937 0.20872 0.94629 0.19958 0.96779 0.19242 0.97921 0.49017 1.00000 0.96865 1.00000
6 0.64432 0.52668 0.64595 0.53786 0.66452 0.56682 0.67251 0.57475 0.68603 0.57385 0.69334 0.57252 0.69666 0.56721 0.69695 0.55986 0.70027 0.55456 0.70552 0.55308 0.70581 0.54572 0.69907 0.53234 0.69508 0.52838 0.68887 0.52794 0.68666 0.53147 0.68266 0.52751 0.64432 0.52668
6 0.72996 0.53819 0.72650 0.54716 0.73020 0.55849 0.72991 0.56585 0.73872 0.57937 0.82147 0.58515 0.82369 0.58162 0.83803 0.58630 0.84024 0.58277 0.90438 0.58725 0.90659 0.58371 0.93349 0.58559 0.94354 0.59367 0.98699 0.59670 0.99349 0.58978 0.99714 0.59004 0.99908 0.54088 0.94379 0.53467 0.93936 0.54174 0.86902 0.53683 0.86680 0.54036 0.73424 0.53480 0.72996 0.53819
6 0.00000 0.55233 0.01260 0.55266 0.08198 0.55566 0.08419 0.55212 0.14848 0.55293 0.15069 0.54939 0.19621 0.55257 0.19789 0.53609 0.20468 0.52180 0.20497 0.51445 0.11489 0.51000 0.11268 0.51354 0.00000 0.50567 0.00000 0.55233
