6 0.21574 0.54912 0.21115 0.55181 0.20602 0.58259 0.20867 0.59450 0.20831 0.61323 0.21066 0.61943 0.22424 0.62073 0.22756 0.61963 0.23311 0.60964 0.24542 0.61254 0.27342 0.59278 0.28368 0.59518 0.28748 0.59043 0.28990 0.57219 0.28755 0.56599 0.27523 0.56310 0.27367 0.55897 0.26908 0.56165 0.21574 0.54912
6 0.00000 0.58743 0.02486 0.59272 0.15744 0.62197 0.16914 0.61344 0.18321 0.61109 0.18671 0.60063 0.19177 0.59429 0.19069 0.58651 0.19359 0.56462 0.18496 0.54190 0.05727 0.51567 0.05209 0.50693 0.04750 0.50961 0.04134 0.50816 0.03977 0.50404 0.03362 0.50259 0.03109 0.50575 0.02493 0.50431 0.02336 0.50018 0.00852 0.50045 0.00284 0.49536 0.00031 0.49853 0.00000 0.49846 0.00000 0.58743
6 0.82831 1.00000 0.82337 0.99286 0.82150 0.98301 0.81239 0.96394 0.80829 0.96298 0.78741 0.91292 0.77498 0.89495 0.75881 0.85729 0.73757 0.82596 0.72080 0.77687 0.69613 0.73157 0.69963 0.72110 0.70548 0.71683 0.72757 0.72578 0.73137 0.72103 0.73409 0.70850 0.74434 0.71091 0.74814 0.70616 0.75370 0.69617 0.75466 0.68888 0.75249 0.67331 0.74682 0.66822 0.74857 0.66298 0.74495 0.65837 0.73831 0.66057 0.73216 0.65913 0.73059 0.65500 0.71007 0.65018 0.70911 0.65748 0.72220 0.66244 0.70042 0.65920 0.69571 0.64681 0.68280 0.63249 0.66023 0.62719 0.65770 0.63035 0.65202 0.62526 0.64949 0.62843 0.64792 0.62429 0.64128 0.62650 0.63561 0.62140 0.63102 0.62409 0.62740 0.61948 0.62487 0.62264 0.52844 0.60000 0.52590 0.60316 0.41716 0.57762 0.41463 0.58079 0.40232 0.57790 0.40075 0.57377 0.39822 0.57693 0.37927 0.57625 0.37420 0.58258 0.36346 0.58382 0.35839 0.59016 0.34403 0.58678 0.34246 0.58265 0.33787 0.58534 0.32761 0.58293 0.32441 0.59911 0.33020 0.61928 0.32875 0.63023 0.33111 0.63643 0.33364 0.63326 0.33648 0.63580 0.33503 0.64675 0.32489 0.65942 0.32392 0.66672 0.31680 0.67257 0.31282 0.68669 0.30316 0.69571 0.27842 0.73881 0.26876 0.74783 0.24704 0.78412 0.22676 0.80946 0.22072 0.82309 0.21613 0.82578 0.20250 0.84891 0.17715 0.88059 0.14624 0.92463 0.46716 1.00000 0.82831 1.00000
6 0.83854 0.67847 0.82442 0.70526 0.81603 0.71270 0.81048 0.72268 0.80179 0.72440 0.79292 0.73548 0.79792 0.75359 0.80516 0.76282 0.82001 0.76254 0.82158 0.76668 0.85235 0.77390 0.85392 0.77804 0.96758 0.80316 0.97946 0.71345 0.87421 0.68873 0.86491 0.67902 0.85828 0.68123 0.85466 0.67661 0.84440 0.67420 0.83854 0.67847
4 0.78725 0.73039 0.79105 0.72564 0.80638 0.72171 0.82744 0.69844 0.83649 0.67799 0.84132 0.64150 0.83650 0.61403 0.82015 0.58573 0.81399 0.58429 0.81242 0.58015 0.79142 0.57898 0.78225 0.58436 0.76577 0.60494 0.75672 0.62539 0.75286 0.65459 0.75346 0.66602 0.75780 0.69714 0.76329 0.71159 0.77132 0.72289 0.76890 0.74113 0.76510 0.74588 0.75436 0.74713 0.75037 0.76124 0.73601 0.75787 0.73143 0.76055 0.72762 0.76530 0.72666 0.77260 0.73088 0.78864 0.72991 0.79594 0.74530 0.83154 0.75411 0.84489 0.79846 0.85343 0.80588 0.85329 0.81222 0.84537 0.81101 0.82252 0.81862 0.81301 0.81958 0.80571 0.80528 0.77790 0.80118 0.77693 0.79883 0.77074 0.79979 0.76344 0.79587 0.75311 0.78767 0.75118 0.78725 0.73039
7 0.29038 0.56854 0.29195 0.57267 0.28857 0.59821 0.27294 0.59643 0.26377 0.60180 0.25441 0.61653 0.26340 0.62052 0.28669 0.65233 0.28760 0.66948 0.29152 0.67980 0.29514 0.68442 0.30256 0.68428 0.30588 0.68318 0.32030 0.66211 0.32610 0.61832 0.32375 0.61212 0.30860 0.60668 0.31416 0.59670 0.33287 0.43930 0.30952 0.43193 0.30572 0.43668 0.29751 0.49872 0.29908 0.50285 0.29038 0.56854
7 0.38043 0.43166 0.38236 0.41706 0.38001 0.41086 0.36359 0.40700 0.35979 0.41176 0.35496 0.44825 0.35653 0.45238 0.35073 0.49617 0.35230 0.50030 0.35049 0.52998 0.33770 0.53073 0.33335 0.56358 0.33570 0.56978 0.36979 0.57590 0.38404 0.56420 0.38790 0.53500 0.38555 0.52880 0.38048 0.53514 0.36943 0.53066 0.37294 0.52020 0.37680 0.49101 0.37523 0.48688 0.37958 0.45403 0.37801 0.44990 0.38199 0.43579 0.38043 0.43166
6 0.21574 0.54912 0.21115 0.55181 0.20602 0.58259 0.20867 0.59450 0.20831 0.61323 0.21066 0.61943 0.22424 0.62073 0.22756 0.61963 0.23311 0.60964 0.24542 0.61254 0.27342 0.59278 0.28368 0.59518 0.28748 0.59043 0.28990 0.57219 0.28755 0.56599 0.27523 0.56310 0.27367 0.55897 0.26908 0.56165 0.21574 0.54912
6 0.00000 0.58743 0.02486 0.59272 0.15744 0.62197 0.16914 0.61344 0.18321 0.61109 0.18671 0.60063 0.19177 0.59429 0.19069 0.58651 0.19359 0.56462 0.18496 0.54190 0.05727 0.51567 0.05209 0.50693 0.04750 0.50961 0.04134 0.50816 0.03977 0.50404 0.03362 0.50259 0.03109 0.50575 0.02493 0.50431 0.02336 0.50018 0.00852 0.50045 0.00284 0.49536 0.00031 0.49853 0.00000 0.49846 0.00000 0.58743
6 0.82831 1.00000 0.82337 0.99286 0.82150 0.98301 0.81239 0.96394 0.80829 0.96298 0.78741 0.91292 0.77498 0.89495 0.75881 0.85729 0.73757 0.82596 0.72080 0.77687 0.69613 0.73157 0.69963 0.72110 0.70548 0.71683 0.72757 0.72578 0.73137 0.72103 0.73409 0.70850 0.74434 0.71091 0.74814 0.70616 0.75370 0.69617 0.75466 0.68888 0.75249 0.67331 0.74682 0.66822 0.74857 0.66298 0.74495 0.65837 0.73831 0.66057 0.73216 0.65913 0.73059 0.65500 0.71007 0.65018 0.70911 0.65748 0.72220 0.66244 0.70042 0.65920 0.69571 0.64681 0.68280 0.63249 0.66023 0.62719 0.65770 0.63035 0.65202 0.62526 0.64949 0.62843 0.64792 0.62429 0.64128 0.62650 0.63561 0.62140 0.63102 0.62409 0.62740 0.61948 0.62487 0.62264 0.52844 0.60000 0.52590 0.60316 0.41716 0.57762 0.41463 0.58079 0.40232 0.57790 0.40075 0.57377 0.39822 0.57693 0.37927 0.57625 0.37420 0.58258 0.36346 0.58382 0.35839 0.59016 0.34403 0.58678 0.34246 0.58265 0.33787 0.58534 0.32761 0.58293 0.32441 0.59911 0.33020 0.61928 0.32875 0.63023 0.33111 0.63643 0.33364 0.63326 0.33648 0.63580 0.33503 0.64675 0.32489 0.65942 0.32392 0.66672 0.31680 0.67257 0.31282 0.68669 0.30316 0.69571 0.27842 0.73881 0.26876 0.74783 0.24704 0.78412 0.22676 0.80946 0.22072 0.82309 0.21613 0.82578 0.20250 0.84891 0.17715 0.88059 0.14624 0.92463 0.46716 1.00000 0.82831 1.00000
6 0.83854 0.67847 0.82442 0.70526 0.81603 0.71270 0.81048 0.72268 0.80179 0.72440 0.79292 0.73548 0.79792 0.75359 0.80516 0.76282 0.82001 0.76254 0.82158 0.76668 0.85235 0.77390 0.85392 0.77804 0.96758 0.80316 0.97946 0.71345 0.87421 0.68873 0.86491 0.67902 0.85828 0.68123 0.85466 0.67661 0.84440 0.67420 0.83854 0.67847
4 0.78725 0.73039 0.79105 0.72564 0.80638 0.72171 0.82744 0.69844 0.83649 0.67799 0.84132 0.64150 0.83650 0.61403 0.82015 0.58573 0.81399 0.58429 0.81242 0.58015 0.79142 0.57898 0.78225 0.58436 0.76577 0.60494 0.75672 0.62539 0.75286 0.65459 0.75346 0.66602 0.75780 0.69714 0.76329 0.71159 0.77132 0.72289 0.76890 0.74113 0.76510 0.74588 0.75436 0.74713 0.75037 0.76124 0.73601 0.75787 0.73143 0.76055 0.72762 0.76530 0.72666 0.77260 0.73088 0.78864 0.72991 0.79594 0.74530 0.83154 0.75411 0.84489 0.79846 0.85343 0.80588 0.85329 0.81222 0.84537 0.81101 0.82252 0.81862 0.81301 0.81958 0.80571 0.80528 0.77790 0.80118 0.77693 0.79883 0.77074 0.79979 0.76344 0.79587 0.75311 0.78767 0.75118 0.78725 0.73039
7 0.29038 0.56854 0.29195 0.57267 0.28857 0.59821 0.27294 0.59643 0.26377 0.60180 0.25441 0.61653 0.26340 0.62052 0.28669 0.65233 0.28760 0.66948 0.29152 0.67980 0.29514 0.68442 0.30256 0.68428 0.30588 0.68318 0.32030 0.66211 0.32610 0.61832 0.32375 0.61212 0.30860 0.60668 0.31416 0.59670 0.33287 0.43930 0.30952 0.43193 0.30572 0.43668 0.29751 0.49872 0.29908 0.50285 0.29038 0.56854
7 0.38043 0.43166 0.38236 0.41706 0.38001 0.41086 0.36359 0.40700 0.35979 0.41176 0.35496 0.44825 0.35653 0.45238 0.35073 0.49617 0.35230 0.50030 0.35049 0.52998 0.33770 0.53073 0.33335 0.56358 0.33570 0.56978 0.36979 0.57590 0.38404 0.56420 0.38790 0.53500 0.38555 0.52880 0.38048 0.53514 0.36943 0.53066 0.37294 0.52020 0.37680 0.49101 0.37523 0.48688 0.37958 0.45403 0.37801 0.44990 0.38199 0.43579 0.38043 0.43166
6 0.21574 0.54912 0.21115 0.55181 0.20602 0.58259 0.20867 0.59450 0.20831 0.61323 0.21066 0.61943 0.22424 0.62073 0.22756 0.61963 0.23311 0.60964 0.24542 0.61254 0.27342 0.59278 0.28368 0.59518 0.28748 0.59043 0.28990 0.57219 0.28755 0.56599 0.27523 0.56310 0.27367 0.55897 0.26908 0.56165 0.21574 0.54912
6 0.00000 0.58743 0.02486 0.59272 0.15744 0.62197 0.16914 0.61344 0.18321 0.61109 0.18671 0.60063 0.19177 0.59429 0.19069 0.58651 0.19359 0.56462 0.18496 0.54190 0.05727 0.51567 0.05209 0.50693 0.04750 0.50961 0.04134 0.50816 0.03977 0.50404 0.03362 0.50259 0.03109 0.50575 0.02493 0.50431 0.02336 0.50018 0.00852 0.50045 0.00284 0.49536 0.00031 0.49853 0.00000 0.49846 0.00000 0.58743
6 0.82831 1.00000 0.82337 0.99286 0.82150 0.98301 0.81239 0.96394 0.80829 0.96298 0.78741 0.91292 0.77498 0.89495 0.75881 0.85729 0.73757 0.82596 0.72080 0.77687 0.69613 0.73157 0.69963 0.72110 0.70548 0.71683 0.72757 0.72578 0.73137 0.72103 0.73409 0.70850 0.74434 0.71091 0.74814 0.70616 0.75370 0.69617 0.75466 0.68888 0.75249 0.67331 0.74682 0.66822 0.74857 0.66298 0.74495 0.65837 0.73831 0.66057 0.73216 0.65913 0.73059 0.65500 0.71007 0.65018 0.70911 0.65748 0.72220 0.66244 0.70042 0.65920 0.69571 0.64681 0.68280 0.63249 0.66023 0.62719 0.65770 0.63035 0.65202 0.62526 0.64949 0.62843 0.64792 0.62429 0.64128 0.62650 0.63561 0.62140 0.63102 0.62409 0.62740 0.61948 0.62487 0.62264 0.52844 0.60000 0.52590 0.60316 0.41716 0.57762 0.41463 0.58079 0.40232 0.57790 0.40075 0.57377 0.39822 0.57693 0.37927 0.57625 0.37420 0.58258 0.36346 0.58382 0.35839 0.59016 0.34403 0.58678 0.34246 0.58265 0.33787 0.58534 0.32761 0.58293 0.32441 0.59911 0.33020 0.61928 0.32875 0.63023 0.33111 0.63643 0.33364 0.63326 0.33648 0.63580 0.33503 0.64675 0.32489 0.65942 0.32392 0.66672 0.31680 0.67257 0.31282 0.68669 0.30316 0.69571 0.27842 0.73881 0.26876 0.74783 0.24704 0.78412 0.22676 0.80946 0.22072 0.82309 0.21613 0.82578 0.20250 0.84891 0.17715 0.88059 0.14624 0.92463 0.46716 1.00000 0.82831 1.00000
6 0.83854 0.67847 0.82442 0.70526 0.81603 0.71270 0.81048 0.72268 0.80179 0.72440 0.79292 0.73548 0.79792 0.75359 0.80516 0.76282 0.82001 0.76254 0.82158 0.76668 0.85235 0.77390 0.85392 0.77804 0.96758 0.80316 0.97946 0.71345 0.87421 0.68873 0.86491 0.67902 0.85828 0.68123 0.85466 0.67661 0.84440 0.67420 0.83854 0.67847
4 0.78725 0.73039 0.79105 0.72564 0.80638 0.72171 0.82744 0.69844 0.83649 0.67799 0.84132 0.64150 0.83650 0.61403 0.82015 0.58573 0.81399 0.58429 0.81242 0.58015 0.79142 0.57898 0.78225 0.58436 0.76577 0.60494 0.75672 0.62539 0.75286 0.65459 0.75346 0.66602 0.75780 0.69714 0.76329 0.71159 0.77132 0.72289 0.76890 0.74113 0.76510 0.74588 0.75436 0.74713 0.75037 0.76124 0.73601 0.75787 0.73143 0.76055 0.72762 0.76530 0.72666 0.77260 0.73088 0.78864 0.72991 0.79594 0.74530 0.83154 0.75411 0.84489 0.79846 0.85343 0.80588 0.85329 0.81222 0.84537 0.81101 0.82252 0.81862 0.81301 0.81958 0.80571 0.80528 0.77790 0.80118 0.77693 0.79883 0.77074 0.79979 0.76344 0.79587 0.75311 0.78767 0.75118 0.78725 0.73039
7 0.29038 0.56854 0.29195 0.57267 0.28857 0.59821 0.27294 0.59643 0.26377 0.60180 0.25441 0.61653 0.26340 0.62052 0.28669 0.65233 0.28760 0.66948 0.29152 0.67980 0.29514 0.68442 0.30256 0.68428 0.30588 0.68318 0.32030 0.66211 0.32610 0.61832 0.32375 0.61212 0.30860 0.60668 0.31416 0.59670 0.33287 0.43930 0.30952 0.43193 0.30572 0.43668 0.29751 0.49872 0.29908 0.50285 0.29038 0.56854
7 0.38043 0.43166 0.38236 0.41706 0.38001 0.41086 0.36359 0.40700 0.35979 0.41176 0.35496 0.44825 0.35653 0.45238 0.35073 0.49617 0.35230 0.50030 0.35049 0.52998 0.33770 0.53073 0.33335 0.56358 0.33570 0.56978 0.36979 0.57590 0.38404 0.56420 0.38790 0.53500 0.38555 0.52880 0.38048 0.53514 0.36943 0.53066 0.37294 0.52020 0.37680 0.49101 0.37523 0.48688 0.37958 0.45403 0.37801 0.44990 0.38199 0.43579 0.38043 0.43166
6 0.21574 0.54912 0.21115 0.55181 0.20602 0.58259 0.20867 0.59450 0.20831 0.61323 0.21066 0.61943 0.22424 0.62073 0.22756 0.61963 0.23311 0.60964 0.24542 0.61254 0.27342 0.59278 0.28368 0.59518 0.28748 0.59043 0.28990 0.57219 0.28755 0.56599 0.27523 0.56310 0.27367 0.55897 0.26908 0.56165 0.21574 0.54912
6 0.00000 0.58743 0.02486 0.59272 0.15744 0.62197 0.16914 0.61344 0.18321 0.61109 0.18671 0.60063 0.19177 0.59429 0.19069 0.58651 0.19359 0.56462 0.18496 0.54190 0.05727 0.51567 0.05209 0.50693 0.04750 0.50961 0.04134 0.50816 0.03977 0.50404 0.03362 0.50259 0.03109 0.50575 0.02493 0.50431 0.02336 0.50018 0.00852 0.50045 0.00284 0.49536 0.00031 0.49853 0.00000 0.49846 0.00000 0.58743
6 0.82831 1.00000 0.82337 0.99286 0.82150 0.98301 0.81239 0.96394 0.80829 0.96298 0.78741 0.91292 0.77498 0.89495 0.75881 0.85729 0.73757 0.82596 0.72080 0.77687 0.69613 0.73157 0.69963 0.72110 0.70548 0.71683 0.72757 0.72578 0.73137 0.72103 0.73409 0.70850 0.74434 0.71091 0.74814 0.70616 0.75370 0.69617 0.75466 0.68888 0.75249 0.67331 0.74682 0.66822 0.74857 0.66298 0.74495 0.65837 0.73831 0.66057 0.73216 0.65913 0.73059 0.65500 0.71007 0.65018 0.70911 0.65748 0.72220 0.66244 0.70042 0.65920 0.69571 0.64681 0.68280 0.63249 0.66023 0.62719 0.65770 0.63035 0.65202 0.62526 0.64949 0.62843 0.64792 0.62429 0.64128 0.62650 0.63561 0.62140 0.63102 0.62409 0.62740 0.61948 0.62487 0.62264 0.52844 0.60000 0.52590 0.60316 0.41716 0.57762 0.41463 0.58079 0.40232 0.57790 0.40075 0.57377 0.39822 0.57693 0.37927 0.57625 0.37420 0.58258 0.36346 0.58382 0.35839 0.59016 0.34403 0.58678 0.34246 0.58265 0.33787 0.58534 0.32761 0.58293 0.32441 0.59911 0.33020 0.61928 0.32875 0.63023 0.33111 0.63643 0.33364 0.63326 0.33648 0.63580 0.33503 0.64675 0.32489 0.65942 0.32392 0.66672 0.31680 0.67257 0.31282 0.68669 0.30316 0.69571 0.27842 0.73881 0.26876 0.74783 0.24704 0.78412 0.22676 0.80946 0.22072 0.82309 0.21613 0.82578 0.20250 0.84891 0.17715 0.88059 0.14624 0.92463 0.46716 1.00000 0.82831 1.00000
6 0.83854 0.67847 0.82442 0.70526 0.81603 0.71270 0.81048 0.72268 0.80179 0.72440 0.79292 0.73548 0.79792 0.75359 0.80516 0.76282 0.82001 0.76254 0.82158 0.76668 0.85235 0.77390 0.85392 0.77804 0.96758 0.80316 0.97946 0.71345 0.87421 0.68873 0.86491 0.67902 0.85828 0.68123 0.85466 0.67661 0.84440 0.67420 0.83854 0.67847
4 0.78725 0.73039 0.79105 0.72564 0.80638 0.72171 0.82744 0.69844 0.83649 0.67799 0.84132 0.64150 0.83650 0.61403 0.82015 0.58573 0.81399 0.58429 0.81242 0.58015 0.79142 0.57898 0.78225 0.58436 0.76577 0.60494 0.75672 0.62539 0.75286 0.65459 0.75346 0.66602 0.75780 0.69714 0.76329 0.71159 0.77132 0.72289 0.76890 0.74113 0.76510 0.74588 0.75436 0.74713 0.75037 0.76124 0.73601 0.75787 0.73143 0.76055 0.72762 0.76530 0.72666 0.77260 0.73088 0.78864 0.72991 0.79594 0.74530 0.83154 0.75411 0.84489 0.79846 0.85343 0.80588 0.85329 0.81222 0.84537 0.81101 0.82252 0.81862 0.81301 0.81958 0.80571 0.80528 0.77790 0.80118 0.77693 0.79883 0.77074 0.79979 0.76344 0.79587 0.75311 0.78767 0.75118 0.78725 0.73039
7 0.29038 0.56854 0.29195 0.57267 0.28857 0.59821 0.27294 0.59643 0.26377 0.60180 0.25441 0.61653 0.26340 0.62052 0.28669 0.65233 0.28760 0.66948 0.29152 0.67980 0.29514 0.68442 0.30256 0.68428 0.30588 0.68318 0.32030 0.66211 0.32610 0.61832 0.32375 0.61212 0.30860 0.60668 0.31416 0.59670 0.33287 0.43930 0.30952 0.43193 0.30572 0.43668 0.29751 0.49872 0.29908 0.50285 0.29038 0.56854
7 0.38043 0.43166 0.38236 0.41706 0.38001 0.41086 0.36359 0.40700 0.35979 0.41176 0.35496 0.44825 0.35653 0.45238 0.35073 0.49617 0.35230 0.50030 0.35049 0.52998 0.33770 0.53073 0.33335 0.56358 0.33570 0.56978 0.36979 0.57590 0.38404 0.56420 0.38790 0.53500 0.38555 0.52880 0.38048 0.53514 0.36943 0.53066 0.37294 0.52020 0.37680 0.49101 0.37523 0.48688 0.37958 0.45403 0.37801 0.44990 0.38199 0.43579 0.38043 0.43166
6 0.21574 0.54912 0.21115 0.55181 0.20602 0.58259 0.20867 0.59450 0.20831 0.61323 0.21066 0.61943 0.22424 0.62073 0.22756 0.61963 0.23311 0.60964 0.24542 0.61254 0.27342 0.59278 0.28368 0.59518 0.28748 0.59043 0.28990 0.57219 0.28755 0.56599 0.27523 0.56310 0.27367 0.55897 0.26908 0.56165 0.21574 0.54912
6 0.00000 0.58743 0.02486 0.59272 0.15744 0.62197 0.16914 0.61344 0.18321 0.61109 0.18671 0.60063 0.19177 0.59429 0.19069 0.58651 0.19359 0.56462 0.18496 0.54190 0.05727 0.51567 0.05209 0.50693 0.04750 0.50961 0.04134 0.50816 0.03977 0.50404 0.03362 0.50259 0.03109 0.50575 0.02493 0.50431 0.02336 0.50018 0.00852 0.50045 0.00284 0.49536 0.00031 0.49853 0.00000 0.49846 0.00000 0.58743
6 0.82831 1.00000 0.82337 0.99286 0.82150 0.98301 0.81239 0.96394 0.80829 0.96298 0.78741 0.91292 0.77498 0.89495 0.75881 0.85729 0.73757 0.82596 0.72080 0.77687 0.69613 0.73157 0.69963 0.72110 0.70548 0.71683 0.72757 0.72578 0.73137 0.72103 0.73409 0.70850 0.74434 0.71091 0.74814 0.70616 0.75370 0.69617 0.75466 0.68888 0.75249 0.67331 0.74682 0.66822 0.74857 0.66298 0.74495 0.65837 0.73831 0.66057 0.73216 0.65913 0.73059 0.65500 0.71007 0.65018 0.70911 0.65748 0.72220 0.66244 0.70042 0.65920 0.69571 0.64681 0.68280 0.63249 0.66023 0.62719 0.65770 0.63035 0.65202 0.62526 0.64949 0.62843 0.64792 0.62429 0.64128 0.62650 0.63561 0.62140 0.63102 0.62409 0.62740 0.61948 0.62487 0.62264 0.52844 0.60000 0.52590 0.60316 0.41716 0.57762 0.41463 0.58079 0.40232 0.57790 0.40075 0.57377 0.39822 0.57693 0.37927 0.57625 0.37420 0.58258 0.36346 0.58382 0.35839 0.59016 0.34403 0.58678 0.34246 0.58265 0.33787 0.58534 0.32761 0.58293 0.32441 0.59911 0.33020 0.61928 0.32875 0.63023 0.33111 0.63643 0.33364 0.63326 0.33648 0.63580 0.33503 0.64675 0.32489 0.65942 0.32392 0.66672 0.31680 0.67257 0.31282 0.68669 0.30316 0.69571 0.27842 0.73881 0.26876 0.74783 0.24704 0.78412 0.22676 0.80946 0.22072 0.82309 0.21613 0.82578 0.20250 0.84891 0.17715 0.88059 0.14624 0.92463 0.46716 1.00000 0.82831 1.00000
6 0.83854 0.67847 0.82442 0.70526 0.81603 0.71270 0.81048 0.72268 0.80179 0.72440 0.79292 0.73548 0.79792 0.75359 0.80516 0.76282 0.82001 0.76254 0.82158 0.76668 0.85235 0.77390 0.85392 0.77804 0.96758 0.80316 0.97946 0.71345 0.87421 0.68873 0.86491 0.67902 0.85828 0.68123 0.85466 0.67661 0.84440 0.67420 0.83854 0.67847
4 0.78725 0.73039 0.79105 0.72564 0.80638 0.72171 0.82744 0.69844 0.83649 0.67799 0.84132 0.64150 0.83650 0.61403 0.82015 0.58573 0.81399 0.58429 0.81242 0.58015 0.79142 0.57898 0.78225 0.58436 0.76577 0.60494 0.75672 0.62539 0.75286 0.65459 0.75346 0.66602 0.75780 0.69714 0.76329 0.71159 0.77132 0.72289 0.76890 0.74113 0.76510 0.74588 0.75436 0.74713 0.75037 0.76124 0.73601 0.75787 0.73143 0.76055 0.72762 0.76530 0.72666 0.77260 0.73088 0.78864 0.72991 0.79594 0.74530 0.83154 0.75411 0.84489 0.79846 0.85343 0.80588 0.85329 0.81222 0.84537 0.81101 0.82252 0.81862 0.81301 0.81958 0.80571 0.80528 0.77790 0.80118 0.77693 0.79883 0.77074 0.79979 0.76344 0.79587 0.75311 0.78767 0.75118 0.78725 0.73039
7 0.29038 0.56854 0.29195 0.57267 0.28857 0.59821 0.27294 0.59643 0.26377 0.60180 0.25441 0.61653 0.26340 0.62052 0.28669 0.65233 0.28760 0.66948 0.29152 0.67980 0.29514 0.68442 0.30256 0.68428 0.30588 0.68318 0.32030 0.66211 0.32610 0.61832 0.32375 0.61212 0.30860 0.60668 0.31416 0.59670 0.33287 0.43930 0.30952 0.43193 0.30572 0.43668 0.29751 0.49872 0.29908 0.50285 0.29038 0.56854
7 0.38043 0.43166 0.38236 0.41706 0.38001 0.41086 0.36359 0.40700 0.35979 0.41176 0.35496 0.44825 0.35653 0.45238 0.35073 0.49617 0.35230 0.50030 0.35049 0.52998 0.33770 0.53073 0.33335 0.56358 0.33570 0.56978 0.36979 0.57590 0.38404 0.56420 0.38790 0.53500 0.38555 0.52880 0.38048 0.53514 0.36943 0.53066 0.37294 0.52020 0.37680 0.49101 0.37523 0.48688 0.37958 0.45403 0.37801 0.44990 0.38199 0.43579 0.38043 0.43166
