6 0.97949 0.94445 0.96973 0.92708 0.96191 0.92014 0.95801 0.90972 0.94629 0.89930 0.93457 0.87847 0.93066 0.87847 0.91894 0.86458 0.91016 0.84896 0.91894 0.84722 0.92187 0.84202 0.92090 0.82986 0.91309 0.82986 0.91211 0.83160 0.91601 0.83507 0.91113 0.84028 0.90137 0.84028 0.89746 0.82986 0.88574 0.82292 0.86426 0.79167 0.86035 0.79167 0.85254 0.78125 0.84863 0.77083 0.83301 0.75000 0.82715 0.74653 0.82129 0.73958 0.81934 0.73264 0.81348 0.72917 0.79199 0.70139 0.78809 0.69097 0.78223 0.68750 0.75879 0.65625 0.74902 0.64930 0.73145 0.62500 0.71973 0.61458 0.70215 0.58680 0.69043 0.57986 0.68750 0.57118 0.67285 0.54861 0.66504 0.54514 0.65723 0.53472 0.65625 0.51562 0.65820 0.50521 0.64941 0.49653 0.64160 0.49653 0.63965 0.50000 0.63574 0.49653 0.59473 0.49653 0.59277 0.50000 0.53223 0.50000 0.53027 0.50347 0.52637 0.50000 0.51855 0.50000 0.51660 0.50347 0.45801 0.50347 0.45410 0.51042 0.45215 0.50695 0.44824 0.51042 0.44238 0.50695 0.43945 0.51215 0.43945 0.51910 0.42187 0.55729 0.41601 0.57812 0.40430 0.59896 0.39062 0.63368 0.37695 0.65452 0.35742 0.69618 0.35156 0.71702 0.28906 0.84896 0.28711 0.85938 0.27734 0.87673 0.25586 0.92882 0.24805 0.93923 0.22852 0.98785 0.22949 0.99653 0.28027 0.99653 0.28223 0.99305 0.28613 0.99653 0.38965 0.99653 0.39160 0.99305 0.39551 0.99653 0.57910 0.99653 0.58106 0.99305 0.58301 0.99653 1.00000 0.99479 0.99902 0.96528 0.99316 0.96180 0.98730 0.95139 0.97949 0.94445
6 0.69922 0.50868 0.69629 0.50347 0.69238 0.50347 0.68848 0.49653 0.66894 0.49653 0.66699 0.50000 0.65918 0.49653 0.65723 0.50000 0.64258 0.50173 0.64453 0.51215 0.66113 0.53472 0.66699 0.54167 0.67773 0.54340 0.68848 0.53820 0.69336 0.52952 0.69922 0.51562 0.69922 0.50868
6 0.84668 0.54514 0.85059 0.53820 0.87598 0.53820 0.87793 0.53472 0.91113 0.53472 0.92090 0.54167 0.99902 0.54167 1.00000 0.49132 0.91699 0.48958 0.91504 0.49305 0.90137 0.49305 0.89941 0.49653 0.89160 0.49653 0.88965 0.49305 0.86426 0.49305 0.86230 0.49653 0.78223 0.49653 0.78027 0.50000 0.77051 0.49653 0.76855 0.50000 0.72559 0.50000 0.71680 0.51215 0.72266 0.52604 0.72266 0.53298 0.73145 0.54167 0.78223 0.54167 0.78613 0.54861 0.78906 0.54688 0.83691 0.54514 0.83887 0.54167 0.84082 0.54514 0.84668 0.54514
6 0.06543 0.56250 0.12402 0.56250 0.12598 0.55903 0.16113 0.55903 0.16309 0.55555 0.22949 0.55208 0.23242 0.54688 0.23242 0.53298 0.23828 0.51910 0.23145 0.51389 0.22949 0.51736 0.22754 0.51389 0.21973 0.51389 0.21777 0.51736 0.20801 0.51389 0.20606 0.51736 0.17676 0.51736 0.17480 0.52083 0.17090 0.51736 0.16894 0.52083 0.07910 0.52083 0.07715 0.52430 0.00000 0.52604 0.00098 0.56945 0.04492 0.56771 0.05957 0.56597 0.06152 0.56250 0.06348 0.56597 0.06543 0.56250
4 0.71289 0.50868 0.72168 0.50347 0.73242 0.48438 0.73633 0.46702 0.73633 0.45312 0.73438 0.44271 0.72559 0.42361 0.71582 0.41667 0.70606 0.41667 0.69434 0.42708 0.68555 0.44618 0.68555 0.47396 0.68750 0.48438 0.69434 0.50000 0.70117 0.50521 0.70117 0.51910 0.69824 0.52430 0.69434 0.52430 0.69336 0.53298 0.69043 0.53820 0.68457 0.53820 0.68164 0.54340 0.68164 0.55035 0.68359 0.55729 0.69824 0.57986 0.73047 0.57812 0.73438 0.56423 0.73438 0.54688 0.72559 0.53820 0.71289 0.50868
7 0.41406 0.48090 0.41211 0.47743 0.41211 0.40798 0.40918 0.40278 0.39551 0.40278 0.39648 0.50521 0.39844 0.50868 0.39844 0.52257 0.40137 0.52778 0.40430 0.52604 0.40234 0.51562 0.41113 0.50695 0.41406 0.49827 0.41406 0.48090
7 0.42676 0.38542 0.41894 0.38542 0.41211 0.39062 0.41406 0.47048 0.41797 0.48090 0.41601 0.49827 0.41894 0.50347 0.43359 0.50173 0.43750 0.49479 0.43164 0.47396 0.42969 0.39062 0.42676 0.38542
6 0.97949 0.94445 0.96973 0.92708 0.96191 0.92014 0.95801 0.90972 0.94629 0.89930 0.93457 0.87847 0.93066 0.87847 0.91894 0.86458 0.91016 0.84896 0.91894 0.84722 0.92187 0.84202 0.92090 0.82986 0.91309 0.82986 0.91211 0.83160 0.91601 0.83507 0.91113 0.84028 0.90137 0.84028 0.89746 0.82986 0.88574 0.82292 0.86426 0.79167 0.86035 0.79167 0.85254 0.78125 0.84863 0.77083 0.83301 0.75000 0.82715 0.74653 0.82129 0.73958 0.81934 0.73264 0.81348 0.72917 0.79199 0.70139 0.78809 0.69097 0.78223 0.68750 0.75879 0.65625 0.74902 0.64930 0.73145 0.62500 0.71973 0.61458 0.70215 0.58680 0.69043 0.57986 0.68750 0.57118 0.67285 0.54861 0.66504 0.54514 0.65723 0.53472 0.65625 0.51562 0.65820 0.50521 0.64941 0.49653 0.64160 0.49653 0.63965 0.50000 0.63574 0.49653 0.59473 0.49653 0.59277 0.50000 0.53223 0.50000 0.53027 0.50347 0.52637 0.50000 0.51855 0.50000 0.51660 0.50347 0.45801 0.50347 0.45410 0.51042 0.45215 0.50695 0.44824 0.51042 0.44238 0.50695 0.43945 0.51215 0.43945 0.51910 0.42187 0.55729 0.41601 0.57812 0.40430 0.59896 0.39062 0.63368 0.37695 0.65452 0.35742 0.69618 0.35156 0.71702 0.28906 0.84896 0.28711 0.85938 0.27734 0.87673 0.25586 0.92882 0.24805 0.93923 0.22852 0.98785 0.22949 0.99653 0.28027 0.99653 0.28223 0.99305 0.28613 0.99653 0.38965 0.99653 0.39160 0.99305 0.39551 0.99653 0.57910 0.99653 0.58106 0.99305 0.58301 0.99653 1.00000 0.99479 0.99902 0.96528 0.99316 0.96180 0.98730 0.95139 0.97949 0.94445
6 0.69922 0.50868 0.69629 0.50347 0.69238 0.50347 0.68848 0.49653 0.66894 0.49653 0.66699 0.50000 0.65918 0.49653 0.65723 0.50000 0.64258 0.50173 0.64453 0.51215 0.66113 0.53472 0.66699 0.54167 0.67773 0.54340 0.68848 0.53820 0.69336 0.52952 0.69922 0.51562 0.69922 0.50868
6 0.84668 0.54514 0.85059 0.53820 0.87598 0.53820 0.87793 0.53472 0.91113 0.53472 0.92090 0.54167 0.99902 0.54167 1.00000 0.49132 0.91699 0.48958 0.91504 0.49305 0.90137 0.49305 0.89941 0.49653 0.89160 0.49653 0.88965 0.49305 0.86426 0.49305 0.86230 0.49653 0.78223 0.49653 0.78027 0.50000 0.77051 0.49653 0.76855 0.50000 0.72559 0.50000 0.71680 0.51215 0.72266 0.52604 0.72266 0.53298 0.73145 0.54167 0.78223 0.54167 0.78613 0.54861 0.78906 0.54688 0.83691 0.54514 0.83887 0.54167 0.84082 0.54514 0.84668 0.54514
6 0.06543 0.56250 0.12402 0.56250 0.12598 0.55903 0.16113 0.55903 0.16309 0.55555 0.22949 0.55208 0.23242 0.54688 0.23242 0.53298 0.23828 0.51910 0.23145 0.51389 0.22949 0.51736 0.22754 0.51389 0.21973 0.51389 0.21777 0.51736 0.20801 0.51389 0.20606 0.51736 0.17676 0.51736 0.17480 0.52083 0.17090 0.51736 0.16894 0.52083 0.07910 0.52083 0.07715 0.52430 0.00000 0.52604 0.00098 0.56945 0.04492 0.56771 0.05957 0.56597 0.06152 0.56250 0.06348 0.56597 0.06543 0.56250
4 0.71289 0.50868 0.72168 0.50347 0.73242 0.48438 0.73633 0.46702 0.73633 0.45312 0.73438 0.44271 0.72559 0.42361 0.71582 0.41667 0.70606 0.41667 0.69434 0.42708 0.68555 0.44618 0.68555 0.47396 0.68750 0.48438 0.69434 0.50000 0.70117 0.50521 0.70117 0.51910 0.69824 0.52430 0.69434 0.52430 0.69336 0.53298 0.69043 0.53820 0.68457 0.53820 0.68164 0.54340 0.68164 0.55035 0.68359 0.55729 0.69824 0.57986 0.73047 0.57812 0.73438 0.56423 0.73438 0.54688 0.72559 0.53820 0.71289 0.50868
7 0.41406 0.48090 0.41211 0.47743 0.41211 0.40798 0.40918 0.40278 0.39551 0.40278 0.39648 0.50521 0.39844 0.50868 0.39844 0.52257 0.40137 0.52778 0.40430 0.52604 0.40234 0.51562 0.41113 0.50695 0.41406 0.49827 0.41406 0.48090
7 0.42676 0.38542 0.41894 0.38542 0.41211 0.39062 0.41406 0.47048 0.41797 0.48090 0.41601 0.49827 0.41894 0.50347 0.43359 0.50173 0.43750 0.49479 0.43164 0.47396 0.42969 0.39062 0.42676 0.38542
