6 0.00000 0.96578 0.21277 0.98064 0.21215 0.98035 0.19436 0.96828 0.18857 0.96065 0.17657 0.95620 0.16875 0.94844 0.16268 0.94801 0.15487 0.94025 0.14879 0.93982 0.12912 0.92400 0.12102 0.92344 0.11321 0.91567 0.10713 0.91525 0.10134 0.90762 0.09527 0.90720 0.07560 0.89138 0.05766 0.88291 0.05187 0.87529 0.02786 0.86639 0.01614 0.85473 0.00000 0.85038 0.00000 0.96578
2 0.05720 0.76553 0.05749 0.75833 0.06413 0.74435 0.07350 0.71250 0.08589 0.65560 0.08674 0.63399 0.08203 0.62464 0.01495 0.62718 0.01278 0.63064 0.00671 0.63021 0.00346 0.63540 0.00304 0.64620 0.00666 0.65729 0.01607 0.67600 0.02492 0.70911 0.04158 0.75000 0.03785 0.79306 0.03272 0.79451 0.02514 0.80662 0.02645 0.82477 0.02321 0.82995 0.00889 0.83257 0.00471 0.83588 0.00348 0.84121 0.00819 0.85057 0.03559 0.85068 0.06732 0.84386 0.07989 0.83391 0.09622 0.83144 0.10150 0.82639 0.10192 0.81559 0.09910 0.80998 0.08074 0.81230 0.07603 0.80295 0.07631 0.79575 0.07161 0.78639 0.06365 0.78223 0.05720 0.76553
6 0.00000 0.96578 0.21277 0.98064 0.21215 0.98035 0.19436 0.96828 0.18857 0.96065 0.17657 0.95620 0.16875 0.94844 0.16268 0.94801 0.15487 0.94025 0.14879 0.93982 0.12912 0.92400 0.12102 0.92344 0.11321 0.91567 0.10713 0.91525 0.10134 0.90762 0.09527 0.90720 0.07560 0.89138 0.05766 0.88291 0.05187 0.87529 0.02786 0.86639 0.01614 0.85473 0.00000 0.85038 0.00000 0.96578
2 0.05720 0.76553 0.05749 0.75833 0.06413 0.74435 0.07350 0.71250 0.08589 0.65560 0.08674 0.63399 0.08203 0.62464 0.01495 0.62718 0.01278 0.63064 0.00671 0.63021 0.00346 0.63540 0.00304 0.64620 0.00666 0.65729 0.01607 0.67600 0.02492 0.70911 0.04158 0.75000 0.03785 0.79306 0.03272 0.79451 0.02514 0.80662 0.02645 0.82477 0.02321 0.82995 0.00889 0.83257 0.00471 0.83588 0.00348 0.84121 0.00819 0.85057 0.03559 0.85068 0.06732 0.84386 0.07989 0.83391 0.09622 0.83144 0.10150 0.82639 0.10192 0.81559 0.09910 0.80998 0.08074 0.81230 0.07603 0.80295 0.07631 0.79575 0.07161 0.78639 0.06365 0.78223 0.05720 0.76553
6 0.00000 0.96578 0.21277 0.98064 0.21215 0.98035 0.19436 0.96828 0.18857 0.96065 0.17657 0.95620 0.16875 0.94844 0.16268 0.94801 0.15487 0.94025 0.14879 0.93982 0.12912 0.92400 0.12102 0.92344 0.11321 0.91567 0.10713 0.91525 0.10134 0.90762 0.09527 0.90720 0.07560 0.89138 0.05766 0.88291 0.05187 0.87529 0.02786 0.86639 0.01614 0.85473 0.00000 0.85038 0.00000 0.96578
2 0.05720 0.76553 0.05749 0.75833 0.06413 0.74435 0.07350 0.71250 0.08589 0.65560 0.08674 0.63399 0.08203 0.62464 0.01495 0.62718 0.01278 0.63064 0.00671 0.63021 0.00346 0.63540 0.00304 0.64620 0.00666 0.65729 0.01607 0.67600 0.02492 0.70911 0.04158 0.75000 0.03785 0.79306 0.03272 0.79451 0.02514 0.80662 0.02645 0.82477 0.02321 0.82995 0.00889 0.83257 0.00471 0.83588 0.00348 0.84121 0.00819 0.85057 0.03559 0.85068 0.06732 0.84386 0.07989 0.83391 0.09622 0.83144 0.10150 0.82639 0.10192 0.81559 0.09910 0.80998 0.08074 0.81230 0.07603 0.80295 0.07631 0.79575 0.07161 0.78639 0.06365 0.78223 0.05720 0.76553
6 0.00000 0.96578 0.21277 0.98064 0.21215 0.98035 0.19436 0.96828 0.18857 0.96065 0.17657 0.95620 0.16875 0.94844 0.16268 0.94801 0.15487 0.94025 0.14879 0.93982 0.12912 0.92400 0.12102 0.92344 0.11321 0.91567 0.10713 0.91525 0.10134 0.90762 0.09527 0.90720 0.07560 0.89138 0.05766 0.88291 0.05187 0.87529 0.02786 0.86639 0.01614 0.85473 0.00000 0.85038 0.00000 0.96578
2 0.05720 0.76553 0.05749 0.75833 0.06413 0.74435 0.07350 0.71250 0.08589 0.65560 0.08674 0.63399 0.08203 0.62464 0.01495 0.62718 0.01278 0.63064 0.00671 0.63021 0.00346 0.63540 0.00304 0.64620 0.00666 0.65729 0.01607 0.67600 0.02492 0.70911 0.04158 0.75000 0.03785 0.79306 0.03272 0.79451 0.02514 0.80662 0.02645 0.82477 0.02321 0.82995 0.00889 0.83257 0.00471 0.83588 0.00348 0.84121 0.00819 0.85057 0.03559 0.85068 0.06732 0.84386 0.07989 0.83391 0.09622 0.83144 0.10150 0.82639 0.10192 0.81559 0.09910 0.80998 0.08074 0.81230 0.07603 0.80295 0.07631 0.79575 0.07161 0.78639 0.06365 0.78223 0.05720 0.76553
6 0.00000 0.96578 0.21277 0.98064 0.21215 0.98035 0.19436 0.96828 0.18857 0.96065 0.17657 0.95620 0.16875 0.94844 0.16268 0.94801 0.15487 0.94025 0.14879 0.93982 0.12912 0.92400 0.12102 0.92344 0.11321 0.91567 0.10713 0.91525 0.10134 0.90762 0.09527 0.90720 0.07560 0.89138 0.05766 0.88291 0.05187 0.87529 0.02786 0.86639 0.01614 0.85473 0.00000 0.85038 0.00000 0.96578
2 0.05720 0.76553 0.05749 0.75833 0.06413 0.74435 0.07350 0.71250 0.08589 0.65560 0.08674 0.63399 0.08203 0.62464 0.01495 0.62718 0.01278 0.63064 0.00671 0.63021 0.00346 0.63540 0.00304 0.64620 0.00666 0.65729 0.01607 0.67600 0.02492 0.70911 0.04158 0.75000 0.03785 0.79306 0.03272 0.79451 0.02514 0.80662 0.02645 0.82477 0.02321 0.82995 0.00889 0.83257 0.00471 0.83588 0.00348 0.84121 0.00819 0.85057 0.03559 0.85068 0.06732 0.84386 0.07989 0.83391 0.09622 0.83144 0.10150 0.82639 0.10192 0.81559 0.09910 0.80998 0.08074 0.81230 0.07603 0.80295 0.07631 0.79575 0.07161 0.78639 0.06365 0.78223 0.05720 0.76553
6 0.00000 0.96578 0.21277 0.98064 0.21215 0.98035 0.19436 0.96828 0.18857 0.96065 0.17657 0.95620 0.16875 0.94844 0.16268 0.94801 0.15487 0.94025 0.14879 0.93982 0.12912 0.92400 0.12102 0.92344 0.11321 0.91567 0.10713 0.91525 0.10134 0.90762 0.09527 0.90720 0.07560 0.89138 0.05766 0.88291 0.05187 0.87529 0.02786 0.86639 0.01614 0.85473 0.00000 0.85038 0.00000 0.96578
2 0.05720 0.76553 0.05749 0.75833 0.06413 0.74435 0.07350 0.71250 0.08589 0.65560 0.08674 0.63399 0.08203 0.62464 0.01495 0.62718 0.01278 0.63064 0.00671 0.63021 0.00346 0.63540 0.00304 0.64620 0.00666 0.65729 0.01607 0.67600 0.02492 0.70911 0.04158 0.75000 0.03785 0.79306 0.03272 0.79451 0.02514 0.80662 0.02645 0.82477 0.02321 0.82995 0.00889 0.83257 0.00471 0.83588 0.00348 0.84121 0.00819 0.85057 0.03559 0.85068 0.06732 0.84386 0.07989 0.83391 0.09622 0.83144 0.10150 0.82639 0.10192 0.81559 0.09910 0.80998 0.08074 0.81230 0.07603 0.80295 0.07631 0.79575 0.07161 0.78639 0.06365 0.78223 0.05720 0.76553
