6 0.59348 1.00000 0.58812 0.99048 0.58194 0.98682 0.57163 0.97217 0.51806 0.92090 0.48922 0.88794 0.46655 0.86963 0.43152 0.82935 0.40886 0.81104 0.38620 0.78174 0.37383 0.77075 0.36971 0.77075 0.35529 0.75244 0.30584 0.70850 0.28111 0.67920 0.26463 0.66821 0.24815 0.64624 0.23990 0.64258 0.23372 0.62793 0.22136 0.61695 0.21518 0.60596 0.21106 0.60596 0.17809 0.57300 0.15955 0.56201 0.14718 0.54370 0.12040 0.52173 0.10804 0.50708 0.10185 0.50708 0.09361 0.49976 0.07919 0.49976 0.07713 0.49609 0.04416 0.49609 0.04210 0.49243 0.03798 0.49609 0.03386 0.49243 0.00000 0.49383 0.00000 1.00000 0.59348 1.00000
1 0.43977 0.65723 0.45316 0.63342 0.45934 0.60413 0.45934 0.58582 0.45728 0.58215 0.45728 0.56750 0.45316 0.54920 0.44595 0.53271 0.43152 0.51807 0.41092 0.51807 0.40268 0.52539 0.38723 0.55652 0.38104 0.58215 0.38104 0.61145 0.38928 0.64441 0.39444 0.65357 0.40783 0.66638 0.40783 0.69934 0.40062 0.70850 0.39650 0.70850 0.39341 0.71399 0.39238 0.72681 0.37177 0.73047 0.36868 0.73596 0.36868 0.74695 0.38413 0.77441 0.39032 0.77441 0.39650 0.78540 0.41195 0.78357 0.44801 0.77808 0.45419 0.77441 0.46140 0.75793 0.46140 0.75061 0.45625 0.74146 0.43874 0.72498 0.43565 0.70484 0.42740 0.70484 0.42431 0.69934 0.42431 0.67004 0.42740 0.66455 0.43977 0.65723
7 0.16882 0.54553 0.16676 0.56018 0.16985 0.56568 0.20179 0.56384 0.20488 0.56201 0.20797 0.55286 0.20797 0.53821 0.20488 0.53271 0.19870 0.54004 0.18942 0.53821 0.18942 0.43933 0.19148 0.43567 0.18221 0.43018 0.17706 0.43567 0.17706 0.52722 0.16882 0.54553
6 0.59348 1.00000 0.58812 0.99048 0.58194 0.98682 0.57163 0.97217 0.51806 0.92090 0.48922 0.88794 0.46655 0.86963 0.43152 0.82935 0.40886 0.81104 0.38620 0.78174 0.37383 0.77075 0.36971 0.77075 0.35529 0.75244 0.30584 0.70850 0.28111 0.67920 0.26463 0.66821 0.24815 0.64624 0.23990 0.64258 0.23372 0.62793 0.22136 0.61695 0.21518 0.60596 0.21106 0.60596 0.17809 0.57300 0.15955 0.56201 0.14718 0.54370 0.12040 0.52173 0.10804 0.50708 0.10185 0.50708 0.09361 0.49976 0.07919 0.49976 0.07713 0.49609 0.04416 0.49609 0.04210 0.49243 0.03798 0.49609 0.03386 0.49243 0.00000 0.49383 0.00000 1.00000 0.59348 1.00000
1 0.43977 0.65723 0.45316 0.63342 0.45934 0.60413 0.45934 0.58582 0.45728 0.58215 0.45728 0.56750 0.45316 0.54920 0.44595 0.53271 0.43152 0.51807 0.41092 0.51807 0.40268 0.52539 0.38723 0.55652 0.38104 0.58215 0.38104 0.61145 0.38928 0.64441 0.39444 0.65357 0.40783 0.66638 0.40783 0.69934 0.40062 0.70850 0.39650 0.70850 0.39341 0.71399 0.39238 0.72681 0.37177 0.73047 0.36868 0.73596 0.36868 0.74695 0.38413 0.77441 0.39032 0.77441 0.39650 0.78540 0.41195 0.78357 0.44801 0.77808 0.45419 0.77441 0.46140 0.75793 0.46140 0.75061 0.45625 0.74146 0.43874 0.72498 0.43565 0.70484 0.42740 0.70484 0.42431 0.69934 0.42431 0.67004 0.42740 0.66455 0.43977 0.65723
7 0.16882 0.54553 0.16676 0.56018 0.16985 0.56568 0.20179 0.56384 0.20488 0.56201 0.20797 0.55286 0.20797 0.53821 0.20488 0.53271 0.19870 0.54004 0.18942 0.53821 0.18942 0.43933 0.19148 0.43567 0.18221 0.43018 0.17706 0.43567 0.17706 0.52722 0.16882 0.54553
6 0.59348 1.00000 0.58812 0.99048 0.58194 0.98682 0.57163 0.97217 0.51806 0.92090 0.48922 0.88794 0.46655 0.86963 0.43152 0.82935 0.40886 0.81104 0.38620 0.78174 0.37383 0.77075 0.36971 0.77075 0.35529 0.75244 0.30584 0.70850 0.28111 0.67920 0.26463 0.66821 0.24815 0.64624 0.23990 0.64258 0.23372 0.62793 0.22136 0.61695 0.21518 0.60596 0.21106 0.60596 0.17809 0.57300 0.15955 0.56201 0.14718 0.54370 0.12040 0.52173 0.10804 0.50708 0.10185 0.50708 0.09361 0.49976 0.07919 0.49976 0.07713 0.49609 0.04416 0.49609 0.04210 0.49243 0.03798 0.49609 0.03386 0.49243 0.00000 0.49383 0.00000 1.00000 0.59348 1.00000
1 0.43977 0.65723 0.45316 0.63342 0.45934 0.60413 0.45934 0.58582 0.45728 0.58215 0.45728 0.56750 0.45316 0.54920 0.44595 0.53271 0.43152 0.51807 0.41092 0.51807 0.40268 0.52539 0.38723 0.55652 0.38104 0.58215 0.38104 0.61145 0.38928 0.64441 0.39444 0.65357 0.40783 0.66638 0.40783 0.69934 0.40062 0.70850 0.39650 0.70850 0.39341 0.71399 0.39238 0.72681 0.37177 0.73047 0.36868 0.73596 0.36868 0.74695 0.38413 0.77441 0.39032 0.77441 0.39650 0.78540 0.41195 0.78357 0.44801 0.77808 0.45419 0.77441 0.46140 0.75793 0.46140 0.75061 0.45625 0.74146 0.43874 0.72498 0.43565 0.70484 0.42740 0.70484 0.42431 0.69934 0.42431 0.67004 0.42740 0.66455 0.43977 0.65723
7 0.16882 0.54553 0.16676 0.56018 0.16985 0.56568 0.20179 0.56384 0.20488 0.56201 0.20797 0.55286 0.20797 0.53821 0.20488 0.53271 0.19870 0.54004 0.18942 0.53821 0.18942 0.43933 0.19148 0.43567 0.18221 0.43018 0.17706 0.43567 0.17706 0.52722 0.16882 0.54553
6 0.59348 1.00000 0.58812 0.99048 0.58194 0.98682 0.57163 0.97217 0.51806 0.92090 0.48922 0.88794 0.46655 0.86963 0.43152 0.82935 0.40886 0.81104 0.38620 0.78174 0.37383 0.77075 0.36971 0.77075 0.35529 0.75244 0.30584 0.70850 0.28111 0.67920 0.26463 0.66821 0.24815 0.64624 0.23990 0.64258 0.23372 0.62793 0.22136 0.61695 0.21518 0.60596 0.21106 0.60596 0.17809 0.57300 0.15955 0.56201 0.14718 0.54370 0.12040 0.52173 0.10804 0.50708 0.10185 0.50708 0.09361 0.49976 0.07919 0.49976 0.07713 0.49609 0.04416 0.49609 0.04210 0.49243 0.03798 0.49609 0.03386 0.49243 0.00000 0.49383 0.00000 1.00000 0.59348 1.00000
1 0.43977 0.65723 0.45316 0.63342 0.45934 0.60413 0.45934 0.58582 0.45728 0.58215 0.45728 0.56750 0.45316 0.54920 0.44595 0.53271 0.43152 0.51807 0.41092 0.51807 0.40268 0.52539 0.38723 0.55652 0.38104 0.58215 0.38104 0.61145 0.38928 0.64441 0.39444 0.65357 0.40783 0.66638 0.40783 0.69934 0.40062 0.70850 0.39650 0.70850 0.39341 0.71399 0.39238 0.72681 0.37177 0.73047 0.36868 0.73596 0.36868 0.74695 0.38413 0.77441 0.39032 0.77441 0.39650 0.78540 0.41195 0.78357 0.44801 0.77808 0.45419 0.77441 0.46140 0.75793 0.46140 0.75061 0.45625 0.74146 0.43874 0.72498 0.43565 0.70484 0.42740 0.70484 0.42431 0.69934 0.42431 0.67004 0.42740 0.66455 0.43977 0.65723
7 0.16882 0.54553 0.16676 0.56018 0.16985 0.56568 0.20179 0.56384 0.20488 0.56201 0.20797 0.55286 0.20797 0.53821 0.20488 0.53271 0.19870 0.54004 0.18942 0.53821 0.18942 0.43933 0.19148 0.43567 0.18221 0.43018 0.17706 0.43567 0.17706 0.52722 0.16882 0.54553
6 0.59348 1.00000 0.58812 0.99048 0.58194 0.98682 0.57163 0.97217 0.51806 0.92090 0.48922 0.88794 0.46655 0.86963 0.43152 0.82935 0.40886 0.81104 0.38620 0.78174 0.37383 0.77075 0.36971 0.77075 0.35529 0.75244 0.30584 0.70850 0.28111 0.67920 0.26463 0.66821 0.24815 0.64624 0.23990 0.64258 0.23372 0.62793 0.22136 0.61695 0.21518 0.60596 0.21106 0.60596 0.17809 0.57300 0.15955 0.56201 0.14718 0.54370 0.12040 0.52173 0.10804 0.50708 0.10185 0.50708 0.09361 0.49976 0.07919 0.49976 0.07713 0.49609 0.04416 0.49609 0.04210 0.49243 0.03798 0.49609 0.03386 0.49243 0.00000 0.49383 0.00000 1.00000 0.59348 1.00000
1 0.43977 0.65723 0.45316 0.63342 0.45934 0.60413 0.45934 0.58582 0.45728 0.58215 0.45728 0.56750 0.45316 0.54920 0.44595 0.53271 0.43152 0.51807 0.41092 0.51807 0.40268 0.52539 0.38723 0.55652 0.38104 0.58215 0.38104 0.61145 0.38928 0.64441 0.39444 0.65357 0.40783 0.66638 0.40783 0.69934 0.40062 0.70850 0.39650 0.70850 0.39341 0.71399 0.39238 0.72681 0.37177 0.73047 0.36868 0.73596 0.36868 0.74695 0.38413 0.77441 0.39032 0.77441 0.39650 0.78540 0.41195 0.78357 0.44801 0.77808 0.45419 0.77441 0.46140 0.75793 0.46140 0.75061 0.45625 0.74146 0.43874 0.72498 0.43565 0.70484 0.42740 0.70484 0.42431 0.69934 0.42431 0.67004 0.42740 0.66455 0.43977 0.65723
7 0.16882 0.54553 0.16676 0.56018 0.16985 0.56568 0.20179 0.56384 0.20488 0.56201 0.20797 0.55286 0.20797 0.53821 0.20488 0.53271 0.19870 0.54004 0.18942 0.53821 0.18942 0.43933 0.19148 0.43567 0.18221 0.43018 0.17706 0.43567 0.17706 0.52722 0.16882 0.54553
6 0.59348 1.00000 0.58812 0.99048 0.58194 0.98682 0.57163 0.97217 0.51806 0.92090 0.48922 0.88794 0.46655 0.86963 0.43152 0.82935 0.40886 0.81104 0.38620 0.78174 0.37383 0.77075 0.36971 0.77075 0.35529 0.75244 0.30584 0.70850 0.28111 0.67920 0.26463 0.66821 0.24815 0.64624 0.23990 0.64258 0.23372 0.62793 0.22136 0.61695 0.21518 0.60596 0.21106 0.60596 0.17809 0.57300 0.15955 0.56201 0.14718 0.54370 0.12040 0.52173 0.10804 0.50708 0.10185 0.50708 0.09361 0.49976 0.07919 0.49976 0.07713 0.49609 0.04416 0.49609 0.04210 0.49243 0.03798 0.49609 0.03386 0.49243 0.00000 0.49383 0.00000 1.00000 0.59348 1.00000
1 0.43977 0.65723 0.45316 0.63342 0.45934 0.60413 0.45934 0.58582 0.45728 0.58215 0.45728 0.56750 0.45316 0.54920 0.44595 0.53271 0.43152 0.51807 0.41092 0.51807 0.40268 0.52539 0.38723 0.55652 0.38104 0.58215 0.38104 0.61145 0.38928 0.64441 0.39444 0.65357 0.40783 0.66638 0.40783 0.69934 0.40062 0.70850 0.39650 0.70850 0.39341 0.71399 0.39238 0.72681 0.37177 0.73047 0.36868 0.73596 0.36868 0.74695 0.38413 0.77441 0.39032 0.77441 0.39650 0.78540 0.41195 0.78357 0.44801 0.77808 0.45419 0.77441 0.46140 0.75793 0.46140 0.75061 0.45625 0.74146 0.43874 0.72498 0.43565 0.70484 0.42740 0.70484 0.42431 0.69934 0.42431 0.67004 0.42740 0.66455 0.43977 0.65723
7 0.16882 0.54553 0.16676 0.56018 0.16985 0.56568 0.20179 0.56384 0.20488 0.56201 0.20797 0.55286 0.20797 0.53821 0.20488 0.53271 0.19870 0.54004 0.18942 0.53821 0.18942 0.43933 0.19148 0.43567 0.18221 0.43018 0.17706 0.43567 0.17706 0.52722 0.16882 0.54553
