6 0.38904 1.00000 0.38946 0.99923 0.38240 0.99057 0.33423 0.94931 0.33027 0.94940 0.31421 0.93565 0.31015 0.92868 0.29816 0.92189 0.25802 0.88751 0.24994 0.87711 0.24196 0.87376 0.21575 0.84258 0.19776 0.83241 0.17967 0.81517 0.16971 0.81187 0.16164 0.80146 0.14166 0.79133 0.09548 0.75003 0.09151 0.75012 0.08745 0.74315 0.08348 0.74324 0.05940 0.72261 0.05534 0.71564 0.03135 0.70207 0.00749 0.69910 0.00546 0.69561 0.00250 0.69616 0.00648 1.00000 0.38904 1.00000
5 0.32723 0.82519 0.32491 0.80622 0.31764 0.80332 0.31021 0.76300 0.32530 0.75713 0.33988 0.71138 0.33904 0.64759 0.31571 0.60395 0.28682 0.60953 0.26640 0.65541 0.26559 0.72538 0.29075 0.77756 0.29014 0.81009 0.27441 0.81966 0.27217 0.83321 0.24434 0.84061 0.24674 0.86571 0.28990 0.89662 0.35534 0.86503 0.35295 0.84054 0.32723 0.82519
6 0.38904 1.00000 0.38946 0.99923 0.38240 0.99057 0.33423 0.94931 0.33027 0.94940 0.31421 0.93565 0.31015 0.92868 0.29816 0.92189 0.25802 0.88751 0.24994 0.87711 0.24196 0.87376 0.21575 0.84258 0.19776 0.83241 0.17967 0.81517 0.16971 0.81187 0.16164 0.80146 0.14166 0.79133 0.09548 0.75003 0.09151 0.75012 0.08745 0.74315 0.08348 0.74324 0.05940 0.72261 0.05534 0.71564 0.03135 0.70207 0.00749 0.69910 0.00546 0.69561 0.00250 0.69616 0.00648 1.00000 0.38904 1.00000
5 0.32723 0.82519 0.32491 0.80622 0.31764 0.80332 0.31021 0.76300 0.32530 0.75713 0.33988 0.71138 0.33904 0.64759 0.31571 0.60395 0.28682 0.60953 0.26640 0.65541 0.26559 0.72538 0.29075 0.77756 0.29014 0.81009 0.27441 0.81966 0.27217 0.83321 0.24434 0.84061 0.24674 0.86571 0.28990 0.89662 0.35534 0.86503 0.35295 0.84054 0.32723 0.82519
6 0.38904 1.00000 0.38946 0.99923 0.38240 0.99057 0.33423 0.94931 0.33027 0.94940 0.31421 0.93565 0.31015 0.92868 0.29816 0.92189 0.25802 0.88751 0.24994 0.87711 0.24196 0.87376 0.21575 0.84258 0.19776 0.83241 0.17967 0.81517 0.16971 0.81187 0.16164 0.80146 0.14166 0.79133 0.09548 0.75003 0.09151 0.75012 0.08745 0.74315 0.08348 0.74324 0.05940 0.72261 0.05534 0.71564 0.03135 0.70207 0.00749 0.69910 0.00546 0.69561 0.00250 0.69616 0.00648 1.00000 0.38904 1.00000
5 0.32723 0.82519 0.32491 0.80622 0.31764 0.80332 0.31021 0.76300 0.32530 0.75713 0.33988 0.71138 0.33904 0.64759 0.31571 0.60395 0.28682 0.60953 0.26640 0.65541 0.26559 0.72538 0.29075 0.77756 0.29014 0.81009 0.27441 0.81966 0.27217 0.83321 0.24434 0.84061 0.24674 0.86571 0.28990 0.89662 0.35534 0.86503 0.35295 0.84054 0.32723 0.82519
6 0.38904 1.00000 0.38946 0.99923 0.38240 0.99057 0.33423 0.94931 0.33027 0.94940 0.31421 0.93565 0.31015 0.92868 0.29816 0.92189 0.25802 0.88751 0.24994 0.87711 0.24196 0.87376 0.21575 0.84258 0.19776 0.83241 0.17967 0.81517 0.16971 0.81187 0.16164 0.80146 0.14166 0.79133 0.09548 0.75003 0.09151 0.75012 0.08745 0.74315 0.08348 0.74324 0.05940 0.72261 0.05534 0.71564 0.03135 0.70207 0.00749 0.69910 0.00546 0.69561 0.00250 0.69616 0.00648 1.00000 0.38904 1.00000
5 0.32723 0.82519 0.32491 0.80622 0.31764 0.80332 0.31021 0.76300 0.32530 0.75713 0.33988 0.71138 0.33904 0.64759 0.31571 0.60395 0.28682 0.60953 0.26640 0.65541 0.26559 0.72538 0.29075 0.77756 0.29014 0.81009 0.27441 0.81966 0.27217 0.83321 0.24434 0.84061 0.24674 0.86571 0.28990 0.89662 0.35534 0.86503 0.35295 0.84054 0.32723 0.82519
6 0.38904 1.00000 0.38946 0.99923 0.38240 0.99057 0.33423 0.94931 0.33027 0.94940 0.31421 0.93565 0.31015 0.92868 0.29816 0.92189 0.25802 0.88751 0.24994 0.87711 0.24196 0.87376 0.21575 0.84258 0.19776 0.83241 0.17967 0.81517 0.16971 0.81187 0.16164 0.80146 0.14166 0.79133 0.09548 0.75003 0.09151 0.75012 0.08745 0.74315 0.08348 0.74324 0.05940 0.72261 0.05534 0.71564 0.03135 0.70207 0.00749 0.69910 0.00546 0.69561 0.00250 0.69616 0.00648 1.00000 0.38904 1.00000
5 0.32723 0.82519 0.32491 0.80622 0.31764 0.80332 0.31021 0.76300 0.32530 0.75713 0.33988 0.71138 0.33904 0.64759 0.31571 0.60395 0.28682 0.60953 0.26640 0.65541 0.26559 0.72538 0.29075 0.77756 0.29014 0.81009 0.27441 0.81966 0.27217 0.83321 0.24434 0.84061 0.24674 0.86571 0.28990 0.89662 0.35534 0.86503 0.35295 0.84054 0.32723 0.82519
6 0.38904 1.00000 0.38946 0.99923 0.38240 0.99057 0.33423 0.94931 0.33027 0.94940 0.31421 0.93565 0.31015 0.92868 0.29816 0.92189 0.25802 0.88751 0.24994 0.87711 0.24196 0.87376 0.21575 0.84258 0.19776 0.83241 0.17967 0.81517 0.16971 0.81187 0.16164 0.80146 0.14166 0.79133 0.09548 0.75003 0.09151 0.75012 0.08745 0.74315 0.08348 0.74324 0.05940 0.72261 0.05534 0.71564 0.03135 0.70207 0.00749 0.69910 0.00546 0.69561 0.00250 0.69616 0.00648 1.00000 0.38904 1.00000
5 0.32723 0.82519 0.32491 0.80622 0.31764 0.80332 0.31021 0.76300 0.32530 0.75713 0.33988 0.71138 0.33904 0.64759 0.31571 0.60395 0.28682 0.60953 0.26640 0.65541 0.26559 0.72538 0.29075 0.77756 0.29014 0.81009 0.27441 0.81966 0.27217 0.83321 0.24434 0.84061 0.24674 0.86571 0.28990 0.89662 0.35534 0.86503 0.35295 0.84054 0.32723 0.82519
