5 0.02637 0.00000 0.02734 0.03646 0.03125 0.05035 0.03757 0.06702 0.03896 0.11176 0.01974 0.12550 0.02112 0.13923 0.06372 0.13254 0.08333 0.11563 0.08155 0.10366 0.05996 0.10542 0.04590 0.06945 0.05273 0.05382 0.04883 0.00868 0.04590 0.00000 0.02637 0.00000
6 1.00000 0.56771 0.96448 0.48641 0.83301 0.22917 0.79590 0.18750 0.75562 0.15464 0.71043 0.13116 0.64061 0.10750 0.56240 0.09576 0.46464 0.09377 0.07354 0.13422 0.00000 0.14145 0.00000 0.28358 0.27982 0.25559 0.33213 0.25920 0.34635 0.29080 0.02835 1.00000 1.00000 0.99827 1.00000 0.56771
5 0.02637 0.00000 0.02734 0.03646 0.03125 0.05035 0.03757 0.06702 0.03896 0.11176 0.01974 0.12550 0.02112 0.13923 0.06372 0.13254 0.08333 0.11563 0.08155 0.10366 0.05996 0.10542 0.04590 0.06945 0.05273 0.05382 0.04883 0.00868 0.04590 0.00000 0.02637 0.00000
6 1.00000 0.56771 0.96448 0.48641 0.83301 0.22917 0.79590 0.18750 0.75562 0.15464 0.71043 0.13116 0.64061 0.10750 0.56240 0.09576 0.46464 0.09377 0.07354 0.13422 0.00000 0.14145 0.00000 0.28358 0.27982 0.25559 0.33213 0.25920 0.34635 0.29080 0.02835 1.00000 1.00000 0.99827 1.00000 0.56771
5 0.02637 0.00000 0.02734 0.03646 0.03125 0.05035 0.03757 0.06702 0.03896 0.11176 0.01974 0.12550 0.02112 0.13923 0.06372 0.13254 0.08333 0.11563 0.08155 0.10366 0.05996 0.10542 0.04590 0.06945 0.05273 0.05382 0.04883 0.00868 0.04590 0.00000 0.02637 0.00000
6 1.00000 0.56771 0.96448 0.48641 0.83301 0.22917 0.79590 0.18750 0.75562 0.15464 0.71043 0.13116 0.64061 0.10750 0.56240 0.09576 0.46464 0.09377 0.07354 0.13422 0.00000 0.14145 0.00000 0.28358 0.27982 0.25559 0.33213 0.25920 0.34635 0.29080 0.02835 1.00000 1.00000 0.99827 1.00000 0.56771
5 0.02637 0.00000 0.02734 0.03646 0.03125 0.05035 0.03757 0.06702 0.03896 0.11176 0.01974 0.12550 0.02112 0.13923 0.06372 0.13254 0.08333 0.11563 0.08155 0.10366 0.05996 0.10542 0.04590 0.06945 0.05273 0.05382 0.04883 0.00868 0.04590 0.00000 0.02637 0.00000
6 1.00000 0.56771 0.96448 0.48641 0.83301 0.22917 0.79590 0.18750 0.75562 0.15464 0.71043 0.13116 0.64061 0.10750 0.56240 0.09576 0.46464 0.09377 0.07354 0.13422 0.00000 0.14145 0.00000 0.28358 0.27982 0.25559 0.33213 0.25920 0.34635 0.29080 0.02835 1.00000 1.00000 0.99827 1.00000 0.56771
5 0.02637 0.00000 0.02734 0.03646 0.03125 0.05035 0.03757 0.06702 0.03896 0.11176 0.01974 0.12550 0.02112 0.13923 0.06372 0.13254 0.08333 0.11563 0.08155 0.10366 0.05996 0.10542 0.04590 0.06945 0.05273 0.05382 0.04883 0.00868 0.04590 0.00000 0.02637 0.00000
6 1.00000 0.56771 0.96448 0.48641 0.83301 0.22917 0.79590 0.18750 0.75562 0.15464 0.71043 0.13116 0.64061 0.10750 0.56240 0.09576 0.46464 0.09377 0.07354 0.13422 0.00000 0.14145 0.00000 0.28358 0.27982 0.25559 0.33213 0.25920 0.34635 0.29080 0.02835 1.00000 1.00000 0.99827 1.00000 0.56771
5 0.02637 0.00000 0.02734 0.03646 0.03125 0.05035 0.03757 0.06702 0.03896 0.11176 0.01974 0.12550 0.02112 0.13923 0.06372 0.13254 0.08333 0.11563 0.08155 0.10366 0.05996 0.10542 0.04590 0.06945 0.05273 0.05382 0.04883 0.00868 0.04590 0.00000 0.02637 0.00000
6 1.00000 0.56771 0.96448 0.48641 0.83301 0.22917 0.79590 0.18750 0.75562 0.15464 0.71043 0.13116 0.64061 0.10750 0.56240 0.09576 0.46464 0.09377 0.07354 0.13422 0.00000 0.14145 0.00000 0.28358 0.27982 0.25559 0.33213 0.25920 0.34635 0.29080 0.02835 1.00000 1.00000 0.99827 1.00000 0.56771
