2 0.62207 0.32292 0.62793 0.32986 0.63086 0.32465 0.63086 0.31077 0.63281 0.30729 0.63086 0.30035 0.62402 0.29167 0.61426 0.29167 0.60449 0.26736 0.59668 0.26736 0.59375 0.26215 0.59375 0.25173 0.59180 0.24827 0.59375 0.23090 0.59766 0.22048 0.59961 0.20312 0.60547 0.18577 0.61133 0.15452 0.61328 0.11632 0.61035 0.11111 0.54590 0.12153 0.54101 0.12673 0.54101 0.13715 0.55469 0.16840 0.55664 0.17882 0.56055 0.18577 0.56055 0.19271 0.57422 0.22396 0.57813 0.24132 0.57813 0.27257 0.56836 0.28298 0.56836 0.30382 0.55176 0.30903 0.55078 0.32118 0.55566 0.32986 0.56152 0.32986 0.57520 0.34375 0.57813 0.34202 0.58691 0.32986 0.60059 0.32986 0.61230 0.32292 0.62207 0.32292
6 1.00000 0.83333 0.51432 0.28241 0.45182 0.20602 0.39713 0.17130 0.32682 0.15972 0.21615 0.16204 0.10547 0.16667 0.00000 0.18287 0.00000 0.25000 0.12500 0.24305 0.14453 0.24537 0.15104 0.25232 0.15104 0.27083 0.14062 0.31945 0.00391 0.99074 1.00000 1.00000 1.00000 0.83333
2 0.62207 0.32292 0.62793 0.32986 0.63086 0.32465 0.63086 0.31077 0.63281 0.30729 0.63086 0.30035 0.62402 0.29167 0.61426 0.29167 0.60449 0.26736 0.59668 0.26736 0.59375 0.26215 0.59375 0.25173 0.59180 0.24827 0.59375 0.23090 0.59766 0.22048 0.59961 0.20312 0.60547 0.18577 0.61133 0.15452 0.61328 0.11632 0.61035 0.11111 0.54590 0.12153 0.54101 0.12673 0.54101 0.13715 0.55469 0.16840 0.55664 0.17882 0.56055 0.18577 0.56055 0.19271 0.57422 0.22396 0.57813 0.24132 0.57813 0.27257 0.56836 0.28298 0.56836 0.30382 0.55176 0.30903 0.55078 0.32118 0.55566 0.32986 0.56152 0.32986 0.57520 0.34375 0.57813 0.34202 0.58691 0.32986 0.60059 0.32986 0.61230 0.32292 0.62207 0.32292
6 1.00000 0.83333 0.51432 0.28241 0.45182 0.20602 0.39713 0.17130 0.32682 0.15972 0.21615 0.16204 0.10547 0.16667 0.00000 0.18287 0.00000 0.25000 0.12500 0.24305 0.14453 0.24537 0.15104 0.25232 0.15104 0.27083 0.14062 0.31945 0.00391 0.99074 1.00000 1.00000 1.00000 0.83333
2 0.62207 0.32292 0.62793 0.32986 0.63086 0.32465 0.63086 0.31077 0.63281 0.30729 0.63086 0.30035 0.62402 0.29167 0.61426 0.29167 0.60449 0.26736 0.59668 0.26736 0.59375 0.26215 0.59375 0.25173 0.59180 0.24827 0.59375 0.23090 0.59766 0.22048 0.59961 0.20312 0.60547 0.18577 0.61133 0.15452 0.61328 0.11632 0.61035 0.11111 0.54590 0.12153 0.54101 0.12673 0.54101 0.13715 0.55469 0.16840 0.55664 0.17882 0.56055 0.18577 0.56055 0.19271 0.57422 0.22396 0.57813 0.24132 0.57813 0.27257 0.56836 0.28298 0.56836 0.30382 0.55176 0.30903 0.55078 0.32118 0.55566 0.32986 0.56152 0.32986 0.57520 0.34375 0.57813 0.34202 0.58691 0.32986 0.60059 0.32986 0.61230 0.32292 0.62207 0.32292
6 1.00000 0.83333 0.51432 0.28241 0.45182 0.20602 0.39713 0.17130 0.32682 0.15972 0.21615 0.16204 0.10547 0.16667 0.00000 0.18287 0.00000 0.25000 0.12500 0.24305 0.14453 0.24537 0.15104 0.25232 0.15104 0.27083 0.14062 0.31945 0.00391 0.99074 1.00000 1.00000 1.00000 0.83333
2 0.62207 0.32292 0.62793 0.32986 0.63086 0.32465 0.63086 0.31077 0.63281 0.30729 0.63086 0.30035 0.62402 0.29167 0.61426 0.29167 0.60449 0.26736 0.59668 0.26736 0.59375 0.26215 0.59375 0.25173 0.59180 0.24827 0.59375 0.23090 0.59766 0.22048 0.59961 0.20312 0.60547 0.18577 0.61133 0.15452 0.61328 0.11632 0.61035 0.11111 0.54590 0.12153 0.54101 0.12673 0.54101 0.13715 0.55469 0.16840 0.55664 0.17882 0.56055 0.18577 0.56055 0.19271 0.57422 0.22396 0.57813 0.24132 0.57813 0.27257 0.56836 0.28298 0.56836 0.30382 0.55176 0.30903 0.55078 0.32118 0.55566 0.32986 0.56152 0.32986 0.57520 0.34375 0.57813 0.34202 0.58691 0.32986 0.60059 0.32986 0.61230 0.32292 0.62207 0.32292
6 1.00000 0.83333 0.51432 0.28241 0.45182 0.20602 0.39713 0.17130 0.32682 0.15972 0.21615 0.16204 0.10547 0.16667 0.00000 0.18287 0.00000 0.25000 0.12500 0.24305 0.14453 0.24537 0.15104 0.25232 0.15104 0.27083 0.14062 0.31945 0.00391 0.99074 1.00000 1.00000 1.00000 0.83333
2 0.62207 0.32292 0.62793 0.32986 0.63086 0.32465 0.63086 0.31077 0.63281 0.30729 0.63086 0.30035 0.62402 0.29167 0.61426 0.29167 0.60449 0.26736 0.59668 0.26736 0.59375 0.26215 0.59375 0.25173 0.59180 0.24827 0.59375 0.23090 0.59766 0.22048 0.59961 0.20312 0.60547 0.18577 0.61133 0.15452 0.61328 0.11632 0.61035 0.11111 0.54590 0.12153 0.54101 0.12673 0.54101 0.13715 0.55469 0.16840 0.55664 0.17882 0.56055 0.18577 0.56055 0.19271 0.57422 0.22396 0.57813 0.24132 0.57813 0.27257 0.56836 0.28298 0.56836 0.30382 0.55176 0.30903 0.55078 0.32118 0.55566 0.32986 0.56152 0.32986 0.57520 0.34375 0.57813 0.34202 0.58691 0.32986 0.60059 0.32986 0.61230 0.32292 0.62207 0.32292
6 1.00000 0.83333 0.51432 0.28241 0.45182 0.20602 0.39713 0.17130 0.32682 0.15972 0.21615 0.16204 0.10547 0.16667 0.00000 0.18287 0.00000 0.25000 0.12500 0.24305 0.14453 0.24537 0.15104 0.25232 0.15104 0.27083 0.14062 0.31945 0.00391 0.99074 1.00000 1.00000 1.00000 0.83333
2 0.62207 0.32292 0.62793 0.32986 0.63086 0.32465 0.63086 0.31077 0.63281 0.30729 0.63086 0.30035 0.62402 0.29167 0.61426 0.29167 0.60449 0.26736 0.59668 0.26736 0.59375 0.26215 0.59375 0.25173 0.59180 0.24827 0.59375 0.23090 0.59766 0.22048 0.59961 0.20312 0.60547 0.18577 0.61133 0.15452 0.61328 0.11632 0.61035 0.11111 0.54590 0.12153 0.54101 0.12673 0.54101 0.13715 0.55469 0.16840 0.55664 0.17882 0.56055 0.18577 0.56055 0.19271 0.57422 0.22396 0.57813 0.24132 0.57813 0.27257 0.56836 0.28298 0.56836 0.30382 0.55176 0.30903 0.55078 0.32118 0.55566 0.32986 0.56152 0.32986 0.57520 0.34375 0.57813 0.34202 0.58691 0.32986 0.60059 0.32986 0.61230 0.32292 0.62207 0.32292
6 1.00000 0.83333 0.51432 0.28241 0.45182 0.20602 0.39713 0.17130 0.32682 0.15972 0.21615 0.16204 0.10547 0.16667 0.00000 0.18287 0.00000 0.25000 0.12500 0.24305 0.14453 0.24537 0.15104 0.25232 0.15104 0.27083 0.14062 0.31945 0.00391 0.99074 1.00000 1.00000 1.00000 0.83333
