1 0.11243 0.66414 0.13443 0.64364 0.13967 0.63432 0.14804 0.60077 0.14804 0.57095 0.14595 0.56722 0.14385 0.54486 0.13024 0.52063 0.11557 0.50944 0.10510 0.50944 0.08834 0.52063 0.06844 0.56722 0.06425 0.58959 0.06634 0.61568 0.07262 0.63805 0.07786 0.64737 0.09148 0.66041 0.09148 0.69396 0.08624 0.70328 0.07996 0.70328 0.07472 0.71260 0.07367 0.72192 0.05272 0.72564 0.04958 0.73124 0.04958 0.74987 0.06948 0.76665 0.07786 0.76665 0.08415 0.77411 0.11033 0.77224 0.11976 0.76665 0.14071 0.76665 0.15014 0.74615 0.14490 0.73310 0.14071 0.73310 0.12814 0.72192 0.12500 0.71633 0.12500 0.70514 0.12186 0.69955 0.11557 0.69955 0.11243 0.69396 0.11243 0.66414
6 0.36566 1.00000 0.35440 0.99031 0.34392 0.98658 0.31460 0.96049 0.31040 0.96049 0.29993 0.94930 0.29574 0.94930 0.27479 0.93066 0.27060 0.93066 0.24127 0.90457 0.23708 0.90457 0.23079 0.89712 0.20566 0.88221 0.19518 0.87102 0.19099 0.87102 0.18471 0.86357 0.17423 0.85984 0.16795 0.85239 0.14281 0.83748 0.13233 0.82629 0.12186 0.82257 0.11138 0.81138 0.10091 0.80765 0.08205 0.78902 0.07786 0.78902 0.02968 0.75174 0.00000 0.73414 0.00000 1.00000 0.36566 1.00000
1 0.11243 0.66414 0.13443 0.64364 0.13967 0.63432 0.14804 0.60077 0.14804 0.57095 0.14595 0.56722 0.14385 0.54486 0.13024 0.52063 0.11557 0.50944 0.10510 0.50944 0.08834 0.52063 0.06844 0.56722 0.06425 0.58959 0.06634 0.61568 0.07262 0.63805 0.07786 0.64737 0.09148 0.66041 0.09148 0.69396 0.08624 0.70328 0.07996 0.70328 0.07472 0.71260 0.07367 0.72192 0.05272 0.72564 0.04958 0.73124 0.04958 0.74987 0.06948 0.76665 0.07786 0.76665 0.08415 0.77411 0.11033 0.77224 0.11976 0.76665 0.14071 0.76665 0.15014 0.74615 0.14490 0.73310 0.14071 0.73310 0.12814 0.72192 0.12500 0.71633 0.12500 0.70514 0.12186 0.69955 0.11557 0.69955 0.11243 0.69396 0.11243 0.66414
6 0.36566 1.00000 0.35440 0.99031 0.34392 0.98658 0.31460 0.96049 0.31040 0.96049 0.29993 0.94930 0.29574 0.94930 0.27479 0.93066 0.27060 0.93066 0.24127 0.90457 0.23708 0.90457 0.23079 0.89712 0.20566 0.88221 0.19518 0.87102 0.19099 0.87102 0.18471 0.86357 0.17423 0.85984 0.16795 0.85239 0.14281 0.83748 0.13233 0.82629 0.12186 0.82257 0.11138 0.81138 0.10091 0.80765 0.08205 0.78902 0.07786 0.78902 0.02968 0.75174 0.00000 0.73414 0.00000 1.00000 0.36566 1.00000
1 0.11243 0.66414 0.13443 0.64364 0.13967 0.63432 0.14804 0.60077 0.14804 0.57095 0.14595 0.56722 0.14385 0.54486 0.13024 0.52063 0.11557 0.50944 0.10510 0.50944 0.08834 0.52063 0.06844 0.56722 0.06425 0.58959 0.06634 0.61568 0.07262 0.63805 0.07786 0.64737 0.09148 0.66041 0.09148 0.69396 0.08624 0.70328 0.07996 0.70328 0.07472 0.71260 0.07367 0.72192 0.05272 0.72564 0.04958 0.73124 0.04958 0.74987 0.06948 0.76665 0.07786 0.76665 0.08415 0.77411 0.11033 0.77224 0.11976 0.76665 0.14071 0.76665 0.15014 0.74615 0.14490 0.73310 0.14071 0.73310 0.12814 0.72192 0.12500 0.71633 0.12500 0.70514 0.12186 0.69955 0.11557 0.69955 0.11243 0.69396 0.11243 0.66414
6 0.36566 1.00000 0.35440 0.99031 0.34392 0.98658 0.31460 0.96049 0.31040 0.96049 0.29993 0.94930 0.29574 0.94930 0.27479 0.93066 0.27060 0.93066 0.24127 0.90457 0.23708 0.90457 0.23079 0.89712 0.20566 0.88221 0.19518 0.87102 0.19099 0.87102 0.18471 0.86357 0.17423 0.85984 0.16795 0.85239 0.14281 0.83748 0.13233 0.82629 0.12186 0.82257 0.11138 0.81138 0.10091 0.80765 0.08205 0.78902 0.07786 0.78902 0.02968 0.75174 0.00000 0.73414 0.00000 1.00000 0.36566 1.00000
1 0.11243 0.66414 0.13443 0.64364 0.13967 0.63432 0.14804 0.60077 0.14804 0.57095 0.14595 0.56722 0.14385 0.54486 0.13024 0.52063 0.11557 0.50944 0.10510 0.50944 0.08834 0.52063 0.06844 0.56722 0.06425 0.58959 0.06634 0.61568 0.07262 0.63805 0.07786 0.64737 0.09148 0.66041 0.09148 0.69396 0.08624 0.70328 0.07996 0.70328 0.07472 0.71260 0.07367 0.72192 0.05272 0.72564 0.04958 0.73124 0.04958 0.74987 0.06948 0.76665 0.07786 0.76665 0.08415 0.77411 0.11033 0.77224 0.11976 0.76665 0.14071 0.76665 0.15014 0.74615 0.14490 0.73310 0.14071 0.73310 0.12814 0.72192 0.12500 0.71633 0.12500 0.70514 0.12186 0.69955 0.11557 0.69955 0.11243 0.69396 0.11243 0.66414
6 0.36566 1.00000 0.35440 0.99031 0.34392 0.98658 0.31460 0.96049 0.31040 0.96049 0.29993 0.94930 0.29574 0.94930 0.27479 0.93066 0.27060 0.93066 0.24127 0.90457 0.23708 0.90457 0.23079 0.89712 0.20566 0.88221 0.19518 0.87102 0.19099 0.87102 0.18471 0.86357 0.17423 0.85984 0.16795 0.85239 0.14281 0.83748 0.13233 0.82629 0.12186 0.82257 0.11138 0.81138 0.10091 0.80765 0.08205 0.78902 0.07786 0.78902 0.02968 0.75174 0.00000 0.73414 0.00000 1.00000 0.36566 1.00000
1 0.11243 0.66414 0.13443 0.64364 0.13967 0.63432 0.14804 0.60077 0.14804 0.57095 0.14595 0.56722 0.14385 0.54486 0.13024 0.52063 0.11557 0.50944 0.10510 0.50944 0.08834 0.52063 0.06844 0.56722 0.06425 0.58959 0.06634 0.61568 0.07262 0.63805 0.07786 0.64737 0.09148 0.66041 0.09148 0.69396 0.08624 0.70328 0.07996 0.70328 0.07472 0.71260 0.07367 0.72192 0.05272 0.72564 0.04958 0.73124 0.04958 0.74987 0.06948 0.76665 0.07786 0.76665 0.08415 0.77411 0.11033 0.77224 0.11976 0.76665 0.14071 0.76665 0.15014 0.74615 0.14490 0.73310 0.14071 0.73310 0.12814 0.72192 0.12500 0.71633 0.12500 0.70514 0.12186 0.69955 0.11557 0.69955 0.11243 0.69396 0.11243 0.66414
6 0.36566 1.00000 0.35440 0.99031 0.34392 0.98658 0.31460 0.96049 0.31040 0.96049 0.29993 0.94930 0.29574 0.94930 0.27479 0.93066 0.27060 0.93066 0.24127 0.90457 0.23708 0.90457 0.23079 0.89712 0.20566 0.88221 0.19518 0.87102 0.19099 0.87102 0.18471 0.86357 0.17423 0.85984 0.16795 0.85239 0.14281 0.83748 0.13233 0.82629 0.12186 0.82257 0.11138 0.81138 0.10091 0.80765 0.08205 0.78902 0.07786 0.78902 0.02968 0.75174 0.00000 0.73414 0.00000 1.00000 0.36566 1.00000
1 0.11243 0.66414 0.13443 0.64364 0.13967 0.63432 0.14804 0.60077 0.14804 0.57095 0.14595 0.56722 0.14385 0.54486 0.13024 0.52063 0.11557 0.50944 0.10510 0.50944 0.08834 0.52063 0.06844 0.56722 0.06425 0.58959 0.06634 0.61568 0.07262 0.63805 0.07786 0.64737 0.09148 0.66041 0.09148 0.69396 0.08624 0.70328 0.07996 0.70328 0.07472 0.71260 0.07367 0.72192 0.05272 0.72564 0.04958 0.73124 0.04958 0.74987 0.06948 0.76665 0.07786 0.76665 0.08415 0.77411 0.11033 0.77224 0.11976 0.76665 0.14071 0.76665 0.15014 0.74615 0.14490 0.73310 0.14071 0.73310 0.12814 0.72192 0.12500 0.71633 0.12500 0.70514 0.12186 0.69955 0.11557 0.69955 0.11243 0.69396 0.11243 0.66414
6 0.36566 1.00000 0.35440 0.99031 0.34392 0.98658 0.31460 0.96049 0.31040 0.96049 0.29993 0.94930 0.29574 0.94930 0.27479 0.93066 0.27060 0.93066 0.24127 0.90457 0.23708 0.90457 0.23079 0.89712 0.20566 0.88221 0.19518 0.87102 0.19099 0.87102 0.18471 0.86357 0.17423 0.85984 0.16795 0.85239 0.14281 0.83748 0.13233 0.82629 0.12186 0.82257 0.11138 0.81138 0.10091 0.80765 0.08205 0.78902 0.07786 0.78902 0.02968 0.75174 0.00000 0.73414 0.00000 1.00000 0.36566 1.00000
