6 1.00000 0.46509 0.98976 0.33526 0.86882 0.26125 0.67834 0.20507 0.34688 0.14660 0.05765 0.07550 0.00000 0.08262 0.00000 0.44866 0.22478 0.64979 0.30248 0.80029 0.21902 1.00000 0.51967 1.00000 1.00000 0.93275 1.00000 0.46509
5 0.31952 0.11831 0.32002 0.13429 0.36532 0.14066 0.40200 0.11412 0.39952 0.10380 0.37553 0.09717 0.37164 0.07288 0.36047 0.07445 0.35450 0.04652 0.36238 0.04141 0.36572 0.01605 0.32057 0.02237 0.32094 0.02444 0.33907 0.05550 0.34685 0.08304 0.33821 0.09763 0.34228 0.11111 0.31952 0.11831
6 1.00000 0.46509 0.98976 0.33526 0.86882 0.26125 0.67834 0.20507 0.34688 0.14660 0.05765 0.07550 0.00000 0.08262 0.00000 0.44866 0.22478 0.64979 0.30248 0.80029 0.21902 1.00000 0.51967 1.00000 1.00000 0.93275 1.00000 0.46509
5 0.31952 0.11831 0.32002 0.13429 0.36532 0.14066 0.40200 0.11412 0.39952 0.10380 0.37553 0.09717 0.37164 0.07288 0.36047 0.07445 0.35450 0.04652 0.36238 0.04141 0.36572 0.01605 0.32057 0.02237 0.32094 0.02444 0.33907 0.05550 0.34685 0.08304 0.33821 0.09763 0.34228 0.11111 0.31952 0.11831
6 1.00000 0.46509 0.98976 0.33526 0.86882 0.26125 0.67834 0.20507 0.34688 0.14660 0.05765 0.07550 0.00000 0.08262 0.00000 0.44866 0.22478 0.64979 0.30248 0.80029 0.21902 1.00000 0.51967 1.00000 1.00000 0.93275 1.00000 0.46509
5 0.31952 0.11831 0.32002 0.13429 0.36532 0.14066 0.40200 0.11412 0.39952 0.10380 0.37553 0.09717 0.37164 0.07288 0.36047 0.07445 0.35450 0.04652 0.36238 0.04141 0.36572 0.01605 0.32057 0.02237 0.32094 0.02444 0.33907 0.05550 0.34685 0.08304 0.33821 0.09763 0.34228 0.11111 0.31952 0.11831
6 1.00000 0.46509 0.98976 0.33526 0.86882 0.26125 0.67834 0.20507 0.34688 0.14660 0.05765 0.07550 0.00000 0.08262 0.00000 0.44866 0.22478 0.64979 0.30248 0.80029 0.21902 1.00000 0.51967 1.00000 1.00000 0.93275 1.00000 0.46509
5 0.31952 0.11831 0.32002 0.13429 0.36532 0.14066 0.40200 0.11412 0.39952 0.10380 0.37553 0.09717 0.37164 0.07288 0.36047 0.07445 0.35450 0.04652 0.36238 0.04141 0.36572 0.01605 0.32057 0.02237 0.32094 0.02444 0.33907 0.05550 0.34685 0.08304 0.33821 0.09763 0.34228 0.11111 0.31952 0.11831
6 1.00000 0.46509 0.98976 0.33526 0.86882 0.26125 0.67834 0.20507 0.34688 0.14660 0.05765 0.07550 0.00000 0.08262 0.00000 0.44866 0.22478 0.64979 0.30248 0.80029 0.21902 1.00000 0.51967 1.00000 1.00000 0.93275 1.00000 0.46509
5 0.31952 0.11831 0.32002 0.13429 0.36532 0.14066 0.40200 0.11412 0.39952 0.10380 0.37553 0.09717 0.37164 0.07288 0.36047 0.07445 0.35450 0.04652 0.36238 0.04141 0.36572 0.01605 0.32057 0.02237 0.32094 0.02444 0.33907 0.05550 0.34685 0.08304 0.33821 0.09763 0.34228 0.11111 0.31952 0.11831
