6 0.22126 0.56513 0.22172 0.60421 0.22557 0.60802 0.22529 0.61511 0.22978 0.62784 0.24266 0.63052 0.25396 0.62243 0.26591 0.62327 0.27884 0.59932 0.29093 0.59662 0.29306 0.59321 0.30103 0.59377 0.30321 0.56375 0.30043 0.55824 0.23868 0.55393 0.23655 0.55733 0.22460 0.55649 0.22126 0.56513
6 0.00000 0.63132 0.02086 0.63278 0.17943 0.63852 0.18980 0.62860 0.19578 0.62902 0.20310 0.62065 0.20750 0.61031 0.20676 0.57832 0.19287 0.55073 0.15104 0.54781 0.14890 0.55121 0.12500 0.54954 0.12287 0.55294 0.07905 0.54988 0.07150 0.53871 0.04361 0.53676 0.04148 0.54016 0.01359 0.53821 0.01132 0.54515 0.00000 0.54436 0.00000 0.63132
6 0.90283 0.57900 0.85901 0.57593 0.84446 0.61574 0.84418 0.62282 0.83089 0.63076 0.82968 0.63600 0.82130 0.64606 0.82699 0.65356 0.82857 0.66432 0.83227 0.67168 0.83093 0.68045 0.84288 0.68129 0.84473 0.68496 0.86174 0.68438 0.87383 0.68167 0.86095 0.67900 0.86123 0.67192 0.86919 0.67248 0.87531 0.66936 0.87957 0.66255 0.88143 0.66623 0.88555 0.66297 0.89551 0.66366 0.89736 0.66734 0.90348 0.66422 0.90533 0.66790 0.91728 0.66873 0.91941 0.66534 0.92126 0.66901 0.93122 0.66971 0.93335 0.66631 0.94331 0.66700 0.94716 0.67082 0.94943 0.66388 0.95911 0.67166 0.96523 0.66853 0.97319 0.66909 0.97505 0.67277 0.98116 0.66964 0.99112 0.67034 0.99297 0.67402 0.99385 0.67377 0.99687 0.59693 0.99006 0.59573 0.98821 0.59205 0.97811 0.59490 0.97626 0.59122 0.91451 0.58691 0.90283 0.57900
6 0.93039 1.00000 0.93022 0.99972 0.92666 0.98882 0.90016 0.95148 0.89474 0.93691 0.87381 0.91060 0.86455 0.89221 0.85500 0.88089 0.84958 0.86632 0.84004 0.85500 0.81396 0.80704 0.79872 0.78823 0.78377 0.76234 0.77978 0.76207 0.75092 0.70859 0.74750 0.69415 0.75255 0.69273 0.75389 0.68395 0.75709 0.67885 0.76306 0.67927 0.76626 0.67416 0.76760 0.66539 0.76946 0.66906 0.77372 0.66226 0.77770 0.66254 0.78929 0.64738 0.77474 0.61087 0.77331 0.59657 0.76775 0.58554 0.76803 0.57846 0.76525 0.57294 0.75529 0.57224 0.75344 0.56857 0.70948 0.56905 0.70378 0.56155 0.69581 0.56099 0.69396 0.55732 0.68201 0.55648 0.67987 0.55988 0.59821 0.55418 0.59607 0.55758 0.46660 0.54854 0.46447 0.55194 0.46062 0.54812 0.45849 0.55152 0.41666 0.54861 0.41040 0.55527 0.40457 0.55131 0.40030 0.55811 0.39021 0.56095 0.38395 0.56762 0.35208 0.56539 0.35023 0.56171 0.34397 0.56837 0.33999 0.56810 0.33865 0.57688 0.34754 0.57927 0.35203 0.59201 0.35036 0.63448 0.35221 0.63816 0.34795 0.64496 0.34540 0.65898 0.30421 0.74129 0.29157 0.75815 0.28703 0.77204 0.27410 0.79598 0.26145 0.81284 0.26117 0.81992 0.25677 0.83026 0.25052 0.83692 0.24384 0.85420 0.23333 0.86766 0.22665 0.88495 0.17949 0.96684 0.18014 0.97575 0.52076 0.99953 0.52289 0.99613 0.52474 0.99981 0.52745 1.00000 0.93039 1.00000
4 0.85354 0.58798 0.85521 0.54550 0.84637 0.51649 0.83405 0.49966 0.82223 0.49529 0.82038 0.49161 0.79620 0.49702 0.77823 0.52238 0.77368 0.53626 0.77128 0.54674 0.77002 0.57860 0.78030 0.62191 0.79276 0.63520 0.79554 0.64071 0.79512 0.65134 0.79165 0.66352 0.78048 0.66806 0.77687 0.68378 0.76890 0.68322 0.76065 0.68975 0.75880 0.68607 0.75732 0.69839 0.76274 0.71296 0.77121 0.72598 0.77534 0.72271 0.77918 0.72653 0.79113 0.72737 0.79326 0.72396 0.84001 0.72900 0.84306 0.72744 0.84640 0.71880 0.83820 0.69871 0.82574 0.68541 0.82338 0.66928 0.81356 0.66504 0.81078 0.65953 0.81148 0.64183 0.81852 0.64055 0.83089 0.63076 0.84900 0.60186 0.85354 0.58798
7 0.30428 0.48575 0.30613 0.48943 0.30307 0.56729 0.30492 0.57097 0.30395 0.59575 0.28482 0.59974 0.27110 0.61830 0.27772 0.62764 0.28755 0.63187 0.29709 0.64319 0.31761 0.68011 0.33062 0.67925 0.34142 0.65870 0.34439 0.63407 0.34253 0.63039 0.34351 0.60561 0.34073 0.60009 0.32586 0.59728 0.33026 0.58694 0.33398 0.44168 0.33148 0.42908 0.30957 0.42755 0.30637 0.43265 0.30428 0.48575
7 0.38420 0.43454 0.38234 0.43086 0.38489 0.41684 0.38304 0.41316 0.38281 0.39362 0.36289 0.39223 0.35969 0.39733 0.36127 0.40809 0.35987 0.44348 0.36173 0.44716 0.36006 0.48964 0.36334 0.50761 0.36200 0.51639 0.35204 0.51570 0.34884 0.52080 0.34787 0.54558 0.34958 0.55280 0.35236 0.55831 0.35343 0.55661 0.38437 0.55700 0.40008 0.53857 0.40091 0.51734 0.39827 0.50828 0.39628 0.50814 0.39188 0.51848 0.38206 0.51425 0.37928 0.50873 0.38354 0.50193 0.38465 0.47361 0.38280 0.46993 0.38420 0.43454
6 0.22126 0.56513 0.22172 0.60421 0.22557 0.60802 0.22529 0.61511 0.22978 0.62784 0.24266 0.63052 0.25396 0.62243 0.26591 0.62327 0.27884 0.59932 0.29093 0.59662 0.29306 0.59321 0.30103 0.59377 0.30321 0.56375 0.30043 0.55824 0.23868 0.55393 0.23655 0.55733 0.22460 0.55649 0.22126 0.56513
6 0.00000 0.63132 0.02086 0.63278 0.17943 0.63852 0.18980 0.62860 0.19578 0.62902 0.20310 0.62065 0.20750 0.61031 0.20676 0.57832 0.19287 0.55073 0.15104 0.54781 0.14890 0.55121 0.12500 0.54954 0.12287 0.55294 0.07905 0.54988 0.07150 0.53871 0.04361 0.53676 0.04148 0.54016 0.01359 0.53821 0.01132 0.54515 0.00000 0.54436 0.00000 0.63132
6 0.90283 0.57900 0.85901 0.57593 0.84446 0.61574 0.84418 0.62282 0.83089 0.63076 0.82968 0.63600 0.82130 0.64606 0.82699 0.65356 0.82857 0.66432 0.83227 0.67168 0.83093 0.68045 0.84288 0.68129 0.84473 0.68496 0.86174 0.68438 0.87383 0.68167 0.86095 0.67900 0.86123 0.67192 0.86919 0.67248 0.87531 0.66936 0.87957 0.66255 0.88143 0.66623 0.88555 0.66297 0.89551 0.66366 0.89736 0.66734 0.90348 0.66422 0.90533 0.66790 0.91728 0.66873 0.91941 0.66534 0.92126 0.66901 0.93122 0.66971 0.93335 0.66631 0.94331 0.66700 0.94716 0.67082 0.94943 0.66388 0.95911 0.67166 0.96523 0.66853 0.97319 0.66909 0.97505 0.67277 0.98116 0.66964 0.99112 0.67034 0.99297 0.67402 0.99385 0.67377 0.99687 0.59693 0.99006 0.59573 0.98821 0.59205 0.97811 0.59490 0.97626 0.59122 0.91451 0.58691 0.90283 0.57900
6 0.93039 1.00000 0.93022 0.99972 0.92666 0.98882 0.90016 0.95148 0.89474 0.93691 0.87381 0.91060 0.86455 0.89221 0.85500 0.88089 0.84958 0.86632 0.84004 0.85500 0.81396 0.80704 0.79872 0.78823 0.78377 0.76234 0.77978 0.76207 0.75092 0.70859 0.74750 0.69415 0.75255 0.69273 0.75389 0.68395 0.75709 0.67885 0.76306 0.67927 0.76626 0.67416 0.76760 0.66539 0.76946 0.66906 0.77372 0.66226 0.77770 0.66254 0.78929 0.64738 0.77474 0.61087 0.77331 0.59657 0.76775 0.58554 0.76803 0.57846 0.76525 0.57294 0.75529 0.57224 0.75344 0.56857 0.70948 0.56905 0.70378 0.56155 0.69581 0.56099 0.69396 0.55732 0.68201 0.55648 0.67987 0.55988 0.59821 0.55418 0.59607 0.55758 0.46660 0.54854 0.46447 0.55194 0.46062 0.54812 0.45849 0.55152 0.41666 0.54861 0.41040 0.55527 0.40457 0.55131 0.40030 0.55811 0.39021 0.56095 0.38395 0.56762 0.35208 0.56539 0.35023 0.56171 0.34397 0.56837 0.33999 0.56810 0.33865 0.57688 0.34754 0.57927 0.35203 0.59201 0.35036 0.63448 0.35221 0.63816 0.34795 0.64496 0.34540 0.65898 0.30421 0.74129 0.29157 0.75815 0.28703 0.77204 0.27410 0.79598 0.26145 0.81284 0.26117 0.81992 0.25677 0.83026 0.25052 0.83692 0.24384 0.85420 0.23333 0.86766 0.22665 0.88495 0.17949 0.96684 0.18014 0.97575 0.52076 0.99953 0.52289 0.99613 0.52474 0.99981 0.52745 1.00000 0.93039 1.00000
4 0.85354 0.58798 0.85521 0.54550 0.84637 0.51649 0.83405 0.49966 0.82223 0.49529 0.82038 0.49161 0.79620 0.49702 0.77823 0.52238 0.77368 0.53626 0.77128 0.54674 0.77002 0.57860 0.78030 0.62191 0.79276 0.63520 0.79554 0.64071 0.79512 0.65134 0.79165 0.66352 0.78048 0.66806 0.77687 0.68378 0.76890 0.68322 0.76065 0.68975 0.75880 0.68607 0.75732 0.69839 0.76274 0.71296 0.77121 0.72598 0.77534 0.72271 0.77918 0.72653 0.79113 0.72737 0.79326 0.72396 0.84001 0.72900 0.84306 0.72744 0.84640 0.71880 0.83820 0.69871 0.82574 0.68541 0.82338 0.66928 0.81356 0.66504 0.81078 0.65953 0.81148 0.64183 0.81852 0.64055 0.83089 0.63076 0.84900 0.60186 0.85354 0.58798
7 0.30428 0.48575 0.30613 0.48943 0.30307 0.56729 0.30492 0.57097 0.30395 0.59575 0.28482 0.59974 0.27110 0.61830 0.27772 0.62764 0.28755 0.63187 0.29709 0.64319 0.31761 0.68011 0.33062 0.67925 0.34142 0.65870 0.34439 0.63407 0.34253 0.63039 0.34351 0.60561 0.34073 0.60009 0.32586 0.59728 0.33026 0.58694 0.33398 0.44168 0.33148 0.42908 0.30957 0.42755 0.30637 0.43265 0.30428 0.48575
7 0.38420 0.43454 0.38234 0.43086 0.38489 0.41684 0.38304 0.41316 0.38281 0.39362 0.36289 0.39223 0.35969 0.39733 0.36127 0.40809 0.35987 0.44348 0.36173 0.44716 0.36006 0.48964 0.36334 0.50761 0.36200 0.51639 0.35204 0.51570 0.34884 0.52080 0.34787 0.54558 0.34958 0.55280 0.35236 0.55831 0.35343 0.55661 0.38437 0.55700 0.40008 0.53857 0.40091 0.51734 0.39827 0.50828 0.39628 0.50814 0.39188 0.51848 0.38206 0.51425 0.37928 0.50873 0.38354 0.50193 0.38465 0.47361 0.38280 0.46993 0.38420 0.43454
6 0.22126 0.56513 0.22172 0.60421 0.22557 0.60802 0.22529 0.61511 0.22978 0.62784 0.24266 0.63052 0.25396 0.62243 0.26591 0.62327 0.27884 0.59932 0.29093 0.59662 0.29306 0.59321 0.30103 0.59377 0.30321 0.56375 0.30043 0.55824 0.23868 0.55393 0.23655 0.55733 0.22460 0.55649 0.22126 0.56513
6 0.00000 0.63132 0.02086 0.63278 0.17943 0.63852 0.18980 0.62860 0.19578 0.62902 0.20310 0.62065 0.20750 0.61031 0.20676 0.57832 0.19287 0.55073 0.15104 0.54781 0.14890 0.55121 0.12500 0.54954 0.12287 0.55294 0.07905 0.54988 0.07150 0.53871 0.04361 0.53676 0.04148 0.54016 0.01359 0.53821 0.01132 0.54515 0.00000 0.54436 0.00000 0.63132
6 0.90283 0.57900 0.85901 0.57593 0.84446 0.61574 0.84418 0.62282 0.83089 0.63076 0.82968 0.63600 0.82130 0.64606 0.82699 0.65356 0.82857 0.66432 0.83227 0.67168 0.83093 0.68045 0.84288 0.68129 0.84473 0.68496 0.86174 0.68438 0.87383 0.68167 0.86095 0.67900 0.86123 0.67192 0.86919 0.67248 0.87531 0.66936 0.87957 0.66255 0.88143 0.66623 0.88555 0.66297 0.89551 0.66366 0.89736 0.66734 0.90348 0.66422 0.90533 0.66790 0.91728 0.66873 0.91941 0.66534 0.92126 0.66901 0.93122 0.66971 0.93335 0.66631 0.94331 0.66700 0.94716 0.67082 0.94943 0.66388 0.95911 0.67166 0.96523 0.66853 0.97319 0.66909 0.97505 0.67277 0.98116 0.66964 0.99112 0.67034 0.99297 0.67402 0.99385 0.67377 0.99687 0.59693 0.99006 0.59573 0.98821 0.59205 0.97811 0.59490 0.97626 0.59122 0.91451 0.58691 0.90283 0.57900
6 0.93039 1.00000 0.93022 0.99972 0.92666 0.98882 0.90016 0.95148 0.89474 0.93691 0.87381 0.91060 0.86455 0.89221 0.85500 0.88089 0.84958 0.86632 0.84004 0.85500 0.81396 0.80704 0.79872 0.78823 0.78377 0.76234 0.77978 0.76207 0.75092 0.70859 0.74750 0.69415 0.75255 0.69273 0.75389 0.68395 0.75709 0.67885 0.76306 0.67927 0.76626 0.67416 0.76760 0.66539 0.76946 0.66906 0.77372 0.66226 0.77770 0.66254 0.78929 0.64738 0.77474 0.61087 0.77331 0.59657 0.76775 0.58554 0.76803 0.57846 0.76525 0.57294 0.75529 0.57224 0.75344 0.56857 0.70948 0.56905 0.70378 0.56155 0.69581 0.56099 0.69396 0.55732 0.68201 0.55648 0.67987 0.55988 0.59821 0.55418 0.59607 0.55758 0.46660 0.54854 0.46447 0.55194 0.46062 0.54812 0.45849 0.55152 0.41666 0.54861 0.41040 0.55527 0.40457 0.55131 0.40030 0.55811 0.39021 0.56095 0.38395 0.56762 0.35208 0.56539 0.35023 0.56171 0.34397 0.56837 0.33999 0.56810 0.33865 0.57688 0.34754 0.57927 0.35203 0.59201 0.35036 0.63448 0.35221 0.63816 0.34795 0.64496 0.34540 0.65898 0.30421 0.74129 0.29157 0.75815 0.28703 0.77204 0.27410 0.79598 0.26145 0.81284 0.26117 0.81992 0.25677 0.83026 0.25052 0.83692 0.24384 0.85420 0.23333 0.86766 0.22665 0.88495 0.17949 0.96684 0.18014 0.97575 0.52076 0.99953 0.52289 0.99613 0.52474 0.99981 0.52745 1.00000 0.93039 1.00000
4 0.85354 0.58798 0.85521 0.54550 0.84637 0.51649 0.83405 0.49966 0.82223 0.49529 0.82038 0.49161 0.79620 0.49702 0.77823 0.52238 0.77368 0.53626 0.77128 0.54674 0.77002 0.57860 0.78030 0.62191 0.79276 0.63520 0.79554 0.64071 0.79512 0.65134 0.79165 0.66352 0.78048 0.66806 0.77687 0.68378 0.76890 0.68322 0.76065 0.68975 0.75880 0.68607 0.75732 0.69839 0.76274 0.71296 0.77121 0.72598 0.77534 0.72271 0.77918 0.72653 0.79113 0.72737 0.79326 0.72396 0.84001 0.72900 0.84306 0.72744 0.84640 0.71880 0.83820 0.69871 0.82574 0.68541 0.82338 0.66928 0.81356 0.66504 0.81078 0.65953 0.81148 0.64183 0.81852 0.64055 0.83089 0.63076 0.84900 0.60186 0.85354 0.58798
7 0.30428 0.48575 0.30613 0.48943 0.30307 0.56729 0.30492 0.57097 0.30395 0.59575 0.28482 0.59974 0.27110 0.61830 0.27772 0.62764 0.28755 0.63187 0.29709 0.64319 0.31761 0.68011 0.33062 0.67925 0.34142 0.65870 0.34439 0.63407 0.34253 0.63039 0.34351 0.60561 0.34073 0.60009 0.32586 0.59728 0.33026 0.58694 0.33398 0.44168 0.33148 0.42908 0.30957 0.42755 0.30637 0.43265 0.30428 0.48575
7 0.38420 0.43454 0.38234 0.43086 0.38489 0.41684 0.38304 0.41316 0.38281 0.39362 0.36289 0.39223 0.35969 0.39733 0.36127 0.40809 0.35987 0.44348 0.36173 0.44716 0.36006 0.48964 0.36334 0.50761 0.36200 0.51639 0.35204 0.51570 0.34884 0.52080 0.34787 0.54558 0.34958 0.55280 0.35236 0.55831 0.35343 0.55661 0.38437 0.55700 0.40008 0.53857 0.40091 0.51734 0.39827 0.50828 0.39628 0.50814 0.39188 0.51848 0.38206 0.51425 0.37928 0.50873 0.38354 0.50193 0.38465 0.47361 0.38280 0.46993 0.38420 0.43454
6 0.22126 0.56513 0.22172 0.60421 0.22557 0.60802 0.22529 0.61511 0.22978 0.62784 0.24266 0.63052 0.25396 0.62243 0.26591 0.62327 0.27884 0.59932 0.29093 0.59662 0.29306 0.59321 0.30103 0.59377 0.30321 0.56375 0.30043 0.55824 0.23868 0.55393 0.23655 0.55733 0.22460 0.55649 0.22126 0.56513
6 0.00000 0.63132 0.02086 0.63278 0.17943 0.63852 0.18980 0.62860 0.19578 0.62902 0.20310 0.62065 0.20750 0.61031 0.20676 0.57832 0.19287 0.55073 0.15104 0.54781 0.14890 0.55121 0.12500 0.54954 0.12287 0.55294 0.07905 0.54988 0.07150 0.53871 0.04361 0.53676 0.04148 0.54016 0.01359 0.53821 0.01132 0.54515 0.00000 0.54436 0.00000 0.63132
6 0.90283 0.57900 0.85901 0.57593 0.84446 0.61574 0.84418 0.62282 0.83089 0.63076 0.82968 0.63600 0.82130 0.64606 0.82699 0.65356 0.82857 0.66432 0.83227 0.67168 0.83093 0.68045 0.84288 0.68129 0.84473 0.68496 0.86174 0.68438 0.87383 0.68167 0.86095 0.67900 0.86123 0.67192 0.86919 0.67248 0.87531 0.66936 0.87957 0.66255 0.88143 0.66623 0.88555 0.66297 0.89551 0.66366 0.89736 0.66734 0.90348 0.66422 0.90533 0.66790 0.91728 0.66873 0.91941 0.66534 0.92126 0.66901 0.93122 0.66971 0.93335 0.66631 0.94331 0.66700 0.94716 0.67082 0.94943 0.66388 0.95911 0.67166 0.96523 0.66853 0.97319 0.66909 0.97505 0.67277 0.98116 0.66964 0.99112 0.67034 0.99297 0.67402 0.99385 0.67377 0.99687 0.59693 0.99006 0.59573 0.98821 0.59205 0.97811 0.59490 0.97626 0.59122 0.91451 0.58691 0.90283 0.57900
6 0.93039 1.00000 0.93022 0.99972 0.92666 0.98882 0.90016 0.95148 0.89474 0.93691 0.87381 0.91060 0.86455 0.89221 0.85500 0.88089 0.84958 0.86632 0.84004 0.85500 0.81396 0.80704 0.79872 0.78823 0.78377 0.76234 0.77978 0.76207 0.75092 0.70859 0.74750 0.69415 0.75255 0.69273 0.75389 0.68395 0.75709 0.67885 0.76306 0.67927 0.76626 0.67416 0.76760 0.66539 0.76946 0.66906 0.77372 0.66226 0.77770 0.66254 0.78929 0.64738 0.77474 0.61087 0.77331 0.59657 0.76775 0.58554 0.76803 0.57846 0.76525 0.57294 0.75529 0.57224 0.75344 0.56857 0.70948 0.56905 0.70378 0.56155 0.69581 0.56099 0.69396 0.55732 0.68201 0.55648 0.67987 0.55988 0.59821 0.55418 0.59607 0.55758 0.46660 0.54854 0.46447 0.55194 0.46062 0.54812 0.45849 0.55152 0.41666 0.54861 0.41040 0.55527 0.40457 0.55131 0.40030 0.55811 0.39021 0.56095 0.38395 0.56762 0.35208 0.56539 0.35023 0.56171 0.34397 0.56837 0.33999 0.56810 0.33865 0.57688 0.34754 0.57927 0.35203 0.59201 0.35036 0.63448 0.35221 0.63816 0.34795 0.64496 0.34540 0.65898 0.30421 0.74129 0.29157 0.75815 0.28703 0.77204 0.27410 0.79598 0.26145 0.81284 0.26117 0.81992 0.25677 0.83026 0.25052 0.83692 0.24384 0.85420 0.23333 0.86766 0.22665 0.88495 0.17949 0.96684 0.18014 0.97575 0.52076 0.99953 0.52289 0.99613 0.52474 0.99981 0.52745 1.00000 0.93039 1.00000
4 0.85354 0.58798 0.85521 0.54550 0.84637 0.51649 0.83405 0.49966 0.82223 0.49529 0.82038 0.49161 0.79620 0.49702 0.77823 0.52238 0.77368 0.53626 0.77128 0.54674 0.77002 0.57860 0.78030 0.62191 0.79276 0.63520 0.79554 0.64071 0.79512 0.65134 0.79165 0.66352 0.78048 0.66806 0.77687 0.68378 0.76890 0.68322 0.76065 0.68975 0.75880 0.68607 0.75732 0.69839 0.76274 0.71296 0.77121 0.72598 0.77534 0.72271 0.77918 0.72653 0.79113 0.72737 0.79326 0.72396 0.84001 0.72900 0.84306 0.72744 0.84640 0.71880 0.83820 0.69871 0.82574 0.68541 0.82338 0.66928 0.81356 0.66504 0.81078 0.65953 0.81148 0.64183 0.81852 0.64055 0.83089 0.63076 0.84900 0.60186 0.85354 0.58798
7 0.30428 0.48575 0.30613 0.48943 0.30307 0.56729 0.30492 0.57097 0.30395 0.59575 0.28482 0.59974 0.27110 0.61830 0.27772 0.62764 0.28755 0.63187 0.29709 0.64319 0.31761 0.68011 0.33062 0.67925 0.34142 0.65870 0.34439 0.63407 0.34253 0.63039 0.34351 0.60561 0.34073 0.60009 0.32586 0.59728 0.33026 0.58694 0.33398 0.44168 0.33148 0.42908 0.30957 0.42755 0.30637 0.43265 0.30428 0.48575
7 0.38420 0.43454 0.38234 0.43086 0.38489 0.41684 0.38304 0.41316 0.38281 0.39362 0.36289 0.39223 0.35969 0.39733 0.36127 0.40809 0.35987 0.44348 0.36173 0.44716 0.36006 0.48964 0.36334 0.50761 0.36200 0.51639 0.35204 0.51570 0.34884 0.52080 0.34787 0.54558 0.34958 0.55280 0.35236 0.55831 0.35343 0.55661 0.38437 0.55700 0.40008 0.53857 0.40091 0.51734 0.39827 0.50828 0.39628 0.50814 0.39188 0.51848 0.38206 0.51425 0.37928 0.50873 0.38354 0.50193 0.38465 0.47361 0.38280 0.46993 0.38420 0.43454
6 0.22126 0.56513 0.22172 0.60421 0.22557 0.60802 0.22529 0.61511 0.22978 0.62784 0.24266 0.63052 0.25396 0.62243 0.26591 0.62327 0.27884 0.59932 0.29093 0.59662 0.29306 0.59321 0.30103 0.59377 0.30321 0.56375 0.30043 0.55824 0.23868 0.55393 0.23655 0.55733 0.22460 0.55649 0.22126 0.56513
6 0.00000 0.63132 0.02086 0.63278 0.17943 0.63852 0.18980 0.62860 0.19578 0.62902 0.20310 0.62065 0.20750 0.61031 0.20676 0.57832 0.19287 0.55073 0.15104 0.54781 0.14890 0.55121 0.12500 0.54954 0.12287 0.55294 0.07905 0.54988 0.07150 0.53871 0.04361 0.53676 0.04148 0.54016 0.01359 0.53821 0.01132 0.54515 0.00000 0.54436 0.00000 0.63132
6 0.90283 0.57900 0.85901 0.57593 0.84446 0.61574 0.84418 0.62282 0.83089 0.63076 0.82968 0.63600 0.82130 0.64606 0.82699 0.65356 0.82857 0.66432 0.83227 0.67168 0.83093 0.68045 0.84288 0.68129 0.84473 0.68496 0.86174 0.68438 0.87383 0.68167 0.86095 0.67900 0.86123 0.67192 0.86919 0.67248 0.87531 0.66936 0.87957 0.66255 0.88143 0.66623 0.88555 0.66297 0.89551 0.66366 0.89736 0.66734 0.90348 0.66422 0.90533 0.66790 0.91728 0.66873 0.91941 0.66534 0.92126 0.66901 0.93122 0.66971 0.93335 0.66631 0.94331 0.66700 0.94716 0.67082 0.94943 0.66388 0.95911 0.67166 0.96523 0.66853 0.97319 0.66909 0.97505 0.67277 0.98116 0.66964 0.99112 0.67034 0.99297 0.67402 0.99385 0.67377 0.99687 0.59693 0.99006 0.59573 0.98821 0.59205 0.97811 0.59490 0.97626 0.59122 0.91451 0.58691 0.90283 0.57900
6 0.93039 1.00000 0.93022 0.99972 0.92666 0.98882 0.90016 0.95148 0.89474 0.93691 0.87381 0.91060 0.86455 0.89221 0.85500 0.88089 0.84958 0.86632 0.84004 0.85500 0.81396 0.80704 0.79872 0.78823 0.78377 0.76234 0.77978 0.76207 0.75092 0.70859 0.74750 0.69415 0.75255 0.69273 0.75389 0.68395 0.75709 0.67885 0.76306 0.67927 0.76626 0.67416 0.76760 0.66539 0.76946 0.66906 0.77372 0.66226 0.77770 0.66254 0.78929 0.64738 0.77474 0.61087 0.77331 0.59657 0.76775 0.58554 0.76803 0.57846 0.76525 0.57294 0.75529 0.57224 0.75344 0.56857 0.70948 0.56905 0.70378 0.56155 0.69581 0.56099 0.69396 0.55732 0.68201 0.55648 0.67987 0.55988 0.59821 0.55418 0.59607 0.55758 0.46660 0.54854 0.46447 0.55194 0.46062 0.54812 0.45849 0.55152 0.41666 0.54861 0.41040 0.55527 0.40457 0.55131 0.40030 0.55811 0.39021 0.56095 0.38395 0.56762 0.35208 0.56539 0.35023 0.56171 0.34397 0.56837 0.33999 0.56810 0.33865 0.57688 0.34754 0.57927 0.35203 0.59201 0.35036 0.63448 0.35221 0.63816 0.34795 0.64496 0.34540 0.65898 0.30421 0.74129 0.29157 0.75815 0.28703 0.77204 0.27410 0.79598 0.26145 0.81284 0.26117 0.81992 0.25677 0.83026 0.25052 0.83692 0.24384 0.85420 0.23333 0.86766 0.22665 0.88495 0.17949 0.96684 0.18014 0.97575 0.52076 0.99953 0.52289 0.99613 0.52474 0.99981 0.52745 1.00000 0.93039 1.00000
4 0.85354 0.58798 0.85521 0.54550 0.84637 0.51649 0.83405 0.49966 0.82223 0.49529 0.82038 0.49161 0.79620 0.49702 0.77823 0.52238 0.77368 0.53626 0.77128 0.54674 0.77002 0.57860 0.78030 0.62191 0.79276 0.63520 0.79554 0.64071 0.79512 0.65134 0.79165 0.66352 0.78048 0.66806 0.77687 0.68378 0.76890 0.68322 0.76065 0.68975 0.75880 0.68607 0.75732 0.69839 0.76274 0.71296 0.77121 0.72598 0.77534 0.72271 0.77918 0.72653 0.79113 0.72737 0.79326 0.72396 0.84001 0.72900 0.84306 0.72744 0.84640 0.71880 0.83820 0.69871 0.82574 0.68541 0.82338 0.66928 0.81356 0.66504 0.81078 0.65953 0.81148 0.64183 0.81852 0.64055 0.83089 0.63076 0.84900 0.60186 0.85354 0.58798
7 0.30428 0.48575 0.30613 0.48943 0.30307 0.56729 0.30492 0.57097 0.30395 0.59575 0.28482 0.59974 0.27110 0.61830 0.27772 0.62764 0.28755 0.63187 0.29709 0.64319 0.31761 0.68011 0.33062 0.67925 0.34142 0.65870 0.34439 0.63407 0.34253 0.63039 0.34351 0.60561 0.34073 0.60009 0.32586 0.59728 0.33026 0.58694 0.33398 0.44168 0.33148 0.42908 0.30957 0.42755 0.30637 0.43265 0.30428 0.48575
7 0.38420 0.43454 0.38234 0.43086 0.38489 0.41684 0.38304 0.41316 0.38281 0.39362 0.36289 0.39223 0.35969 0.39733 0.36127 0.40809 0.35987 0.44348 0.36173 0.44716 0.36006 0.48964 0.36334 0.50761 0.36200 0.51639 0.35204 0.51570 0.34884 0.52080 0.34787 0.54558 0.34958 0.55280 0.35236 0.55831 0.35343 0.55661 0.38437 0.55700 0.40008 0.53857 0.40091 0.51734 0.39827 0.50828 0.39628 0.50814 0.39188 0.51848 0.38206 0.51425 0.37928 0.50873 0.38354 0.50193 0.38465 0.47361 0.38280 0.46993 0.38420 0.43454
6 0.22126 0.56513 0.22172 0.60421 0.22557 0.60802 0.22529 0.61511 0.22978 0.62784 0.24266 0.63052 0.25396 0.62243 0.26591 0.62327 0.27884 0.59932 0.29093 0.59662 0.29306 0.59321 0.30103 0.59377 0.30321 0.56375 0.30043 0.55824 0.23868 0.55393 0.23655 0.55733 0.22460 0.55649 0.22126 0.56513
6 0.00000 0.63132 0.02086 0.63278 0.17943 0.63852 0.18980 0.62860 0.19578 0.62902 0.20310 0.62065 0.20750 0.61031 0.20676 0.57832 0.19287 0.55073 0.15104 0.54781 0.14890 0.55121 0.12500 0.54954 0.12287 0.55294 0.07905 0.54988 0.07150 0.53871 0.04361 0.53676 0.04148 0.54016 0.01359 0.53821 0.01132 0.54515 0.00000 0.54436 0.00000 0.63132
6 0.90283 0.57900 0.85901 0.57593 0.84446 0.61574 0.84418 0.62282 0.83089 0.63076 0.82968 0.63600 0.82130 0.64606 0.82699 0.65356 0.82857 0.66432 0.83227 0.67168 0.83093 0.68045 0.84288 0.68129 0.84473 0.68496 0.86174 0.68438 0.87383 0.68167 0.86095 0.67900 0.86123 0.67192 0.86919 0.67248 0.87531 0.66936 0.87957 0.66255 0.88143 0.66623 0.88555 0.66297 0.89551 0.66366 0.89736 0.66734 0.90348 0.66422 0.90533 0.66790 0.91728 0.66873 0.91941 0.66534 0.92126 0.66901 0.93122 0.66971 0.93335 0.66631 0.94331 0.66700 0.94716 0.67082 0.94943 0.66388 0.95911 0.67166 0.96523 0.66853 0.97319 0.66909 0.97505 0.67277 0.98116 0.66964 0.99112 0.67034 0.99297 0.67402 0.99385 0.67377 0.99687 0.59693 0.99006 0.59573 0.98821 0.59205 0.97811 0.59490 0.97626 0.59122 0.91451 0.58691 0.90283 0.57900
6 0.93039 1.00000 0.93022 0.99972 0.92666 0.98882 0.90016 0.95148 0.89474 0.93691 0.87381 0.91060 0.86455 0.89221 0.85500 0.88089 0.84958 0.86632 0.84004 0.85500 0.81396 0.80704 0.79872 0.78823 0.78377 0.76234 0.77978 0.76207 0.75092 0.70859 0.74750 0.69415 0.75255 0.69273 0.75389 0.68395 0.75709 0.67885 0.76306 0.67927 0.76626 0.67416 0.76760 0.66539 0.76946 0.66906 0.77372 0.66226 0.77770 0.66254 0.78929 0.64738 0.77474 0.61087 0.77331 0.59657 0.76775 0.58554 0.76803 0.57846 0.76525 0.57294 0.75529 0.57224 0.75344 0.56857 0.70948 0.56905 0.70378 0.56155 0.69581 0.56099 0.69396 0.55732 0.68201 0.55648 0.67987 0.55988 0.59821 0.55418 0.59607 0.55758 0.46660 0.54854 0.46447 0.55194 0.46062 0.54812 0.45849 0.55152 0.41666 0.54861 0.41040 0.55527 0.40457 0.55131 0.40030 0.55811 0.39021 0.56095 0.38395 0.56762 0.35208 0.56539 0.35023 0.56171 0.34397 0.56837 0.33999 0.56810 0.33865 0.57688 0.34754 0.57927 0.35203 0.59201 0.35036 0.63448 0.35221 0.63816 0.34795 0.64496 0.34540 0.65898 0.30421 0.74129 0.29157 0.75815 0.28703 0.77204 0.27410 0.79598 0.26145 0.81284 0.26117 0.81992 0.25677 0.83026 0.25052 0.83692 0.24384 0.85420 0.23333 0.86766 0.22665 0.88495 0.17949 0.96684 0.18014 0.97575 0.52076 0.99953 0.52289 0.99613 0.52474 0.99981 0.52745 1.00000 0.93039 1.00000
4 0.85354 0.58798 0.85521 0.54550 0.84637 0.51649 0.83405 0.49966 0.82223 0.49529 0.82038 0.49161 0.79620 0.49702 0.77823 0.52238 0.77368 0.53626 0.77128 0.54674 0.77002 0.57860 0.78030 0.62191 0.79276 0.63520 0.79554 0.64071 0.79512 0.65134 0.79165 0.66352 0.78048 0.66806 0.77687 0.68378 0.76890 0.68322 0.76065 0.68975 0.75880 0.68607 0.75732 0.69839 0.76274 0.71296 0.77121 0.72598 0.77534 0.72271 0.77918 0.72653 0.79113 0.72737 0.79326 0.72396 0.84001 0.72900 0.84306 0.72744 0.84640 0.71880 0.83820 0.69871 0.82574 0.68541 0.82338 0.66928 0.81356 0.66504 0.81078 0.65953 0.81148 0.64183 0.81852 0.64055 0.83089 0.63076 0.84900 0.60186 0.85354 0.58798
7 0.30428 0.48575 0.30613 0.48943 0.30307 0.56729 0.30492 0.57097 0.30395 0.59575 0.28482 0.59974 0.27110 0.61830 0.27772 0.62764 0.28755 0.63187 0.29709 0.64319 0.31761 0.68011 0.33062 0.67925 0.34142 0.65870 0.34439 0.63407 0.34253 0.63039 0.34351 0.60561 0.34073 0.60009 0.32586 0.59728 0.33026 0.58694 0.33398 0.44168 0.33148 0.42908 0.30957 0.42755 0.30637 0.43265 0.30428 0.48575
7 0.38420 0.43454 0.38234 0.43086 0.38489 0.41684 0.38304 0.41316 0.38281 0.39362 0.36289 0.39223 0.35969 0.39733 0.36127 0.40809 0.35987 0.44348 0.36173 0.44716 0.36006 0.48964 0.36334 0.50761 0.36200 0.51639 0.35204 0.51570 0.34884 0.52080 0.34787 0.54558 0.34958 0.55280 0.35236 0.55831 0.35343 0.55661 0.38437 0.55700 0.40008 0.53857 0.40091 0.51734 0.39827 0.50828 0.39628 0.50814 0.39188 0.51848 0.38206 0.51425 0.37928 0.50873 0.38354 0.50193 0.38465 0.47361 0.38280 0.46993 0.38420 0.43454
