6 0.51639 1.00000 0.99645 0.94405 0.99067 0.93027 0.98656 0.93075 0.94602 0.88033 0.93045 0.86377 0.92406 0.86084 0.91006 0.83673 0.90596 0.83721 0.90252 0.83210 0.90409 0.82456 0.90122 0.78079 0.90394 0.77495 0.90623 0.77836 0.91009 0.77423 0.91444 0.77741 0.91716 0.77157 0.91601 0.76987 0.90165 0.77154 0.89935 0.76813 0.89549 0.77226 0.89114 0.76909 0.88728 0.77322 0.87086 0.77513 0.86904 0.77902 0.86675 0.77561 0.85443 0.77705 0.84732 0.76317 0.78162 0.69179 0.77631 0.67403 0.77311 0.67256 0.76943 0.66380 0.77239 0.66162 0.77469 0.66503 0.77487 0.65214 0.77759 0.64631 0.79263 0.63904 0.79143 0.62080 0.79506 0.61303 0.79252 0.60597 0.79639 0.60184 0.79501 0.59649 0.78975 0.59527 0.78904 0.58432 0.77595 0.55827 0.77413 0.56216 0.76110 0.55265 0.75723 0.55678 0.72210 0.55720 0.71341 0.55086 0.69699 0.55277 0.69470 0.54936 0.69083 0.55349 0.62310 0.56138 0.62128 0.56527 0.48787 0.58082 0.48605 0.58471 0.48376 0.58130 0.47350 0.58249 0.47168 0.58638 0.46118 0.58393 0.45550 0.59194 0.45321 0.58853 0.44705 0.58925 0.43932 0.59750 0.42495 0.59918 0.42314 0.60307 0.37593 0.60857 0.37206 0.61270 0.36959 0.62217 0.37899 0.63946 0.38043 0.66135 0.38936 0.67133 0.38416 0.68664 0.38488 0.69759 0.38016 0.72020 0.37062 0.73234 0.37110 0.73963 0.36771 0.75105 0.33150 0.84534 0.32510 0.84241 0.32329 0.84630 0.31417 0.84920 0.32057 0.85213 0.31718 0.86355 0.32244 0.86478 0.32382 0.87013 0.31409 0.89516 0.30497 0.89806 0.30521 0.90171 0.30956 0.90487 0.30436 0.92019 0.29868 0.92820 0.29735 0.93938 0.27764 0.98579 0.27274 1.00000 0.51639 1.00000
6 0.26123 0.62561 0.26272 0.66404 0.26730 0.67086 0.26802 0.68180 0.27146 0.68691 0.28673 0.68329 0.29670 0.66191 0.31107 0.66024 0.32472 0.64762 0.33679 0.64254 0.33650 0.62235 0.33397 0.61529 0.32848 0.61042 0.31822 0.61162 0.31640 0.61550 0.30204 0.61718 0.30023 0.62107 0.26123 0.62561
6 0.24592 0.69173 0.24906 0.67666 0.24715 0.64747 0.22996 0.62190 0.19096 0.62645 0.18938 0.63398 0.17296 0.63589 0.17115 0.63979 0.00841 0.65716 0.01376 0.73852 0.08291 0.72910 0.19671 0.71400 0.19852 0.71012 0.22521 0.70701 0.23088 0.69899 0.24592 0.69173
6 1.00000 0.52986 0.90297 0.53979 0.89633 0.53321 0.86760 0.53657 0.86373 0.54069 0.84221 0.59099 0.83038 0.59972 0.82584 0.60944 0.82633 0.61673 0.82976 0.62185 0.83592 0.62113 0.84509 0.63477 0.85946 0.63309 0.86127 0.62920 0.90643 0.62394 0.90872 0.62735 0.93426 0.62254 1.00000 0.61371 1.00000 0.52986
4 0.84197 0.58734 0.85400 0.56572 0.85981 0.52828 0.85632 0.50663 0.84873 0.48546 0.83841 0.47012 0.82538 0.46061 0.80280 0.46324 0.78734 0.47975 0.77942 0.50089 0.77651 0.51961 0.77843 0.54879 0.78120 0.55950 0.78879 0.58067 0.79911 0.59601 0.80894 0.60405 0.80967 0.61500 0.80537 0.62837 0.79921 0.62909 0.79426 0.64804 0.77783 0.64996 0.77836 0.67379 0.79809 0.70641 0.81571 0.72274 0.85561 0.71625 0.86268 0.71359 0.86721 0.70387 0.86372 0.68222 0.86735 0.67445 0.86687 0.66715 0.85655 0.65181 0.84352 0.64230 0.83821 0.62454 0.83206 0.62526 0.82656 0.62038 0.82537 0.60214 0.84197 0.58734
7 0.33650 0.62235 0.33880 0.62576 0.34023 0.64765 0.32725 0.65468 0.32115 0.67193 0.33967 0.68631 0.36078 0.72429 0.36990 0.72139 0.37467 0.71532 0.38077 0.69807 0.37742 0.64699 0.36076 0.64526 0.36391 0.63019 0.35251 0.48815 0.34907 0.48304 0.32855 0.48543 0.32606 0.49491 0.32798 0.52409 0.33028 0.52750 0.33650 0.62235
7 0.38773 0.44177 0.37130 0.44368 0.36859 0.44951 0.37146 0.49329 0.37375 0.49670 0.37639 0.53683 0.38193 0.55824 0.37921 0.56407 0.37010 0.56697 0.37225 0.59980 0.37569 0.60492 0.37956 0.60079 0.38572 0.60007 0.38801 0.60348 0.40328 0.59987 0.41035 0.59720 0.42056 0.57947 0.41826 0.57606 0.41683 0.55417 0.41363 0.55271 0.41000 0.56048 0.40384 0.56120 0.40041 0.55609 0.40102 0.53396 0.39873 0.53055 0.39116 0.44688 0.38773 0.44177
6 0.51639 1.00000 0.99645 0.94405 0.99067 0.93027 0.98656 0.93075 0.94602 0.88033 0.93045 0.86377 0.92406 0.86084 0.91006 0.83673 0.90596 0.83721 0.90252 0.83210 0.90409 0.82456 0.90122 0.78079 0.90394 0.77495 0.90623 0.77836 0.91009 0.77423 0.91444 0.77741 0.91716 0.77157 0.91601 0.76987 0.90165 0.77154 0.89935 0.76813 0.89549 0.77226 0.89114 0.76909 0.88728 0.77322 0.87086 0.77513 0.86904 0.77902 0.86675 0.77561 0.85443 0.77705 0.84732 0.76317 0.78162 0.69179 0.77631 0.67403 0.77311 0.67256 0.76943 0.66380 0.77239 0.66162 0.77469 0.66503 0.77487 0.65214 0.77759 0.64631 0.79263 0.63904 0.79143 0.62080 0.79506 0.61303 0.79252 0.60597 0.79639 0.60184 0.79501 0.59649 0.78975 0.59527 0.78904 0.58432 0.77595 0.55827 0.77413 0.56216 0.76110 0.55265 0.75723 0.55678 0.72210 0.55720 0.71341 0.55086 0.69699 0.55277 0.69470 0.54936 0.69083 0.55349 0.62310 0.56138 0.62128 0.56527 0.48787 0.58082 0.48605 0.58471 0.48376 0.58130 0.47350 0.58249 0.47168 0.58638 0.46118 0.58393 0.45550 0.59194 0.45321 0.58853 0.44705 0.58925 0.43932 0.59750 0.42495 0.59918 0.42314 0.60307 0.37593 0.60857 0.37206 0.61270 0.36959 0.62217 0.37899 0.63946 0.38043 0.66135 0.38936 0.67133 0.38416 0.68664 0.38488 0.69759 0.38016 0.72020 0.37062 0.73234 0.37110 0.73963 0.36771 0.75105 0.33150 0.84534 0.32510 0.84241 0.32329 0.84630 0.31417 0.84920 0.32057 0.85213 0.31718 0.86355 0.32244 0.86478 0.32382 0.87013 0.31409 0.89516 0.30497 0.89806 0.30521 0.90171 0.30956 0.90487 0.30436 0.92019 0.29868 0.92820 0.29735 0.93938 0.27764 0.98579 0.27274 1.00000 0.51639 1.00000
6 0.26123 0.62561 0.26272 0.66404 0.26730 0.67086 0.26802 0.68180 0.27146 0.68691 0.28673 0.68329 0.29670 0.66191 0.31107 0.66024 0.32472 0.64762 0.33679 0.64254 0.33650 0.62235 0.33397 0.61529 0.32848 0.61042 0.31822 0.61162 0.31640 0.61550 0.30204 0.61718 0.30023 0.62107 0.26123 0.62561
6 0.24592 0.69173 0.24906 0.67666 0.24715 0.64747 0.22996 0.62190 0.19096 0.62645 0.18938 0.63398 0.17296 0.63589 0.17115 0.63979 0.00841 0.65716 0.01376 0.73852 0.08291 0.72910 0.19671 0.71400 0.19852 0.71012 0.22521 0.70701 0.23088 0.69899 0.24592 0.69173
6 1.00000 0.52986 0.90297 0.53979 0.89633 0.53321 0.86760 0.53657 0.86373 0.54069 0.84221 0.59099 0.83038 0.59972 0.82584 0.60944 0.82633 0.61673 0.82976 0.62185 0.83592 0.62113 0.84509 0.63477 0.85946 0.63309 0.86127 0.62920 0.90643 0.62394 0.90872 0.62735 0.93426 0.62254 1.00000 0.61371 1.00000 0.52986
4 0.84197 0.58734 0.85400 0.56572 0.85981 0.52828 0.85632 0.50663 0.84873 0.48546 0.83841 0.47012 0.82538 0.46061 0.80280 0.46324 0.78734 0.47975 0.77942 0.50089 0.77651 0.51961 0.77843 0.54879 0.78120 0.55950 0.78879 0.58067 0.79911 0.59601 0.80894 0.60405 0.80967 0.61500 0.80537 0.62837 0.79921 0.62909 0.79426 0.64804 0.77783 0.64996 0.77836 0.67379 0.79809 0.70641 0.81571 0.72274 0.85561 0.71625 0.86268 0.71359 0.86721 0.70387 0.86372 0.68222 0.86735 0.67445 0.86687 0.66715 0.85655 0.65181 0.84352 0.64230 0.83821 0.62454 0.83206 0.62526 0.82656 0.62038 0.82537 0.60214 0.84197 0.58734
7 0.33650 0.62235 0.33880 0.62576 0.34023 0.64765 0.32725 0.65468 0.32115 0.67193 0.33967 0.68631 0.36078 0.72429 0.36990 0.72139 0.37467 0.71532 0.38077 0.69807 0.37742 0.64699 0.36076 0.64526 0.36391 0.63019 0.35251 0.48815 0.34907 0.48304 0.32855 0.48543 0.32606 0.49491 0.32798 0.52409 0.33028 0.52750 0.33650 0.62235
7 0.38773 0.44177 0.37130 0.44368 0.36859 0.44951 0.37146 0.49329 0.37375 0.49670 0.37639 0.53683 0.38193 0.55824 0.37921 0.56407 0.37010 0.56697 0.37225 0.59980 0.37569 0.60492 0.37956 0.60079 0.38572 0.60007 0.38801 0.60348 0.40328 0.59987 0.41035 0.59720 0.42056 0.57947 0.41826 0.57606 0.41683 0.55417 0.41363 0.55271 0.41000 0.56048 0.40384 0.56120 0.40041 0.55609 0.40102 0.53396 0.39873 0.53055 0.39116 0.44688 0.38773 0.44177
6 0.51639 1.00000 0.99645 0.94405 0.99067 0.93027 0.98656 0.93075 0.94602 0.88033 0.93045 0.86377 0.92406 0.86084 0.91006 0.83673 0.90596 0.83721 0.90252 0.83210 0.90409 0.82456 0.90122 0.78079 0.90394 0.77495 0.90623 0.77836 0.91009 0.77423 0.91444 0.77741 0.91716 0.77157 0.91601 0.76987 0.90165 0.77154 0.89935 0.76813 0.89549 0.77226 0.89114 0.76909 0.88728 0.77322 0.87086 0.77513 0.86904 0.77902 0.86675 0.77561 0.85443 0.77705 0.84732 0.76317 0.78162 0.69179 0.77631 0.67403 0.77311 0.67256 0.76943 0.66380 0.77239 0.66162 0.77469 0.66503 0.77487 0.65214 0.77759 0.64631 0.79263 0.63904 0.79143 0.62080 0.79506 0.61303 0.79252 0.60597 0.79639 0.60184 0.79501 0.59649 0.78975 0.59527 0.78904 0.58432 0.77595 0.55827 0.77413 0.56216 0.76110 0.55265 0.75723 0.55678 0.72210 0.55720 0.71341 0.55086 0.69699 0.55277 0.69470 0.54936 0.69083 0.55349 0.62310 0.56138 0.62128 0.56527 0.48787 0.58082 0.48605 0.58471 0.48376 0.58130 0.47350 0.58249 0.47168 0.58638 0.46118 0.58393 0.45550 0.59194 0.45321 0.58853 0.44705 0.58925 0.43932 0.59750 0.42495 0.59918 0.42314 0.60307 0.37593 0.60857 0.37206 0.61270 0.36959 0.62217 0.37899 0.63946 0.38043 0.66135 0.38936 0.67133 0.38416 0.68664 0.38488 0.69759 0.38016 0.72020 0.37062 0.73234 0.37110 0.73963 0.36771 0.75105 0.33150 0.84534 0.32510 0.84241 0.32329 0.84630 0.31417 0.84920 0.32057 0.85213 0.31718 0.86355 0.32244 0.86478 0.32382 0.87013 0.31409 0.89516 0.30497 0.89806 0.30521 0.90171 0.30956 0.90487 0.30436 0.92019 0.29868 0.92820 0.29735 0.93938 0.27764 0.98579 0.27274 1.00000 0.51639 1.00000
6 0.26123 0.62561 0.26272 0.66404 0.26730 0.67086 0.26802 0.68180 0.27146 0.68691 0.28673 0.68329 0.29670 0.66191 0.31107 0.66024 0.32472 0.64762 0.33679 0.64254 0.33650 0.62235 0.33397 0.61529 0.32848 0.61042 0.31822 0.61162 0.31640 0.61550 0.30204 0.61718 0.30023 0.62107 0.26123 0.62561
6 0.24592 0.69173 0.24906 0.67666 0.24715 0.64747 0.22996 0.62190 0.19096 0.62645 0.18938 0.63398 0.17296 0.63589 0.17115 0.63979 0.00841 0.65716 0.01376 0.73852 0.08291 0.72910 0.19671 0.71400 0.19852 0.71012 0.22521 0.70701 0.23088 0.69899 0.24592 0.69173
6 1.00000 0.52986 0.90297 0.53979 0.89633 0.53321 0.86760 0.53657 0.86373 0.54069 0.84221 0.59099 0.83038 0.59972 0.82584 0.60944 0.82633 0.61673 0.82976 0.62185 0.83592 0.62113 0.84509 0.63477 0.85946 0.63309 0.86127 0.62920 0.90643 0.62394 0.90872 0.62735 0.93426 0.62254 1.00000 0.61371 1.00000 0.52986
4 0.84197 0.58734 0.85400 0.56572 0.85981 0.52828 0.85632 0.50663 0.84873 0.48546 0.83841 0.47012 0.82538 0.46061 0.80280 0.46324 0.78734 0.47975 0.77942 0.50089 0.77651 0.51961 0.77843 0.54879 0.78120 0.55950 0.78879 0.58067 0.79911 0.59601 0.80894 0.60405 0.80967 0.61500 0.80537 0.62837 0.79921 0.62909 0.79426 0.64804 0.77783 0.64996 0.77836 0.67379 0.79809 0.70641 0.81571 0.72274 0.85561 0.71625 0.86268 0.71359 0.86721 0.70387 0.86372 0.68222 0.86735 0.67445 0.86687 0.66715 0.85655 0.65181 0.84352 0.64230 0.83821 0.62454 0.83206 0.62526 0.82656 0.62038 0.82537 0.60214 0.84197 0.58734
7 0.33650 0.62235 0.33880 0.62576 0.34023 0.64765 0.32725 0.65468 0.32115 0.67193 0.33967 0.68631 0.36078 0.72429 0.36990 0.72139 0.37467 0.71532 0.38077 0.69807 0.37742 0.64699 0.36076 0.64526 0.36391 0.63019 0.35251 0.48815 0.34907 0.48304 0.32855 0.48543 0.32606 0.49491 0.32798 0.52409 0.33028 0.52750 0.33650 0.62235
7 0.38773 0.44177 0.37130 0.44368 0.36859 0.44951 0.37146 0.49329 0.37375 0.49670 0.37639 0.53683 0.38193 0.55824 0.37921 0.56407 0.37010 0.56697 0.37225 0.59980 0.37569 0.60492 0.37956 0.60079 0.38572 0.60007 0.38801 0.60348 0.40328 0.59987 0.41035 0.59720 0.42056 0.57947 0.41826 0.57606 0.41683 0.55417 0.41363 0.55271 0.41000 0.56048 0.40384 0.56120 0.40041 0.55609 0.40102 0.53396 0.39873 0.53055 0.39116 0.44688 0.38773 0.44177
