6 1.00000 0.82176 0.82813 0.59722 0.65104 0.39352 0.52344 0.23611 0.47526 0.19907 0.39713 0.18518 0.29167 0.18750 0.17448 0.19907 0.10938 0.28009 0.18880 0.27546 0.20182 0.29398 0.18750 0.34491 0.00000 0.99768 1.00000 1.00000 1.00000 0.82176
2 0.70020 0.36805 0.70215 0.37153 0.70996 0.37153 0.71484 0.35938 0.71484 0.34202 0.71191 0.33680 0.69434 0.32986 0.68945 0.32118 0.68945 0.31423 0.68652 0.30903 0.67676 0.30555 0.67187 0.29340 0.67187 0.26910 0.68945 0.20312 0.68945 0.18923 0.69727 0.15452 0.69727 0.14062 0.69238 0.13195 0.67480 0.13195 0.67285 0.13542 0.65527 0.13542 0.65332 0.13889 0.64160 0.13889 0.63965 0.14236 0.62402 0.14236 0.61816 0.14583 0.61328 0.15452 0.62891 0.19271 0.63867 0.22396 0.63867 0.23090 0.65234 0.25868 0.65430 0.26910 0.65430 0.31077 0.65137 0.31597 0.64551 0.31597 0.64258 0.32118 0.64160 0.34375 0.62598 0.34722 0.62305 0.35243 0.62305 0.35938 0.63379 0.37500 0.63965 0.37500 0.64941 0.38195 0.65625 0.38021 0.68262 0.37500 0.68457 0.37153 0.69824 0.37153 0.70020 0.36805
6 1.00000 0.82176 0.82813 0.59722 0.65104 0.39352 0.52344 0.23611 0.47526 0.19907 0.39713 0.18518 0.29167 0.18750 0.17448 0.19907 0.10938 0.28009 0.18880 0.27546 0.20182 0.29398 0.18750 0.34491 0.00000 0.99768 1.00000 1.00000 1.00000 0.82176
2 0.70020 0.36805 0.70215 0.37153 0.70996 0.37153 0.71484 0.35938 0.71484 0.34202 0.71191 0.33680 0.69434 0.32986 0.68945 0.32118 0.68945 0.31423 0.68652 0.30903 0.67676 0.30555 0.67187 0.29340 0.67187 0.26910 0.68945 0.20312 0.68945 0.18923 0.69727 0.15452 0.69727 0.14062 0.69238 0.13195 0.67480 0.13195 0.67285 0.13542 0.65527 0.13542 0.65332 0.13889 0.64160 0.13889 0.63965 0.14236 0.62402 0.14236 0.61816 0.14583 0.61328 0.15452 0.62891 0.19271 0.63867 0.22396 0.63867 0.23090 0.65234 0.25868 0.65430 0.26910 0.65430 0.31077 0.65137 0.31597 0.64551 0.31597 0.64258 0.32118 0.64160 0.34375 0.62598 0.34722 0.62305 0.35243 0.62305 0.35938 0.63379 0.37500 0.63965 0.37500 0.64941 0.38195 0.65625 0.38021 0.68262 0.37500 0.68457 0.37153 0.69824 0.37153 0.70020 0.36805
6 1.00000 0.82176 0.82813 0.59722 0.65104 0.39352 0.52344 0.23611 0.47526 0.19907 0.39713 0.18518 0.29167 0.18750 0.17448 0.19907 0.10938 0.28009 0.18880 0.27546 0.20182 0.29398 0.18750 0.34491 0.00000 0.99768 1.00000 1.00000 1.00000 0.82176
2 0.70020 0.36805 0.70215 0.37153 0.70996 0.37153 0.71484 0.35938 0.71484 0.34202 0.71191 0.33680 0.69434 0.32986 0.68945 0.32118 0.68945 0.31423 0.68652 0.30903 0.67676 0.30555 0.67187 0.29340 0.67187 0.26910 0.68945 0.20312 0.68945 0.18923 0.69727 0.15452 0.69727 0.14062 0.69238 0.13195 0.67480 0.13195 0.67285 0.13542 0.65527 0.13542 0.65332 0.13889 0.64160 0.13889 0.63965 0.14236 0.62402 0.14236 0.61816 0.14583 0.61328 0.15452 0.62891 0.19271 0.63867 0.22396 0.63867 0.23090 0.65234 0.25868 0.65430 0.26910 0.65430 0.31077 0.65137 0.31597 0.64551 0.31597 0.64258 0.32118 0.64160 0.34375 0.62598 0.34722 0.62305 0.35243 0.62305 0.35938 0.63379 0.37500 0.63965 0.37500 0.64941 0.38195 0.65625 0.38021 0.68262 0.37500 0.68457 0.37153 0.69824 0.37153 0.70020 0.36805
6 1.00000 0.82176 0.82813 0.59722 0.65104 0.39352 0.52344 0.23611 0.47526 0.19907 0.39713 0.18518 0.29167 0.18750 0.17448 0.19907 0.10938 0.28009 0.18880 0.27546 0.20182 0.29398 0.18750 0.34491 0.00000 0.99768 1.00000 1.00000 1.00000 0.82176
2 0.70020 0.36805 0.70215 0.37153 0.70996 0.37153 0.71484 0.35938 0.71484 0.34202 0.71191 0.33680 0.69434 0.32986 0.68945 0.32118 0.68945 0.31423 0.68652 0.30903 0.67676 0.30555 0.67187 0.29340 0.67187 0.26910 0.68945 0.20312 0.68945 0.18923 0.69727 0.15452 0.69727 0.14062 0.69238 0.13195 0.67480 0.13195 0.67285 0.13542 0.65527 0.13542 0.65332 0.13889 0.64160 0.13889 0.63965 0.14236 0.62402 0.14236 0.61816 0.14583 0.61328 0.15452 0.62891 0.19271 0.63867 0.22396 0.63867 0.23090 0.65234 0.25868 0.65430 0.26910 0.65430 0.31077 0.65137 0.31597 0.64551 0.31597 0.64258 0.32118 0.64160 0.34375 0.62598 0.34722 0.62305 0.35243 0.62305 0.35938 0.63379 0.37500 0.63965 0.37500 0.64941 0.38195 0.65625 0.38021 0.68262 0.37500 0.68457 0.37153 0.69824 0.37153 0.70020 0.36805
6 1.00000 0.82176 0.82813 0.59722 0.65104 0.39352 0.52344 0.23611 0.47526 0.19907 0.39713 0.18518 0.29167 0.18750 0.17448 0.19907 0.10938 0.28009 0.18880 0.27546 0.20182 0.29398 0.18750 0.34491 0.00000 0.99768 1.00000 1.00000 1.00000 0.82176
2 0.70020 0.36805 0.70215 0.37153 0.70996 0.37153 0.71484 0.35938 0.71484 0.34202 0.71191 0.33680 0.69434 0.32986 0.68945 0.32118 0.68945 0.31423 0.68652 0.30903 0.67676 0.30555 0.67187 0.29340 0.67187 0.26910 0.68945 0.20312 0.68945 0.18923 0.69727 0.15452 0.69727 0.14062 0.69238 0.13195 0.67480 0.13195 0.67285 0.13542 0.65527 0.13542 0.65332 0.13889 0.64160 0.13889 0.63965 0.14236 0.62402 0.14236 0.61816 0.14583 0.61328 0.15452 0.62891 0.19271 0.63867 0.22396 0.63867 0.23090 0.65234 0.25868 0.65430 0.26910 0.65430 0.31077 0.65137 0.31597 0.64551 0.31597 0.64258 0.32118 0.64160 0.34375 0.62598 0.34722 0.62305 0.35243 0.62305 0.35938 0.63379 0.37500 0.63965 0.37500 0.64941 0.38195 0.65625 0.38021 0.68262 0.37500 0.68457 0.37153 0.69824 0.37153 0.70020 0.36805
6 1.00000 0.82176 0.82813 0.59722 0.65104 0.39352 0.52344 0.23611 0.47526 0.19907 0.39713 0.18518 0.29167 0.18750 0.17448 0.19907 0.10938 0.28009 0.18880 0.27546 0.20182 0.29398 0.18750 0.34491 0.00000 0.99768 1.00000 1.00000 1.00000 0.82176
2 0.70020 0.36805 0.70215 0.37153 0.70996 0.37153 0.71484 0.35938 0.71484 0.34202 0.71191 0.33680 0.69434 0.32986 0.68945 0.32118 0.68945 0.31423 0.68652 0.30903 0.67676 0.30555 0.67187 0.29340 0.67187 0.26910 0.68945 0.20312 0.68945 0.18923 0.69727 0.15452 0.69727 0.14062 0.69238 0.13195 0.67480 0.13195 0.67285 0.13542 0.65527 0.13542 0.65332 0.13889 0.64160 0.13889 0.63965 0.14236 0.62402 0.14236 0.61816 0.14583 0.61328 0.15452 0.62891 0.19271 0.63867 0.22396 0.63867 0.23090 0.65234 0.25868 0.65430 0.26910 0.65430 0.31077 0.65137 0.31597 0.64551 0.31597 0.64258 0.32118 0.64160 0.34375 0.62598 0.34722 0.62305 0.35243 0.62305 0.35938 0.63379 0.37500 0.63965 0.37500 0.64941 0.38195 0.65625 0.38021 0.68262 0.37500 0.68457 0.37153 0.69824 0.37153 0.70020 0.36805
