6 0.00000 0.97705 0.32860 0.99233 0.32490 0.98730 0.28656 0.96366 0.27661 0.95227 0.26442 0.94806 0.25651 0.93676 0.24432 0.93255 0.23836 0.92499 0.22217 0.91695 0.21222 0.90556 0.13964 0.85846 0.13368 0.85090 0.11144 0.83894 0.10149 0.82755 0.09535 0.82726 0.07730 0.81185 0.06510 0.80764 0.04910 0.79232 0.04296 0.79204 0.03301 0.78064 0.01477 0.77251 0.00481 0.76112 0.00000 0.75873 0.00000 0.97705
1 0.00000 0.74557 0.00422 0.74470 0.00743 0.73938 0.04029 0.73727 0.04867 0.73037 0.05687 0.73075 0.05882 0.73449 0.06301 0.73104 0.06846 0.71854 0.06866 0.71127 0.06377 0.70193 0.04563 0.69016 0.04270 0.68456 0.04299 0.67364 0.04006 0.66804 0.03391 0.66775 0.02903 0.65842 0.02979 0.62931 0.05173 0.61394 0.06352 0.59445 0.07033 0.56927 0.07109 0.54016 0.06914 0.53643 0.06766 0.51450 0.05302 0.48650 0.03487 0.47472 0.01840 0.47760 0.01001 0.48449 0.00000 0.50105 0.00000 0.61877 0.00932 0.62836 0.00846 0.66111 0.00105 0.66987 0.00000 0.66982 0.00000 0.74557
6 0.00000 0.97705 0.32860 0.99233 0.32490 0.98730 0.28656 0.96366 0.27661 0.95227 0.26442 0.94806 0.25651 0.93676 0.24432 0.93255 0.23836 0.92499 0.22217 0.91695 0.21222 0.90556 0.13964 0.85846 0.13368 0.85090 0.11144 0.83894 0.10149 0.82755 0.09535 0.82726 0.07730 0.81185 0.06510 0.80764 0.04910 0.79232 0.04296 0.79204 0.03301 0.78064 0.01477 0.77251 0.00481 0.76112 0.00000 0.75873 0.00000 0.97705
1 0.00000 0.74557 0.00422 0.74470 0.00743 0.73938 0.04029 0.73727 0.04867 0.73037 0.05687 0.73075 0.05882 0.73449 0.06301 0.73104 0.06846 0.71854 0.06866 0.71127 0.06377 0.70193 0.04563 0.69016 0.04270 0.68456 0.04299 0.67364 0.04006 0.66804 0.03391 0.66775 0.02903 0.65842 0.02979 0.62931 0.05173 0.61394 0.06352 0.59445 0.07033 0.56927 0.07109 0.54016 0.06914 0.53643 0.06766 0.51450 0.05302 0.48650 0.03487 0.47472 0.01840 0.47760 0.01001 0.48449 0.00000 0.50105 0.00000 0.61877 0.00932 0.62836 0.00846 0.66111 0.00105 0.66987 0.00000 0.66982 0.00000 0.74557
6 0.00000 0.97705 0.32860 0.99233 0.32490 0.98730 0.28656 0.96366 0.27661 0.95227 0.26442 0.94806 0.25651 0.93676 0.24432 0.93255 0.23836 0.92499 0.22217 0.91695 0.21222 0.90556 0.13964 0.85846 0.13368 0.85090 0.11144 0.83894 0.10149 0.82755 0.09535 0.82726 0.07730 0.81185 0.06510 0.80764 0.04910 0.79232 0.04296 0.79204 0.03301 0.78064 0.01477 0.77251 0.00481 0.76112 0.00000 0.75873 0.00000 0.97705
1 0.00000 0.74557 0.00422 0.74470 0.00743 0.73938 0.04029 0.73727 0.04867 0.73037 0.05687 0.73075 0.05882 0.73449 0.06301 0.73104 0.06846 0.71854 0.06866 0.71127 0.06377 0.70193 0.04563 0.69016 0.04270 0.68456 0.04299 0.67364 0.04006 0.66804 0.03391 0.66775 0.02903 0.65842 0.02979 0.62931 0.05173 0.61394 0.06352 0.59445 0.07033 0.56927 0.07109 0.54016 0.06914 0.53643 0.06766 0.51450 0.05302 0.48650 0.03487 0.47472 0.01840 0.47760 0.01001 0.48449 0.00000 0.50105 0.00000 0.61877 0.00932 0.62836 0.00846 0.66111 0.00105 0.66987 0.00000 0.66982 0.00000 0.74557
6 0.00000 0.97705 0.32860 0.99233 0.32490 0.98730 0.28656 0.96366 0.27661 0.95227 0.26442 0.94806 0.25651 0.93676 0.24432 0.93255 0.23836 0.92499 0.22217 0.91695 0.21222 0.90556 0.13964 0.85846 0.13368 0.85090 0.11144 0.83894 0.10149 0.82755 0.09535 0.82726 0.07730 0.81185 0.06510 0.80764 0.04910 0.79232 0.04296 0.79204 0.03301 0.78064 0.01477 0.77251 0.00481 0.76112 0.00000 0.75873 0.00000 0.97705
1 0.00000 0.74557 0.00422 0.74470 0.00743 0.73938 0.04029 0.73727 0.04867 0.73037 0.05687 0.73075 0.05882 0.73449 0.06301 0.73104 0.06846 0.71854 0.06866 0.71127 0.06377 0.70193 0.04563 0.69016 0.04270 0.68456 0.04299 0.67364 0.04006 0.66804 0.03391 0.66775 0.02903 0.65842 0.02979 0.62931 0.05173 0.61394 0.06352 0.59445 0.07033 0.56927 0.07109 0.54016 0.06914 0.53643 0.06766 0.51450 0.05302 0.48650 0.03487 0.47472 0.01840 0.47760 0.01001 0.48449 0.00000 0.50105 0.00000 0.61877 0.00932 0.62836 0.00846 0.66111 0.00105 0.66987 0.00000 0.66982 0.00000 0.74557
6 0.00000 0.97705 0.32860 0.99233 0.32490 0.98730 0.28656 0.96366 0.27661 0.95227 0.26442 0.94806 0.25651 0.93676 0.24432 0.93255 0.23836 0.92499 0.22217 0.91695 0.21222 0.90556 0.13964 0.85846 0.13368 0.85090 0.11144 0.83894 0.10149 0.82755 0.09535 0.82726 0.07730 0.81185 0.06510 0.80764 0.04910 0.79232 0.04296 0.79204 0.03301 0.78064 0.01477 0.77251 0.00481 0.76112 0.00000 0.75873 0.00000 0.97705
1 0.00000 0.74557 0.00422 0.74470 0.00743 0.73938 0.04029 0.73727 0.04867 0.73037 0.05687 0.73075 0.05882 0.73449 0.06301 0.73104 0.06846 0.71854 0.06866 0.71127 0.06377 0.70193 0.04563 0.69016 0.04270 0.68456 0.04299 0.67364 0.04006 0.66804 0.03391 0.66775 0.02903 0.65842 0.02979 0.62931 0.05173 0.61394 0.06352 0.59445 0.07033 0.56927 0.07109 0.54016 0.06914 0.53643 0.06766 0.51450 0.05302 0.48650 0.03487 0.47472 0.01840 0.47760 0.01001 0.48449 0.00000 0.50105 0.00000 0.61877 0.00932 0.62836 0.00846 0.66111 0.00105 0.66987 0.00000 0.66982 0.00000 0.74557
6 0.00000 0.97705 0.32860 0.99233 0.32490 0.98730 0.28656 0.96366 0.27661 0.95227 0.26442 0.94806 0.25651 0.93676 0.24432 0.93255 0.23836 0.92499 0.22217 0.91695 0.21222 0.90556 0.13964 0.85846 0.13368 0.85090 0.11144 0.83894 0.10149 0.82755 0.09535 0.82726 0.07730 0.81185 0.06510 0.80764 0.04910 0.79232 0.04296 0.79204 0.03301 0.78064 0.01477 0.77251 0.00481 0.76112 0.00000 0.75873 0.00000 0.97705
1 0.00000 0.74557 0.00422 0.74470 0.00743 0.73938 0.04029 0.73727 0.04867 0.73037 0.05687 0.73075 0.05882 0.73449 0.06301 0.73104 0.06846 0.71854 0.06866 0.71127 0.06377 0.70193 0.04563 0.69016 0.04270 0.68456 0.04299 0.67364 0.04006 0.66804 0.03391 0.66775 0.02903 0.65842 0.02979 0.62931 0.05173 0.61394 0.06352 0.59445 0.07033 0.56927 0.07109 0.54016 0.06914 0.53643 0.06766 0.51450 0.05302 0.48650 0.03487 0.47472 0.01840 0.47760 0.01001 0.48449 0.00000 0.50105 0.00000 0.61877 0.00932 0.62836 0.00846 0.66111 0.00105 0.66987 0.00000 0.66982 0.00000 0.74557
