6 0.22168 0.91320 0.18262 0.87847 0.17871 0.87847 0.15918 0.86111 0.15527 0.86111 0.12988 0.83680 0.12598 0.83680 0.10059 0.81250 0.09668 0.81250 0.07324 0.79167 0.06934 0.78472 0.05762 0.78125 0.05566 0.77778 0.04590 0.77778 0.04394 0.77430 0.00879 0.77083 0.00684 0.76736 0.00000 0.76910 0.00195 0.77257 0.00000 0.77604 0.00098 0.99653 0.25781 0.99827 0.31641 0.99479 0.25293 0.93750 0.24512 0.92708 0.22168 0.91320
2 0.27246 0.87847 0.28418 0.88542 0.28906 0.87327 0.28906 0.85938 0.28613 0.85417 0.26855 0.85070 0.26562 0.84548 0.26562 0.83854 0.26074 0.82986 0.25293 0.82986 0.24805 0.81423 0.24805 0.80035 0.25195 0.78993 0.25195 0.77952 0.26172 0.75173 0.26172 0.74132 0.26953 0.69965 0.26953 0.68229 0.26660 0.67708 0.24316 0.67708 0.24121 0.68055 0.22559 0.68055 0.22363 0.68403 0.20215 0.68403 0.19531 0.69271 0.19531 0.70312 0.20703 0.72743 0.21875 0.76562 0.23047 0.78993 0.23242 0.79688 0.23242 0.82465 0.23438 0.82812 0.23438 0.83507 0.23145 0.84028 0.22266 0.84548 0.22266 0.86979 0.21191 0.87153 0.20410 0.87847 0.20313 0.89062 0.20606 0.89583 0.22168 0.89930 0.22754 0.90625 0.23633 0.90452 0.23828 0.89757 0.24316 0.89236 0.25879 0.88889 0.27246 0.87847
6 0.22168 0.91320 0.18262 0.87847 0.17871 0.87847 0.15918 0.86111 0.15527 0.86111 0.12988 0.83680 0.12598 0.83680 0.10059 0.81250 0.09668 0.81250 0.07324 0.79167 0.06934 0.78472 0.05762 0.78125 0.05566 0.77778 0.04590 0.77778 0.04394 0.77430 0.00879 0.77083 0.00684 0.76736 0.00000 0.76910 0.00195 0.77257 0.00000 0.77604 0.00098 0.99653 0.25781 0.99827 0.31641 0.99479 0.25293 0.93750 0.24512 0.92708 0.22168 0.91320
2 0.27246 0.87847 0.28418 0.88542 0.28906 0.87327 0.28906 0.85938 0.28613 0.85417 0.26855 0.85070 0.26562 0.84548 0.26562 0.83854 0.26074 0.82986 0.25293 0.82986 0.24805 0.81423 0.24805 0.80035 0.25195 0.78993 0.25195 0.77952 0.26172 0.75173 0.26172 0.74132 0.26953 0.69965 0.26953 0.68229 0.26660 0.67708 0.24316 0.67708 0.24121 0.68055 0.22559 0.68055 0.22363 0.68403 0.20215 0.68403 0.19531 0.69271 0.19531 0.70312 0.20703 0.72743 0.21875 0.76562 0.23047 0.78993 0.23242 0.79688 0.23242 0.82465 0.23438 0.82812 0.23438 0.83507 0.23145 0.84028 0.22266 0.84548 0.22266 0.86979 0.21191 0.87153 0.20410 0.87847 0.20313 0.89062 0.20606 0.89583 0.22168 0.89930 0.22754 0.90625 0.23633 0.90452 0.23828 0.89757 0.24316 0.89236 0.25879 0.88889 0.27246 0.87847
6 0.22168 0.91320 0.18262 0.87847 0.17871 0.87847 0.15918 0.86111 0.15527 0.86111 0.12988 0.83680 0.12598 0.83680 0.10059 0.81250 0.09668 0.81250 0.07324 0.79167 0.06934 0.78472 0.05762 0.78125 0.05566 0.77778 0.04590 0.77778 0.04394 0.77430 0.00879 0.77083 0.00684 0.76736 0.00000 0.76910 0.00195 0.77257 0.00000 0.77604 0.00098 0.99653 0.25781 0.99827 0.31641 0.99479 0.25293 0.93750 0.24512 0.92708 0.22168 0.91320
2 0.27246 0.87847 0.28418 0.88542 0.28906 0.87327 0.28906 0.85938 0.28613 0.85417 0.26855 0.85070 0.26562 0.84548 0.26562 0.83854 0.26074 0.82986 0.25293 0.82986 0.24805 0.81423 0.24805 0.80035 0.25195 0.78993 0.25195 0.77952 0.26172 0.75173 0.26172 0.74132 0.26953 0.69965 0.26953 0.68229 0.26660 0.67708 0.24316 0.67708 0.24121 0.68055 0.22559 0.68055 0.22363 0.68403 0.20215 0.68403 0.19531 0.69271 0.19531 0.70312 0.20703 0.72743 0.21875 0.76562 0.23047 0.78993 0.23242 0.79688 0.23242 0.82465 0.23438 0.82812 0.23438 0.83507 0.23145 0.84028 0.22266 0.84548 0.22266 0.86979 0.21191 0.87153 0.20410 0.87847 0.20313 0.89062 0.20606 0.89583 0.22168 0.89930 0.22754 0.90625 0.23633 0.90452 0.23828 0.89757 0.24316 0.89236 0.25879 0.88889 0.27246 0.87847
6 0.22168 0.91320 0.18262 0.87847 0.17871 0.87847 0.15918 0.86111 0.15527 0.86111 0.12988 0.83680 0.12598 0.83680 0.10059 0.81250 0.09668 0.81250 0.07324 0.79167 0.06934 0.78472 0.05762 0.78125 0.05566 0.77778 0.04590 0.77778 0.04394 0.77430 0.00879 0.77083 0.00684 0.76736 0.00000 0.76910 0.00195 0.77257 0.00000 0.77604 0.00098 0.99653 0.25781 0.99827 0.31641 0.99479 0.25293 0.93750 0.24512 0.92708 0.22168 0.91320
2 0.27246 0.87847 0.28418 0.88542 0.28906 0.87327 0.28906 0.85938 0.28613 0.85417 0.26855 0.85070 0.26562 0.84548 0.26562 0.83854 0.26074 0.82986 0.25293 0.82986 0.24805 0.81423 0.24805 0.80035 0.25195 0.78993 0.25195 0.77952 0.26172 0.75173 0.26172 0.74132 0.26953 0.69965 0.26953 0.68229 0.26660 0.67708 0.24316 0.67708 0.24121 0.68055 0.22559 0.68055 0.22363 0.68403 0.20215 0.68403 0.19531 0.69271 0.19531 0.70312 0.20703 0.72743 0.21875 0.76562 0.23047 0.78993 0.23242 0.79688 0.23242 0.82465 0.23438 0.82812 0.23438 0.83507 0.23145 0.84028 0.22266 0.84548 0.22266 0.86979 0.21191 0.87153 0.20410 0.87847 0.20313 0.89062 0.20606 0.89583 0.22168 0.89930 0.22754 0.90625 0.23633 0.90452 0.23828 0.89757 0.24316 0.89236 0.25879 0.88889 0.27246 0.87847
6 0.22168 0.91320 0.18262 0.87847 0.17871 0.87847 0.15918 0.86111 0.15527 0.86111 0.12988 0.83680 0.12598 0.83680 0.10059 0.81250 0.09668 0.81250 0.07324 0.79167 0.06934 0.78472 0.05762 0.78125 0.05566 0.77778 0.04590 0.77778 0.04394 0.77430 0.00879 0.77083 0.00684 0.76736 0.00000 0.76910 0.00195 0.77257 0.00000 0.77604 0.00098 0.99653 0.25781 0.99827 0.31641 0.99479 0.25293 0.93750 0.24512 0.92708 0.22168 0.91320
2 0.27246 0.87847 0.28418 0.88542 0.28906 0.87327 0.28906 0.85938 0.28613 0.85417 0.26855 0.85070 0.26562 0.84548 0.26562 0.83854 0.26074 0.82986 0.25293 0.82986 0.24805 0.81423 0.24805 0.80035 0.25195 0.78993 0.25195 0.77952 0.26172 0.75173 0.26172 0.74132 0.26953 0.69965 0.26953 0.68229 0.26660 0.67708 0.24316 0.67708 0.24121 0.68055 0.22559 0.68055 0.22363 0.68403 0.20215 0.68403 0.19531 0.69271 0.19531 0.70312 0.20703 0.72743 0.21875 0.76562 0.23047 0.78993 0.23242 0.79688 0.23242 0.82465 0.23438 0.82812 0.23438 0.83507 0.23145 0.84028 0.22266 0.84548 0.22266 0.86979 0.21191 0.87153 0.20410 0.87847 0.20313 0.89062 0.20606 0.89583 0.22168 0.89930 0.22754 0.90625 0.23633 0.90452 0.23828 0.89757 0.24316 0.89236 0.25879 0.88889 0.27246 0.87847
6 0.22168 0.91320 0.18262 0.87847 0.17871 0.87847 0.15918 0.86111 0.15527 0.86111 0.12988 0.83680 0.12598 0.83680 0.10059 0.81250 0.09668 0.81250 0.07324 0.79167 0.06934 0.78472 0.05762 0.78125 0.05566 0.77778 0.04590 0.77778 0.04394 0.77430 0.00879 0.77083 0.00684 0.76736 0.00000 0.76910 0.00195 0.77257 0.00000 0.77604 0.00098 0.99653 0.25781 0.99827 0.31641 0.99479 0.25293 0.93750 0.24512 0.92708 0.22168 0.91320
2 0.27246 0.87847 0.28418 0.88542 0.28906 0.87327 0.28906 0.85938 0.28613 0.85417 0.26855 0.85070 0.26562 0.84548 0.26562 0.83854 0.26074 0.82986 0.25293 0.82986 0.24805 0.81423 0.24805 0.80035 0.25195 0.78993 0.25195 0.77952 0.26172 0.75173 0.26172 0.74132 0.26953 0.69965 0.26953 0.68229 0.26660 0.67708 0.24316 0.67708 0.24121 0.68055 0.22559 0.68055 0.22363 0.68403 0.20215 0.68403 0.19531 0.69271 0.19531 0.70312 0.20703 0.72743 0.21875 0.76562 0.23047 0.78993 0.23242 0.79688 0.23242 0.82465 0.23438 0.82812 0.23438 0.83507 0.23145 0.84028 0.22266 0.84548 0.22266 0.86979 0.21191 0.87153 0.20410 0.87847 0.20313 0.89062 0.20606 0.89583 0.22168 0.89930 0.22754 0.90625 0.23633 0.90452 0.23828 0.89757 0.24316 0.89236 0.25879 0.88889 0.27246 0.87847
