6 0.00000 0.97705 0.27183 0.98969 0.26869 0.98570 0.24862 0.97755 0.21880 0.95451 0.21272 0.95423 0.18088 0.93110 0.17480 0.93082 0.16891 0.92333 0.16081 0.92295 0.15492 0.91546 0.13099 0.89992 0.12491 0.89963 0.11902 0.89214 0.10300 0.88418 0.08515 0.86892 0.06701 0.86447 0.05514 0.85309 0.03304 0.84485 0.00000 0.82219 0.00000 0.97705
2 0.09696 0.76664 0.09319 0.75564 0.11802 0.65938 0.12099 0.62344 0.11810 0.61789 0.05106 0.62199 0.03765 0.63039 0.03746 0.63760 0.05282 0.67078 0.06394 0.71099 0.07543 0.73678 0.07717 0.74768 0.07651 0.77291 0.07844 0.77661 0.07507 0.78908 0.06899 0.78879 0.06370 0.79757 0.06515 0.81928 0.06197 0.82455 0.04365 0.82730 0.04047 0.83257 0.04028 0.83977 0.04317 0.84532 0.05128 0.84570 0.05321 0.84939 0.06536 0.84996 0.06730 0.85366 0.07848 0.85237 0.08379 0.84360 0.10828 0.83752 0.12072 0.82728 0.13471 0.83514 0.14020 0.81916 0.14039 0.81196 0.13556 0.80271 0.11724 0.80547 0.10777 0.77977 0.09967 0.77939 0.09677 0.77385 0.09696 0.76664
6 0.00000 0.97705 0.27183 0.98969 0.26869 0.98570 0.24862 0.97755 0.21880 0.95451 0.21272 0.95423 0.18088 0.93110 0.17480 0.93082 0.16891 0.92333 0.16081 0.92295 0.15492 0.91546 0.13099 0.89992 0.12491 0.89963 0.11902 0.89214 0.10300 0.88418 0.08515 0.86892 0.06701 0.86447 0.05514 0.85309 0.03304 0.84485 0.00000 0.82219 0.00000 0.97705
2 0.09696 0.76664 0.09319 0.75564 0.11802 0.65938 0.12099 0.62344 0.11810 0.61789 0.05106 0.62199 0.03765 0.63039 0.03746 0.63760 0.05282 0.67078 0.06394 0.71099 0.07543 0.73678 0.07717 0.74768 0.07651 0.77291 0.07844 0.77661 0.07507 0.78908 0.06899 0.78879 0.06370 0.79757 0.06515 0.81928 0.06197 0.82455 0.04365 0.82730 0.04047 0.83257 0.04028 0.83977 0.04317 0.84532 0.05128 0.84570 0.05321 0.84939 0.06536 0.84996 0.06730 0.85366 0.07848 0.85237 0.08379 0.84360 0.10828 0.83752 0.12072 0.82728 0.13471 0.83514 0.14020 0.81916 0.14039 0.81196 0.13556 0.80271 0.11724 0.80547 0.10777 0.77977 0.09967 0.77939 0.09677 0.77385 0.09696 0.76664
6 0.00000 0.97705 0.27183 0.98969 0.26869 0.98570 0.24862 0.97755 0.21880 0.95451 0.21272 0.95423 0.18088 0.93110 0.17480 0.93082 0.16891 0.92333 0.16081 0.92295 0.15492 0.91546 0.13099 0.89992 0.12491 0.89963 0.11902 0.89214 0.10300 0.88418 0.08515 0.86892 0.06701 0.86447 0.05514 0.85309 0.03304 0.84485 0.00000 0.82219 0.00000 0.97705
2 0.09696 0.76664 0.09319 0.75564 0.11802 0.65938 0.12099 0.62344 0.11810 0.61789 0.05106 0.62199 0.03765 0.63039 0.03746 0.63760 0.05282 0.67078 0.06394 0.71099 0.07543 0.73678 0.07717 0.74768 0.07651 0.77291 0.07844 0.77661 0.07507 0.78908 0.06899 0.78879 0.06370 0.79757 0.06515 0.81928 0.06197 0.82455 0.04365 0.82730 0.04047 0.83257 0.04028 0.83977 0.04317 0.84532 0.05128 0.84570 0.05321 0.84939 0.06536 0.84996 0.06730 0.85366 0.07848 0.85237 0.08379 0.84360 0.10828 0.83752 0.12072 0.82728 0.13471 0.83514 0.14020 0.81916 0.14039 0.81196 0.13556 0.80271 0.11724 0.80547 0.10777 0.77977 0.09967 0.77939 0.09677 0.77385 0.09696 0.76664
6 0.00000 0.97705 0.27183 0.98969 0.26869 0.98570 0.24862 0.97755 0.21880 0.95451 0.21272 0.95423 0.18088 0.93110 0.17480 0.93082 0.16891 0.92333 0.16081 0.92295 0.15492 0.91546 0.13099 0.89992 0.12491 0.89963 0.11902 0.89214 0.10300 0.88418 0.08515 0.86892 0.06701 0.86447 0.05514 0.85309 0.03304 0.84485 0.00000 0.82219 0.00000 0.97705
2 0.09696 0.76664 0.09319 0.75564 0.11802 0.65938 0.12099 0.62344 0.11810 0.61789 0.05106 0.62199 0.03765 0.63039 0.03746 0.63760 0.05282 0.67078 0.06394 0.71099 0.07543 0.73678 0.07717 0.74768 0.07651 0.77291 0.07844 0.77661 0.07507 0.78908 0.06899 0.78879 0.06370 0.79757 0.06515 0.81928 0.06197 0.82455 0.04365 0.82730 0.04047 0.83257 0.04028 0.83977 0.04317 0.84532 0.05128 0.84570 0.05321 0.84939 0.06536 0.84996 0.06730 0.85366 0.07848 0.85237 0.08379 0.84360 0.10828 0.83752 0.12072 0.82728 0.13471 0.83514 0.14020 0.81916 0.14039 0.81196 0.13556 0.80271 0.11724 0.80547 0.10777 0.77977 0.09967 0.77939 0.09677 0.77385 0.09696 0.76664
6 0.00000 0.97705 0.27183 0.98969 0.26869 0.98570 0.24862 0.97755 0.21880 0.95451 0.21272 0.95423 0.18088 0.93110 0.17480 0.93082 0.16891 0.92333 0.16081 0.92295 0.15492 0.91546 0.13099 0.89992 0.12491 0.89963 0.11902 0.89214 0.10300 0.88418 0.08515 0.86892 0.06701 0.86447 0.05514 0.85309 0.03304 0.84485 0.00000 0.82219 0.00000 0.97705
2 0.09696 0.76664 0.09319 0.75564 0.11802 0.65938 0.12099 0.62344 0.11810 0.61789 0.05106 0.62199 0.03765 0.63039 0.03746 0.63760 0.05282 0.67078 0.06394 0.71099 0.07543 0.73678 0.07717 0.74768 0.07651 0.77291 0.07844 0.77661 0.07507 0.78908 0.06899 0.78879 0.06370 0.79757 0.06515 0.81928 0.06197 0.82455 0.04365 0.82730 0.04047 0.83257 0.04028 0.83977 0.04317 0.84532 0.05128 0.84570 0.05321 0.84939 0.06536 0.84996 0.06730 0.85366 0.07848 0.85237 0.08379 0.84360 0.10828 0.83752 0.12072 0.82728 0.13471 0.83514 0.14020 0.81916 0.14039 0.81196 0.13556 0.80271 0.11724 0.80547 0.10777 0.77977 0.09967 0.77939 0.09677 0.77385 0.09696 0.76664
6 0.00000 0.97705 0.27183 0.98969 0.26869 0.98570 0.24862 0.97755 0.21880 0.95451 0.21272 0.95423 0.18088 0.93110 0.17480 0.93082 0.16891 0.92333 0.16081 0.92295 0.15492 0.91546 0.13099 0.89992 0.12491 0.89963 0.11902 0.89214 0.10300 0.88418 0.08515 0.86892 0.06701 0.86447 0.05514 0.85309 0.03304 0.84485 0.00000 0.82219 0.00000 0.97705
2 0.09696 0.76664 0.09319 0.75564 0.11802 0.65938 0.12099 0.62344 0.11810 0.61789 0.05106 0.62199 0.03765 0.63039 0.03746 0.63760 0.05282 0.67078 0.06394 0.71099 0.07543 0.73678 0.07717 0.74768 0.07651 0.77291 0.07844 0.77661 0.07507 0.78908 0.06899 0.78879 0.06370 0.79757 0.06515 0.81928 0.06197 0.82455 0.04365 0.82730 0.04047 0.83257 0.04028 0.83977 0.04317 0.84532 0.05128 0.84570 0.05321 0.84939 0.06536 0.84996 0.06730 0.85366 0.07848 0.85237 0.08379 0.84360 0.10828 0.83752 0.12072 0.82728 0.13471 0.83514 0.14020 0.81916 0.14039 0.81196 0.13556 0.80271 0.11724 0.80547 0.10777 0.77977 0.09967 0.77939 0.09677 0.77385 0.09696 0.76664
