2 0.77637 0.42708 0.78613 0.44792 0.79101 0.44271 0.78906 0.43229 0.79297 0.42188 0.79297 0.40452 0.77832 0.39583 0.76465 0.39236 0.76172 0.36979 0.75684 0.36458 0.74707 0.36458 0.74219 0.34202 0.75000 0.30035 0.76172 0.26215 0.77344 0.19965 0.77344 0.18229 0.76855 0.17708 0.74902 0.17708 0.74707 0.18055 0.72754 0.18055 0.72559 0.18403 0.69238 0.18750 0.68164 0.19618 0.68359 0.21354 0.69531 0.23785 0.69727 0.24827 0.72461 0.32465 0.72461 0.37327 0.71582 0.37500 0.71094 0.38368 0.71289 0.40104 0.70996 0.40625 0.69238 0.40972 0.68945 0.41493 0.68945 0.42535 0.69434 0.43403 0.69824 0.43403 0.70996 0.44445 0.71582 0.45486 0.71973 0.45833 0.72461 0.45660 0.73145 0.43750 0.76074 0.43403 0.77246 0.42708 0.77637 0.42708
6 1.00000 0.82176 0.82552 0.60417 0.69792 0.45139 0.60026 0.32407 0.55989 0.27083 0.49349 0.24074 0.43750 0.22917 0.35156 0.23148 0.27734 0.23611 0.19271 0.24768 0.11458 0.32407 0.20833 0.31482 0.24609 0.31713 0.25521 0.32407 0.25651 0.33796 0.24479 0.36574 0.21094 0.45602 0.01562 1.00000 1.00000 1.00000 1.00000 0.82176
2 0.77637 0.42708 0.78613 0.44792 0.79101 0.44271 0.78906 0.43229 0.79297 0.42188 0.79297 0.40452 0.77832 0.39583 0.76465 0.39236 0.76172 0.36979 0.75684 0.36458 0.74707 0.36458 0.74219 0.34202 0.75000 0.30035 0.76172 0.26215 0.77344 0.19965 0.77344 0.18229 0.76855 0.17708 0.74902 0.17708 0.74707 0.18055 0.72754 0.18055 0.72559 0.18403 0.69238 0.18750 0.68164 0.19618 0.68359 0.21354 0.69531 0.23785 0.69727 0.24827 0.72461 0.32465 0.72461 0.37327 0.71582 0.37500 0.71094 0.38368 0.71289 0.40104 0.70996 0.40625 0.69238 0.40972 0.68945 0.41493 0.68945 0.42535 0.69434 0.43403 0.69824 0.43403 0.70996 0.44445 0.71582 0.45486 0.71973 0.45833 0.72461 0.45660 0.73145 0.43750 0.76074 0.43403 0.77246 0.42708 0.77637 0.42708
6 1.00000 0.82176 0.82552 0.60417 0.69792 0.45139 0.60026 0.32407 0.55989 0.27083 0.49349 0.24074 0.43750 0.22917 0.35156 0.23148 0.27734 0.23611 0.19271 0.24768 0.11458 0.32407 0.20833 0.31482 0.24609 0.31713 0.25521 0.32407 0.25651 0.33796 0.24479 0.36574 0.21094 0.45602 0.01562 1.00000 1.00000 1.00000 1.00000 0.82176
2 0.77637 0.42708 0.78613 0.44792 0.79101 0.44271 0.78906 0.43229 0.79297 0.42188 0.79297 0.40452 0.77832 0.39583 0.76465 0.39236 0.76172 0.36979 0.75684 0.36458 0.74707 0.36458 0.74219 0.34202 0.75000 0.30035 0.76172 0.26215 0.77344 0.19965 0.77344 0.18229 0.76855 0.17708 0.74902 0.17708 0.74707 0.18055 0.72754 0.18055 0.72559 0.18403 0.69238 0.18750 0.68164 0.19618 0.68359 0.21354 0.69531 0.23785 0.69727 0.24827 0.72461 0.32465 0.72461 0.37327 0.71582 0.37500 0.71094 0.38368 0.71289 0.40104 0.70996 0.40625 0.69238 0.40972 0.68945 0.41493 0.68945 0.42535 0.69434 0.43403 0.69824 0.43403 0.70996 0.44445 0.71582 0.45486 0.71973 0.45833 0.72461 0.45660 0.73145 0.43750 0.76074 0.43403 0.77246 0.42708 0.77637 0.42708
6 1.00000 0.82176 0.82552 0.60417 0.69792 0.45139 0.60026 0.32407 0.55989 0.27083 0.49349 0.24074 0.43750 0.22917 0.35156 0.23148 0.27734 0.23611 0.19271 0.24768 0.11458 0.32407 0.20833 0.31482 0.24609 0.31713 0.25521 0.32407 0.25651 0.33796 0.24479 0.36574 0.21094 0.45602 0.01562 1.00000 1.00000 1.00000 1.00000 0.82176
2 0.77637 0.42708 0.78613 0.44792 0.79101 0.44271 0.78906 0.43229 0.79297 0.42188 0.79297 0.40452 0.77832 0.39583 0.76465 0.39236 0.76172 0.36979 0.75684 0.36458 0.74707 0.36458 0.74219 0.34202 0.75000 0.30035 0.76172 0.26215 0.77344 0.19965 0.77344 0.18229 0.76855 0.17708 0.74902 0.17708 0.74707 0.18055 0.72754 0.18055 0.72559 0.18403 0.69238 0.18750 0.68164 0.19618 0.68359 0.21354 0.69531 0.23785 0.69727 0.24827 0.72461 0.32465 0.72461 0.37327 0.71582 0.37500 0.71094 0.38368 0.71289 0.40104 0.70996 0.40625 0.69238 0.40972 0.68945 0.41493 0.68945 0.42535 0.69434 0.43403 0.69824 0.43403 0.70996 0.44445 0.71582 0.45486 0.71973 0.45833 0.72461 0.45660 0.73145 0.43750 0.76074 0.43403 0.77246 0.42708 0.77637 0.42708
6 1.00000 0.82176 0.82552 0.60417 0.69792 0.45139 0.60026 0.32407 0.55989 0.27083 0.49349 0.24074 0.43750 0.22917 0.35156 0.23148 0.27734 0.23611 0.19271 0.24768 0.11458 0.32407 0.20833 0.31482 0.24609 0.31713 0.25521 0.32407 0.25651 0.33796 0.24479 0.36574 0.21094 0.45602 0.01562 1.00000 1.00000 1.00000 1.00000 0.82176
2 0.77637 0.42708 0.78613 0.44792 0.79101 0.44271 0.78906 0.43229 0.79297 0.42188 0.79297 0.40452 0.77832 0.39583 0.76465 0.39236 0.76172 0.36979 0.75684 0.36458 0.74707 0.36458 0.74219 0.34202 0.75000 0.30035 0.76172 0.26215 0.77344 0.19965 0.77344 0.18229 0.76855 0.17708 0.74902 0.17708 0.74707 0.18055 0.72754 0.18055 0.72559 0.18403 0.69238 0.18750 0.68164 0.19618 0.68359 0.21354 0.69531 0.23785 0.69727 0.24827 0.72461 0.32465 0.72461 0.37327 0.71582 0.37500 0.71094 0.38368 0.71289 0.40104 0.70996 0.40625 0.69238 0.40972 0.68945 0.41493 0.68945 0.42535 0.69434 0.43403 0.69824 0.43403 0.70996 0.44445 0.71582 0.45486 0.71973 0.45833 0.72461 0.45660 0.73145 0.43750 0.76074 0.43403 0.77246 0.42708 0.77637 0.42708
6 1.00000 0.82176 0.82552 0.60417 0.69792 0.45139 0.60026 0.32407 0.55989 0.27083 0.49349 0.24074 0.43750 0.22917 0.35156 0.23148 0.27734 0.23611 0.19271 0.24768 0.11458 0.32407 0.20833 0.31482 0.24609 0.31713 0.25521 0.32407 0.25651 0.33796 0.24479 0.36574 0.21094 0.45602 0.01562 1.00000 1.00000 1.00000 1.00000 0.82176
2 0.77637 0.42708 0.78613 0.44792 0.79101 0.44271 0.78906 0.43229 0.79297 0.42188 0.79297 0.40452 0.77832 0.39583 0.76465 0.39236 0.76172 0.36979 0.75684 0.36458 0.74707 0.36458 0.74219 0.34202 0.75000 0.30035 0.76172 0.26215 0.77344 0.19965 0.77344 0.18229 0.76855 0.17708 0.74902 0.17708 0.74707 0.18055 0.72754 0.18055 0.72559 0.18403 0.69238 0.18750 0.68164 0.19618 0.68359 0.21354 0.69531 0.23785 0.69727 0.24827 0.72461 0.32465 0.72461 0.37327 0.71582 0.37500 0.71094 0.38368 0.71289 0.40104 0.70996 0.40625 0.69238 0.40972 0.68945 0.41493 0.68945 0.42535 0.69434 0.43403 0.69824 0.43403 0.70996 0.44445 0.71582 0.45486 0.71973 0.45833 0.72461 0.45660 0.73145 0.43750 0.76074 0.43403 0.77246 0.42708 0.77637 0.42708
6 1.00000 0.82176 0.82552 0.60417 0.69792 0.45139 0.60026 0.32407 0.55989 0.27083 0.49349 0.24074 0.43750 0.22917 0.35156 0.23148 0.27734 0.23611 0.19271 0.24768 0.11458 0.32407 0.20833 0.31482 0.24609 0.31713 0.25521 0.32407 0.25651 0.33796 0.24479 0.36574 0.21094 0.45602 0.01562 1.00000 1.00000 1.00000 1.00000 0.82176
