6 0.03670 0.00000 0.00000 0.46509 0.00000 0.93275 0.48033 1.00000 0.96330 1.00000 0.96523 0.97560 0.20174 0.00000 0.03670 0.00000
1 0.36702 0.00000 0.36581 0.03154 0.36874 0.04659 0.38364 0.07980 0.38269 0.11752 0.36208 0.13393 0.33789 0.14482 0.33381 0.15568 0.36848 0.19554 0.43572 0.19496 0.44096 0.16426 0.41617 0.15721 0.41481 0.12345 0.40333 0.12112 0.40316 0.08753 0.42118 0.07407 0.43657 0.04877 0.44207 0.03123 0.44453 0.00000 0.36702 0.00000
6 0.03670 0.00000 0.00000 0.46509 0.00000 0.93275 0.48033 1.00000 0.96330 1.00000 0.96523 0.97560 0.20174 0.00000 0.03670 0.00000
1 0.36702 0.00000 0.36581 0.03154 0.36874 0.04659 0.38364 0.07980 0.38269 0.11752 0.36208 0.13393 0.33789 0.14482 0.33381 0.15568 0.36848 0.19554 0.43572 0.19496 0.44096 0.16426 0.41617 0.15721 0.41481 0.12345 0.40333 0.12112 0.40316 0.08753 0.42118 0.07407 0.43657 0.04877 0.44207 0.03123 0.44453 0.00000 0.36702 0.00000
6 0.03670 0.00000 0.00000 0.46509 0.00000 0.93275 0.48033 1.00000 0.96330 1.00000 0.96523 0.97560 0.20174 0.00000 0.03670 0.00000
1 0.36702 0.00000 0.36581 0.03154 0.36874 0.04659 0.38364 0.07980 0.38269 0.11752 0.36208 0.13393 0.33789 0.14482 0.33381 0.15568 0.36848 0.19554 0.43572 0.19496 0.44096 0.16426 0.41617 0.15721 0.41481 0.12345 0.40333 0.12112 0.40316 0.08753 0.42118 0.07407 0.43657 0.04877 0.44207 0.03123 0.44453 0.00000 0.36702 0.00000
6 0.03670 0.00000 0.00000 0.46509 0.00000 0.93275 0.48033 1.00000 0.96330 1.00000 0.96523 0.97560 0.20174 0.00000 0.03670 0.00000
1 0.36702 0.00000 0.36581 0.03154 0.36874 0.04659 0.38364 0.07980 0.38269 0.11752 0.36208 0.13393 0.33789 0.14482 0.33381 0.15568 0.36848 0.19554 0.43572 0.19496 0.44096 0.16426 0.41617 0.15721 0.41481 0.12345 0.40333 0.12112 0.40316 0.08753 0.42118 0.07407 0.43657 0.04877 0.44207 0.03123 0.44453 0.00000 0.36702 0.00000
6 0.03670 0.00000 0.00000 0.46509 0.00000 0.93275 0.48033 1.00000 0.96330 1.00000 0.96523 0.97560 0.20174 0.00000 0.03670 0.00000
1 0.36702 0.00000 0.36581 0.03154 0.36874 0.04659 0.38364 0.07980 0.38269 0.11752 0.36208 0.13393 0.33789 0.14482 0.33381 0.15568 0.36848 0.19554 0.43572 0.19496 0.44096 0.16426 0.41617 0.15721 0.41481 0.12345 0.40333 0.12112 0.40316 0.08753 0.42118 0.07407 0.43657 0.04877 0.44207 0.03123 0.44453 0.00000 0.36702 0.00000
6 0.03670 0.00000 0.00000 0.46509 0.00000 0.93275 0.48033 1.00000 0.96330 1.00000 0.96523 0.97560 0.20174 0.00000 0.03670 0.00000
1 0.36702 0.00000 0.36581 0.03154 0.36874 0.04659 0.38364 0.07980 0.38269 0.11752 0.36208 0.13393 0.33789 0.14482 0.33381 0.15568 0.36848 0.19554 0.43572 0.19496 0.44096 0.16426 0.41617 0.15721 0.41481 0.12345 0.40333 0.12112 0.40316 0.08753 0.42118 0.07407 0.43657 0.04877 0.44207 0.03123 0.44453 0.00000 0.36702 0.00000
