7 0.45797 0.58030 0.45234 0.57422 0.45052 0.57722 0.44848 0.57751 0.44484 0.58351 0.43921 0.57743 0.44104 0.57443 0.43804 0.53641 0.43579 0.53398 0.43450 0.51769 0.43632 0.51469 0.43439 0.49025 0.43214 0.48782 0.43107 0.47424 0.43289 0.47124 0.42968 0.43050 0.42630 0.42686 0.42427 0.42714 0.42201 0.42471 0.39351 0.42871 0.39077 0.43321 0.39142 0.44135 0.38960 0.44436 0.39152 0.46879 0.39377 0.47123 0.39591 0.49838 0.39409 0.50138 0.39452 0.50681 0.39677 0.50924 0.40213 0.57713 0.40438 0.57957 0.40481 0.58500 0.40390 0.58650 0.39372 0.58792 0.39147 0.58549 0.38965 0.58849 0.38670 0.59028 0.38734 0.59843 0.38552 0.60143 0.38959 0.65302 0.39275 0.65395 0.39500 0.65638 0.40111 0.65553 0.40202 0.65403 0.40293 0.65253 0.43144 0.64854 0.43326 0.64554 0.44548 0.64382 0.44773 0.64625 0.45791 0.64483 0.45974 0.64183 0.46177 0.64154 0.46450 0.63704 0.46086 0.59088 0.45861 0.58845 0.45797 0.58030
6 1.00000 0.55216 0.01511 0.72646 0.03670 1.00000 0.51967 1.00000 1.00000 0.93275 1.00000 0.55216
7 0.45797 0.58030 0.45234 0.57422 0.45052 0.57722 0.44848 0.57751 0.44484 0.58351 0.43921 0.57743 0.44104 0.57443 0.43804 0.53641 0.43579 0.53398 0.43450 0.51769 0.43632 0.51469 0.43439 0.49025 0.43214 0.48782 0.43107 0.47424 0.43289 0.47124 0.42968 0.43050 0.42630 0.42686 0.42427 0.42714 0.42201 0.42471 0.39351 0.42871 0.39077 0.43321 0.39142 0.44135 0.38960 0.44436 0.39152 0.46879 0.39377 0.47123 0.39591 0.49838 0.39409 0.50138 0.39452 0.50681 0.39677 0.50924 0.40213 0.57713 0.40438 0.57957 0.40481 0.58500 0.40390 0.58650 0.39372 0.58792 0.39147 0.58549 0.38965 0.58849 0.38670 0.59028 0.38734 0.59843 0.38552 0.60143 0.38959 0.65302 0.39275 0.65395 0.39500 0.65638 0.40111 0.65553 0.40202 0.65403 0.40293 0.65253 0.43144 0.64854 0.43326 0.64554 0.44548 0.64382 0.44773 0.64625 0.45791 0.64483 0.45974 0.64183 0.46177 0.64154 0.46450 0.63704 0.46086 0.59088 0.45861 0.58845 0.45797 0.58030
6 1.00000 0.55216 0.01511 0.72646 0.03670 1.00000 0.51967 1.00000 1.00000 0.93275 1.00000 0.55216
7 0.45797 0.58030 0.45234 0.57422 0.45052 0.57722 0.44848 0.57751 0.44484 0.58351 0.43921 0.57743 0.44104 0.57443 0.43804 0.53641 0.43579 0.53398 0.43450 0.51769 0.43632 0.51469 0.43439 0.49025 0.43214 0.48782 0.43107 0.47424 0.43289 0.47124 0.42968 0.43050 0.42630 0.42686 0.42427 0.42714 0.42201 0.42471 0.39351 0.42871 0.39077 0.43321 0.39142 0.44135 0.38960 0.44436 0.39152 0.46879 0.39377 0.47123 0.39591 0.49838 0.39409 0.50138 0.39452 0.50681 0.39677 0.50924 0.40213 0.57713 0.40438 0.57957 0.40481 0.58500 0.40390 0.58650 0.39372 0.58792 0.39147 0.58549 0.38965 0.58849 0.38670 0.59028 0.38734 0.59843 0.38552 0.60143 0.38959 0.65302 0.39275 0.65395 0.39500 0.65638 0.40111 0.65553 0.40202 0.65403 0.40293 0.65253 0.43144 0.64854 0.43326 0.64554 0.44548 0.64382 0.44773 0.64625 0.45791 0.64483 0.45974 0.64183 0.46177 0.64154 0.46450 0.63704 0.46086 0.59088 0.45861 0.58845 0.45797 0.58030
6 1.00000 0.55216 0.01511 0.72646 0.03670 1.00000 0.51967 1.00000 1.00000 0.93275 1.00000 0.55216
7 0.45797 0.58030 0.45234 0.57422 0.45052 0.57722 0.44848 0.57751 0.44484 0.58351 0.43921 0.57743 0.44104 0.57443 0.43804 0.53641 0.43579 0.53398 0.43450 0.51769 0.43632 0.51469 0.43439 0.49025 0.43214 0.48782 0.43107 0.47424 0.43289 0.47124 0.42968 0.43050 0.42630 0.42686 0.42427 0.42714 0.42201 0.42471 0.39351 0.42871 0.39077 0.43321 0.39142 0.44135 0.38960 0.44436 0.39152 0.46879 0.39377 0.47123 0.39591 0.49838 0.39409 0.50138 0.39452 0.50681 0.39677 0.50924 0.40213 0.57713 0.40438 0.57957 0.40481 0.58500 0.40390 0.58650 0.39372 0.58792 0.39147 0.58549 0.38965 0.58849 0.38670 0.59028 0.38734 0.59843 0.38552 0.60143 0.38959 0.65302 0.39275 0.65395 0.39500 0.65638 0.40111 0.65553 0.40202 0.65403 0.40293 0.65253 0.43144 0.64854 0.43326 0.64554 0.44548 0.64382 0.44773 0.64625 0.45791 0.64483 0.45974 0.64183 0.46177 0.64154 0.46450 0.63704 0.46086 0.59088 0.45861 0.58845 0.45797 0.58030
6 1.00000 0.55216 0.01511 0.72646 0.03670 1.00000 0.51967 1.00000 1.00000 0.93275 1.00000 0.55216
7 0.45797 0.58030 0.45234 0.57422 0.45052 0.57722 0.44848 0.57751 0.44484 0.58351 0.43921 0.57743 0.44104 0.57443 0.43804 0.53641 0.43579 0.53398 0.43450 0.51769 0.43632 0.51469 0.43439 0.49025 0.43214 0.48782 0.43107 0.47424 0.43289 0.47124 0.42968 0.43050 0.42630 0.42686 0.42427 0.42714 0.42201 0.42471 0.39351 0.42871 0.39077 0.43321 0.39142 0.44135 0.38960 0.44436 0.39152 0.46879 0.39377 0.47123 0.39591 0.49838 0.39409 0.50138 0.39452 0.50681 0.39677 0.50924 0.40213 0.57713 0.40438 0.57957 0.40481 0.58500 0.40390 0.58650 0.39372 0.58792 0.39147 0.58549 0.38965 0.58849 0.38670 0.59028 0.38734 0.59843 0.38552 0.60143 0.38959 0.65302 0.39275 0.65395 0.39500 0.65638 0.40111 0.65553 0.40202 0.65403 0.40293 0.65253 0.43144 0.64854 0.43326 0.64554 0.44548 0.64382 0.44773 0.64625 0.45791 0.64483 0.45974 0.64183 0.46177 0.64154 0.46450 0.63704 0.46086 0.59088 0.45861 0.58845 0.45797 0.58030
6 1.00000 0.55216 0.01511 0.72646 0.03670 1.00000 0.51967 1.00000 1.00000 0.93275 1.00000 0.55216
7 0.45797 0.58030 0.45234 0.57422 0.45052 0.57722 0.44848 0.57751 0.44484 0.58351 0.43921 0.57743 0.44104 0.57443 0.43804 0.53641 0.43579 0.53398 0.43450 0.51769 0.43632 0.51469 0.43439 0.49025 0.43214 0.48782 0.43107 0.47424 0.43289 0.47124 0.42968 0.43050 0.42630 0.42686 0.42427 0.42714 0.42201 0.42471 0.39351 0.42871 0.39077 0.43321 0.39142 0.44135 0.38960 0.44436 0.39152 0.46879 0.39377 0.47123 0.39591 0.49838 0.39409 0.50138 0.39452 0.50681 0.39677 0.50924 0.40213 0.57713 0.40438 0.57957 0.40481 0.58500 0.40390 0.58650 0.39372 0.58792 0.39147 0.58549 0.38965 0.58849 0.38670 0.59028 0.38734 0.59843 0.38552 0.60143 0.38959 0.65302 0.39275 0.65395 0.39500 0.65638 0.40111 0.65553 0.40202 0.65403 0.40293 0.65253 0.43144 0.64854 0.43326 0.64554 0.44548 0.64382 0.44773 0.64625 0.45791 0.64483 0.45974 0.64183 0.46177 0.64154 0.46450 0.63704 0.46086 0.59088 0.45861 0.58845 0.45797 0.58030
6 1.00000 0.55216 0.01511 0.72646 0.03670 1.00000 0.51967 1.00000 1.00000 0.93275 1.00000 0.55216
