7 0.48145 0.59896 0.48633 0.59245 0.48633 0.57943 0.48438 0.57682 0.48438 0.55078 0.48242 0.54818 0.48242 0.54297 0.47949 0.53906 0.47363 0.53906 0.46973 0.54427 0.46582 0.54427 0.46387 0.54688 0.45996 0.54688 0.45703 0.54297 0.45801 0.53906 0.46191 0.53906 0.46484 0.53516 0.46484 0.52995 0.46680 0.52734 0.46484 0.52474 0.46484 0.45443 0.46289 0.45182 0.46289 0.44141 0.46484 0.43880 0.46484 0.40755 0.46289 0.40495 0.46289 0.40234 0.45996 0.40104 0.45801 0.39844 0.43652 0.39844 0.43457 0.40104 0.43262 0.40104 0.42969 0.40495 0.42969 0.43880 0.43164 0.44141 0.43164 0.45182 0.42969 0.45443 0.42969 0.45703 0.43164 0.45964 0.43164 0.50911 0.43359 0.51172 0.43359 0.53516 0.43555 0.53776 0.43555 0.54036 0.43262 0.54167 0.43066 0.54427 0.42871 0.54427 0.42676 0.54167 0.42090 0.54167 0.41797 0.54557 0.41797 0.58464 0.41601 0.58724 0.41601 0.59505 0.41797 0.59766 0.41797 0.60026 0.42090 0.60417 0.42480 0.60417 0.42578 0.60286 0.42676 0.60156 0.45410 0.60156 0.45606 0.59896 0.48145 0.59896
6 1.00000 0.56548 0.00000 0.64484 0.00000 1.00000 0.99702 1.00000 1.00000 0.86309 0.94990 0.81018 1.00000 0.80357 1.00000 0.56548
7 0.48145 0.59896 0.48633 0.59245 0.48633 0.57943 0.48438 0.57682 0.48438 0.55078 0.48242 0.54818 0.48242 0.54297 0.47949 0.53906 0.47363 0.53906 0.46973 0.54427 0.46582 0.54427 0.46387 0.54688 0.45996 0.54688 0.45703 0.54297 0.45801 0.53906 0.46191 0.53906 0.46484 0.53516 0.46484 0.52995 0.46680 0.52734 0.46484 0.52474 0.46484 0.45443 0.46289 0.45182 0.46289 0.44141 0.46484 0.43880 0.46484 0.40755 0.46289 0.40495 0.46289 0.40234 0.45996 0.40104 0.45801 0.39844 0.43652 0.39844 0.43457 0.40104 0.43262 0.40104 0.42969 0.40495 0.42969 0.43880 0.43164 0.44141 0.43164 0.45182 0.42969 0.45443 0.42969 0.45703 0.43164 0.45964 0.43164 0.50911 0.43359 0.51172 0.43359 0.53516 0.43555 0.53776 0.43555 0.54036 0.43262 0.54167 0.43066 0.54427 0.42871 0.54427 0.42676 0.54167 0.42090 0.54167 0.41797 0.54557 0.41797 0.58464 0.41601 0.58724 0.41601 0.59505 0.41797 0.59766 0.41797 0.60026 0.42090 0.60417 0.42480 0.60417 0.42578 0.60286 0.42676 0.60156 0.45410 0.60156 0.45606 0.59896 0.48145 0.59896
6 1.00000 0.56548 0.00000 0.64484 0.00000 1.00000 0.99702 1.00000 1.00000 0.86309 0.94990 0.81018 1.00000 0.80357 1.00000 0.56548
7 0.48145 0.59896 0.48633 0.59245 0.48633 0.57943 0.48438 0.57682 0.48438 0.55078 0.48242 0.54818 0.48242 0.54297 0.47949 0.53906 0.47363 0.53906 0.46973 0.54427 0.46582 0.54427 0.46387 0.54688 0.45996 0.54688 0.45703 0.54297 0.45801 0.53906 0.46191 0.53906 0.46484 0.53516 0.46484 0.52995 0.46680 0.52734 0.46484 0.52474 0.46484 0.45443 0.46289 0.45182 0.46289 0.44141 0.46484 0.43880 0.46484 0.40755 0.46289 0.40495 0.46289 0.40234 0.45996 0.40104 0.45801 0.39844 0.43652 0.39844 0.43457 0.40104 0.43262 0.40104 0.42969 0.40495 0.42969 0.43880 0.43164 0.44141 0.43164 0.45182 0.42969 0.45443 0.42969 0.45703 0.43164 0.45964 0.43164 0.50911 0.43359 0.51172 0.43359 0.53516 0.43555 0.53776 0.43555 0.54036 0.43262 0.54167 0.43066 0.54427 0.42871 0.54427 0.42676 0.54167 0.42090 0.54167 0.41797 0.54557 0.41797 0.58464 0.41601 0.58724 0.41601 0.59505 0.41797 0.59766 0.41797 0.60026 0.42090 0.60417 0.42480 0.60417 0.42578 0.60286 0.42676 0.60156 0.45410 0.60156 0.45606 0.59896 0.48145 0.59896
6 1.00000 0.56548 0.00000 0.64484 0.00000 1.00000 0.99702 1.00000 1.00000 0.86309 0.94990 0.81018 1.00000 0.80357 1.00000 0.56548
7 0.48145 0.59896 0.48633 0.59245 0.48633 0.57943 0.48438 0.57682 0.48438 0.55078 0.48242 0.54818 0.48242 0.54297 0.47949 0.53906 0.47363 0.53906 0.46973 0.54427 0.46582 0.54427 0.46387 0.54688 0.45996 0.54688 0.45703 0.54297 0.45801 0.53906 0.46191 0.53906 0.46484 0.53516 0.46484 0.52995 0.46680 0.52734 0.46484 0.52474 0.46484 0.45443 0.46289 0.45182 0.46289 0.44141 0.46484 0.43880 0.46484 0.40755 0.46289 0.40495 0.46289 0.40234 0.45996 0.40104 0.45801 0.39844 0.43652 0.39844 0.43457 0.40104 0.43262 0.40104 0.42969 0.40495 0.42969 0.43880 0.43164 0.44141 0.43164 0.45182 0.42969 0.45443 0.42969 0.45703 0.43164 0.45964 0.43164 0.50911 0.43359 0.51172 0.43359 0.53516 0.43555 0.53776 0.43555 0.54036 0.43262 0.54167 0.43066 0.54427 0.42871 0.54427 0.42676 0.54167 0.42090 0.54167 0.41797 0.54557 0.41797 0.58464 0.41601 0.58724 0.41601 0.59505 0.41797 0.59766 0.41797 0.60026 0.42090 0.60417 0.42480 0.60417 0.42578 0.60286 0.42676 0.60156 0.45410 0.60156 0.45606 0.59896 0.48145 0.59896
6 1.00000 0.56548 0.00000 0.64484 0.00000 1.00000 0.99702 1.00000 1.00000 0.86309 0.94990 0.81018 1.00000 0.80357 1.00000 0.56548
7 0.48145 0.59896 0.48633 0.59245 0.48633 0.57943 0.48438 0.57682 0.48438 0.55078 0.48242 0.54818 0.48242 0.54297 0.47949 0.53906 0.47363 0.53906 0.46973 0.54427 0.46582 0.54427 0.46387 0.54688 0.45996 0.54688 0.45703 0.54297 0.45801 0.53906 0.46191 0.53906 0.46484 0.53516 0.46484 0.52995 0.46680 0.52734 0.46484 0.52474 0.46484 0.45443 0.46289 0.45182 0.46289 0.44141 0.46484 0.43880 0.46484 0.40755 0.46289 0.40495 0.46289 0.40234 0.45996 0.40104 0.45801 0.39844 0.43652 0.39844 0.43457 0.40104 0.43262 0.40104 0.42969 0.40495 0.42969 0.43880 0.43164 0.44141 0.43164 0.45182 0.42969 0.45443 0.42969 0.45703 0.43164 0.45964 0.43164 0.50911 0.43359 0.51172 0.43359 0.53516 0.43555 0.53776 0.43555 0.54036 0.43262 0.54167 0.43066 0.54427 0.42871 0.54427 0.42676 0.54167 0.42090 0.54167 0.41797 0.54557 0.41797 0.58464 0.41601 0.58724 0.41601 0.59505 0.41797 0.59766 0.41797 0.60026 0.42090 0.60417 0.42480 0.60417 0.42578 0.60286 0.42676 0.60156 0.45410 0.60156 0.45606 0.59896 0.48145 0.59896
6 1.00000 0.56548 0.00000 0.64484 0.00000 1.00000 0.99702 1.00000 1.00000 0.86309 0.94990 0.81018 1.00000 0.80357 1.00000 0.56548
7 0.48145 0.59896 0.48633 0.59245 0.48633 0.57943 0.48438 0.57682 0.48438 0.55078 0.48242 0.54818 0.48242 0.54297 0.47949 0.53906 0.47363 0.53906 0.46973 0.54427 0.46582 0.54427 0.46387 0.54688 0.45996 0.54688 0.45703 0.54297 0.45801 0.53906 0.46191 0.53906 0.46484 0.53516 0.46484 0.52995 0.46680 0.52734 0.46484 0.52474 0.46484 0.45443 0.46289 0.45182 0.46289 0.44141 0.46484 0.43880 0.46484 0.40755 0.46289 0.40495 0.46289 0.40234 0.45996 0.40104 0.45801 0.39844 0.43652 0.39844 0.43457 0.40104 0.43262 0.40104 0.42969 0.40495 0.42969 0.43880 0.43164 0.44141 0.43164 0.45182 0.42969 0.45443 0.42969 0.45703 0.43164 0.45964 0.43164 0.50911 0.43359 0.51172 0.43359 0.53516 0.43555 0.53776 0.43555 0.54036 0.43262 0.54167 0.43066 0.54427 0.42871 0.54427 0.42676 0.54167 0.42090 0.54167 0.41797 0.54557 0.41797 0.58464 0.41601 0.58724 0.41601 0.59505 0.41797 0.59766 0.41797 0.60026 0.42090 0.60417 0.42480 0.60417 0.42578 0.60286 0.42676 0.60156 0.45410 0.60156 0.45606 0.59896 0.48145 0.59896
6 1.00000 0.56548 0.00000 0.64484 0.00000 1.00000 0.99702 1.00000 1.00000 0.86309 0.94990 0.81018 1.00000 0.80357 1.00000 0.56548
