6 0.00000 0.95465 0.21639 0.97480 0.18490 0.94489 0.16033 0.92748 0.14633 0.91105 0.13596 0.90630 0.11792 0.88571 0.10564 0.87700 0.09586 0.86096 0.08952 0.86037 0.07955 0.84810 0.06918 0.84335 0.05306 0.82672 0.04057 0.82178 0.02446 0.80515 0.00180 0.79169 0.00000 0.78993 0.00000 0.95465
5 0.20700 0.83937 0.20896 0.82386 0.19268 0.82029 0.19347 0.77602 0.20911 0.76997 0.22842 0.72333 0.23267 0.65687 0.20923 0.61443 0.18604 0.61091 0.15664 0.66752 0.14742 0.73353 0.17256 0.78021 0.17322 0.82599 0.15516 0.82704 0.14912 0.85445 0.12271 0.85403 0.11757 0.87880 0.16370 0.91243 0.23321 0.88752 0.23636 0.86393 0.20700 0.83937
6 0.00000 0.95465 0.21639 0.97480 0.18490 0.94489 0.16033 0.92748 0.14633 0.91105 0.13596 0.90630 0.11792 0.88571 0.10564 0.87700 0.09586 0.86096 0.08952 0.86037 0.07955 0.84810 0.06918 0.84335 0.05306 0.82672 0.04057 0.82178 0.02446 0.80515 0.00180 0.79169 0.00000 0.78993 0.00000 0.95465
5 0.20700 0.83937 0.20896 0.82386 0.19268 0.82029 0.19347 0.77602 0.20911 0.76997 0.22842 0.72333 0.23267 0.65687 0.20923 0.61443 0.18604 0.61091 0.15664 0.66752 0.14742 0.73353 0.17256 0.78021 0.17322 0.82599 0.15516 0.82704 0.14912 0.85445 0.12271 0.85403 0.11757 0.87880 0.16370 0.91243 0.23321 0.88752 0.23636 0.86393 0.20700 0.83937
6 0.00000 0.95465 0.21639 0.97480 0.18490 0.94489 0.16033 0.92748 0.14633 0.91105 0.13596 0.90630 0.11792 0.88571 0.10564 0.87700 0.09586 0.86096 0.08952 0.86037 0.07955 0.84810 0.06918 0.84335 0.05306 0.82672 0.04057 0.82178 0.02446 0.80515 0.00180 0.79169 0.00000 0.78993 0.00000 0.95465
5 0.20700 0.83937 0.20896 0.82386 0.19268 0.82029 0.19347 0.77602 0.20911 0.76997 0.22842 0.72333 0.23267 0.65687 0.20923 0.61443 0.18604 0.61091 0.15664 0.66752 0.14742 0.73353 0.17256 0.78021 0.17322 0.82599 0.15516 0.82704 0.14912 0.85445 0.12271 0.85403 0.11757 0.87880 0.16370 0.91243 0.23321 0.88752 0.23636 0.86393 0.20700 0.83937
6 0.00000 0.95465 0.21639 0.97480 0.18490 0.94489 0.16033 0.92748 0.14633 0.91105 0.13596 0.90630 0.11792 0.88571 0.10564 0.87700 0.09586 0.86096 0.08952 0.86037 0.07955 0.84810 0.06918 0.84335 0.05306 0.82672 0.04057 0.82178 0.02446 0.80515 0.00180 0.79169 0.00000 0.78993 0.00000 0.95465
5 0.20700 0.83937 0.20896 0.82386 0.19268 0.82029 0.19347 0.77602 0.20911 0.76997 0.22842 0.72333 0.23267 0.65687 0.20923 0.61443 0.18604 0.61091 0.15664 0.66752 0.14742 0.73353 0.17256 0.78021 0.17322 0.82599 0.15516 0.82704 0.14912 0.85445 0.12271 0.85403 0.11757 0.87880 0.16370 0.91243 0.23321 0.88752 0.23636 0.86393 0.20700 0.83937
6 0.00000 0.95465 0.21639 0.97480 0.18490 0.94489 0.16033 0.92748 0.14633 0.91105 0.13596 0.90630 0.11792 0.88571 0.10564 0.87700 0.09586 0.86096 0.08952 0.86037 0.07955 0.84810 0.06918 0.84335 0.05306 0.82672 0.04057 0.82178 0.02446 0.80515 0.00180 0.79169 0.00000 0.78993 0.00000 0.95465
5 0.20700 0.83937 0.20896 0.82386 0.19268 0.82029 0.19347 0.77602 0.20911 0.76997 0.22842 0.72333 0.23267 0.65687 0.20923 0.61443 0.18604 0.61091 0.15664 0.66752 0.14742 0.73353 0.17256 0.78021 0.17322 0.82599 0.15516 0.82704 0.14912 0.85445 0.12271 0.85403 0.11757 0.87880 0.16370 0.91243 0.23321 0.88752 0.23636 0.86393 0.20700 0.83937
6 0.00000 0.95465 0.21639 0.97480 0.18490 0.94489 0.16033 0.92748 0.14633 0.91105 0.13596 0.90630 0.11792 0.88571 0.10564 0.87700 0.09586 0.86096 0.08952 0.86037 0.07955 0.84810 0.06918 0.84335 0.05306 0.82672 0.04057 0.82178 0.02446 0.80515 0.00180 0.79169 0.00000 0.78993 0.00000 0.95465
5 0.20700 0.83937 0.20896 0.82386 0.19268 0.82029 0.19347 0.77602 0.20911 0.76997 0.22842 0.72333 0.23267 0.65687 0.20923 0.61443 0.18604 0.61091 0.15664 0.66752 0.14742 0.73353 0.17256 0.78021 0.17322 0.82599 0.15516 0.82704 0.14912 0.85445 0.12271 0.85403 0.11757 0.87880 0.16370 0.91243 0.23321 0.88752 0.23636 0.86393 0.20700 0.83937
