6 0.50098 0.91667 0.47363 0.88542 0.45215 0.86805 0.41894 0.82986 0.39746 0.81250 0.37598 0.78472 0.36426 0.77430 0.36035 0.77430 0.34668 0.75695 0.29980 0.71528 0.27637 0.68750 0.26074 0.67708 0.24512 0.65625 0.23730 0.65278 0.23145 0.63889 0.21973 0.62847 0.21387 0.61805 0.20996 0.61805 0.17871 0.58680 0.16113 0.57639 0.14941 0.55903 0.12402 0.53820 0.11230 0.52430 0.10645 0.52430 0.09863 0.51736 0.08496 0.51736 0.08301 0.51389 0.05176 0.51389 0.04980 0.51042 0.04590 0.51389 0.04199 0.51042 0.00000 0.51215 0.00098 0.99653 0.13965 0.99653 0.14160 0.99305 0.14551 0.99653 0.57422 0.99479 0.56738 0.98264 0.56152 0.97917 0.55176 0.96528 0.50098 0.91667
1 0.44727 0.75521 0.44238 0.74653 0.42578 0.73090 0.42285 0.71180 0.41504 0.71180 0.41211 0.70660 0.41211 0.67882 0.41504 0.67361 0.42676 0.66667 0.43945 0.64410 0.44531 0.61632 0.44531 0.59896 0.44336 0.59548 0.44336 0.58160 0.43945 0.56423 0.43262 0.54861 0.41894 0.53472 0.39941 0.53472 0.39160 0.54167 0.37695 0.57118 0.37109 0.59548 0.37109 0.62327 0.37891 0.65452 0.38379 0.66320 0.39648 0.67535 0.39648 0.70660 0.38965 0.71528 0.38574 0.71528 0.38281 0.72048 0.38184 0.73264 0.36230 0.73611 0.35938 0.74132 0.35938 0.75173 0.37402 0.77778 0.37988 0.77778 0.38574 0.78820 0.40039 0.78646 0.43457 0.78125 0.44043 0.77778 0.44727 0.76215 0.44727 0.75521
7 0.20410 0.54861 0.19824 0.55555 0.18945 0.55382 0.18945 0.46007 0.19141 0.45660 0.18262 0.45139 0.17773 0.45660 0.17773 0.54340 0.16992 0.56077 0.16797 0.57465 0.17090 0.57986 0.20117 0.57812 0.20410 0.57639 0.20703 0.56771 0.20703 0.55382 0.20410 0.54861
6 0.50098 0.91667 0.47363 0.88542 0.45215 0.86805 0.41894 0.82986 0.39746 0.81250 0.37598 0.78472 0.36426 0.77430 0.36035 0.77430 0.34668 0.75695 0.29980 0.71528 0.27637 0.68750 0.26074 0.67708 0.24512 0.65625 0.23730 0.65278 0.23145 0.63889 0.21973 0.62847 0.21387 0.61805 0.20996 0.61805 0.17871 0.58680 0.16113 0.57639 0.14941 0.55903 0.12402 0.53820 0.11230 0.52430 0.10645 0.52430 0.09863 0.51736 0.08496 0.51736 0.08301 0.51389 0.05176 0.51389 0.04980 0.51042 0.04590 0.51389 0.04199 0.51042 0.00000 0.51215 0.00098 0.99653 0.13965 0.99653 0.14160 0.99305 0.14551 0.99653 0.57422 0.99479 0.56738 0.98264 0.56152 0.97917 0.55176 0.96528 0.50098 0.91667
1 0.44727 0.75521 0.44238 0.74653 0.42578 0.73090 0.42285 0.71180 0.41504 0.71180 0.41211 0.70660 0.41211 0.67882 0.41504 0.67361 0.42676 0.66667 0.43945 0.64410 0.44531 0.61632 0.44531 0.59896 0.44336 0.59548 0.44336 0.58160 0.43945 0.56423 0.43262 0.54861 0.41894 0.53472 0.39941 0.53472 0.39160 0.54167 0.37695 0.57118 0.37109 0.59548 0.37109 0.62327 0.37891 0.65452 0.38379 0.66320 0.39648 0.67535 0.39648 0.70660 0.38965 0.71528 0.38574 0.71528 0.38281 0.72048 0.38184 0.73264 0.36230 0.73611 0.35938 0.74132 0.35938 0.75173 0.37402 0.77778 0.37988 0.77778 0.38574 0.78820 0.40039 0.78646 0.43457 0.78125 0.44043 0.77778 0.44727 0.76215 0.44727 0.75521
7 0.20410 0.54861 0.19824 0.55555 0.18945 0.55382 0.18945 0.46007 0.19141 0.45660 0.18262 0.45139 0.17773 0.45660 0.17773 0.54340 0.16992 0.56077 0.16797 0.57465 0.17090 0.57986 0.20117 0.57812 0.20410 0.57639 0.20703 0.56771 0.20703 0.55382 0.20410 0.54861
6 0.50098 0.91667 0.47363 0.88542 0.45215 0.86805 0.41894 0.82986 0.39746 0.81250 0.37598 0.78472 0.36426 0.77430 0.36035 0.77430 0.34668 0.75695 0.29980 0.71528 0.27637 0.68750 0.26074 0.67708 0.24512 0.65625 0.23730 0.65278 0.23145 0.63889 0.21973 0.62847 0.21387 0.61805 0.20996 0.61805 0.17871 0.58680 0.16113 0.57639 0.14941 0.55903 0.12402 0.53820 0.11230 0.52430 0.10645 0.52430 0.09863 0.51736 0.08496 0.51736 0.08301 0.51389 0.05176 0.51389 0.04980 0.51042 0.04590 0.51389 0.04199 0.51042 0.00000 0.51215 0.00098 0.99653 0.13965 0.99653 0.14160 0.99305 0.14551 0.99653 0.57422 0.99479 0.56738 0.98264 0.56152 0.97917 0.55176 0.96528 0.50098 0.91667
1 0.44727 0.75521 0.44238 0.74653 0.42578 0.73090 0.42285 0.71180 0.41504 0.71180 0.41211 0.70660 0.41211 0.67882 0.41504 0.67361 0.42676 0.66667 0.43945 0.64410 0.44531 0.61632 0.44531 0.59896 0.44336 0.59548 0.44336 0.58160 0.43945 0.56423 0.43262 0.54861 0.41894 0.53472 0.39941 0.53472 0.39160 0.54167 0.37695 0.57118 0.37109 0.59548 0.37109 0.62327 0.37891 0.65452 0.38379 0.66320 0.39648 0.67535 0.39648 0.70660 0.38965 0.71528 0.38574 0.71528 0.38281 0.72048 0.38184 0.73264 0.36230 0.73611 0.35938 0.74132 0.35938 0.75173 0.37402 0.77778 0.37988 0.77778 0.38574 0.78820 0.40039 0.78646 0.43457 0.78125 0.44043 0.77778 0.44727 0.76215 0.44727 0.75521
7 0.20410 0.54861 0.19824 0.55555 0.18945 0.55382 0.18945 0.46007 0.19141 0.45660 0.18262 0.45139 0.17773 0.45660 0.17773 0.54340 0.16992 0.56077 0.16797 0.57465 0.17090 0.57986 0.20117 0.57812 0.20410 0.57639 0.20703 0.56771 0.20703 0.55382 0.20410 0.54861
6 0.50098 0.91667 0.47363 0.88542 0.45215 0.86805 0.41894 0.82986 0.39746 0.81250 0.37598 0.78472 0.36426 0.77430 0.36035 0.77430 0.34668 0.75695 0.29980 0.71528 0.27637 0.68750 0.26074 0.67708 0.24512 0.65625 0.23730 0.65278 0.23145 0.63889 0.21973 0.62847 0.21387 0.61805 0.20996 0.61805 0.17871 0.58680 0.16113 0.57639 0.14941 0.55903 0.12402 0.53820 0.11230 0.52430 0.10645 0.52430 0.09863 0.51736 0.08496 0.51736 0.08301 0.51389 0.05176 0.51389 0.04980 0.51042 0.04590 0.51389 0.04199 0.51042 0.00000 0.51215 0.00098 0.99653 0.13965 0.99653 0.14160 0.99305 0.14551 0.99653 0.57422 0.99479 0.56738 0.98264 0.56152 0.97917 0.55176 0.96528 0.50098 0.91667
1 0.44727 0.75521 0.44238 0.74653 0.42578 0.73090 0.42285 0.71180 0.41504 0.71180 0.41211 0.70660 0.41211 0.67882 0.41504 0.67361 0.42676 0.66667 0.43945 0.64410 0.44531 0.61632 0.44531 0.59896 0.44336 0.59548 0.44336 0.58160 0.43945 0.56423 0.43262 0.54861 0.41894 0.53472 0.39941 0.53472 0.39160 0.54167 0.37695 0.57118 0.37109 0.59548 0.37109 0.62327 0.37891 0.65452 0.38379 0.66320 0.39648 0.67535 0.39648 0.70660 0.38965 0.71528 0.38574 0.71528 0.38281 0.72048 0.38184 0.73264 0.36230 0.73611 0.35938 0.74132 0.35938 0.75173 0.37402 0.77778 0.37988 0.77778 0.38574 0.78820 0.40039 0.78646 0.43457 0.78125 0.44043 0.77778 0.44727 0.76215 0.44727 0.75521
7 0.20410 0.54861 0.19824 0.55555 0.18945 0.55382 0.18945 0.46007 0.19141 0.45660 0.18262 0.45139 0.17773 0.45660 0.17773 0.54340 0.16992 0.56077 0.16797 0.57465 0.17090 0.57986 0.20117 0.57812 0.20410 0.57639 0.20703 0.56771 0.20703 0.55382 0.20410 0.54861
6 0.50098 0.91667 0.47363 0.88542 0.45215 0.86805 0.41894 0.82986 0.39746 0.81250 0.37598 0.78472 0.36426 0.77430 0.36035 0.77430 0.34668 0.75695 0.29980 0.71528 0.27637 0.68750 0.26074 0.67708 0.24512 0.65625 0.23730 0.65278 0.23145 0.63889 0.21973 0.62847 0.21387 0.61805 0.20996 0.61805 0.17871 0.58680 0.16113 0.57639 0.14941 0.55903 0.12402 0.53820 0.11230 0.52430 0.10645 0.52430 0.09863 0.51736 0.08496 0.51736 0.08301 0.51389 0.05176 0.51389 0.04980 0.51042 0.04590 0.51389 0.04199 0.51042 0.00000 0.51215 0.00098 0.99653 0.13965 0.99653 0.14160 0.99305 0.14551 0.99653 0.57422 0.99479 0.56738 0.98264 0.56152 0.97917 0.55176 0.96528 0.50098 0.91667
1 0.44727 0.75521 0.44238 0.74653 0.42578 0.73090 0.42285 0.71180 0.41504 0.71180 0.41211 0.70660 0.41211 0.67882 0.41504 0.67361 0.42676 0.66667 0.43945 0.64410 0.44531 0.61632 0.44531 0.59896 0.44336 0.59548 0.44336 0.58160 0.43945 0.56423 0.43262 0.54861 0.41894 0.53472 0.39941 0.53472 0.39160 0.54167 0.37695 0.57118 0.37109 0.59548 0.37109 0.62327 0.37891 0.65452 0.38379 0.66320 0.39648 0.67535 0.39648 0.70660 0.38965 0.71528 0.38574 0.71528 0.38281 0.72048 0.38184 0.73264 0.36230 0.73611 0.35938 0.74132 0.35938 0.75173 0.37402 0.77778 0.37988 0.77778 0.38574 0.78820 0.40039 0.78646 0.43457 0.78125 0.44043 0.77778 0.44727 0.76215 0.44727 0.75521
7 0.20410 0.54861 0.19824 0.55555 0.18945 0.55382 0.18945 0.46007 0.19141 0.45660 0.18262 0.45139 0.17773 0.45660 0.17773 0.54340 0.16992 0.56077 0.16797 0.57465 0.17090 0.57986 0.20117 0.57812 0.20410 0.57639 0.20703 0.56771 0.20703 0.55382 0.20410 0.54861
6 0.50098 0.91667 0.47363 0.88542 0.45215 0.86805 0.41894 0.82986 0.39746 0.81250 0.37598 0.78472 0.36426 0.77430 0.36035 0.77430 0.34668 0.75695 0.29980 0.71528 0.27637 0.68750 0.26074 0.67708 0.24512 0.65625 0.23730 0.65278 0.23145 0.63889 0.21973 0.62847 0.21387 0.61805 0.20996 0.61805 0.17871 0.58680 0.16113 0.57639 0.14941 0.55903 0.12402 0.53820 0.11230 0.52430 0.10645 0.52430 0.09863 0.51736 0.08496 0.51736 0.08301 0.51389 0.05176 0.51389 0.04980 0.51042 0.04590 0.51389 0.04199 0.51042 0.00000 0.51215 0.00098 0.99653 0.13965 0.99653 0.14160 0.99305 0.14551 0.99653 0.57422 0.99479 0.56738 0.98264 0.56152 0.97917 0.55176 0.96528 0.50098 0.91667
1 0.44727 0.75521 0.44238 0.74653 0.42578 0.73090 0.42285 0.71180 0.41504 0.71180 0.41211 0.70660 0.41211 0.67882 0.41504 0.67361 0.42676 0.66667 0.43945 0.64410 0.44531 0.61632 0.44531 0.59896 0.44336 0.59548 0.44336 0.58160 0.43945 0.56423 0.43262 0.54861 0.41894 0.53472 0.39941 0.53472 0.39160 0.54167 0.37695 0.57118 0.37109 0.59548 0.37109 0.62327 0.37891 0.65452 0.38379 0.66320 0.39648 0.67535 0.39648 0.70660 0.38965 0.71528 0.38574 0.71528 0.38281 0.72048 0.38184 0.73264 0.36230 0.73611 0.35938 0.74132 0.35938 0.75173 0.37402 0.77778 0.37988 0.77778 0.38574 0.78820 0.40039 0.78646 0.43457 0.78125 0.44043 0.77778 0.44727 0.76215 0.44727 0.75521
7 0.20410 0.54861 0.19824 0.55555 0.18945 0.55382 0.18945 0.46007 0.19141 0.45660 0.18262 0.45139 0.17773 0.45660 0.17773 0.54340 0.16992 0.56077 0.16797 0.57465 0.17090 0.57986 0.20117 0.57812 0.20410 0.57639 0.20703 0.56771 0.20703 0.55382 0.20410 0.54861
