4 0.72559 0.53472 0.71289 0.50521 0.72363 0.49653 0.73242 0.48090 0.73633 0.46702 0.73633 0.44618 0.72168 0.41667 0.70606 0.41320 0.68750 0.43577 0.68750 0.44965 0.68555 0.45312 0.68750 0.47743 0.69141 0.48785 0.70313 0.50521 0.70313 0.51215 0.69531 0.52257 0.69238 0.53472 0.68652 0.53472 0.68359 0.53993 0.68359 0.54688 0.68750 0.55729 0.70020 0.57639 0.72852 0.57465 0.73145 0.57292 0.73438 0.56423 0.73438 0.54340 0.72559 0.53472
7 0.41992 0.49479 0.41797 0.48785 0.41601 0.40452 0.39941 0.40278 0.39844 0.41840 0.40039 0.42188 0.40234 0.50521 0.40430 0.50868 0.40430 0.52257 0.40723 0.52778 0.41211 0.52604 0.41016 0.51215 0.41309 0.50695 0.41699 0.50695 0.41992 0.49479
7 0.43359 0.38715 0.41699 0.38542 0.41601 0.43577 0.41797 0.43923 0.41797 0.46354 0.42187 0.47396 0.41992 0.49479 0.43945 0.49479 0.43945 0.48090 0.43359 0.47048 0.43555 0.46354 0.43359 0.38715
6 1.00000 1.00000 0.99740 0.96528 0.67838 0.54167 0.68880 0.53704 0.69662 0.52546 0.69792 0.50232 0.69141 0.49537 0.68489 0.48843 0.41927 0.50695 0.41536 0.51620 0.42708 0.52083 0.42969 0.55324 0.23177 1.00000 1.00000 1.00000
6 1.00000 0.48302 0.73351 0.49537 0.72222 0.51543 0.72396 0.52778 0.72743 0.53858 1.00000 0.52623 1.00000 0.48302
6 0.00000 0.56790 0.12500 0.56173 0.13108 0.55555 0.24306 0.54475 0.24740 0.52623 0.25434 0.50771 0.00000 0.52006 0.00000 0.56790
4 0.72559 0.53472 0.71289 0.50521 0.72363 0.49653 0.73242 0.48090 0.73633 0.46702 0.73633 0.44618 0.72168 0.41667 0.70606 0.41320 0.68750 0.43577 0.68750 0.44965 0.68555 0.45312 0.68750 0.47743 0.69141 0.48785 0.70313 0.50521 0.70313 0.51215 0.69531 0.52257 0.69238 0.53472 0.68652 0.53472 0.68359 0.53993 0.68359 0.54688 0.68750 0.55729 0.70020 0.57639 0.72852 0.57465 0.73145 0.57292 0.73438 0.56423 0.73438 0.54340 0.72559 0.53472
7 0.41992 0.49479 0.41797 0.48785 0.41601 0.40452 0.39941 0.40278 0.39844 0.41840 0.40039 0.42188 0.40234 0.50521 0.40430 0.50868 0.40430 0.52257 0.40723 0.52778 0.41211 0.52604 0.41016 0.51215 0.41309 0.50695 0.41699 0.50695 0.41992 0.49479
7 0.43359 0.38715 0.41699 0.38542 0.41601 0.43577 0.41797 0.43923 0.41797 0.46354 0.42187 0.47396 0.41992 0.49479 0.43945 0.49479 0.43945 0.48090 0.43359 0.47048 0.43555 0.46354 0.43359 0.38715
6 1.00000 1.00000 0.99740 0.96528 0.67838 0.54167 0.68880 0.53704 0.69662 0.52546 0.69792 0.50232 0.69141 0.49537 0.68489 0.48843 0.41927 0.50695 0.41536 0.51620 0.42708 0.52083 0.42969 0.55324 0.23177 1.00000 1.00000 1.00000
6 1.00000 0.48302 0.73351 0.49537 0.72222 0.51543 0.72396 0.52778 0.72743 0.53858 1.00000 0.52623 1.00000 0.48302
6 0.00000 0.56790 0.12500 0.56173 0.13108 0.55555 0.24306 0.54475 0.24740 0.52623 0.25434 0.50771 0.00000 0.52006 0.00000 0.56790
