6 0.00000 0.94364 0.24394 0.97207 0.24465 0.97155 0.22448 0.95668 0.21650 0.95575 0.20897 0.94772 0.20298 0.94702 0.19745 0.93922 0.18946 0.93829 0.17241 0.92199 0.15090 0.91232 0.11058 0.88258 0.09683 0.87740 0.05851 0.84788 0.05252 0.84718 0.04123 0.83514 0.03124 0.83397 0.01020 0.81721 0.00000 0.81370 0.00000 0.94364
2 0.00000 0.81046 0.00245 0.81272 0.02043 0.81482 0.02795 0.82285 0.03306 0.82166 0.04087 0.81004 0.05908 0.80859 0.08199 0.79695 0.08928 0.80853 0.09532 0.79313 0.09602 0.78248 0.09338 0.77680 0.07939 0.77517 0.07716 0.77849 0.07140 0.77424 0.06945 0.75791 0.06504 0.74845 0.05705 0.74752 0.05287 0.73451 0.05404 0.71676 0.06882 0.67554 0.08255 0.61989 0.08394 0.59858 0.08130 0.59291 0.01091 0.59186 0.00469 0.59471 0.00111 0.60324 0.01652 0.64439 0.02441 0.67752 0.03300 0.69999 0.03606 0.71466 0.03443 0.73952 0.03619 0.74330 0.03573 0.75040 0.02057 0.76653 0.02117 0.78807 0.01383 0.79258 0.00000 0.79402 0.00000 0.81046
6 0.00000 0.94364 0.24394 0.97207 0.24465 0.97155 0.22448 0.95668 0.21650 0.95575 0.20897 0.94772 0.20298 0.94702 0.19745 0.93922 0.18946 0.93829 0.17241 0.92199 0.15090 0.91232 0.11058 0.88258 0.09683 0.87740 0.05851 0.84788 0.05252 0.84718 0.04123 0.83514 0.03124 0.83397 0.01020 0.81721 0.00000 0.81370 0.00000 0.94364
2 0.00000 0.81046 0.00245 0.81272 0.02043 0.81482 0.02795 0.82285 0.03306 0.82166 0.04087 0.81004 0.05908 0.80859 0.08199 0.79695 0.08928 0.80853 0.09532 0.79313 0.09602 0.78248 0.09338 0.77680 0.07939 0.77517 0.07716 0.77849 0.07140 0.77424 0.06945 0.75791 0.06504 0.74845 0.05705 0.74752 0.05287 0.73451 0.05404 0.71676 0.06882 0.67554 0.08255 0.61989 0.08394 0.59858 0.08130 0.59291 0.01091 0.59186 0.00469 0.59471 0.00111 0.60324 0.01652 0.64439 0.02441 0.67752 0.03300 0.69999 0.03606 0.71466 0.03443 0.73952 0.03619 0.74330 0.03573 0.75040 0.02057 0.76653 0.02117 0.78807 0.01383 0.79258 0.00000 0.79402 0.00000 0.81046
6 0.00000 0.94364 0.24394 0.97207 0.24465 0.97155 0.22448 0.95668 0.21650 0.95575 0.20897 0.94772 0.20298 0.94702 0.19745 0.93922 0.18946 0.93829 0.17241 0.92199 0.15090 0.91232 0.11058 0.88258 0.09683 0.87740 0.05851 0.84788 0.05252 0.84718 0.04123 0.83514 0.03124 0.83397 0.01020 0.81721 0.00000 0.81370 0.00000 0.94364
2 0.00000 0.81046 0.00245 0.81272 0.02043 0.81482 0.02795 0.82285 0.03306 0.82166 0.04087 0.81004 0.05908 0.80859 0.08199 0.79695 0.08928 0.80853 0.09532 0.79313 0.09602 0.78248 0.09338 0.77680 0.07939 0.77517 0.07716 0.77849 0.07140 0.77424 0.06945 0.75791 0.06504 0.74845 0.05705 0.74752 0.05287 0.73451 0.05404 0.71676 0.06882 0.67554 0.08255 0.61989 0.08394 0.59858 0.08130 0.59291 0.01091 0.59186 0.00469 0.59471 0.00111 0.60324 0.01652 0.64439 0.02441 0.67752 0.03300 0.69999 0.03606 0.71466 0.03443 0.73952 0.03619 0.74330 0.03573 0.75040 0.02057 0.76653 0.02117 0.78807 0.01383 0.79258 0.00000 0.79402 0.00000 0.81046
6 0.00000 0.94364 0.24394 0.97207 0.24465 0.97155 0.22448 0.95668 0.21650 0.95575 0.20897 0.94772 0.20298 0.94702 0.19745 0.93922 0.18946 0.93829 0.17241 0.92199 0.15090 0.91232 0.11058 0.88258 0.09683 0.87740 0.05851 0.84788 0.05252 0.84718 0.04123 0.83514 0.03124 0.83397 0.01020 0.81721 0.00000 0.81370 0.00000 0.94364
2 0.00000 0.81046 0.00245 0.81272 0.02043 0.81482 0.02795 0.82285 0.03306 0.82166 0.04087 0.81004 0.05908 0.80859 0.08199 0.79695 0.08928 0.80853 0.09532 0.79313 0.09602 0.78248 0.09338 0.77680 0.07939 0.77517 0.07716 0.77849 0.07140 0.77424 0.06945 0.75791 0.06504 0.74845 0.05705 0.74752 0.05287 0.73451 0.05404 0.71676 0.06882 0.67554 0.08255 0.61989 0.08394 0.59858 0.08130 0.59291 0.01091 0.59186 0.00469 0.59471 0.00111 0.60324 0.01652 0.64439 0.02441 0.67752 0.03300 0.69999 0.03606 0.71466 0.03443 0.73952 0.03619 0.74330 0.03573 0.75040 0.02057 0.76653 0.02117 0.78807 0.01383 0.79258 0.00000 0.79402 0.00000 0.81046
6 0.00000 0.94364 0.24394 0.97207 0.24465 0.97155 0.22448 0.95668 0.21650 0.95575 0.20897 0.94772 0.20298 0.94702 0.19745 0.93922 0.18946 0.93829 0.17241 0.92199 0.15090 0.91232 0.11058 0.88258 0.09683 0.87740 0.05851 0.84788 0.05252 0.84718 0.04123 0.83514 0.03124 0.83397 0.01020 0.81721 0.00000 0.81370 0.00000 0.94364
2 0.00000 0.81046 0.00245 0.81272 0.02043 0.81482 0.02795 0.82285 0.03306 0.82166 0.04087 0.81004 0.05908 0.80859 0.08199 0.79695 0.08928 0.80853 0.09532 0.79313 0.09602 0.78248 0.09338 0.77680 0.07939 0.77517 0.07716 0.77849 0.07140 0.77424 0.06945 0.75791 0.06504 0.74845 0.05705 0.74752 0.05287 0.73451 0.05404 0.71676 0.06882 0.67554 0.08255 0.61989 0.08394 0.59858 0.08130 0.59291 0.01091 0.59186 0.00469 0.59471 0.00111 0.60324 0.01652 0.64439 0.02441 0.67752 0.03300 0.69999 0.03606 0.71466 0.03443 0.73952 0.03619 0.74330 0.03573 0.75040 0.02057 0.76653 0.02117 0.78807 0.01383 0.79258 0.00000 0.79402 0.00000 0.81046
6 0.00000 0.94364 0.24394 0.97207 0.24465 0.97155 0.22448 0.95668 0.21650 0.95575 0.20897 0.94772 0.20298 0.94702 0.19745 0.93922 0.18946 0.93829 0.17241 0.92199 0.15090 0.91232 0.11058 0.88258 0.09683 0.87740 0.05851 0.84788 0.05252 0.84718 0.04123 0.83514 0.03124 0.83397 0.01020 0.81721 0.00000 0.81370 0.00000 0.94364
2 0.00000 0.81046 0.00245 0.81272 0.02043 0.81482 0.02795 0.82285 0.03306 0.82166 0.04087 0.81004 0.05908 0.80859 0.08199 0.79695 0.08928 0.80853 0.09532 0.79313 0.09602 0.78248 0.09338 0.77680 0.07939 0.77517 0.07716 0.77849 0.07140 0.77424 0.06945 0.75791 0.06504 0.74845 0.05705 0.74752 0.05287 0.73451 0.05404 0.71676 0.06882 0.67554 0.08255 0.61989 0.08394 0.59858 0.08130 0.59291 0.01091 0.59186 0.00469 0.59471 0.00111 0.60324 0.01652 0.64439 0.02441 0.67752 0.03300 0.69999 0.03606 0.71466 0.03443 0.73952 0.03619 0.74330 0.03573 0.75040 0.02057 0.76653 0.02117 0.78807 0.01383 0.79258 0.00000 0.79402 0.00000 0.81046
