1 0.81445 0.32118 0.81250 0.30382 0.80957 0.29861 0.79883 0.28993 0.79883 0.27604 0.80078 0.27257 0.80078 0.25521 0.80371 0.25000 0.81348 0.24653 0.83496 0.22917 0.85742 0.18577 0.86328 0.15798 0.86328 0.09548 0.85742 0.07118 0.84277 0.04861 0.81934 0.03472 0.81738 0.03820 0.80176 0.03820 0.78809 0.04861 0.76367 0.09202 0.75391 0.11979 0.74805 0.15104 0.74805 0.17882 0.75391 0.21007 0.76465 0.23264 0.77051 0.23611 0.77734 0.24827 0.77344 0.26562 0.77344 0.27952 0.76953 0.29340 0.75488 0.29514 0.75000 0.30035 0.74707 0.31250 0.73340 0.31250 0.72754 0.31945 0.71973 0.31945 0.71875 0.33160 0.74707 0.38195 0.75488 0.38889 0.77637 0.38889 0.77832 0.38542 0.78418 0.38542 0.78613 0.38889 0.83594 0.38715 0.83887 0.38542 0.84180 0.37673 0.84180 0.36285 0.81445 0.32118
6 0.99870 1.00000 1.00000 0.84028 0.50260 0.00000 0.08594 0.00232 0.08854 0.03472 0.11589 0.03472 0.11849 0.06250 0.20833 0.07176 0.00260 0.59722 0.00260 1.00000 0.99870 1.00000
1 0.81445 0.32118 0.81250 0.30382 0.80957 0.29861 0.79883 0.28993 0.79883 0.27604 0.80078 0.27257 0.80078 0.25521 0.80371 0.25000 0.81348 0.24653 0.83496 0.22917 0.85742 0.18577 0.86328 0.15798 0.86328 0.09548 0.85742 0.07118 0.84277 0.04861 0.81934 0.03472 0.81738 0.03820 0.80176 0.03820 0.78809 0.04861 0.76367 0.09202 0.75391 0.11979 0.74805 0.15104 0.74805 0.17882 0.75391 0.21007 0.76465 0.23264 0.77051 0.23611 0.77734 0.24827 0.77344 0.26562 0.77344 0.27952 0.76953 0.29340 0.75488 0.29514 0.75000 0.30035 0.74707 0.31250 0.73340 0.31250 0.72754 0.31945 0.71973 0.31945 0.71875 0.33160 0.74707 0.38195 0.75488 0.38889 0.77637 0.38889 0.77832 0.38542 0.78418 0.38542 0.78613 0.38889 0.83594 0.38715 0.83887 0.38542 0.84180 0.37673 0.84180 0.36285 0.81445 0.32118
6 0.99870 1.00000 1.00000 0.84028 0.50260 0.00000 0.08594 0.00232 0.08854 0.03472 0.11589 0.03472 0.11849 0.06250 0.20833 0.07176 0.00260 0.59722 0.00260 1.00000 0.99870 1.00000
1 0.81445 0.32118 0.81250 0.30382 0.80957 0.29861 0.79883 0.28993 0.79883 0.27604 0.80078 0.27257 0.80078 0.25521 0.80371 0.25000 0.81348 0.24653 0.83496 0.22917 0.85742 0.18577 0.86328 0.15798 0.86328 0.09548 0.85742 0.07118 0.84277 0.04861 0.81934 0.03472 0.81738 0.03820 0.80176 0.03820 0.78809 0.04861 0.76367 0.09202 0.75391 0.11979 0.74805 0.15104 0.74805 0.17882 0.75391 0.21007 0.76465 0.23264 0.77051 0.23611 0.77734 0.24827 0.77344 0.26562 0.77344 0.27952 0.76953 0.29340 0.75488 0.29514 0.75000 0.30035 0.74707 0.31250 0.73340 0.31250 0.72754 0.31945 0.71973 0.31945 0.71875 0.33160 0.74707 0.38195 0.75488 0.38889 0.77637 0.38889 0.77832 0.38542 0.78418 0.38542 0.78613 0.38889 0.83594 0.38715 0.83887 0.38542 0.84180 0.37673 0.84180 0.36285 0.81445 0.32118
6 0.99870 1.00000 1.00000 0.84028 0.50260 0.00000 0.08594 0.00232 0.08854 0.03472 0.11589 0.03472 0.11849 0.06250 0.20833 0.07176 0.00260 0.59722 0.00260 1.00000 0.99870 1.00000
1 0.81445 0.32118 0.81250 0.30382 0.80957 0.29861 0.79883 0.28993 0.79883 0.27604 0.80078 0.27257 0.80078 0.25521 0.80371 0.25000 0.81348 0.24653 0.83496 0.22917 0.85742 0.18577 0.86328 0.15798 0.86328 0.09548 0.85742 0.07118 0.84277 0.04861 0.81934 0.03472 0.81738 0.03820 0.80176 0.03820 0.78809 0.04861 0.76367 0.09202 0.75391 0.11979 0.74805 0.15104 0.74805 0.17882 0.75391 0.21007 0.76465 0.23264 0.77051 0.23611 0.77734 0.24827 0.77344 0.26562 0.77344 0.27952 0.76953 0.29340 0.75488 0.29514 0.75000 0.30035 0.74707 0.31250 0.73340 0.31250 0.72754 0.31945 0.71973 0.31945 0.71875 0.33160 0.74707 0.38195 0.75488 0.38889 0.77637 0.38889 0.77832 0.38542 0.78418 0.38542 0.78613 0.38889 0.83594 0.38715 0.83887 0.38542 0.84180 0.37673 0.84180 0.36285 0.81445 0.32118
6 0.99870 1.00000 1.00000 0.84028 0.50260 0.00000 0.08594 0.00232 0.08854 0.03472 0.11589 0.03472 0.11849 0.06250 0.20833 0.07176 0.00260 0.59722 0.00260 1.00000 0.99870 1.00000
1 0.81445 0.32118 0.81250 0.30382 0.80957 0.29861 0.79883 0.28993 0.79883 0.27604 0.80078 0.27257 0.80078 0.25521 0.80371 0.25000 0.81348 0.24653 0.83496 0.22917 0.85742 0.18577 0.86328 0.15798 0.86328 0.09548 0.85742 0.07118 0.84277 0.04861 0.81934 0.03472 0.81738 0.03820 0.80176 0.03820 0.78809 0.04861 0.76367 0.09202 0.75391 0.11979 0.74805 0.15104 0.74805 0.17882 0.75391 0.21007 0.76465 0.23264 0.77051 0.23611 0.77734 0.24827 0.77344 0.26562 0.77344 0.27952 0.76953 0.29340 0.75488 0.29514 0.75000 0.30035 0.74707 0.31250 0.73340 0.31250 0.72754 0.31945 0.71973 0.31945 0.71875 0.33160 0.74707 0.38195 0.75488 0.38889 0.77637 0.38889 0.77832 0.38542 0.78418 0.38542 0.78613 0.38889 0.83594 0.38715 0.83887 0.38542 0.84180 0.37673 0.84180 0.36285 0.81445 0.32118
6 0.99870 1.00000 1.00000 0.84028 0.50260 0.00000 0.08594 0.00232 0.08854 0.03472 0.11589 0.03472 0.11849 0.06250 0.20833 0.07176 0.00260 0.59722 0.00260 1.00000 0.99870 1.00000
1 0.81445 0.32118 0.81250 0.30382 0.80957 0.29861 0.79883 0.28993 0.79883 0.27604 0.80078 0.27257 0.80078 0.25521 0.80371 0.25000 0.81348 0.24653 0.83496 0.22917 0.85742 0.18577 0.86328 0.15798 0.86328 0.09548 0.85742 0.07118 0.84277 0.04861 0.81934 0.03472 0.81738 0.03820 0.80176 0.03820 0.78809 0.04861 0.76367 0.09202 0.75391 0.11979 0.74805 0.15104 0.74805 0.17882 0.75391 0.21007 0.76465 0.23264 0.77051 0.23611 0.77734 0.24827 0.77344 0.26562 0.77344 0.27952 0.76953 0.29340 0.75488 0.29514 0.75000 0.30035 0.74707 0.31250 0.73340 0.31250 0.72754 0.31945 0.71973 0.31945 0.71875 0.33160 0.74707 0.38195 0.75488 0.38889 0.77637 0.38889 0.77832 0.38542 0.78418 0.38542 0.78613 0.38889 0.83594 0.38715 0.83887 0.38542 0.84180 0.37673 0.84180 0.36285 0.81445 0.32118
6 0.99870 1.00000 1.00000 0.84028 0.50260 0.00000 0.08594 0.00232 0.08854 0.03472 0.11589 0.03472 0.11849 0.06250 0.20833 0.07176 0.00260 0.59722 0.00260 1.00000 0.99870 1.00000
