2 0.64119 0.25854 0.64060 0.24738 0.63489 0.23857 0.62882 0.24287 0.62330 0.23778 0.62272 0.22662 0.62043 0.22310 0.62115 0.19687 0.63135 0.15109 0.63227 0.12858 0.63586 0.11704 0.63528 0.10588 0.63867 0.09062 0.63731 0.06459 0.63388 0.05930 0.56550 0.07688 0.55943 0.08118 0.55469 0.09096 0.55965 0.10545 0.57356 0.13031 0.57623 0.14127 0.58080 0.14832 0.58367 0.16300 0.60254 0.20235 0.60488 0.24697 0.60204 0.25284 0.59786 0.25323 0.59312 0.26301 0.59599 0.27769 0.59315 0.28356 0.57872 0.28864 0.57607 0.29823 0.58198 0.31076 0.58616 0.31037 0.60366 0.32369 0.61088 0.32114 0.61561 0.31136 0.64050 0.30531 0.65055 0.29690 0.65682 0.29631 0.66159 0.30708 0.66577 0.30669 0.66953 0.27832 0.66705 0.27107 0.66153 0.26598 0.64899 0.26715 0.64462 0.26382 0.64119 0.25854
6 1.00000 0.72925 0.96350 0.67754 0.78198 0.50014 0.58844 0.33382 0.47322 0.19259 0.41084 0.15107 0.31457 0.15755 0.18627 0.16701 0.04442 0.18520 0.00000 0.19620 0.00000 0.27898 0.02363 0.26935 0.10988 0.25882 0.13004 0.26940 0.12023 0.32263 0.09457 0.44709 0.01597 0.82755 0.02503 1.00000 0.51311 1.00000 1.00000 0.95465 1.00000 0.72925
2 0.64119 0.25854 0.64060 0.24738 0.63489 0.23857 0.62882 0.24287 0.62330 0.23778 0.62272 0.22662 0.62043 0.22310 0.62115 0.19687 0.63135 0.15109 0.63227 0.12858 0.63586 0.11704 0.63528 0.10588 0.63867 0.09062 0.63731 0.06459 0.63388 0.05930 0.56550 0.07688 0.55943 0.08118 0.55469 0.09096 0.55965 0.10545 0.57356 0.13031 0.57623 0.14127 0.58080 0.14832 0.58367 0.16300 0.60254 0.20235 0.60488 0.24697 0.60204 0.25284 0.59786 0.25323 0.59312 0.26301 0.59599 0.27769 0.59315 0.28356 0.57872 0.28864 0.57607 0.29823 0.58198 0.31076 0.58616 0.31037 0.60366 0.32369 0.61088 0.32114 0.61561 0.31136 0.64050 0.30531 0.65055 0.29690 0.65682 0.29631 0.66159 0.30708 0.66577 0.30669 0.66953 0.27832 0.66705 0.27107 0.66153 0.26598 0.64899 0.26715 0.64462 0.26382 0.64119 0.25854
6 1.00000 0.72925 0.96350 0.67754 0.78198 0.50014 0.58844 0.33382 0.47322 0.19259 0.41084 0.15107 0.31457 0.15755 0.18627 0.16701 0.04442 0.18520 0.00000 0.19620 0.00000 0.27898 0.02363 0.26935 0.10988 0.25882 0.13004 0.26940 0.12023 0.32263 0.09457 0.44709 0.01597 0.82755 0.02503 1.00000 0.51311 1.00000 1.00000 0.95465 1.00000 0.72925
2 0.64119 0.25854 0.64060 0.24738 0.63489 0.23857 0.62882 0.24287 0.62330 0.23778 0.62272 0.22662 0.62043 0.22310 0.62115 0.19687 0.63135 0.15109 0.63227 0.12858 0.63586 0.11704 0.63528 0.10588 0.63867 0.09062 0.63731 0.06459 0.63388 0.05930 0.56550 0.07688 0.55943 0.08118 0.55469 0.09096 0.55965 0.10545 0.57356 0.13031 0.57623 0.14127 0.58080 0.14832 0.58367 0.16300 0.60254 0.20235 0.60488 0.24697 0.60204 0.25284 0.59786 0.25323 0.59312 0.26301 0.59599 0.27769 0.59315 0.28356 0.57872 0.28864 0.57607 0.29823 0.58198 0.31076 0.58616 0.31037 0.60366 0.32369 0.61088 0.32114 0.61561 0.31136 0.64050 0.30531 0.65055 0.29690 0.65682 0.29631 0.66159 0.30708 0.66577 0.30669 0.66953 0.27832 0.66705 0.27107 0.66153 0.26598 0.64899 0.26715 0.64462 0.26382 0.64119 0.25854
6 1.00000 0.72925 0.96350 0.67754 0.78198 0.50014 0.58844 0.33382 0.47322 0.19259 0.41084 0.15107 0.31457 0.15755 0.18627 0.16701 0.04442 0.18520 0.00000 0.19620 0.00000 0.27898 0.02363 0.26935 0.10988 0.25882 0.13004 0.26940 0.12023 0.32263 0.09457 0.44709 0.01597 0.82755 0.02503 1.00000 0.51311 1.00000 1.00000 0.95465 1.00000 0.72925
2 0.64119 0.25854 0.64060 0.24738 0.63489 0.23857 0.62882 0.24287 0.62330 0.23778 0.62272 0.22662 0.62043 0.22310 0.62115 0.19687 0.63135 0.15109 0.63227 0.12858 0.63586 0.11704 0.63528 0.10588 0.63867 0.09062 0.63731 0.06459 0.63388 0.05930 0.56550 0.07688 0.55943 0.08118 0.55469 0.09096 0.55965 0.10545 0.57356 0.13031 0.57623 0.14127 0.58080 0.14832 0.58367 0.16300 0.60254 0.20235 0.60488 0.24697 0.60204 0.25284 0.59786 0.25323 0.59312 0.26301 0.59599 0.27769 0.59315 0.28356 0.57872 0.28864 0.57607 0.29823 0.58198 0.31076 0.58616 0.31037 0.60366 0.32369 0.61088 0.32114 0.61561 0.31136 0.64050 0.30531 0.65055 0.29690 0.65682 0.29631 0.66159 0.30708 0.66577 0.30669 0.66953 0.27832 0.66705 0.27107 0.66153 0.26598 0.64899 0.26715 0.64462 0.26382 0.64119 0.25854
6 1.00000 0.72925 0.96350 0.67754 0.78198 0.50014 0.58844 0.33382 0.47322 0.19259 0.41084 0.15107 0.31457 0.15755 0.18627 0.16701 0.04442 0.18520 0.00000 0.19620 0.00000 0.27898 0.02363 0.26935 0.10988 0.25882 0.13004 0.26940 0.12023 0.32263 0.09457 0.44709 0.01597 0.82755 0.02503 1.00000 0.51311 1.00000 1.00000 0.95465 1.00000 0.72925
2 0.64119 0.25854 0.64060 0.24738 0.63489 0.23857 0.62882 0.24287 0.62330 0.23778 0.62272 0.22662 0.62043 0.22310 0.62115 0.19687 0.63135 0.15109 0.63227 0.12858 0.63586 0.11704 0.63528 0.10588 0.63867 0.09062 0.63731 0.06459 0.63388 0.05930 0.56550 0.07688 0.55943 0.08118 0.55469 0.09096 0.55965 0.10545 0.57356 0.13031 0.57623 0.14127 0.58080 0.14832 0.58367 0.16300 0.60254 0.20235 0.60488 0.24697 0.60204 0.25284 0.59786 0.25323 0.59312 0.26301 0.59599 0.27769 0.59315 0.28356 0.57872 0.28864 0.57607 0.29823 0.58198 0.31076 0.58616 0.31037 0.60366 0.32369 0.61088 0.32114 0.61561 0.31136 0.64050 0.30531 0.65055 0.29690 0.65682 0.29631 0.66159 0.30708 0.66577 0.30669 0.66953 0.27832 0.66705 0.27107 0.66153 0.26598 0.64899 0.26715 0.64462 0.26382 0.64119 0.25854
6 1.00000 0.72925 0.96350 0.67754 0.78198 0.50014 0.58844 0.33382 0.47322 0.19259 0.41084 0.15107 0.31457 0.15755 0.18627 0.16701 0.04442 0.18520 0.00000 0.19620 0.00000 0.27898 0.02363 0.26935 0.10988 0.25882 0.13004 0.26940 0.12023 0.32263 0.09457 0.44709 0.01597 0.82755 0.02503 1.00000 0.51311 1.00000 1.00000 0.95465 1.00000 0.72925
