6 1.00000 0.85490 0.35782 0.00323 0.00000 0.01155 0.00000 0.50581 0.00648 1.00000 0.50328 1.00000 1.00000 0.98845 1.00000 0.85490
1 0.54606 0.00000 0.53846 0.02702 0.53887 0.05825 0.54439 0.09036 0.55381 0.10810 0.57153 0.13852 0.57230 0.16930 0.56250 0.17271 0.52811 0.18846 0.52762 0.21015 0.56167 0.24598 0.63316 0.23477 0.63149 0.21013 0.60669 0.19637 0.60579 0.16215 0.59287 0.16723 0.59151 0.14300 0.60368 0.11920 0.62243 0.10788 0.63398 0.06732 0.63963 0.03765 0.63697 0.00000 0.54606 0.00000
6 1.00000 0.85490 0.35782 0.00323 0.00000 0.01155 0.00000 0.50581 0.00648 1.00000 0.50328 1.00000 1.00000 0.98845 1.00000 0.85490
1 0.54606 0.00000 0.53846 0.02702 0.53887 0.05825 0.54439 0.09036 0.55381 0.10810 0.57153 0.13852 0.57230 0.16930 0.56250 0.17271 0.52811 0.18846 0.52762 0.21015 0.56167 0.24598 0.63316 0.23477 0.63149 0.21013 0.60669 0.19637 0.60579 0.16215 0.59287 0.16723 0.59151 0.14300 0.60368 0.11920 0.62243 0.10788 0.63398 0.06732 0.63963 0.03765 0.63697 0.00000 0.54606 0.00000
6 1.00000 0.85490 0.35782 0.00323 0.00000 0.01155 0.00000 0.50581 0.00648 1.00000 0.50328 1.00000 1.00000 0.98845 1.00000 0.85490
1 0.54606 0.00000 0.53846 0.02702 0.53887 0.05825 0.54439 0.09036 0.55381 0.10810 0.57153 0.13852 0.57230 0.16930 0.56250 0.17271 0.52811 0.18846 0.52762 0.21015 0.56167 0.24598 0.63316 0.23477 0.63149 0.21013 0.60669 0.19637 0.60579 0.16215 0.59287 0.16723 0.59151 0.14300 0.60368 0.11920 0.62243 0.10788 0.63398 0.06732 0.63963 0.03765 0.63697 0.00000 0.54606 0.00000
6 1.00000 0.85490 0.35782 0.00323 0.00000 0.01155 0.00000 0.50581 0.00648 1.00000 0.50328 1.00000 1.00000 0.98845 1.00000 0.85490
1 0.54606 0.00000 0.53846 0.02702 0.53887 0.05825 0.54439 0.09036 0.55381 0.10810 0.57153 0.13852 0.57230 0.16930 0.56250 0.17271 0.52811 0.18846 0.52762 0.21015 0.56167 0.24598 0.63316 0.23477 0.63149 0.21013 0.60669 0.19637 0.60579 0.16215 0.59287 0.16723 0.59151 0.14300 0.60368 0.11920 0.62243 0.10788 0.63398 0.06732 0.63963 0.03765 0.63697 0.00000 0.54606 0.00000
6 1.00000 0.85490 0.35782 0.00323 0.00000 0.01155 0.00000 0.50581 0.00648 1.00000 0.50328 1.00000 1.00000 0.98845 1.00000 0.85490
1 0.54606 0.00000 0.53846 0.02702 0.53887 0.05825 0.54439 0.09036 0.55381 0.10810 0.57153 0.13852 0.57230 0.16930 0.56250 0.17271 0.52811 0.18846 0.52762 0.21015 0.56167 0.24598 0.63316 0.23477 0.63149 0.21013 0.60669 0.19637 0.60579 0.16215 0.59287 0.16723 0.59151 0.14300 0.60368 0.11920 0.62243 0.10788 0.63398 0.06732 0.63963 0.03765 0.63697 0.00000 0.54606 0.00000
