6 0.26621 0.62454 0.26437 0.62835 0.25401 0.62568 0.25217 0.62948 0.20948 0.63346 0.20763 0.63727 0.20153 0.63784 0.19896 0.64716 0.19972 0.66164 0.20733 0.69001 0.20791 0.70086 0.21143 0.70962 0.22455 0.70659 0.23341 0.70031 0.24968 0.69879 0.25244 0.69308 0.25206 0.68584 0.25851 0.67252 0.27033 0.66415 0.28253 0.66301 0.28530 0.65730 0.28288 0.65025 0.28193 0.63216 0.27231 0.62397 0.26621 0.62454
6 0.18662 0.68467 0.18549 0.66296 0.17104 0.64068 0.16087 0.64163 0.15865 0.63820 0.14848 0.63914 0.14664 0.64295 0.14054 0.64352 0.13832 0.64009 0.13444 0.64409 0.06532 0.65052 0.06347 0.65433 0.05718 0.65128 0.05331 0.65528 0.05109 0.65185 0.00697 0.65596 0.01172 0.74643 0.16727 0.72464 0.17299 0.71684 0.18297 0.71228 0.18573 0.70657 0.18904 0.69171 0.18662 0.68467
7 0.27681 0.53448 0.28136 0.62131 0.28359 0.62474 0.28790 0.66796 0.28513 0.67368 0.27459 0.66739 0.26665 0.67176 0.25816 0.68528 0.25670 0.69632 0.26207 0.70127 0.26817 0.70071 0.27261 0.70756 0.28316 0.71385 0.28983 0.72414 0.29389 0.72376 0.29891 0.74147 0.30297 0.74109 0.30945 0.74776 0.32054 0.74491 0.33122 0.71483 0.33268 0.70379 0.33046 0.70036 0.32875 0.66780 0.32542 0.66265 0.31007 0.66227 0.31338 0.64741 0.30096 0.48861 0.27545 0.48916 0.27287 0.49849 0.27458 0.53105 0.27681 0.53448
7 0.35382 0.48368 0.35192 0.44750 0.34636 0.43893 0.32733 0.44616 0.32904 0.47872 0.33126 0.48215 0.33316 0.51833 0.33538 0.52175 0.33709 0.55432 0.33970 0.56498 0.32788 0.57335 0.32883 0.59144 0.32514 0.59905 0.32829 0.60058 0.33292 0.61105 0.34198 0.60839 0.36933 0.60403 0.38169 0.58652 0.38093 0.57205 0.37702 0.55605 0.36927 0.56404 0.36317 0.56461 0.35984 0.55947 0.36149 0.55204 0.35997 0.52310 0.35775 0.51967 0.35604 0.48711 0.35382 0.48368
4 0.81376 0.64443 0.81281 0.62634 0.82759 0.61588 0.84713 0.57952 0.85190 0.55363 0.85057 0.52830 0.84314 0.50355 0.82869 0.48126 0.81592 0.47154 0.78949 0.47400 0.77787 0.48600 0.76773 0.50693 0.76423 0.51817 0.76372 0.54730 0.76187 0.55111 0.76765 0.58329 0.77210 0.59014 0.77711 0.60786 0.79433 0.62443 0.79674 0.63148 0.79489 0.63529 0.79565 0.64975 0.78457 0.65261 0.78180 0.65832 0.78218 0.66555 0.77554 0.67526 0.76334 0.67639 0.75911 0.69315 0.76635 0.71429 0.77394 0.72267 0.77858 0.73314 0.80024 0.75658 0.84996 0.75013 0.85494 0.74784 0.85936 0.73471 0.85619 0.71319 0.85988 0.70558 0.85950 0.69834 0.85375 0.68615 0.83450 0.66977 0.83117 0.66463 0.83060 0.65377 0.82726 0.64863 0.81710 0.64957 0.81376 0.64443
6 1.00000 0.54165 0.98719 0.54284 0.98497 0.53941 0.97906 0.54360 0.92823 0.54834 0.92601 0.54491 0.90975 0.54642 0.89920 0.54013 0.85651 0.54411 0.84878 0.57209 0.84916 0.57933 0.84344 0.58714 0.84401 0.59799 0.83718 0.60408 0.82685 0.62140 0.82780 0.63949 0.83800 0.65854 0.83984 0.65473 0.84410 0.65797 0.87866 0.65475 0.88050 0.65094 0.91506 0.64772 0.91729 0.65115 1.00000 0.64182 1.00000 0.54165
6 0.51311 1.00000 0.95604 0.95874 0.93839 0.93639 0.92988 0.92991 0.92080 0.91258 0.91451 0.90953 0.90136 0.89258 0.89895 0.88554 0.89266 0.88248 0.88932 0.87734 0.89060 0.86268 0.88726 0.85754 0.88431 0.85963 0.88580 0.86858 0.87173 0.85353 0.87319 0.84249 0.87132 0.82630 0.86135 0.83087 0.86004 0.82554 0.86392 0.82154 0.85855 0.81659 0.84655 0.82134 0.83746 0.80401 0.83117 0.80096 0.82654 0.79048 0.81803 0.78400 0.80894 0.76667 0.80488 0.76705 0.78322 0.74362 0.76340 0.71638 0.75969 0.70400 0.75321 0.69734 0.75041 0.68305 0.75280 0.67011 0.77294 0.66459 0.77774 0.65870 0.77644 0.65336 0.79064 0.63204 0.78489 0.61986 0.77304 0.60823 0.76987 0.58671 0.75708 0.55701 0.71032 0.56136 0.70847 0.56517 0.70625 0.56174 0.69609 0.56269 0.68757 0.55621 0.55561 0.57214 0.55377 0.57594 0.42568 0.58788 0.42384 0.59168 0.41164 0.59282 0.40942 0.58939 0.40351 0.59357 0.39926 0.59034 0.39741 0.59414 0.38725 0.59509 0.38356 0.60270 0.37949 0.60308 0.36990 0.61488 0.32924 0.61867 0.32260 0.62838 0.32132 0.64304 0.33002 0.65314 0.32818 0.65694 0.33170 0.66570 0.33762 0.66152 0.34095 0.66666 0.33838 0.67599 0.33339 0.67827 0.33691 0.68703 0.34209 0.68837 0.34266 0.69922 0.33510 0.71083 0.33363 0.72188 0.32664 0.74434 0.31743 0.76338 0.31062 0.78946 0.30121 0.80488 0.29791 0.81973 0.29219 0.82753 0.28520 0.85000 0.27045 0.88045 0.26714 0.89530 0.25424 0.92195 0.24541 0.94823 0.23969 0.95603 0.24007 0.96327 0.23250 0.97488 0.22406 1.00000 0.51311 1.00000
6 0.26621 0.62454 0.26437 0.62835 0.25401 0.62568 0.25217 0.62948 0.20948 0.63346 0.20763 0.63727 0.20153 0.63784 0.19896 0.64716 0.19972 0.66164 0.20733 0.69001 0.20791 0.70086 0.21143 0.70962 0.22455 0.70659 0.23341 0.70031 0.24968 0.69879 0.25244 0.69308 0.25206 0.68584 0.25851 0.67252 0.27033 0.66415 0.28253 0.66301 0.28530 0.65730 0.28288 0.65025 0.28193 0.63216 0.27231 0.62397 0.26621 0.62454
6 0.18662 0.68467 0.18549 0.66296 0.17104 0.64068 0.16087 0.64163 0.15865 0.63820 0.14848 0.63914 0.14664 0.64295 0.14054 0.64352 0.13832 0.64009 0.13444 0.64409 0.06532 0.65052 0.06347 0.65433 0.05718 0.65128 0.05331 0.65528 0.05109 0.65185 0.00697 0.65596 0.01172 0.74643 0.16727 0.72464 0.17299 0.71684 0.18297 0.71228 0.18573 0.70657 0.18904 0.69171 0.18662 0.68467
7 0.27681 0.53448 0.28136 0.62131 0.28359 0.62474 0.28790 0.66796 0.28513 0.67368 0.27459 0.66739 0.26665 0.67176 0.25816 0.68528 0.25670 0.69632 0.26207 0.70127 0.26817 0.70071 0.27261 0.70756 0.28316 0.71385 0.28983 0.72414 0.29389 0.72376 0.29891 0.74147 0.30297 0.74109 0.30945 0.74776 0.32054 0.74491 0.33122 0.71483 0.33268 0.70379 0.33046 0.70036 0.32875 0.66780 0.32542 0.66265 0.31007 0.66227 0.31338 0.64741 0.30096 0.48861 0.27545 0.48916 0.27287 0.49849 0.27458 0.53105 0.27681 0.53448
7 0.35382 0.48368 0.35192 0.44750 0.34636 0.43893 0.32733 0.44616 0.32904 0.47872 0.33126 0.48215 0.33316 0.51833 0.33538 0.52175 0.33709 0.55432 0.33970 0.56498 0.32788 0.57335 0.32883 0.59144 0.32514 0.59905 0.32829 0.60058 0.33292 0.61105 0.34198 0.60839 0.36933 0.60403 0.38169 0.58652 0.38093 0.57205 0.37702 0.55605 0.36927 0.56404 0.36317 0.56461 0.35984 0.55947 0.36149 0.55204 0.35997 0.52310 0.35775 0.51967 0.35604 0.48711 0.35382 0.48368
4 0.81376 0.64443 0.81281 0.62634 0.82759 0.61588 0.84713 0.57952 0.85190 0.55363 0.85057 0.52830 0.84314 0.50355 0.82869 0.48126 0.81592 0.47154 0.78949 0.47400 0.77787 0.48600 0.76773 0.50693 0.76423 0.51817 0.76372 0.54730 0.76187 0.55111 0.76765 0.58329 0.77210 0.59014 0.77711 0.60786 0.79433 0.62443 0.79674 0.63148 0.79489 0.63529 0.79565 0.64975 0.78457 0.65261 0.78180 0.65832 0.78218 0.66555 0.77554 0.67526 0.76334 0.67639 0.75911 0.69315 0.76635 0.71429 0.77394 0.72267 0.77858 0.73314 0.80024 0.75658 0.84996 0.75013 0.85494 0.74784 0.85936 0.73471 0.85619 0.71319 0.85988 0.70558 0.85950 0.69834 0.85375 0.68615 0.83450 0.66977 0.83117 0.66463 0.83060 0.65377 0.82726 0.64863 0.81710 0.64957 0.81376 0.64443
6 1.00000 0.54165 0.98719 0.54284 0.98497 0.53941 0.97906 0.54360 0.92823 0.54834 0.92601 0.54491 0.90975 0.54642 0.89920 0.54013 0.85651 0.54411 0.84878 0.57209 0.84916 0.57933 0.84344 0.58714 0.84401 0.59799 0.83718 0.60408 0.82685 0.62140 0.82780 0.63949 0.83800 0.65854 0.83984 0.65473 0.84410 0.65797 0.87866 0.65475 0.88050 0.65094 0.91506 0.64772 0.91729 0.65115 1.00000 0.64182 1.00000 0.54165
6 0.51311 1.00000 0.95604 0.95874 0.93839 0.93639 0.92988 0.92991 0.92080 0.91258 0.91451 0.90953 0.90136 0.89258 0.89895 0.88554 0.89266 0.88248 0.88932 0.87734 0.89060 0.86268 0.88726 0.85754 0.88431 0.85963 0.88580 0.86858 0.87173 0.85353 0.87319 0.84249 0.87132 0.82630 0.86135 0.83087 0.86004 0.82554 0.86392 0.82154 0.85855 0.81659 0.84655 0.82134 0.83746 0.80401 0.83117 0.80096 0.82654 0.79048 0.81803 0.78400 0.80894 0.76667 0.80488 0.76705 0.78322 0.74362 0.76340 0.71638 0.75969 0.70400 0.75321 0.69734 0.75041 0.68305 0.75280 0.67011 0.77294 0.66459 0.77774 0.65870 0.77644 0.65336 0.79064 0.63204 0.78489 0.61986 0.77304 0.60823 0.76987 0.58671 0.75708 0.55701 0.71032 0.56136 0.70847 0.56517 0.70625 0.56174 0.69609 0.56269 0.68757 0.55621 0.55561 0.57214 0.55377 0.57594 0.42568 0.58788 0.42384 0.59168 0.41164 0.59282 0.40942 0.58939 0.40351 0.59357 0.39926 0.59034 0.39741 0.59414 0.38725 0.59509 0.38356 0.60270 0.37949 0.60308 0.36990 0.61488 0.32924 0.61867 0.32260 0.62838 0.32132 0.64304 0.33002 0.65314 0.32818 0.65694 0.33170 0.66570 0.33762 0.66152 0.34095 0.66666 0.33838 0.67599 0.33339 0.67827 0.33691 0.68703 0.34209 0.68837 0.34266 0.69922 0.33510 0.71083 0.33363 0.72188 0.32664 0.74434 0.31743 0.76338 0.31062 0.78946 0.30121 0.80488 0.29791 0.81973 0.29219 0.82753 0.28520 0.85000 0.27045 0.88045 0.26714 0.89530 0.25424 0.92195 0.24541 0.94823 0.23969 0.95603 0.24007 0.96327 0.23250 0.97488 0.22406 1.00000 0.51311 1.00000
6 0.26621 0.62454 0.26437 0.62835 0.25401 0.62568 0.25217 0.62948 0.20948 0.63346 0.20763 0.63727 0.20153 0.63784 0.19896 0.64716 0.19972 0.66164 0.20733 0.69001 0.20791 0.70086 0.21143 0.70962 0.22455 0.70659 0.23341 0.70031 0.24968 0.69879 0.25244 0.69308 0.25206 0.68584 0.25851 0.67252 0.27033 0.66415 0.28253 0.66301 0.28530 0.65730 0.28288 0.65025 0.28193 0.63216 0.27231 0.62397 0.26621 0.62454
6 0.18662 0.68467 0.18549 0.66296 0.17104 0.64068 0.16087 0.64163 0.15865 0.63820 0.14848 0.63914 0.14664 0.64295 0.14054 0.64352 0.13832 0.64009 0.13444 0.64409 0.06532 0.65052 0.06347 0.65433 0.05718 0.65128 0.05331 0.65528 0.05109 0.65185 0.00697 0.65596 0.01172 0.74643 0.16727 0.72464 0.17299 0.71684 0.18297 0.71228 0.18573 0.70657 0.18904 0.69171 0.18662 0.68467
7 0.27681 0.53448 0.28136 0.62131 0.28359 0.62474 0.28790 0.66796 0.28513 0.67368 0.27459 0.66739 0.26665 0.67176 0.25816 0.68528 0.25670 0.69632 0.26207 0.70127 0.26817 0.70071 0.27261 0.70756 0.28316 0.71385 0.28983 0.72414 0.29389 0.72376 0.29891 0.74147 0.30297 0.74109 0.30945 0.74776 0.32054 0.74491 0.33122 0.71483 0.33268 0.70379 0.33046 0.70036 0.32875 0.66780 0.32542 0.66265 0.31007 0.66227 0.31338 0.64741 0.30096 0.48861 0.27545 0.48916 0.27287 0.49849 0.27458 0.53105 0.27681 0.53448
7 0.35382 0.48368 0.35192 0.44750 0.34636 0.43893 0.32733 0.44616 0.32904 0.47872 0.33126 0.48215 0.33316 0.51833 0.33538 0.52175 0.33709 0.55432 0.33970 0.56498 0.32788 0.57335 0.32883 0.59144 0.32514 0.59905 0.32829 0.60058 0.33292 0.61105 0.34198 0.60839 0.36933 0.60403 0.38169 0.58652 0.38093 0.57205 0.37702 0.55605 0.36927 0.56404 0.36317 0.56461 0.35984 0.55947 0.36149 0.55204 0.35997 0.52310 0.35775 0.51967 0.35604 0.48711 0.35382 0.48368
4 0.81376 0.64443 0.81281 0.62634 0.82759 0.61588 0.84713 0.57952 0.85190 0.55363 0.85057 0.52830 0.84314 0.50355 0.82869 0.48126 0.81592 0.47154 0.78949 0.47400 0.77787 0.48600 0.76773 0.50693 0.76423 0.51817 0.76372 0.54730 0.76187 0.55111 0.76765 0.58329 0.77210 0.59014 0.77711 0.60786 0.79433 0.62443 0.79674 0.63148 0.79489 0.63529 0.79565 0.64975 0.78457 0.65261 0.78180 0.65832 0.78218 0.66555 0.77554 0.67526 0.76334 0.67639 0.75911 0.69315 0.76635 0.71429 0.77394 0.72267 0.77858 0.73314 0.80024 0.75658 0.84996 0.75013 0.85494 0.74784 0.85936 0.73471 0.85619 0.71319 0.85988 0.70558 0.85950 0.69834 0.85375 0.68615 0.83450 0.66977 0.83117 0.66463 0.83060 0.65377 0.82726 0.64863 0.81710 0.64957 0.81376 0.64443
6 1.00000 0.54165 0.98719 0.54284 0.98497 0.53941 0.97906 0.54360 0.92823 0.54834 0.92601 0.54491 0.90975 0.54642 0.89920 0.54013 0.85651 0.54411 0.84878 0.57209 0.84916 0.57933 0.84344 0.58714 0.84401 0.59799 0.83718 0.60408 0.82685 0.62140 0.82780 0.63949 0.83800 0.65854 0.83984 0.65473 0.84410 0.65797 0.87866 0.65475 0.88050 0.65094 0.91506 0.64772 0.91729 0.65115 1.00000 0.64182 1.00000 0.54165
6 0.51311 1.00000 0.95604 0.95874 0.93839 0.93639 0.92988 0.92991 0.92080 0.91258 0.91451 0.90953 0.90136 0.89258 0.89895 0.88554 0.89266 0.88248 0.88932 0.87734 0.89060 0.86268 0.88726 0.85754 0.88431 0.85963 0.88580 0.86858 0.87173 0.85353 0.87319 0.84249 0.87132 0.82630 0.86135 0.83087 0.86004 0.82554 0.86392 0.82154 0.85855 0.81659 0.84655 0.82134 0.83746 0.80401 0.83117 0.80096 0.82654 0.79048 0.81803 0.78400 0.80894 0.76667 0.80488 0.76705 0.78322 0.74362 0.76340 0.71638 0.75969 0.70400 0.75321 0.69734 0.75041 0.68305 0.75280 0.67011 0.77294 0.66459 0.77774 0.65870 0.77644 0.65336 0.79064 0.63204 0.78489 0.61986 0.77304 0.60823 0.76987 0.58671 0.75708 0.55701 0.71032 0.56136 0.70847 0.56517 0.70625 0.56174 0.69609 0.56269 0.68757 0.55621 0.55561 0.57214 0.55377 0.57594 0.42568 0.58788 0.42384 0.59168 0.41164 0.59282 0.40942 0.58939 0.40351 0.59357 0.39926 0.59034 0.39741 0.59414 0.38725 0.59509 0.38356 0.60270 0.37949 0.60308 0.36990 0.61488 0.32924 0.61867 0.32260 0.62838 0.32132 0.64304 0.33002 0.65314 0.32818 0.65694 0.33170 0.66570 0.33762 0.66152 0.34095 0.66666 0.33838 0.67599 0.33339 0.67827 0.33691 0.68703 0.34209 0.68837 0.34266 0.69922 0.33510 0.71083 0.33363 0.72188 0.32664 0.74434 0.31743 0.76338 0.31062 0.78946 0.30121 0.80488 0.29791 0.81973 0.29219 0.82753 0.28520 0.85000 0.27045 0.88045 0.26714 0.89530 0.25424 0.92195 0.24541 0.94823 0.23969 0.95603 0.24007 0.96327 0.23250 0.97488 0.22406 1.00000 0.51311 1.00000
6 0.26621 0.62454 0.26437 0.62835 0.25401 0.62568 0.25217 0.62948 0.20948 0.63346 0.20763 0.63727 0.20153 0.63784 0.19896 0.64716 0.19972 0.66164 0.20733 0.69001 0.20791 0.70086 0.21143 0.70962 0.22455 0.70659 0.23341 0.70031 0.24968 0.69879 0.25244 0.69308 0.25206 0.68584 0.25851 0.67252 0.27033 0.66415 0.28253 0.66301 0.28530 0.65730 0.28288 0.65025 0.28193 0.63216 0.27231 0.62397 0.26621 0.62454
6 0.18662 0.68467 0.18549 0.66296 0.17104 0.64068 0.16087 0.64163 0.15865 0.63820 0.14848 0.63914 0.14664 0.64295 0.14054 0.64352 0.13832 0.64009 0.13444 0.64409 0.06532 0.65052 0.06347 0.65433 0.05718 0.65128 0.05331 0.65528 0.05109 0.65185 0.00697 0.65596 0.01172 0.74643 0.16727 0.72464 0.17299 0.71684 0.18297 0.71228 0.18573 0.70657 0.18904 0.69171 0.18662 0.68467
7 0.27681 0.53448 0.28136 0.62131 0.28359 0.62474 0.28790 0.66796 0.28513 0.67368 0.27459 0.66739 0.26665 0.67176 0.25816 0.68528 0.25670 0.69632 0.26207 0.70127 0.26817 0.70071 0.27261 0.70756 0.28316 0.71385 0.28983 0.72414 0.29389 0.72376 0.29891 0.74147 0.30297 0.74109 0.30945 0.74776 0.32054 0.74491 0.33122 0.71483 0.33268 0.70379 0.33046 0.70036 0.32875 0.66780 0.32542 0.66265 0.31007 0.66227 0.31338 0.64741 0.30096 0.48861 0.27545 0.48916 0.27287 0.49849 0.27458 0.53105 0.27681 0.53448
7 0.35382 0.48368 0.35192 0.44750 0.34636 0.43893 0.32733 0.44616 0.32904 0.47872 0.33126 0.48215 0.33316 0.51833 0.33538 0.52175 0.33709 0.55432 0.33970 0.56498 0.32788 0.57335 0.32883 0.59144 0.32514 0.59905 0.32829 0.60058 0.33292 0.61105 0.34198 0.60839 0.36933 0.60403 0.38169 0.58652 0.38093 0.57205 0.37702 0.55605 0.36927 0.56404 0.36317 0.56461 0.35984 0.55947 0.36149 0.55204 0.35997 0.52310 0.35775 0.51967 0.35604 0.48711 0.35382 0.48368
4 0.81376 0.64443 0.81281 0.62634 0.82759 0.61588 0.84713 0.57952 0.85190 0.55363 0.85057 0.52830 0.84314 0.50355 0.82869 0.48126 0.81592 0.47154 0.78949 0.47400 0.77787 0.48600 0.76773 0.50693 0.76423 0.51817 0.76372 0.54730 0.76187 0.55111 0.76765 0.58329 0.77210 0.59014 0.77711 0.60786 0.79433 0.62443 0.79674 0.63148 0.79489 0.63529 0.79565 0.64975 0.78457 0.65261 0.78180 0.65832 0.78218 0.66555 0.77554 0.67526 0.76334 0.67639 0.75911 0.69315 0.76635 0.71429 0.77394 0.72267 0.77858 0.73314 0.80024 0.75658 0.84996 0.75013 0.85494 0.74784 0.85936 0.73471 0.85619 0.71319 0.85988 0.70558 0.85950 0.69834 0.85375 0.68615 0.83450 0.66977 0.83117 0.66463 0.83060 0.65377 0.82726 0.64863 0.81710 0.64957 0.81376 0.64443
6 1.00000 0.54165 0.98719 0.54284 0.98497 0.53941 0.97906 0.54360 0.92823 0.54834 0.92601 0.54491 0.90975 0.54642 0.89920 0.54013 0.85651 0.54411 0.84878 0.57209 0.84916 0.57933 0.84344 0.58714 0.84401 0.59799 0.83718 0.60408 0.82685 0.62140 0.82780 0.63949 0.83800 0.65854 0.83984 0.65473 0.84410 0.65797 0.87866 0.65475 0.88050 0.65094 0.91506 0.64772 0.91729 0.65115 1.00000 0.64182 1.00000 0.54165
6 0.51311 1.00000 0.95604 0.95874 0.93839 0.93639 0.92988 0.92991 0.92080 0.91258 0.91451 0.90953 0.90136 0.89258 0.89895 0.88554 0.89266 0.88248 0.88932 0.87734 0.89060 0.86268 0.88726 0.85754 0.88431 0.85963 0.88580 0.86858 0.87173 0.85353 0.87319 0.84249 0.87132 0.82630 0.86135 0.83087 0.86004 0.82554 0.86392 0.82154 0.85855 0.81659 0.84655 0.82134 0.83746 0.80401 0.83117 0.80096 0.82654 0.79048 0.81803 0.78400 0.80894 0.76667 0.80488 0.76705 0.78322 0.74362 0.76340 0.71638 0.75969 0.70400 0.75321 0.69734 0.75041 0.68305 0.75280 0.67011 0.77294 0.66459 0.77774 0.65870 0.77644 0.65336 0.79064 0.63204 0.78489 0.61986 0.77304 0.60823 0.76987 0.58671 0.75708 0.55701 0.71032 0.56136 0.70847 0.56517 0.70625 0.56174 0.69609 0.56269 0.68757 0.55621 0.55561 0.57214 0.55377 0.57594 0.42568 0.58788 0.42384 0.59168 0.41164 0.59282 0.40942 0.58939 0.40351 0.59357 0.39926 0.59034 0.39741 0.59414 0.38725 0.59509 0.38356 0.60270 0.37949 0.60308 0.36990 0.61488 0.32924 0.61867 0.32260 0.62838 0.32132 0.64304 0.33002 0.65314 0.32818 0.65694 0.33170 0.66570 0.33762 0.66152 0.34095 0.66666 0.33838 0.67599 0.33339 0.67827 0.33691 0.68703 0.34209 0.68837 0.34266 0.69922 0.33510 0.71083 0.33363 0.72188 0.32664 0.74434 0.31743 0.76338 0.31062 0.78946 0.30121 0.80488 0.29791 0.81973 0.29219 0.82753 0.28520 0.85000 0.27045 0.88045 0.26714 0.89530 0.25424 0.92195 0.24541 0.94823 0.23969 0.95603 0.24007 0.96327 0.23250 0.97488 0.22406 1.00000 0.51311 1.00000
6 0.26621 0.62454 0.26437 0.62835 0.25401 0.62568 0.25217 0.62948 0.20948 0.63346 0.20763 0.63727 0.20153 0.63784 0.19896 0.64716 0.19972 0.66164 0.20733 0.69001 0.20791 0.70086 0.21143 0.70962 0.22455 0.70659 0.23341 0.70031 0.24968 0.69879 0.25244 0.69308 0.25206 0.68584 0.25851 0.67252 0.27033 0.66415 0.28253 0.66301 0.28530 0.65730 0.28288 0.65025 0.28193 0.63216 0.27231 0.62397 0.26621 0.62454
6 0.18662 0.68467 0.18549 0.66296 0.17104 0.64068 0.16087 0.64163 0.15865 0.63820 0.14848 0.63914 0.14664 0.64295 0.14054 0.64352 0.13832 0.64009 0.13444 0.64409 0.06532 0.65052 0.06347 0.65433 0.05718 0.65128 0.05331 0.65528 0.05109 0.65185 0.00697 0.65596 0.01172 0.74643 0.16727 0.72464 0.17299 0.71684 0.18297 0.71228 0.18573 0.70657 0.18904 0.69171 0.18662 0.68467
7 0.27681 0.53448 0.28136 0.62131 0.28359 0.62474 0.28790 0.66796 0.28513 0.67368 0.27459 0.66739 0.26665 0.67176 0.25816 0.68528 0.25670 0.69632 0.26207 0.70127 0.26817 0.70071 0.27261 0.70756 0.28316 0.71385 0.28983 0.72414 0.29389 0.72376 0.29891 0.74147 0.30297 0.74109 0.30945 0.74776 0.32054 0.74491 0.33122 0.71483 0.33268 0.70379 0.33046 0.70036 0.32875 0.66780 0.32542 0.66265 0.31007 0.66227 0.31338 0.64741 0.30096 0.48861 0.27545 0.48916 0.27287 0.49849 0.27458 0.53105 0.27681 0.53448
7 0.35382 0.48368 0.35192 0.44750 0.34636 0.43893 0.32733 0.44616 0.32904 0.47872 0.33126 0.48215 0.33316 0.51833 0.33538 0.52175 0.33709 0.55432 0.33970 0.56498 0.32788 0.57335 0.32883 0.59144 0.32514 0.59905 0.32829 0.60058 0.33292 0.61105 0.34198 0.60839 0.36933 0.60403 0.38169 0.58652 0.38093 0.57205 0.37702 0.55605 0.36927 0.56404 0.36317 0.56461 0.35984 0.55947 0.36149 0.55204 0.35997 0.52310 0.35775 0.51967 0.35604 0.48711 0.35382 0.48368
4 0.81376 0.64443 0.81281 0.62634 0.82759 0.61588 0.84713 0.57952 0.85190 0.55363 0.85057 0.52830 0.84314 0.50355 0.82869 0.48126 0.81592 0.47154 0.78949 0.47400 0.77787 0.48600 0.76773 0.50693 0.76423 0.51817 0.76372 0.54730 0.76187 0.55111 0.76765 0.58329 0.77210 0.59014 0.77711 0.60786 0.79433 0.62443 0.79674 0.63148 0.79489 0.63529 0.79565 0.64975 0.78457 0.65261 0.78180 0.65832 0.78218 0.66555 0.77554 0.67526 0.76334 0.67639 0.75911 0.69315 0.76635 0.71429 0.77394 0.72267 0.77858 0.73314 0.80024 0.75658 0.84996 0.75013 0.85494 0.74784 0.85936 0.73471 0.85619 0.71319 0.85988 0.70558 0.85950 0.69834 0.85375 0.68615 0.83450 0.66977 0.83117 0.66463 0.83060 0.65377 0.82726 0.64863 0.81710 0.64957 0.81376 0.64443
6 1.00000 0.54165 0.98719 0.54284 0.98497 0.53941 0.97906 0.54360 0.92823 0.54834 0.92601 0.54491 0.90975 0.54642 0.89920 0.54013 0.85651 0.54411 0.84878 0.57209 0.84916 0.57933 0.84344 0.58714 0.84401 0.59799 0.83718 0.60408 0.82685 0.62140 0.82780 0.63949 0.83800 0.65854 0.83984 0.65473 0.84410 0.65797 0.87866 0.65475 0.88050 0.65094 0.91506 0.64772 0.91729 0.65115 1.00000 0.64182 1.00000 0.54165
6 0.51311 1.00000 0.95604 0.95874 0.93839 0.93639 0.92988 0.92991 0.92080 0.91258 0.91451 0.90953 0.90136 0.89258 0.89895 0.88554 0.89266 0.88248 0.88932 0.87734 0.89060 0.86268 0.88726 0.85754 0.88431 0.85963 0.88580 0.86858 0.87173 0.85353 0.87319 0.84249 0.87132 0.82630 0.86135 0.83087 0.86004 0.82554 0.86392 0.82154 0.85855 0.81659 0.84655 0.82134 0.83746 0.80401 0.83117 0.80096 0.82654 0.79048 0.81803 0.78400 0.80894 0.76667 0.80488 0.76705 0.78322 0.74362 0.76340 0.71638 0.75969 0.70400 0.75321 0.69734 0.75041 0.68305 0.75280 0.67011 0.77294 0.66459 0.77774 0.65870 0.77644 0.65336 0.79064 0.63204 0.78489 0.61986 0.77304 0.60823 0.76987 0.58671 0.75708 0.55701 0.71032 0.56136 0.70847 0.56517 0.70625 0.56174 0.69609 0.56269 0.68757 0.55621 0.55561 0.57214 0.55377 0.57594 0.42568 0.58788 0.42384 0.59168 0.41164 0.59282 0.40942 0.58939 0.40351 0.59357 0.39926 0.59034 0.39741 0.59414 0.38725 0.59509 0.38356 0.60270 0.37949 0.60308 0.36990 0.61488 0.32924 0.61867 0.32260 0.62838 0.32132 0.64304 0.33002 0.65314 0.32818 0.65694 0.33170 0.66570 0.33762 0.66152 0.34095 0.66666 0.33838 0.67599 0.33339 0.67827 0.33691 0.68703 0.34209 0.68837 0.34266 0.69922 0.33510 0.71083 0.33363 0.72188 0.32664 0.74434 0.31743 0.76338 0.31062 0.78946 0.30121 0.80488 0.29791 0.81973 0.29219 0.82753 0.28520 0.85000 0.27045 0.88045 0.26714 0.89530 0.25424 0.92195 0.24541 0.94823 0.23969 0.95603 0.24007 0.96327 0.23250 0.97488 0.22406 1.00000 0.51311 1.00000
6 0.26621 0.62454 0.26437 0.62835 0.25401 0.62568 0.25217 0.62948 0.20948 0.63346 0.20763 0.63727 0.20153 0.63784 0.19896 0.64716 0.19972 0.66164 0.20733 0.69001 0.20791 0.70086 0.21143 0.70962 0.22455 0.70659 0.23341 0.70031 0.24968 0.69879 0.25244 0.69308 0.25206 0.68584 0.25851 0.67252 0.27033 0.66415 0.28253 0.66301 0.28530 0.65730 0.28288 0.65025 0.28193 0.63216 0.27231 0.62397 0.26621 0.62454
6 0.18662 0.68467 0.18549 0.66296 0.17104 0.64068 0.16087 0.64163 0.15865 0.63820 0.14848 0.63914 0.14664 0.64295 0.14054 0.64352 0.13832 0.64009 0.13444 0.64409 0.06532 0.65052 0.06347 0.65433 0.05718 0.65128 0.05331 0.65528 0.05109 0.65185 0.00697 0.65596 0.01172 0.74643 0.16727 0.72464 0.17299 0.71684 0.18297 0.71228 0.18573 0.70657 0.18904 0.69171 0.18662 0.68467
7 0.27681 0.53448 0.28136 0.62131 0.28359 0.62474 0.28790 0.66796 0.28513 0.67368 0.27459 0.66739 0.26665 0.67176 0.25816 0.68528 0.25670 0.69632 0.26207 0.70127 0.26817 0.70071 0.27261 0.70756 0.28316 0.71385 0.28983 0.72414 0.29389 0.72376 0.29891 0.74147 0.30297 0.74109 0.30945 0.74776 0.32054 0.74491 0.33122 0.71483 0.33268 0.70379 0.33046 0.70036 0.32875 0.66780 0.32542 0.66265 0.31007 0.66227 0.31338 0.64741 0.30096 0.48861 0.27545 0.48916 0.27287 0.49849 0.27458 0.53105 0.27681 0.53448
7 0.35382 0.48368 0.35192 0.44750 0.34636 0.43893 0.32733 0.44616 0.32904 0.47872 0.33126 0.48215 0.33316 0.51833 0.33538 0.52175 0.33709 0.55432 0.33970 0.56498 0.32788 0.57335 0.32883 0.59144 0.32514 0.59905 0.32829 0.60058 0.33292 0.61105 0.34198 0.60839 0.36933 0.60403 0.38169 0.58652 0.38093 0.57205 0.37702 0.55605 0.36927 0.56404 0.36317 0.56461 0.35984 0.55947 0.36149 0.55204 0.35997 0.52310 0.35775 0.51967 0.35604 0.48711 0.35382 0.48368
4 0.81376 0.64443 0.81281 0.62634 0.82759 0.61588 0.84713 0.57952 0.85190 0.55363 0.85057 0.52830 0.84314 0.50355 0.82869 0.48126 0.81592 0.47154 0.78949 0.47400 0.77787 0.48600 0.76773 0.50693 0.76423 0.51817 0.76372 0.54730 0.76187 0.55111 0.76765 0.58329 0.77210 0.59014 0.77711 0.60786 0.79433 0.62443 0.79674 0.63148 0.79489 0.63529 0.79565 0.64975 0.78457 0.65261 0.78180 0.65832 0.78218 0.66555 0.77554 0.67526 0.76334 0.67639 0.75911 0.69315 0.76635 0.71429 0.77394 0.72267 0.77858 0.73314 0.80024 0.75658 0.84996 0.75013 0.85494 0.74784 0.85936 0.73471 0.85619 0.71319 0.85988 0.70558 0.85950 0.69834 0.85375 0.68615 0.83450 0.66977 0.83117 0.66463 0.83060 0.65377 0.82726 0.64863 0.81710 0.64957 0.81376 0.64443
6 1.00000 0.54165 0.98719 0.54284 0.98497 0.53941 0.97906 0.54360 0.92823 0.54834 0.92601 0.54491 0.90975 0.54642 0.89920 0.54013 0.85651 0.54411 0.84878 0.57209 0.84916 0.57933 0.84344 0.58714 0.84401 0.59799 0.83718 0.60408 0.82685 0.62140 0.82780 0.63949 0.83800 0.65854 0.83984 0.65473 0.84410 0.65797 0.87866 0.65475 0.88050 0.65094 0.91506 0.64772 0.91729 0.65115 1.00000 0.64182 1.00000 0.54165
6 0.51311 1.00000 0.95604 0.95874 0.93839 0.93639 0.92988 0.92991 0.92080 0.91258 0.91451 0.90953 0.90136 0.89258 0.89895 0.88554 0.89266 0.88248 0.88932 0.87734 0.89060 0.86268 0.88726 0.85754 0.88431 0.85963 0.88580 0.86858 0.87173 0.85353 0.87319 0.84249 0.87132 0.82630 0.86135 0.83087 0.86004 0.82554 0.86392 0.82154 0.85855 0.81659 0.84655 0.82134 0.83746 0.80401 0.83117 0.80096 0.82654 0.79048 0.81803 0.78400 0.80894 0.76667 0.80488 0.76705 0.78322 0.74362 0.76340 0.71638 0.75969 0.70400 0.75321 0.69734 0.75041 0.68305 0.75280 0.67011 0.77294 0.66459 0.77774 0.65870 0.77644 0.65336 0.79064 0.63204 0.78489 0.61986 0.77304 0.60823 0.76987 0.58671 0.75708 0.55701 0.71032 0.56136 0.70847 0.56517 0.70625 0.56174 0.69609 0.56269 0.68757 0.55621 0.55561 0.57214 0.55377 0.57594 0.42568 0.58788 0.42384 0.59168 0.41164 0.59282 0.40942 0.58939 0.40351 0.59357 0.39926 0.59034 0.39741 0.59414 0.38725 0.59509 0.38356 0.60270 0.37949 0.60308 0.36990 0.61488 0.32924 0.61867 0.32260 0.62838 0.32132 0.64304 0.33002 0.65314 0.32818 0.65694 0.33170 0.66570 0.33762 0.66152 0.34095 0.66666 0.33838 0.67599 0.33339 0.67827 0.33691 0.68703 0.34209 0.68837 0.34266 0.69922 0.33510 0.71083 0.33363 0.72188 0.32664 0.74434 0.31743 0.76338 0.31062 0.78946 0.30121 0.80488 0.29791 0.81973 0.29219 0.82753 0.28520 0.85000 0.27045 0.88045 0.26714 0.89530 0.25424 0.92195 0.24541 0.94823 0.23969 0.95603 0.24007 0.96327 0.23250 0.97488 0.22406 1.00000 0.51311 1.00000
