6 0.49672 0.00000 0.00000 0.01155 0.00000 0.08242 0.41923 0.50721 0.57392 0.51244 0.56891 0.50925 0.64336 0.44860 0.88071 0.45190 0.88038 0.42655 0.87329 0.42167 0.87548 0.40012 0.83577 0.39773 0.83429 0.37958 0.73377 0.37530 0.72881 0.37541 0.99546 0.14762 0.99352 0.00000 0.49672 0.00000
7 0.32721 0.43239 0.32913 0.42974 0.32903 0.42193 0.32009 0.41042 0.31813 0.41046 0.31615 0.40791 0.31224 0.40800 0.31032 0.41064 0.26931 0.41160 0.26733 0.40904 0.26342 0.40913 0.26246 0.41046 0.26297 0.44951 0.26592 0.45075 0.26791 0.45330 0.27572 0.45312 0.27771 0.45568 0.28161 0.45559 0.28353 0.45294 0.29134 0.45276 0.29233 0.45404 0.29360 0.55038 0.29168 0.55303 0.29185 0.56605 0.29582 0.57116 0.29685 0.57505 0.31833 0.57455 0.31929 0.57322 0.31888 0.54198 0.31689 0.53942 0.31594 0.46651 0.30998 0.45884 0.31286 0.45486 0.32457 0.45459 0.32745 0.45062 0.32742 0.44802 0.32543 0.44546 0.32923 0.43755 0.32725 0.43500 0.32721 0.43239
7 0.65710 0.48854 0.65230 0.49516 0.65268 0.52380 0.65076 0.52645 0.65090 0.53686 0.65288 0.53942 0.65302 0.54984 0.65110 0.55248 0.65141 0.57592 0.65439 0.57976 0.65634 0.57971 0.65833 0.58227 0.67395 0.58191 0.67491 0.58058 0.67477 0.57017 0.67669 0.56752 0.67570 0.49201 0.67272 0.48817 0.66882 0.48826 0.66584 0.48442 0.66577 0.47921 0.66282 0.47798 0.66190 0.48191 0.65998 0.48456 0.66001 0.48716 0.65710 0.48854
6 0.49672 0.00000 0.00000 0.01155 0.00000 0.08242 0.41923 0.50721 0.57392 0.51244 0.56891 0.50925 0.64336 0.44860 0.88071 0.45190 0.88038 0.42655 0.87329 0.42167 0.87548 0.40012 0.83577 0.39773 0.83429 0.37958 0.73377 0.37530 0.72881 0.37541 0.99546 0.14762 0.99352 0.00000 0.49672 0.00000
7 0.32721 0.43239 0.32913 0.42974 0.32903 0.42193 0.32009 0.41042 0.31813 0.41046 0.31615 0.40791 0.31224 0.40800 0.31032 0.41064 0.26931 0.41160 0.26733 0.40904 0.26342 0.40913 0.26246 0.41046 0.26297 0.44951 0.26592 0.45075 0.26791 0.45330 0.27572 0.45312 0.27771 0.45568 0.28161 0.45559 0.28353 0.45294 0.29134 0.45276 0.29233 0.45404 0.29360 0.55038 0.29168 0.55303 0.29185 0.56605 0.29582 0.57116 0.29685 0.57505 0.31833 0.57455 0.31929 0.57322 0.31888 0.54198 0.31689 0.53942 0.31594 0.46651 0.30998 0.45884 0.31286 0.45486 0.32457 0.45459 0.32745 0.45062 0.32742 0.44802 0.32543 0.44546 0.32923 0.43755 0.32725 0.43500 0.32721 0.43239
7 0.65710 0.48854 0.65230 0.49516 0.65268 0.52380 0.65076 0.52645 0.65090 0.53686 0.65288 0.53942 0.65302 0.54984 0.65110 0.55248 0.65141 0.57592 0.65439 0.57976 0.65634 0.57971 0.65833 0.58227 0.67395 0.58191 0.67491 0.58058 0.67477 0.57017 0.67669 0.56752 0.67570 0.49201 0.67272 0.48817 0.66882 0.48826 0.66584 0.48442 0.66577 0.47921 0.66282 0.47798 0.66190 0.48191 0.65998 0.48456 0.66001 0.48716 0.65710 0.48854
6 0.49672 0.00000 0.00000 0.01155 0.00000 0.08242 0.41923 0.50721 0.57392 0.51244 0.56891 0.50925 0.64336 0.44860 0.88071 0.45190 0.88038 0.42655 0.87329 0.42167 0.87548 0.40012 0.83577 0.39773 0.83429 0.37958 0.73377 0.37530 0.72881 0.37541 0.99546 0.14762 0.99352 0.00000 0.49672 0.00000
7 0.32721 0.43239 0.32913 0.42974 0.32903 0.42193 0.32009 0.41042 0.31813 0.41046 0.31615 0.40791 0.31224 0.40800 0.31032 0.41064 0.26931 0.41160 0.26733 0.40904 0.26342 0.40913 0.26246 0.41046 0.26297 0.44951 0.26592 0.45075 0.26791 0.45330 0.27572 0.45312 0.27771 0.45568 0.28161 0.45559 0.28353 0.45294 0.29134 0.45276 0.29233 0.45404 0.29360 0.55038 0.29168 0.55303 0.29185 0.56605 0.29582 0.57116 0.29685 0.57505 0.31833 0.57455 0.31929 0.57322 0.31888 0.54198 0.31689 0.53942 0.31594 0.46651 0.30998 0.45884 0.31286 0.45486 0.32457 0.45459 0.32745 0.45062 0.32742 0.44802 0.32543 0.44546 0.32923 0.43755 0.32725 0.43500 0.32721 0.43239
7 0.65710 0.48854 0.65230 0.49516 0.65268 0.52380 0.65076 0.52645 0.65090 0.53686 0.65288 0.53942 0.65302 0.54984 0.65110 0.55248 0.65141 0.57592 0.65439 0.57976 0.65634 0.57971 0.65833 0.58227 0.67395 0.58191 0.67491 0.58058 0.67477 0.57017 0.67669 0.56752 0.67570 0.49201 0.67272 0.48817 0.66882 0.48826 0.66584 0.48442 0.66577 0.47921 0.66282 0.47798 0.66190 0.48191 0.65998 0.48456 0.66001 0.48716 0.65710 0.48854
6 0.49672 0.00000 0.00000 0.01155 0.00000 0.08242 0.41923 0.50721 0.57392 0.51244 0.56891 0.50925 0.64336 0.44860 0.88071 0.45190 0.88038 0.42655 0.87329 0.42167 0.87548 0.40012 0.83577 0.39773 0.83429 0.37958 0.73377 0.37530 0.72881 0.37541 0.99546 0.14762 0.99352 0.00000 0.49672 0.00000
7 0.32721 0.43239 0.32913 0.42974 0.32903 0.42193 0.32009 0.41042 0.31813 0.41046 0.31615 0.40791 0.31224 0.40800 0.31032 0.41064 0.26931 0.41160 0.26733 0.40904 0.26342 0.40913 0.26246 0.41046 0.26297 0.44951 0.26592 0.45075 0.26791 0.45330 0.27572 0.45312 0.27771 0.45568 0.28161 0.45559 0.28353 0.45294 0.29134 0.45276 0.29233 0.45404 0.29360 0.55038 0.29168 0.55303 0.29185 0.56605 0.29582 0.57116 0.29685 0.57505 0.31833 0.57455 0.31929 0.57322 0.31888 0.54198 0.31689 0.53942 0.31594 0.46651 0.30998 0.45884 0.31286 0.45486 0.32457 0.45459 0.32745 0.45062 0.32742 0.44802 0.32543 0.44546 0.32923 0.43755 0.32725 0.43500 0.32721 0.43239
7 0.65710 0.48854 0.65230 0.49516 0.65268 0.52380 0.65076 0.52645 0.65090 0.53686 0.65288 0.53942 0.65302 0.54984 0.65110 0.55248 0.65141 0.57592 0.65439 0.57976 0.65634 0.57971 0.65833 0.58227 0.67395 0.58191 0.67491 0.58058 0.67477 0.57017 0.67669 0.56752 0.67570 0.49201 0.67272 0.48817 0.66882 0.48826 0.66584 0.48442 0.66577 0.47921 0.66282 0.47798 0.66190 0.48191 0.65998 0.48456 0.66001 0.48716 0.65710 0.48854
6 0.49672 0.00000 0.00000 0.01155 0.00000 0.08242 0.41923 0.50721 0.57392 0.51244 0.56891 0.50925 0.64336 0.44860 0.88071 0.45190 0.88038 0.42655 0.87329 0.42167 0.87548 0.40012 0.83577 0.39773 0.83429 0.37958 0.73377 0.37530 0.72881 0.37541 0.99546 0.14762 0.99352 0.00000 0.49672 0.00000
7 0.32721 0.43239 0.32913 0.42974 0.32903 0.42193 0.32009 0.41042 0.31813 0.41046 0.31615 0.40791 0.31224 0.40800 0.31032 0.41064 0.26931 0.41160 0.26733 0.40904 0.26342 0.40913 0.26246 0.41046 0.26297 0.44951 0.26592 0.45075 0.26791 0.45330 0.27572 0.45312 0.27771 0.45568 0.28161 0.45559 0.28353 0.45294 0.29134 0.45276 0.29233 0.45404 0.29360 0.55038 0.29168 0.55303 0.29185 0.56605 0.29582 0.57116 0.29685 0.57505 0.31833 0.57455 0.31929 0.57322 0.31888 0.54198 0.31689 0.53942 0.31594 0.46651 0.30998 0.45884 0.31286 0.45486 0.32457 0.45459 0.32745 0.45062 0.32742 0.44802 0.32543 0.44546 0.32923 0.43755 0.32725 0.43500 0.32721 0.43239
7 0.65710 0.48854 0.65230 0.49516 0.65268 0.52380 0.65076 0.52645 0.65090 0.53686 0.65288 0.53942 0.65302 0.54984 0.65110 0.55248 0.65141 0.57592 0.65439 0.57976 0.65634 0.57971 0.65833 0.58227 0.67395 0.58191 0.67491 0.58058 0.67477 0.57017 0.67669 0.56752 0.67570 0.49201 0.67272 0.48817 0.66882 0.48826 0.66584 0.48442 0.66577 0.47921 0.66282 0.47798 0.66190 0.48191 0.65998 0.48456 0.66001 0.48716 0.65710 0.48854
