6 0.00000 0.30338 0.13882 0.28366 0.16000 0.27648 0.16736 0.25514 0.18039 0.24662 0.17813 0.22209 0.16778 0.21874 0.15803 0.15413 0.00000 0.17452 0.00000 0.30338
6 0.96218 0.04893 0.70585 0.08984 0.69885 0.12782 0.68549 0.16569 0.68393 0.21616 0.97338 0.17046 0.96218 0.04893
6 1.00000 0.86145 0.96559 0.80174 0.61704 0.22493 0.65817 0.21727 0.62279 0.10344 0.18058 0.15317 0.19720 0.24529 0.22185 0.24580 0.23014 0.27625 0.29730 0.26319 0.26135 1.00000 0.52296 1.00000 1.00000 0.92198 1.00000 0.86145
3 0.63644 0.24725 0.64035 0.26795 0.65851 0.30234 0.66409 0.29786 0.69560 0.29271 0.69987 0.29557 0.70398 0.28600 0.70304 0.25414 0.69305 0.24332 0.68127 0.22390 0.67618 0.22296 0.67360 0.19492 0.67574 0.18568 0.67968 0.18503 0.69217 0.16876 0.69761 0.15186 0.69994 0.13369 0.69638 0.09514 0.69377 0.08845 0.67919 0.07127 0.67296 0.06873 0.65917 0.07098 0.64636 0.08375 0.64060 0.09714 0.63498 0.12297 0.63821 0.15802 0.64344 0.17139 0.65376 0.18571 0.65770 0.18507 0.66343 0.19302 0.66178 0.19685 0.66340 0.21438 0.65960 0.22745 0.65370 0.22841 0.65072 0.23957 0.64088 0.24118 0.63644 0.24725
5 0.82161 0.48729 0.80782 0.48954 0.80618 0.49337 0.79830 0.49466 0.79286 0.51155 0.79874 0.53194 0.81217 0.54753 0.82396 0.56695 0.82722 0.58064 0.83492 0.58828 0.84970 0.57519 0.89697 0.56746 0.90155 0.57382 0.90746 0.57286 0.91157 0.56329 0.90931 0.53876 0.89262 0.50947 0.88148 0.49706 0.87854 0.48687 0.87281 0.47891 0.86576 0.47829 0.86317 0.45025 0.87155 0.44354 0.88701 0.41611 0.89621 0.40749 0.90395 0.39377 0.90791 0.37178 0.90927 0.34310 0.91224 0.33194 0.91062 0.31441 0.89590 0.28480 0.89526 0.27779 0.88952 0.26984 0.84161 0.27056 0.81333 0.31076 0.80757 0.32415 0.80822 0.33116 0.80325 0.36399 0.80483 0.40287 0.82152 0.43216 0.82446 0.44235 0.83216 0.44998 0.84201 0.44837 0.84380 0.45697 0.84216 0.46080 0.84313 0.47132 0.83933 0.48439 0.82949 0.48600 0.82784 0.48982 0.82161 0.48729
6 0.00000 0.30338 0.13882 0.28366 0.16000 0.27648 0.16736 0.25514 0.18039 0.24662 0.17813 0.22209 0.16778 0.21874 0.15803 0.15413 0.00000 0.17452 0.00000 0.30338
6 0.96218 0.04893 0.70585 0.08984 0.69885 0.12782 0.68549 0.16569 0.68393 0.21616 0.97338 0.17046 0.96218 0.04893
6 1.00000 0.86145 0.96559 0.80174 0.61704 0.22493 0.65817 0.21727 0.62279 0.10344 0.18058 0.15317 0.19720 0.24529 0.22185 0.24580 0.23014 0.27625 0.29730 0.26319 0.26135 1.00000 0.52296 1.00000 1.00000 0.92198 1.00000 0.86145
3 0.63644 0.24725 0.64035 0.26795 0.65851 0.30234 0.66409 0.29786 0.69560 0.29271 0.69987 0.29557 0.70398 0.28600 0.70304 0.25414 0.69305 0.24332 0.68127 0.22390 0.67618 0.22296 0.67360 0.19492 0.67574 0.18568 0.67968 0.18503 0.69217 0.16876 0.69761 0.15186 0.69994 0.13369 0.69638 0.09514 0.69377 0.08845 0.67919 0.07127 0.67296 0.06873 0.65917 0.07098 0.64636 0.08375 0.64060 0.09714 0.63498 0.12297 0.63821 0.15802 0.64344 0.17139 0.65376 0.18571 0.65770 0.18507 0.66343 0.19302 0.66178 0.19685 0.66340 0.21438 0.65960 0.22745 0.65370 0.22841 0.65072 0.23957 0.64088 0.24118 0.63644 0.24725
5 0.82161 0.48729 0.80782 0.48954 0.80618 0.49337 0.79830 0.49466 0.79286 0.51155 0.79874 0.53194 0.81217 0.54753 0.82396 0.56695 0.82722 0.58064 0.83492 0.58828 0.84970 0.57519 0.89697 0.56746 0.90155 0.57382 0.90746 0.57286 0.91157 0.56329 0.90931 0.53876 0.89262 0.50947 0.88148 0.49706 0.87854 0.48687 0.87281 0.47891 0.86576 0.47829 0.86317 0.45025 0.87155 0.44354 0.88701 0.41611 0.89621 0.40749 0.90395 0.39377 0.90791 0.37178 0.90927 0.34310 0.91224 0.33194 0.91062 0.31441 0.89590 0.28480 0.89526 0.27779 0.88952 0.26984 0.84161 0.27056 0.81333 0.31076 0.80757 0.32415 0.80822 0.33116 0.80325 0.36399 0.80483 0.40287 0.82152 0.43216 0.82446 0.44235 0.83216 0.44998 0.84201 0.44837 0.84380 0.45697 0.84216 0.46080 0.84313 0.47132 0.83933 0.48439 0.82949 0.48600 0.82784 0.48982 0.82161 0.48729
6 0.00000 0.30338 0.13882 0.28366 0.16000 0.27648 0.16736 0.25514 0.18039 0.24662 0.17813 0.22209 0.16778 0.21874 0.15803 0.15413 0.00000 0.17452 0.00000 0.30338
6 0.96218 0.04893 0.70585 0.08984 0.69885 0.12782 0.68549 0.16569 0.68393 0.21616 0.97338 0.17046 0.96218 0.04893
6 1.00000 0.86145 0.96559 0.80174 0.61704 0.22493 0.65817 0.21727 0.62279 0.10344 0.18058 0.15317 0.19720 0.24529 0.22185 0.24580 0.23014 0.27625 0.29730 0.26319 0.26135 1.00000 0.52296 1.00000 1.00000 0.92198 1.00000 0.86145
3 0.63644 0.24725 0.64035 0.26795 0.65851 0.30234 0.66409 0.29786 0.69560 0.29271 0.69987 0.29557 0.70398 0.28600 0.70304 0.25414 0.69305 0.24332 0.68127 0.22390 0.67618 0.22296 0.67360 0.19492 0.67574 0.18568 0.67968 0.18503 0.69217 0.16876 0.69761 0.15186 0.69994 0.13369 0.69638 0.09514 0.69377 0.08845 0.67919 0.07127 0.67296 0.06873 0.65917 0.07098 0.64636 0.08375 0.64060 0.09714 0.63498 0.12297 0.63821 0.15802 0.64344 0.17139 0.65376 0.18571 0.65770 0.18507 0.66343 0.19302 0.66178 0.19685 0.66340 0.21438 0.65960 0.22745 0.65370 0.22841 0.65072 0.23957 0.64088 0.24118 0.63644 0.24725
5 0.82161 0.48729 0.80782 0.48954 0.80618 0.49337 0.79830 0.49466 0.79286 0.51155 0.79874 0.53194 0.81217 0.54753 0.82396 0.56695 0.82722 0.58064 0.83492 0.58828 0.84970 0.57519 0.89697 0.56746 0.90155 0.57382 0.90746 0.57286 0.91157 0.56329 0.90931 0.53876 0.89262 0.50947 0.88148 0.49706 0.87854 0.48687 0.87281 0.47891 0.86576 0.47829 0.86317 0.45025 0.87155 0.44354 0.88701 0.41611 0.89621 0.40749 0.90395 0.39377 0.90791 0.37178 0.90927 0.34310 0.91224 0.33194 0.91062 0.31441 0.89590 0.28480 0.89526 0.27779 0.88952 0.26984 0.84161 0.27056 0.81333 0.31076 0.80757 0.32415 0.80822 0.33116 0.80325 0.36399 0.80483 0.40287 0.82152 0.43216 0.82446 0.44235 0.83216 0.44998 0.84201 0.44837 0.84380 0.45697 0.84216 0.46080 0.84313 0.47132 0.83933 0.48439 0.82949 0.48600 0.82784 0.48982 0.82161 0.48729
6 0.00000 0.30338 0.13882 0.28366 0.16000 0.27648 0.16736 0.25514 0.18039 0.24662 0.17813 0.22209 0.16778 0.21874 0.15803 0.15413 0.00000 0.17452 0.00000 0.30338
6 0.96218 0.04893 0.70585 0.08984 0.69885 0.12782 0.68549 0.16569 0.68393 0.21616 0.97338 0.17046 0.96218 0.04893
6 1.00000 0.86145 0.96559 0.80174 0.61704 0.22493 0.65817 0.21727 0.62279 0.10344 0.18058 0.15317 0.19720 0.24529 0.22185 0.24580 0.23014 0.27625 0.29730 0.26319 0.26135 1.00000 0.52296 1.00000 1.00000 0.92198 1.00000 0.86145
3 0.63644 0.24725 0.64035 0.26795 0.65851 0.30234 0.66409 0.29786 0.69560 0.29271 0.69987 0.29557 0.70398 0.28600 0.70304 0.25414 0.69305 0.24332 0.68127 0.22390 0.67618 0.22296 0.67360 0.19492 0.67574 0.18568 0.67968 0.18503 0.69217 0.16876 0.69761 0.15186 0.69994 0.13369 0.69638 0.09514 0.69377 0.08845 0.67919 0.07127 0.67296 0.06873 0.65917 0.07098 0.64636 0.08375 0.64060 0.09714 0.63498 0.12297 0.63821 0.15802 0.64344 0.17139 0.65376 0.18571 0.65770 0.18507 0.66343 0.19302 0.66178 0.19685 0.66340 0.21438 0.65960 0.22745 0.65370 0.22841 0.65072 0.23957 0.64088 0.24118 0.63644 0.24725
5 0.82161 0.48729 0.80782 0.48954 0.80618 0.49337 0.79830 0.49466 0.79286 0.51155 0.79874 0.53194 0.81217 0.54753 0.82396 0.56695 0.82722 0.58064 0.83492 0.58828 0.84970 0.57519 0.89697 0.56746 0.90155 0.57382 0.90746 0.57286 0.91157 0.56329 0.90931 0.53876 0.89262 0.50947 0.88148 0.49706 0.87854 0.48687 0.87281 0.47891 0.86576 0.47829 0.86317 0.45025 0.87155 0.44354 0.88701 0.41611 0.89621 0.40749 0.90395 0.39377 0.90791 0.37178 0.90927 0.34310 0.91224 0.33194 0.91062 0.31441 0.89590 0.28480 0.89526 0.27779 0.88952 0.26984 0.84161 0.27056 0.81333 0.31076 0.80757 0.32415 0.80822 0.33116 0.80325 0.36399 0.80483 0.40287 0.82152 0.43216 0.82446 0.44235 0.83216 0.44998 0.84201 0.44837 0.84380 0.45697 0.84216 0.46080 0.84313 0.47132 0.83933 0.48439 0.82949 0.48600 0.82784 0.48982 0.82161 0.48729
6 0.00000 0.30338 0.13882 0.28366 0.16000 0.27648 0.16736 0.25514 0.18039 0.24662 0.17813 0.22209 0.16778 0.21874 0.15803 0.15413 0.00000 0.17452 0.00000 0.30338
6 0.96218 0.04893 0.70585 0.08984 0.69885 0.12782 0.68549 0.16569 0.68393 0.21616 0.97338 0.17046 0.96218 0.04893
6 1.00000 0.86145 0.96559 0.80174 0.61704 0.22493 0.65817 0.21727 0.62279 0.10344 0.18058 0.15317 0.19720 0.24529 0.22185 0.24580 0.23014 0.27625 0.29730 0.26319 0.26135 1.00000 0.52296 1.00000 1.00000 0.92198 1.00000 0.86145
3 0.63644 0.24725 0.64035 0.26795 0.65851 0.30234 0.66409 0.29786 0.69560 0.29271 0.69987 0.29557 0.70398 0.28600 0.70304 0.25414 0.69305 0.24332 0.68127 0.22390 0.67618 0.22296 0.67360 0.19492 0.67574 0.18568 0.67968 0.18503 0.69217 0.16876 0.69761 0.15186 0.69994 0.13369 0.69638 0.09514 0.69377 0.08845 0.67919 0.07127 0.67296 0.06873 0.65917 0.07098 0.64636 0.08375 0.64060 0.09714 0.63498 0.12297 0.63821 0.15802 0.64344 0.17139 0.65376 0.18571 0.65770 0.18507 0.66343 0.19302 0.66178 0.19685 0.66340 0.21438 0.65960 0.22745 0.65370 0.22841 0.65072 0.23957 0.64088 0.24118 0.63644 0.24725
5 0.82161 0.48729 0.80782 0.48954 0.80618 0.49337 0.79830 0.49466 0.79286 0.51155 0.79874 0.53194 0.81217 0.54753 0.82396 0.56695 0.82722 0.58064 0.83492 0.58828 0.84970 0.57519 0.89697 0.56746 0.90155 0.57382 0.90746 0.57286 0.91157 0.56329 0.90931 0.53876 0.89262 0.50947 0.88148 0.49706 0.87854 0.48687 0.87281 0.47891 0.86576 0.47829 0.86317 0.45025 0.87155 0.44354 0.88701 0.41611 0.89621 0.40749 0.90395 0.39377 0.90791 0.37178 0.90927 0.34310 0.91224 0.33194 0.91062 0.31441 0.89590 0.28480 0.89526 0.27779 0.88952 0.26984 0.84161 0.27056 0.81333 0.31076 0.80757 0.32415 0.80822 0.33116 0.80325 0.36399 0.80483 0.40287 0.82152 0.43216 0.82446 0.44235 0.83216 0.44998 0.84201 0.44837 0.84380 0.45697 0.84216 0.46080 0.84313 0.47132 0.83933 0.48439 0.82949 0.48600 0.82784 0.48982 0.82161 0.48729
6 0.00000 0.30338 0.13882 0.28366 0.16000 0.27648 0.16736 0.25514 0.18039 0.24662 0.17813 0.22209 0.16778 0.21874 0.15803 0.15413 0.00000 0.17452 0.00000 0.30338
6 0.96218 0.04893 0.70585 0.08984 0.69885 0.12782 0.68549 0.16569 0.68393 0.21616 0.97338 0.17046 0.96218 0.04893
6 1.00000 0.86145 0.96559 0.80174 0.61704 0.22493 0.65817 0.21727 0.62279 0.10344 0.18058 0.15317 0.19720 0.24529 0.22185 0.24580 0.23014 0.27625 0.29730 0.26319 0.26135 1.00000 0.52296 1.00000 1.00000 0.92198 1.00000 0.86145
3 0.63644 0.24725 0.64035 0.26795 0.65851 0.30234 0.66409 0.29786 0.69560 0.29271 0.69987 0.29557 0.70398 0.28600 0.70304 0.25414 0.69305 0.24332 0.68127 0.22390 0.67618 0.22296 0.67360 0.19492 0.67574 0.18568 0.67968 0.18503 0.69217 0.16876 0.69761 0.15186 0.69994 0.13369 0.69638 0.09514 0.69377 0.08845 0.67919 0.07127 0.67296 0.06873 0.65917 0.07098 0.64636 0.08375 0.64060 0.09714 0.63498 0.12297 0.63821 0.15802 0.64344 0.17139 0.65376 0.18571 0.65770 0.18507 0.66343 0.19302 0.66178 0.19685 0.66340 0.21438 0.65960 0.22745 0.65370 0.22841 0.65072 0.23957 0.64088 0.24118 0.63644 0.24725
5 0.82161 0.48729 0.80782 0.48954 0.80618 0.49337 0.79830 0.49466 0.79286 0.51155 0.79874 0.53194 0.81217 0.54753 0.82396 0.56695 0.82722 0.58064 0.83492 0.58828 0.84970 0.57519 0.89697 0.56746 0.90155 0.57382 0.90746 0.57286 0.91157 0.56329 0.90931 0.53876 0.89262 0.50947 0.88148 0.49706 0.87854 0.48687 0.87281 0.47891 0.86576 0.47829 0.86317 0.45025 0.87155 0.44354 0.88701 0.41611 0.89621 0.40749 0.90395 0.39377 0.90791 0.37178 0.90927 0.34310 0.91224 0.33194 0.91062 0.31441 0.89590 0.28480 0.89526 0.27779 0.88952 0.26984 0.84161 0.27056 0.81333 0.31076 0.80757 0.32415 0.80822 0.33116 0.80325 0.36399 0.80483 0.40287 0.82152 0.43216 0.82446 0.44235 0.83216 0.44998 0.84201 0.44837 0.84380 0.45697 0.84216 0.46080 0.84313 0.47132 0.83933 0.48439 0.82949 0.48600 0.82784 0.48982 0.82161 0.48729
