6 0.95216 1.00000 0.96366 0.89102 0.62478 0.35032 0.52179 0.18887 0.45525 0.13965 0.32318 0.11003 0.16709 0.08571 0.03949 0.07919 0.03154 0.15452 0.15847 0.16743 0.19745 0.17718 0.19069 0.21513 0.00000 0.67363 0.00000 0.91131 0.47375 1.00000 0.95216 1.00000
2 0.69204 0.31756 0.68956 0.31159 0.68906 0.29679 0.67644 0.28891 0.67472 0.27572 0.67739 0.25048 0.68817 0.22676 0.69210 0.20912 0.69971 0.19583 0.70123 0.18141 0.71353 0.14327 0.71543 0.12525 0.71296 0.11927 0.69064 0.11509 0.68823 0.11832 0.65132 0.11508 0.64891 0.11831 0.63877 0.11641 0.63433 0.11925 0.63033 0.12770 0.64530 0.18197 0.64745 0.20076 0.65786 0.23947 0.65912 0.24706 0.65646 0.27230 0.65811 0.27629 0.65418 0.29393 0.64689 0.29440 0.64086 0.30247 0.64251 0.30645 0.64099 0.32088 0.63332 0.32495 0.62520 0.32343 0.61955 0.32789 0.61879 0.33510 0.62660 0.34943 0.63636 0.35493 0.64131 0.36689 0.64860 0.36642 0.65462 0.35836 0.66033 0.36310 0.66274 0.35988 0.67086 0.36139 0.68379 0.35646 0.69800 0.35912 0.70333 0.36747 0.70656 0.36624 0.71201 0.33417 0.70586 0.32383 0.69572 0.32193 0.69204 0.31756
6 0.95216 1.00000 0.96366 0.89102 0.62478 0.35032 0.52179 0.18887 0.45525 0.13965 0.32318 0.11003 0.16709 0.08571 0.03949 0.07919 0.03154 0.15452 0.15847 0.16743 0.19745 0.17718 0.19069 0.21513 0.00000 0.67363 0.00000 0.91131 0.47375 1.00000 0.95216 1.00000
2 0.69204 0.31756 0.68956 0.31159 0.68906 0.29679 0.67644 0.28891 0.67472 0.27572 0.67739 0.25048 0.68817 0.22676 0.69210 0.20912 0.69971 0.19583 0.70123 0.18141 0.71353 0.14327 0.71543 0.12525 0.71296 0.11927 0.69064 0.11509 0.68823 0.11832 0.65132 0.11508 0.64891 0.11831 0.63877 0.11641 0.63433 0.11925 0.63033 0.12770 0.64530 0.18197 0.64745 0.20076 0.65786 0.23947 0.65912 0.24706 0.65646 0.27230 0.65811 0.27629 0.65418 0.29393 0.64689 0.29440 0.64086 0.30247 0.64251 0.30645 0.64099 0.32088 0.63332 0.32495 0.62520 0.32343 0.61955 0.32789 0.61879 0.33510 0.62660 0.34943 0.63636 0.35493 0.64131 0.36689 0.64860 0.36642 0.65462 0.35836 0.66033 0.36310 0.66274 0.35988 0.67086 0.36139 0.68379 0.35646 0.69800 0.35912 0.70333 0.36747 0.70656 0.36624 0.71201 0.33417 0.70586 0.32383 0.69572 0.32193 0.69204 0.31756
6 0.95216 1.00000 0.96366 0.89102 0.62478 0.35032 0.52179 0.18887 0.45525 0.13965 0.32318 0.11003 0.16709 0.08571 0.03949 0.07919 0.03154 0.15452 0.15847 0.16743 0.19745 0.17718 0.19069 0.21513 0.00000 0.67363 0.00000 0.91131 0.47375 1.00000 0.95216 1.00000
2 0.69204 0.31756 0.68956 0.31159 0.68906 0.29679 0.67644 0.28891 0.67472 0.27572 0.67739 0.25048 0.68817 0.22676 0.69210 0.20912 0.69971 0.19583 0.70123 0.18141 0.71353 0.14327 0.71543 0.12525 0.71296 0.11927 0.69064 0.11509 0.68823 0.11832 0.65132 0.11508 0.64891 0.11831 0.63877 0.11641 0.63433 0.11925 0.63033 0.12770 0.64530 0.18197 0.64745 0.20076 0.65786 0.23947 0.65912 0.24706 0.65646 0.27230 0.65811 0.27629 0.65418 0.29393 0.64689 0.29440 0.64086 0.30247 0.64251 0.30645 0.64099 0.32088 0.63332 0.32495 0.62520 0.32343 0.61955 0.32789 0.61879 0.33510 0.62660 0.34943 0.63636 0.35493 0.64131 0.36689 0.64860 0.36642 0.65462 0.35836 0.66033 0.36310 0.66274 0.35988 0.67086 0.36139 0.68379 0.35646 0.69800 0.35912 0.70333 0.36747 0.70656 0.36624 0.71201 0.33417 0.70586 0.32383 0.69572 0.32193 0.69204 0.31756
6 0.95216 1.00000 0.96366 0.89102 0.62478 0.35032 0.52179 0.18887 0.45525 0.13965 0.32318 0.11003 0.16709 0.08571 0.03949 0.07919 0.03154 0.15452 0.15847 0.16743 0.19745 0.17718 0.19069 0.21513 0.00000 0.67363 0.00000 0.91131 0.47375 1.00000 0.95216 1.00000
2 0.69204 0.31756 0.68956 0.31159 0.68906 0.29679 0.67644 0.28891 0.67472 0.27572 0.67739 0.25048 0.68817 0.22676 0.69210 0.20912 0.69971 0.19583 0.70123 0.18141 0.71353 0.14327 0.71543 0.12525 0.71296 0.11927 0.69064 0.11509 0.68823 0.11832 0.65132 0.11508 0.64891 0.11831 0.63877 0.11641 0.63433 0.11925 0.63033 0.12770 0.64530 0.18197 0.64745 0.20076 0.65786 0.23947 0.65912 0.24706 0.65646 0.27230 0.65811 0.27629 0.65418 0.29393 0.64689 0.29440 0.64086 0.30247 0.64251 0.30645 0.64099 0.32088 0.63332 0.32495 0.62520 0.32343 0.61955 0.32789 0.61879 0.33510 0.62660 0.34943 0.63636 0.35493 0.64131 0.36689 0.64860 0.36642 0.65462 0.35836 0.66033 0.36310 0.66274 0.35988 0.67086 0.36139 0.68379 0.35646 0.69800 0.35912 0.70333 0.36747 0.70656 0.36624 0.71201 0.33417 0.70586 0.32383 0.69572 0.32193 0.69204 0.31756
6 0.95216 1.00000 0.96366 0.89102 0.62478 0.35032 0.52179 0.18887 0.45525 0.13965 0.32318 0.11003 0.16709 0.08571 0.03949 0.07919 0.03154 0.15452 0.15847 0.16743 0.19745 0.17718 0.19069 0.21513 0.00000 0.67363 0.00000 0.91131 0.47375 1.00000 0.95216 1.00000
2 0.69204 0.31756 0.68956 0.31159 0.68906 0.29679 0.67644 0.28891 0.67472 0.27572 0.67739 0.25048 0.68817 0.22676 0.69210 0.20912 0.69971 0.19583 0.70123 0.18141 0.71353 0.14327 0.71543 0.12525 0.71296 0.11927 0.69064 0.11509 0.68823 0.11832 0.65132 0.11508 0.64891 0.11831 0.63877 0.11641 0.63433 0.11925 0.63033 0.12770 0.64530 0.18197 0.64745 0.20076 0.65786 0.23947 0.65912 0.24706 0.65646 0.27230 0.65811 0.27629 0.65418 0.29393 0.64689 0.29440 0.64086 0.30247 0.64251 0.30645 0.64099 0.32088 0.63332 0.32495 0.62520 0.32343 0.61955 0.32789 0.61879 0.33510 0.62660 0.34943 0.63636 0.35493 0.64131 0.36689 0.64860 0.36642 0.65462 0.35836 0.66033 0.36310 0.66274 0.35988 0.67086 0.36139 0.68379 0.35646 0.69800 0.35912 0.70333 0.36747 0.70656 0.36624 0.71201 0.33417 0.70586 0.32383 0.69572 0.32193 0.69204 0.31756
