2 0.57915 0.24417 0.57135 0.24581 0.56781 0.24123 0.56657 0.23082 0.56421 0.22777 0.56410 0.21002 0.56676 0.19879 0.56665 0.18104 0.57044 0.16246 0.57257 0.13002 0.56999 0.09146 0.56645 0.08687 0.50335 0.11085 0.49910 0.11708 0.50033 0.12748 0.51769 0.15582 0.52088 0.16581 0.52560 0.17192 0.52643 0.17886 0.54378 0.20719 0.54974 0.22371 0.55345 0.25492 0.54494 0.26738 0.54742 0.28819 0.53147 0.29689 0.53194 0.30923 0.53784 0.31688 0.54369 0.31564 0.55899 0.32663 0.56170 0.32428 0.56903 0.31029 0.58268 0.30741 0.59355 0.29801 0.60330 0.29595 0.60997 0.30166 0.61227 0.29584 0.61062 0.28196 0.61216 0.27809 0.60939 0.27156 0.60153 0.26433 0.59179 0.26639 0.57915 0.24417
6 1.00000 0.69269 0.49094 0.27818 0.41949 0.21505 0.36079 0.19188 0.28923 0.19513 0.17904 0.22075 0.06913 0.24868 0.00000 0.27436 0.00000 0.34707 0.09769 0.32086 0.11746 0.31906 0.12478 0.32462 0.12698 0.34312 0.12236 0.39386 0.07318 1.00000 0.52795 1.00000 0.56327 0.99288 1.00000 0.90075 1.00000 0.69269
2 0.57915 0.24417 0.57135 0.24581 0.56781 0.24123 0.56657 0.23082 0.56421 0.22777 0.56410 0.21002 0.56676 0.19879 0.56665 0.18104 0.57044 0.16246 0.57257 0.13002 0.56999 0.09146 0.56645 0.08687 0.50335 0.11085 0.49910 0.11708 0.50033 0.12748 0.51769 0.15582 0.52088 0.16581 0.52560 0.17192 0.52643 0.17886 0.54378 0.20719 0.54974 0.22371 0.55345 0.25492 0.54494 0.26738 0.54742 0.28819 0.53147 0.29689 0.53194 0.30923 0.53784 0.31688 0.54369 0.31564 0.55899 0.32663 0.56170 0.32428 0.56903 0.31029 0.58268 0.30741 0.59355 0.29801 0.60330 0.29595 0.60997 0.30166 0.61227 0.29584 0.61062 0.28196 0.61216 0.27809 0.60939 0.27156 0.60153 0.26433 0.59179 0.26639 0.57915 0.24417
6 1.00000 0.69269 0.49094 0.27818 0.41949 0.21505 0.36079 0.19188 0.28923 0.19513 0.17904 0.22075 0.06913 0.24868 0.00000 0.27436 0.00000 0.34707 0.09769 0.32086 0.11746 0.31906 0.12478 0.32462 0.12698 0.34312 0.12236 0.39386 0.07318 1.00000 0.52795 1.00000 0.56327 0.99288 1.00000 0.90075 1.00000 0.69269
2 0.57915 0.24417 0.57135 0.24581 0.56781 0.24123 0.56657 0.23082 0.56421 0.22777 0.56410 0.21002 0.56676 0.19879 0.56665 0.18104 0.57044 0.16246 0.57257 0.13002 0.56999 0.09146 0.56645 0.08687 0.50335 0.11085 0.49910 0.11708 0.50033 0.12748 0.51769 0.15582 0.52088 0.16581 0.52560 0.17192 0.52643 0.17886 0.54378 0.20719 0.54974 0.22371 0.55345 0.25492 0.54494 0.26738 0.54742 0.28819 0.53147 0.29689 0.53194 0.30923 0.53784 0.31688 0.54369 0.31564 0.55899 0.32663 0.56170 0.32428 0.56903 0.31029 0.58268 0.30741 0.59355 0.29801 0.60330 0.29595 0.60997 0.30166 0.61227 0.29584 0.61062 0.28196 0.61216 0.27809 0.60939 0.27156 0.60153 0.26433 0.59179 0.26639 0.57915 0.24417
6 1.00000 0.69269 0.49094 0.27818 0.41949 0.21505 0.36079 0.19188 0.28923 0.19513 0.17904 0.22075 0.06913 0.24868 0.00000 0.27436 0.00000 0.34707 0.09769 0.32086 0.11746 0.31906 0.12478 0.32462 0.12698 0.34312 0.12236 0.39386 0.07318 1.00000 0.52795 1.00000 0.56327 0.99288 1.00000 0.90075 1.00000 0.69269
2 0.57915 0.24417 0.57135 0.24581 0.56781 0.24123 0.56657 0.23082 0.56421 0.22777 0.56410 0.21002 0.56676 0.19879 0.56665 0.18104 0.57044 0.16246 0.57257 0.13002 0.56999 0.09146 0.56645 0.08687 0.50335 0.11085 0.49910 0.11708 0.50033 0.12748 0.51769 0.15582 0.52088 0.16581 0.52560 0.17192 0.52643 0.17886 0.54378 0.20719 0.54974 0.22371 0.55345 0.25492 0.54494 0.26738 0.54742 0.28819 0.53147 0.29689 0.53194 0.30923 0.53784 0.31688 0.54369 0.31564 0.55899 0.32663 0.56170 0.32428 0.56903 0.31029 0.58268 0.30741 0.59355 0.29801 0.60330 0.29595 0.60997 0.30166 0.61227 0.29584 0.61062 0.28196 0.61216 0.27809 0.60939 0.27156 0.60153 0.26433 0.59179 0.26639 0.57915 0.24417
6 1.00000 0.69269 0.49094 0.27818 0.41949 0.21505 0.36079 0.19188 0.28923 0.19513 0.17904 0.22075 0.06913 0.24868 0.00000 0.27436 0.00000 0.34707 0.09769 0.32086 0.11746 0.31906 0.12478 0.32462 0.12698 0.34312 0.12236 0.39386 0.07318 1.00000 0.52795 1.00000 0.56327 0.99288 1.00000 0.90075 1.00000 0.69269
2 0.57915 0.24417 0.57135 0.24581 0.56781 0.24123 0.56657 0.23082 0.56421 0.22777 0.56410 0.21002 0.56676 0.19879 0.56665 0.18104 0.57044 0.16246 0.57257 0.13002 0.56999 0.09146 0.56645 0.08687 0.50335 0.11085 0.49910 0.11708 0.50033 0.12748 0.51769 0.15582 0.52088 0.16581 0.52560 0.17192 0.52643 0.17886 0.54378 0.20719 0.54974 0.22371 0.55345 0.25492 0.54494 0.26738 0.54742 0.28819 0.53147 0.29689 0.53194 0.30923 0.53784 0.31688 0.54369 0.31564 0.55899 0.32663 0.56170 0.32428 0.56903 0.31029 0.58268 0.30741 0.59355 0.29801 0.60330 0.29595 0.60997 0.30166 0.61227 0.29584 0.61062 0.28196 0.61216 0.27809 0.60939 0.27156 0.60153 0.26433 0.59179 0.26639 0.57915 0.24417
6 1.00000 0.69269 0.49094 0.27818 0.41949 0.21505 0.36079 0.19188 0.28923 0.19513 0.17904 0.22075 0.06913 0.24868 0.00000 0.27436 0.00000 0.34707 0.09769 0.32086 0.11746 0.31906 0.12478 0.32462 0.12698 0.34312 0.12236 0.39386 0.07318 1.00000 0.52795 1.00000 0.56327 0.99288 1.00000 0.90075 1.00000 0.69269
2 0.57915 0.24417 0.57135 0.24581 0.56781 0.24123 0.56657 0.23082 0.56421 0.22777 0.56410 0.21002 0.56676 0.19879 0.56665 0.18104 0.57044 0.16246 0.57257 0.13002 0.56999 0.09146 0.56645 0.08687 0.50335 0.11085 0.49910 0.11708 0.50033 0.12748 0.51769 0.15582 0.52088 0.16581 0.52560 0.17192 0.52643 0.17886 0.54378 0.20719 0.54974 0.22371 0.55345 0.25492 0.54494 0.26738 0.54742 0.28819 0.53147 0.29689 0.53194 0.30923 0.53784 0.31688 0.54369 0.31564 0.55899 0.32663 0.56170 0.32428 0.56903 0.31029 0.58268 0.30741 0.59355 0.29801 0.60330 0.29595 0.60997 0.30166 0.61227 0.29584 0.61062 0.28196 0.61216 0.27809 0.60939 0.27156 0.60153 0.26433 0.59179 0.26639 0.57915 0.24417
6 1.00000 0.69269 0.49094 0.27818 0.41949 0.21505 0.36079 0.19188 0.28923 0.19513 0.17904 0.22075 0.06913 0.24868 0.00000 0.27436 0.00000 0.34707 0.09769 0.32086 0.11746 0.31906 0.12478 0.32462 0.12698 0.34312 0.12236 0.39386 0.07318 1.00000 0.52795 1.00000 0.56327 0.99288 1.00000 0.90075 1.00000 0.69269
