5 0.06810 0.80111 0.03574 0.78994 0.03477 0.76075 0.02077 0.76247 0.01932 0.72383 0.03381 0.72211 0.05506 0.67661 0.05506 0.61392 0.02994 0.57443 0.00048 0.58301 0.00000 0.85177 0.06327 0.82257 0.06810 0.80111
6 0.17871 1.00000 0.18066 0.99653 0.19043 0.99653 0.19238 1.00000 0.28906 0.99827 0.28613 0.99305 0.28027 0.99305 0.27246 0.98611 0.22559 0.96875 0.21191 0.95833 0.18848 0.95139 0.17480 0.94097 0.16699 0.94097 0.14355 0.92708 0.12598 0.92361 0.11426 0.91320 0.09668 0.90972 0.08887 0.90278 0.08301 0.90278 0.08106 0.89930 0.05957 0.89236 0.05176 0.88542 0.01465 0.87153 0.00684 0.86458 0.00000 0.86632 0.00098 1.00000 0.17871 1.00000
6 0.10254 0.95833 0.08301 0.94445 0.07715 0.94445 0.04785 0.92708 0.04199 0.92708 0.00293 0.90278 0.00000 0.90452 0.00098 1.00000 0.18164 0.99827 0.17285 0.98958 0.16699 0.98958 0.13770 0.97222 0.10254 0.95833
5 0.06810 0.80111 0.03574 0.78994 0.03477 0.76075 0.02077 0.76247 0.01932 0.72383 0.03381 0.72211 0.05506 0.67661 0.05506 0.61392 0.02994 0.57443 0.00048 0.58301 0.00000 0.85177 0.06327 0.82257 0.06810 0.80111
6 0.17871 1.00000 0.18066 0.99653 0.19043 0.99653 0.19238 1.00000 0.28906 0.99827 0.28613 0.99305 0.28027 0.99305 0.27246 0.98611 0.22559 0.96875 0.21191 0.95833 0.18848 0.95139 0.17480 0.94097 0.16699 0.94097 0.14355 0.92708 0.12598 0.92361 0.11426 0.91320 0.09668 0.90972 0.08887 0.90278 0.08301 0.90278 0.08106 0.89930 0.05957 0.89236 0.05176 0.88542 0.01465 0.87153 0.00684 0.86458 0.00000 0.86632 0.00098 1.00000 0.17871 1.00000
6 0.10254 0.95833 0.08301 0.94445 0.07715 0.94445 0.04785 0.92708 0.04199 0.92708 0.00293 0.90278 0.00000 0.90452 0.00098 1.00000 0.18164 0.99827 0.17285 0.98958 0.16699 0.98958 0.13770 0.97222 0.10254 0.95833
5 0.06810 0.80111 0.03574 0.78994 0.03477 0.76075 0.02077 0.76247 0.01932 0.72383 0.03381 0.72211 0.05506 0.67661 0.05506 0.61392 0.02994 0.57443 0.00048 0.58301 0.00000 0.85177 0.06327 0.82257 0.06810 0.80111
6 0.17871 1.00000 0.18066 0.99653 0.19043 0.99653 0.19238 1.00000 0.28906 0.99827 0.28613 0.99305 0.28027 0.99305 0.27246 0.98611 0.22559 0.96875 0.21191 0.95833 0.18848 0.95139 0.17480 0.94097 0.16699 0.94097 0.14355 0.92708 0.12598 0.92361 0.11426 0.91320 0.09668 0.90972 0.08887 0.90278 0.08301 0.90278 0.08106 0.89930 0.05957 0.89236 0.05176 0.88542 0.01465 0.87153 0.00684 0.86458 0.00000 0.86632 0.00098 1.00000 0.17871 1.00000
6 0.10254 0.95833 0.08301 0.94445 0.07715 0.94445 0.04785 0.92708 0.04199 0.92708 0.00293 0.90278 0.00000 0.90452 0.00098 1.00000 0.18164 0.99827 0.17285 0.98958 0.16699 0.98958 0.13770 0.97222 0.10254 0.95833
5 0.06810 0.80111 0.03574 0.78994 0.03477 0.76075 0.02077 0.76247 0.01932 0.72383 0.03381 0.72211 0.05506 0.67661 0.05506 0.61392 0.02994 0.57443 0.00048 0.58301 0.00000 0.85177 0.06327 0.82257 0.06810 0.80111
6 0.17871 1.00000 0.18066 0.99653 0.19043 0.99653 0.19238 1.00000 0.28906 0.99827 0.28613 0.99305 0.28027 0.99305 0.27246 0.98611 0.22559 0.96875 0.21191 0.95833 0.18848 0.95139 0.17480 0.94097 0.16699 0.94097 0.14355 0.92708 0.12598 0.92361 0.11426 0.91320 0.09668 0.90972 0.08887 0.90278 0.08301 0.90278 0.08106 0.89930 0.05957 0.89236 0.05176 0.88542 0.01465 0.87153 0.00684 0.86458 0.00000 0.86632 0.00098 1.00000 0.17871 1.00000
6 0.10254 0.95833 0.08301 0.94445 0.07715 0.94445 0.04785 0.92708 0.04199 0.92708 0.00293 0.90278 0.00000 0.90452 0.00098 1.00000 0.18164 0.99827 0.17285 0.98958 0.16699 0.98958 0.13770 0.97222 0.10254 0.95833
5 0.06810 0.80111 0.03574 0.78994 0.03477 0.76075 0.02077 0.76247 0.01932 0.72383 0.03381 0.72211 0.05506 0.67661 0.05506 0.61392 0.02994 0.57443 0.00048 0.58301 0.00000 0.85177 0.06327 0.82257 0.06810 0.80111
6 0.17871 1.00000 0.18066 0.99653 0.19043 0.99653 0.19238 1.00000 0.28906 0.99827 0.28613 0.99305 0.28027 0.99305 0.27246 0.98611 0.22559 0.96875 0.21191 0.95833 0.18848 0.95139 0.17480 0.94097 0.16699 0.94097 0.14355 0.92708 0.12598 0.92361 0.11426 0.91320 0.09668 0.90972 0.08887 0.90278 0.08301 0.90278 0.08106 0.89930 0.05957 0.89236 0.05176 0.88542 0.01465 0.87153 0.00684 0.86458 0.00000 0.86632 0.00098 1.00000 0.17871 1.00000
6 0.10254 0.95833 0.08301 0.94445 0.07715 0.94445 0.04785 0.92708 0.04199 0.92708 0.00293 0.90278 0.00000 0.90452 0.00098 1.00000 0.18164 0.99827 0.17285 0.98958 0.16699 0.98958 0.13770 0.97222 0.10254 0.95833
5 0.06810 0.80111 0.03574 0.78994 0.03477 0.76075 0.02077 0.76247 0.01932 0.72383 0.03381 0.72211 0.05506 0.67661 0.05506 0.61392 0.02994 0.57443 0.00048 0.58301 0.00000 0.85177 0.06327 0.82257 0.06810 0.80111
6 0.17871 1.00000 0.18066 0.99653 0.19043 0.99653 0.19238 1.00000 0.28906 0.99827 0.28613 0.99305 0.28027 0.99305 0.27246 0.98611 0.22559 0.96875 0.21191 0.95833 0.18848 0.95139 0.17480 0.94097 0.16699 0.94097 0.14355 0.92708 0.12598 0.92361 0.11426 0.91320 0.09668 0.90972 0.08887 0.90278 0.08301 0.90278 0.08106 0.89930 0.05957 0.89236 0.05176 0.88542 0.01465 0.87153 0.00684 0.86458 0.00000 0.86632 0.00098 1.00000 0.17871 1.00000
6 0.10254 0.95833 0.08301 0.94445 0.07715 0.94445 0.04785 0.92708 0.04199 0.92708 0.00293 0.90278 0.00000 0.90452 0.00098 1.00000 0.18164 0.99827 0.17285 0.98958 0.16699 0.98958 0.13770 0.97222 0.10254 0.95833
