6 0.01280 0.00000 0.00000 0.48838 0.00000 0.97705 0.49345 1.00000 0.98720 1.00000 0.99006 0.89098 0.30059 0.00000 0.01280 0.00000
1 0.48986 0.00000 0.48628 0.01432 0.48545 0.04584 0.48975 0.07861 0.49856 0.09716 0.51525 0.12908 0.51481 0.16018 0.50477 0.16293 0.46943 0.17638 0.46807 0.19822 0.50103 0.23675 0.57365 0.23048 0.57294 0.20551 0.54845 0.18989 0.54890 0.15533 0.53566 0.15954 0.53524 0.13502 0.54848 0.11187 0.56671 0.09300 0.57520 0.05408 0.57876 0.02779 0.57951 0.00339 0.50655 0.00000 0.48986 0.00000
6 0.01280 0.00000 0.00000 0.48838 0.00000 0.97705 0.49345 1.00000 0.98720 1.00000 0.99006 0.89098 0.30059 0.00000 0.01280 0.00000
1 0.48986 0.00000 0.48628 0.01432 0.48545 0.04584 0.48975 0.07861 0.49856 0.09716 0.51525 0.12908 0.51481 0.16018 0.50477 0.16293 0.46943 0.17638 0.46807 0.19822 0.50103 0.23675 0.57365 0.23048 0.57294 0.20551 0.54845 0.18989 0.54890 0.15533 0.53566 0.15954 0.53524 0.13502 0.54848 0.11187 0.56671 0.09300 0.57520 0.05408 0.57876 0.02779 0.57951 0.00339 0.50655 0.00000 0.48986 0.00000
6 0.01280 0.00000 0.00000 0.48838 0.00000 0.97705 0.49345 1.00000 0.98720 1.00000 0.99006 0.89098 0.30059 0.00000 0.01280 0.00000
1 0.48986 0.00000 0.48628 0.01432 0.48545 0.04584 0.48975 0.07861 0.49856 0.09716 0.51525 0.12908 0.51481 0.16018 0.50477 0.16293 0.46943 0.17638 0.46807 0.19822 0.50103 0.23675 0.57365 0.23048 0.57294 0.20551 0.54845 0.18989 0.54890 0.15533 0.53566 0.15954 0.53524 0.13502 0.54848 0.11187 0.56671 0.09300 0.57520 0.05408 0.57876 0.02779 0.57951 0.00339 0.50655 0.00000 0.48986 0.00000
6 0.01280 0.00000 0.00000 0.48838 0.00000 0.97705 0.49345 1.00000 0.98720 1.00000 0.99006 0.89098 0.30059 0.00000 0.01280 0.00000
1 0.48986 0.00000 0.48628 0.01432 0.48545 0.04584 0.48975 0.07861 0.49856 0.09716 0.51525 0.12908 0.51481 0.16018 0.50477 0.16293 0.46943 0.17638 0.46807 0.19822 0.50103 0.23675 0.57365 0.23048 0.57294 0.20551 0.54845 0.18989 0.54890 0.15533 0.53566 0.15954 0.53524 0.13502 0.54848 0.11187 0.56671 0.09300 0.57520 0.05408 0.57876 0.02779 0.57951 0.00339 0.50655 0.00000 0.48986 0.00000
6 0.01280 0.00000 0.00000 0.48838 0.00000 0.97705 0.49345 1.00000 0.98720 1.00000 0.99006 0.89098 0.30059 0.00000 0.01280 0.00000
1 0.48986 0.00000 0.48628 0.01432 0.48545 0.04584 0.48975 0.07861 0.49856 0.09716 0.51525 0.12908 0.51481 0.16018 0.50477 0.16293 0.46943 0.17638 0.46807 0.19822 0.50103 0.23675 0.57365 0.23048 0.57294 0.20551 0.54845 0.18989 0.54890 0.15533 0.53566 0.15954 0.53524 0.13502 0.54848 0.11187 0.56671 0.09300 0.57520 0.05408 0.57876 0.02779 0.57951 0.00339 0.50655 0.00000 0.48986 0.00000
6 0.01280 0.00000 0.00000 0.48838 0.00000 0.97705 0.49345 1.00000 0.98720 1.00000 0.99006 0.89098 0.30059 0.00000 0.01280 0.00000
1 0.48986 0.00000 0.48628 0.01432 0.48545 0.04584 0.48975 0.07861 0.49856 0.09716 0.51525 0.12908 0.51481 0.16018 0.50477 0.16293 0.46943 0.17638 0.46807 0.19822 0.50103 0.23675 0.57365 0.23048 0.57294 0.20551 0.54845 0.18989 0.54890 0.15533 0.53566 0.15954 0.53524 0.13502 0.54848 0.11187 0.56671 0.09300 0.57520 0.05408 0.57876 0.02779 0.57951 0.00339 0.50655 0.00000 0.48986 0.00000
