6 1.00000 0.65075 0.70722 0.42137 0.48124 0.23329 0.41158 0.18111 0.32159 0.16924 0.16952 0.19480 0.05049 0.23292 0.00000 0.25105 0.00000 0.33236 0.07027 0.30696 0.09680 0.31343 0.09941 0.33313 0.05087 0.94251 0.05848 1.00000 0.53284 1.00000 1.00000 0.89028 1.00000 0.65075
2 0.59128 0.22965 0.59030 0.22227 0.58646 0.21746 0.57816 0.21941 0.57077 0.20401 0.56882 0.18923 0.57382 0.14618 0.57284 0.13879 0.57662 0.11886 0.57527 0.09252 0.57746 0.07678 0.57551 0.06200 0.57709 0.05782 0.57404 0.05093 0.56812 0.04661 0.54164 0.05663 0.54005 0.06081 0.52346 0.06471 0.52187 0.06889 0.50735 0.07230 0.49923 0.08373 0.50070 0.09481 0.51657 0.11773 0.53489 0.15913 0.54819 0.17885 0.55320 0.20052 0.55576 0.20373 0.55918 0.22958 0.54979 0.23940 0.54869 0.24727 0.55272 0.26156 0.55034 0.26783 0.53997 0.27027 0.53631 0.27493 0.53442 0.28489 0.55011 0.29835 0.55426 0.29737 0.56609 0.30602 0.56896 0.30344 0.57244 0.28929 0.59477 0.28024 0.60417 0.27042 0.61296 0.27216 0.62065 0.28178 0.62351 0.27920 0.62107 0.26073 0.62265 0.25655 0.61862 0.24227 0.61063 0.23844 0.59818 0.24136 0.59128 0.22965
6 1.00000 0.65075 0.70722 0.42137 0.48124 0.23329 0.41158 0.18111 0.32159 0.16924 0.16952 0.19480 0.05049 0.23292 0.00000 0.25105 0.00000 0.33236 0.07027 0.30696 0.09680 0.31343 0.09941 0.33313 0.05087 0.94251 0.05848 1.00000 0.53284 1.00000 1.00000 0.89028 1.00000 0.65075
2 0.59128 0.22965 0.59030 0.22227 0.58646 0.21746 0.57816 0.21941 0.57077 0.20401 0.56882 0.18923 0.57382 0.14618 0.57284 0.13879 0.57662 0.11886 0.57527 0.09252 0.57746 0.07678 0.57551 0.06200 0.57709 0.05782 0.57404 0.05093 0.56812 0.04661 0.54164 0.05663 0.54005 0.06081 0.52346 0.06471 0.52187 0.06889 0.50735 0.07230 0.49923 0.08373 0.50070 0.09481 0.51657 0.11773 0.53489 0.15913 0.54819 0.17885 0.55320 0.20052 0.55576 0.20373 0.55918 0.22958 0.54979 0.23940 0.54869 0.24727 0.55272 0.26156 0.55034 0.26783 0.53997 0.27027 0.53631 0.27493 0.53442 0.28489 0.55011 0.29835 0.55426 0.29737 0.56609 0.30602 0.56896 0.30344 0.57244 0.28929 0.59477 0.28024 0.60417 0.27042 0.61296 0.27216 0.62065 0.28178 0.62351 0.27920 0.62107 0.26073 0.62265 0.25655 0.61862 0.24227 0.61063 0.23844 0.59818 0.24136 0.59128 0.22965
6 1.00000 0.65075 0.70722 0.42137 0.48124 0.23329 0.41158 0.18111 0.32159 0.16924 0.16952 0.19480 0.05049 0.23292 0.00000 0.25105 0.00000 0.33236 0.07027 0.30696 0.09680 0.31343 0.09941 0.33313 0.05087 0.94251 0.05848 1.00000 0.53284 1.00000 1.00000 0.89028 1.00000 0.65075
2 0.59128 0.22965 0.59030 0.22227 0.58646 0.21746 0.57816 0.21941 0.57077 0.20401 0.56882 0.18923 0.57382 0.14618 0.57284 0.13879 0.57662 0.11886 0.57527 0.09252 0.57746 0.07678 0.57551 0.06200 0.57709 0.05782 0.57404 0.05093 0.56812 0.04661 0.54164 0.05663 0.54005 0.06081 0.52346 0.06471 0.52187 0.06889 0.50735 0.07230 0.49923 0.08373 0.50070 0.09481 0.51657 0.11773 0.53489 0.15913 0.54819 0.17885 0.55320 0.20052 0.55576 0.20373 0.55918 0.22958 0.54979 0.23940 0.54869 0.24727 0.55272 0.26156 0.55034 0.26783 0.53997 0.27027 0.53631 0.27493 0.53442 0.28489 0.55011 0.29835 0.55426 0.29737 0.56609 0.30602 0.56896 0.30344 0.57244 0.28929 0.59477 0.28024 0.60417 0.27042 0.61296 0.27216 0.62065 0.28178 0.62351 0.27920 0.62107 0.26073 0.62265 0.25655 0.61862 0.24227 0.61063 0.23844 0.59818 0.24136 0.59128 0.22965
6 1.00000 0.65075 0.70722 0.42137 0.48124 0.23329 0.41158 0.18111 0.32159 0.16924 0.16952 0.19480 0.05049 0.23292 0.00000 0.25105 0.00000 0.33236 0.07027 0.30696 0.09680 0.31343 0.09941 0.33313 0.05087 0.94251 0.05848 1.00000 0.53284 1.00000 1.00000 0.89028 1.00000 0.65075
2 0.59128 0.22965 0.59030 0.22227 0.58646 0.21746 0.57816 0.21941 0.57077 0.20401 0.56882 0.18923 0.57382 0.14618 0.57284 0.13879 0.57662 0.11886 0.57527 0.09252 0.57746 0.07678 0.57551 0.06200 0.57709 0.05782 0.57404 0.05093 0.56812 0.04661 0.54164 0.05663 0.54005 0.06081 0.52346 0.06471 0.52187 0.06889 0.50735 0.07230 0.49923 0.08373 0.50070 0.09481 0.51657 0.11773 0.53489 0.15913 0.54819 0.17885 0.55320 0.20052 0.55576 0.20373 0.55918 0.22958 0.54979 0.23940 0.54869 0.24727 0.55272 0.26156 0.55034 0.26783 0.53997 0.27027 0.53631 0.27493 0.53442 0.28489 0.55011 0.29835 0.55426 0.29737 0.56609 0.30602 0.56896 0.30344 0.57244 0.28929 0.59477 0.28024 0.60417 0.27042 0.61296 0.27216 0.62065 0.28178 0.62351 0.27920 0.62107 0.26073 0.62265 0.25655 0.61862 0.24227 0.61063 0.23844 0.59818 0.24136 0.59128 0.22965
6 1.00000 0.65075 0.70722 0.42137 0.48124 0.23329 0.41158 0.18111 0.32159 0.16924 0.16952 0.19480 0.05049 0.23292 0.00000 0.25105 0.00000 0.33236 0.07027 0.30696 0.09680 0.31343 0.09941 0.33313 0.05087 0.94251 0.05848 1.00000 0.53284 1.00000 1.00000 0.89028 1.00000 0.65075
2 0.59128 0.22965 0.59030 0.22227 0.58646 0.21746 0.57816 0.21941 0.57077 0.20401 0.56882 0.18923 0.57382 0.14618 0.57284 0.13879 0.57662 0.11886 0.57527 0.09252 0.57746 0.07678 0.57551 0.06200 0.57709 0.05782 0.57404 0.05093 0.56812 0.04661 0.54164 0.05663 0.54005 0.06081 0.52346 0.06471 0.52187 0.06889 0.50735 0.07230 0.49923 0.08373 0.50070 0.09481 0.51657 0.11773 0.53489 0.15913 0.54819 0.17885 0.55320 0.20052 0.55576 0.20373 0.55918 0.22958 0.54979 0.23940 0.54869 0.24727 0.55272 0.26156 0.55034 0.26783 0.53997 0.27027 0.53631 0.27493 0.53442 0.28489 0.55011 0.29835 0.55426 0.29737 0.56609 0.30602 0.56896 0.30344 0.57244 0.28929 0.59477 0.28024 0.60417 0.27042 0.61296 0.27216 0.62065 0.28178 0.62351 0.27920 0.62107 0.26073 0.62265 0.25655 0.61862 0.24227 0.61063 0.23844 0.59818 0.24136 0.59128 0.22965
6 1.00000 0.65075 0.70722 0.42137 0.48124 0.23329 0.41158 0.18111 0.32159 0.16924 0.16952 0.19480 0.05049 0.23292 0.00000 0.25105 0.00000 0.33236 0.07027 0.30696 0.09680 0.31343 0.09941 0.33313 0.05087 0.94251 0.05848 1.00000 0.53284 1.00000 1.00000 0.89028 1.00000 0.65075
2 0.59128 0.22965 0.59030 0.22227 0.58646 0.21746 0.57816 0.21941 0.57077 0.20401 0.56882 0.18923 0.57382 0.14618 0.57284 0.13879 0.57662 0.11886 0.57527 0.09252 0.57746 0.07678 0.57551 0.06200 0.57709 0.05782 0.57404 0.05093 0.56812 0.04661 0.54164 0.05663 0.54005 0.06081 0.52346 0.06471 0.52187 0.06889 0.50735 0.07230 0.49923 0.08373 0.50070 0.09481 0.51657 0.11773 0.53489 0.15913 0.54819 0.17885 0.55320 0.20052 0.55576 0.20373 0.55918 0.22958 0.54979 0.23940 0.54869 0.24727 0.55272 0.26156 0.55034 0.26783 0.53997 0.27027 0.53631 0.27493 0.53442 0.28489 0.55011 0.29835 0.55426 0.29737 0.56609 0.30602 0.56896 0.30344 0.57244 0.28929 0.59477 0.28024 0.60417 0.27042 0.61296 0.27216 0.62065 0.28178 0.62351 0.27920 0.62107 0.26073 0.62265 0.25655 0.61862 0.24227 0.61063 0.23844 0.59818 0.24136 0.59128 0.22965
