6 0.42516 1.00000 0.42145 0.99858 0.38844 0.96619 0.38034 0.96420 0.37575 0.95805 0.35883 0.94719 0.35496 0.94791 0.32462 0.92204 0.30576 0.91154 0.28388 0.89109 0.26502 0.88060 0.24737 0.86286 0.24350 0.86359 0.23891 0.85744 0.23274 0.85509 0.20856 0.83156 0.19660 0.83029 0.19430 0.82722 0.18656 0.82866 0.18427 0.82559 0.17460 0.82740 0.17302 0.83120 0.16027 0.83184 0.16686 0.82885 0.16650 0.82541 0.14909 0.82867 0.14679 0.82559 0.14522 0.82939 0.13555 0.83120 0.13289 0.82469 0.03969 0.83863 0.03153 0.84542 0.04848 1.00000 0.42516 1.00000
2 0.37992 0.85734 0.37883 0.84702 0.37653 0.84395 0.37834 0.80504 0.38318 0.77608 0.38294 0.75509 0.38535 0.74061 0.38402 0.70930 0.37864 0.70505 0.31977 0.72659 0.31391 0.73645 0.31500 0.74677 0.33906 0.78785 0.34474 0.80431 0.35658 0.82313 0.36227 0.83960 0.36589 0.87399 0.35695 0.88267 0.35949 0.90674 0.34359 0.91498 0.34196 0.92755 0.34770 0.93525 0.35351 0.93416 0.35580 0.93724 0.37593 0.93171 0.38216 0.92529 0.40657 0.91371 0.40814 0.90991 0.42168 0.90737 0.42404 0.90167 0.42259 0.88792 0.41914 0.88330 0.40138 0.88313 0.39684 0.86819 0.39340 0.86358 0.38566 0.86503 0.37992 0.85734
6 0.42516 1.00000 0.42145 0.99858 0.38844 0.96619 0.38034 0.96420 0.37575 0.95805 0.35883 0.94719 0.35496 0.94791 0.32462 0.92204 0.30576 0.91154 0.28388 0.89109 0.26502 0.88060 0.24737 0.86286 0.24350 0.86359 0.23891 0.85744 0.23274 0.85509 0.20856 0.83156 0.19660 0.83029 0.19430 0.82722 0.18656 0.82866 0.18427 0.82559 0.17460 0.82740 0.17302 0.83120 0.16027 0.83184 0.16686 0.82885 0.16650 0.82541 0.14909 0.82867 0.14679 0.82559 0.14522 0.82939 0.13555 0.83120 0.13289 0.82469 0.03969 0.83863 0.03153 0.84542 0.04848 1.00000 0.42516 1.00000
2 0.37992 0.85734 0.37883 0.84702 0.37653 0.84395 0.37834 0.80504 0.38318 0.77608 0.38294 0.75509 0.38535 0.74061 0.38402 0.70930 0.37864 0.70505 0.31977 0.72659 0.31391 0.73645 0.31500 0.74677 0.33906 0.78785 0.34474 0.80431 0.35658 0.82313 0.36227 0.83960 0.36589 0.87399 0.35695 0.88267 0.35949 0.90674 0.34359 0.91498 0.34196 0.92755 0.34770 0.93525 0.35351 0.93416 0.35580 0.93724 0.37593 0.93171 0.38216 0.92529 0.40657 0.91371 0.40814 0.90991 0.42168 0.90737 0.42404 0.90167 0.42259 0.88792 0.41914 0.88330 0.40138 0.88313 0.39684 0.86819 0.39340 0.86358 0.38566 0.86503 0.37992 0.85734
6 0.42516 1.00000 0.42145 0.99858 0.38844 0.96619 0.38034 0.96420 0.37575 0.95805 0.35883 0.94719 0.35496 0.94791 0.32462 0.92204 0.30576 0.91154 0.28388 0.89109 0.26502 0.88060 0.24737 0.86286 0.24350 0.86359 0.23891 0.85744 0.23274 0.85509 0.20856 0.83156 0.19660 0.83029 0.19430 0.82722 0.18656 0.82866 0.18427 0.82559 0.17460 0.82740 0.17302 0.83120 0.16027 0.83184 0.16686 0.82885 0.16650 0.82541 0.14909 0.82867 0.14679 0.82559 0.14522 0.82939 0.13555 0.83120 0.13289 0.82469 0.03969 0.83863 0.03153 0.84542 0.04848 1.00000 0.42516 1.00000
2 0.37992 0.85734 0.37883 0.84702 0.37653 0.84395 0.37834 0.80504 0.38318 0.77608 0.38294 0.75509 0.38535 0.74061 0.38402 0.70930 0.37864 0.70505 0.31977 0.72659 0.31391 0.73645 0.31500 0.74677 0.33906 0.78785 0.34474 0.80431 0.35658 0.82313 0.36227 0.83960 0.36589 0.87399 0.35695 0.88267 0.35949 0.90674 0.34359 0.91498 0.34196 0.92755 0.34770 0.93525 0.35351 0.93416 0.35580 0.93724 0.37593 0.93171 0.38216 0.92529 0.40657 0.91371 0.40814 0.90991 0.42168 0.90737 0.42404 0.90167 0.42259 0.88792 0.41914 0.88330 0.40138 0.88313 0.39684 0.86819 0.39340 0.86358 0.38566 0.86503 0.37992 0.85734
6 0.42516 1.00000 0.42145 0.99858 0.38844 0.96619 0.38034 0.96420 0.37575 0.95805 0.35883 0.94719 0.35496 0.94791 0.32462 0.92204 0.30576 0.91154 0.28388 0.89109 0.26502 0.88060 0.24737 0.86286 0.24350 0.86359 0.23891 0.85744 0.23274 0.85509 0.20856 0.83156 0.19660 0.83029 0.19430 0.82722 0.18656 0.82866 0.18427 0.82559 0.17460 0.82740 0.17302 0.83120 0.16027 0.83184 0.16686 0.82885 0.16650 0.82541 0.14909 0.82867 0.14679 0.82559 0.14522 0.82939 0.13555 0.83120 0.13289 0.82469 0.03969 0.83863 0.03153 0.84542 0.04848 1.00000 0.42516 1.00000
2 0.37992 0.85734 0.37883 0.84702 0.37653 0.84395 0.37834 0.80504 0.38318 0.77608 0.38294 0.75509 0.38535 0.74061 0.38402 0.70930 0.37864 0.70505 0.31977 0.72659 0.31391 0.73645 0.31500 0.74677 0.33906 0.78785 0.34474 0.80431 0.35658 0.82313 0.36227 0.83960 0.36589 0.87399 0.35695 0.88267 0.35949 0.90674 0.34359 0.91498 0.34196 0.92755 0.34770 0.93525 0.35351 0.93416 0.35580 0.93724 0.37593 0.93171 0.38216 0.92529 0.40657 0.91371 0.40814 0.90991 0.42168 0.90737 0.42404 0.90167 0.42259 0.88792 0.41914 0.88330 0.40138 0.88313 0.39684 0.86819 0.39340 0.86358 0.38566 0.86503 0.37992 0.85734
6 0.42516 1.00000 0.42145 0.99858 0.38844 0.96619 0.38034 0.96420 0.37575 0.95805 0.35883 0.94719 0.35496 0.94791 0.32462 0.92204 0.30576 0.91154 0.28388 0.89109 0.26502 0.88060 0.24737 0.86286 0.24350 0.86359 0.23891 0.85744 0.23274 0.85509 0.20856 0.83156 0.19660 0.83029 0.19430 0.82722 0.18656 0.82866 0.18427 0.82559 0.17460 0.82740 0.17302 0.83120 0.16027 0.83184 0.16686 0.82885 0.16650 0.82541 0.14909 0.82867 0.14679 0.82559 0.14522 0.82939 0.13555 0.83120 0.13289 0.82469 0.03969 0.83863 0.03153 0.84542 0.04848 1.00000 0.42516 1.00000
2 0.37992 0.85734 0.37883 0.84702 0.37653 0.84395 0.37834 0.80504 0.38318 0.77608 0.38294 0.75509 0.38535 0.74061 0.38402 0.70930 0.37864 0.70505 0.31977 0.72659 0.31391 0.73645 0.31500 0.74677 0.33906 0.78785 0.34474 0.80431 0.35658 0.82313 0.36227 0.83960 0.36589 0.87399 0.35695 0.88267 0.35949 0.90674 0.34359 0.91498 0.34196 0.92755 0.34770 0.93525 0.35351 0.93416 0.35580 0.93724 0.37593 0.93171 0.38216 0.92529 0.40657 0.91371 0.40814 0.90991 0.42168 0.90737 0.42404 0.90167 0.42259 0.88792 0.41914 0.88330 0.40138 0.88313 0.39684 0.86819 0.39340 0.86358 0.38566 0.86503 0.37992 0.85734
6 0.42516 1.00000 0.42145 0.99858 0.38844 0.96619 0.38034 0.96420 0.37575 0.95805 0.35883 0.94719 0.35496 0.94791 0.32462 0.92204 0.30576 0.91154 0.28388 0.89109 0.26502 0.88060 0.24737 0.86286 0.24350 0.86359 0.23891 0.85744 0.23274 0.85509 0.20856 0.83156 0.19660 0.83029 0.19430 0.82722 0.18656 0.82866 0.18427 0.82559 0.17460 0.82740 0.17302 0.83120 0.16027 0.83184 0.16686 0.82885 0.16650 0.82541 0.14909 0.82867 0.14679 0.82559 0.14522 0.82939 0.13555 0.83120 0.13289 0.82469 0.03969 0.83863 0.03153 0.84542 0.04848 1.00000 0.42516 1.00000
2 0.37992 0.85734 0.37883 0.84702 0.37653 0.84395 0.37834 0.80504 0.38318 0.77608 0.38294 0.75509 0.38535 0.74061 0.38402 0.70930 0.37864 0.70505 0.31977 0.72659 0.31391 0.73645 0.31500 0.74677 0.33906 0.78785 0.34474 0.80431 0.35658 0.82313 0.36227 0.83960 0.36589 0.87399 0.35695 0.88267 0.35949 0.90674 0.34359 0.91498 0.34196 0.92755 0.34770 0.93525 0.35351 0.93416 0.35580 0.93724 0.37593 0.93171 0.38216 0.92529 0.40657 0.91371 0.40814 0.90991 0.42168 0.90737 0.42404 0.90167 0.42259 0.88792 0.41914 0.88330 0.40138 0.88313 0.39684 0.86819 0.39340 0.86358 0.38566 0.86503 0.37992 0.85734
