6 0.03093 0.00000 0.02361 0.11142 0.18816 0.14908 0.20247 0.12550 0.22142 0.11761 0.22787 0.10574 0.22546 0.07769 0.22314 0.06984 0.21758 0.04647 0.21344 0.02327 0.10372 0.00000 0.03093 0.00000
6 0.47406 0.00000 0.44201 0.08240 0.28324 0.05268 0.30141 0.18379 0.38476 0.21032 0.04960 0.94942 0.48361 1.00000 0.96907 1.00000 0.99290 0.63712 0.74790 0.13902 0.68227 0.01933 0.51639 0.00000 0.47406 0.00000
6 0.03093 0.00000 0.02361 0.11142 0.18816 0.14908 0.20247 0.12550 0.22142 0.11761 0.22787 0.10574 0.22546 0.07769 0.22314 0.06984 0.21758 0.04647 0.21344 0.02327 0.10372 0.00000 0.03093 0.00000
6 0.47406 0.00000 0.44201 0.08240 0.28324 0.05268 0.30141 0.18379 0.38476 0.21032 0.04960 0.94942 0.48361 1.00000 0.96907 1.00000 0.99290 0.63712 0.74790 0.13902 0.68227 0.01933 0.51639 0.00000 0.47406 0.00000
6 0.03093 0.00000 0.02361 0.11142 0.18816 0.14908 0.20247 0.12550 0.22142 0.11761 0.22787 0.10574 0.22546 0.07769 0.22314 0.06984 0.21758 0.04647 0.21344 0.02327 0.10372 0.00000 0.03093 0.00000
6 0.47406 0.00000 0.44201 0.08240 0.28324 0.05268 0.30141 0.18379 0.38476 0.21032 0.04960 0.94942 0.48361 1.00000 0.96907 1.00000 0.99290 0.63712 0.74790 0.13902 0.68227 0.01933 0.51639 0.00000 0.47406 0.00000
6 0.03093 0.00000 0.02361 0.11142 0.18816 0.14908 0.20247 0.12550 0.22142 0.11761 0.22787 0.10574 0.22546 0.07769 0.22314 0.06984 0.21758 0.04647 0.21344 0.02327 0.10372 0.00000 0.03093 0.00000
6 0.47406 0.00000 0.44201 0.08240 0.28324 0.05268 0.30141 0.18379 0.38476 0.21032 0.04960 0.94942 0.48361 1.00000 0.96907 1.00000 0.99290 0.63712 0.74790 0.13902 0.68227 0.01933 0.51639 0.00000 0.47406 0.00000
6 0.03093 0.00000 0.02361 0.11142 0.18816 0.14908 0.20247 0.12550 0.22142 0.11761 0.22787 0.10574 0.22546 0.07769 0.22314 0.06984 0.21758 0.04647 0.21344 0.02327 0.10372 0.00000 0.03093 0.00000
6 0.47406 0.00000 0.44201 0.08240 0.28324 0.05268 0.30141 0.18379 0.38476 0.21032 0.04960 0.94942 0.48361 1.00000 0.96907 1.00000 0.99290 0.63712 0.74790 0.13902 0.68227 0.01933 0.51639 0.00000 0.47406 0.00000
6 0.03093 0.00000 0.02361 0.11142 0.18816 0.14908 0.20247 0.12550 0.22142 0.11761 0.22787 0.10574 0.22546 0.07769 0.22314 0.06984 0.21758 0.04647 0.21344 0.02327 0.10372 0.00000 0.03093 0.00000
6 0.47406 0.00000 0.44201 0.08240 0.28324 0.05268 0.30141 0.18379 0.38476 0.21032 0.04960 0.94942 0.48361 1.00000 0.96907 1.00000 0.99290 0.63712 0.74790 0.13902 0.68227 0.01933 0.51639 0.00000 0.47406 0.00000
