6 0.95767 1.00000 0.99940 0.54727 0.96749 0.45187 0.88100 0.32155 0.81791 0.26002 0.71075 0.18685 0.58887 0.14033 0.40479 0.10035 0.03616 0.06700 0.01647 0.28063 0.28948 0.30599 0.32806 0.35577 0.01550 0.92452 0.47704 1.00000 0.95767 1.00000
5 0.04106 0.01379 0.03719 0.05580 0.04378 0.05715 0.06701 0.04493 0.06588 0.02233 0.04698 0.02338 0.04226 0.01542 0.04106 0.01379
6 0.95767 1.00000 0.99940 0.54727 0.96749 0.45187 0.88100 0.32155 0.81791 0.26002 0.71075 0.18685 0.58887 0.14033 0.40479 0.10035 0.03616 0.06700 0.01647 0.28063 0.28948 0.30599 0.32806 0.35577 0.01550 0.92452 0.47704 1.00000 0.95767 1.00000
5 0.04106 0.01379 0.03719 0.05580 0.04378 0.05715 0.06701 0.04493 0.06588 0.02233 0.04698 0.02338 0.04226 0.01542 0.04106 0.01379
6 0.95767 1.00000 0.99940 0.54727 0.96749 0.45187 0.88100 0.32155 0.81791 0.26002 0.71075 0.18685 0.58887 0.14033 0.40479 0.10035 0.03616 0.06700 0.01647 0.28063 0.28948 0.30599 0.32806 0.35577 0.01550 0.92452 0.47704 1.00000 0.95767 1.00000
5 0.04106 0.01379 0.03719 0.05580 0.04378 0.05715 0.06701 0.04493 0.06588 0.02233 0.04698 0.02338 0.04226 0.01542 0.04106 0.01379
6 0.95767 1.00000 0.99940 0.54727 0.96749 0.45187 0.88100 0.32155 0.81791 0.26002 0.71075 0.18685 0.58887 0.14033 0.40479 0.10035 0.03616 0.06700 0.01647 0.28063 0.28948 0.30599 0.32806 0.35577 0.01550 0.92452 0.47704 1.00000 0.95767 1.00000
5 0.04106 0.01379 0.03719 0.05580 0.04378 0.05715 0.06701 0.04493 0.06588 0.02233 0.04698 0.02338 0.04226 0.01542 0.04106 0.01379
6 0.95767 1.00000 0.99940 0.54727 0.96749 0.45187 0.88100 0.32155 0.81791 0.26002 0.71075 0.18685 0.58887 0.14033 0.40479 0.10035 0.03616 0.06700 0.01647 0.28063 0.28948 0.30599 0.32806 0.35577 0.01550 0.92452 0.47704 1.00000 0.95767 1.00000
5 0.04106 0.01379 0.03719 0.05580 0.04378 0.05715 0.06701 0.04493 0.06588 0.02233 0.04698 0.02338 0.04226 0.01542 0.04106 0.01379
