6 1.00000 0.50725 0.97974 0.47136 0.84290 0.21275 0.80491 0.17267 0.72769 0.12740 0.64593 0.09667 0.54574 0.08331 0.39659 0.08256 0.00000 0.12710 0.00032 0.26886 0.29399 0.24096 0.33521 0.24739 0.33547 0.25620 0.33534 0.27245 0.00000 0.98626 1.00000 0.96600 1.00000 0.50725
5 0.00572 0.00000 0.00634 0.00747 0.00989 0.02913 0.01999 0.05034 0.02411 0.08079 0.02062 0.08982 0.01935 0.09827 0.00000 0.10899 0.00207 0.12231 0.04743 0.11582 0.06484 0.10187 0.06282 0.08522 0.04219 0.09038 0.03806 0.07854 0.03331 0.07515 0.02950 0.05429 0.03299 0.04470 0.03457 0.02214 0.03267 0.00000 0.00572 0.00000
6 1.00000 0.50725 0.97974 0.47136 0.84290 0.21275 0.80491 0.17267 0.72769 0.12740 0.64593 0.09667 0.54574 0.08331 0.39659 0.08256 0.00000 0.12710 0.00032 0.26886 0.29399 0.24096 0.33521 0.24739 0.33547 0.25620 0.33534 0.27245 0.00000 0.98626 1.00000 0.96600 1.00000 0.50725
5 0.00572 0.00000 0.00634 0.00747 0.00989 0.02913 0.01999 0.05034 0.02411 0.08079 0.02062 0.08982 0.01935 0.09827 0.00000 0.10899 0.00207 0.12231 0.04743 0.11582 0.06484 0.10187 0.06282 0.08522 0.04219 0.09038 0.03806 0.07854 0.03331 0.07515 0.02950 0.05429 0.03299 0.04470 0.03457 0.02214 0.03267 0.00000 0.00572 0.00000
6 1.00000 0.50725 0.97974 0.47136 0.84290 0.21275 0.80491 0.17267 0.72769 0.12740 0.64593 0.09667 0.54574 0.08331 0.39659 0.08256 0.00000 0.12710 0.00032 0.26886 0.29399 0.24096 0.33521 0.24739 0.33547 0.25620 0.33534 0.27245 0.00000 0.98626 1.00000 0.96600 1.00000 0.50725
5 0.00572 0.00000 0.00634 0.00747 0.00989 0.02913 0.01999 0.05034 0.02411 0.08079 0.02062 0.08982 0.01935 0.09827 0.00000 0.10899 0.00207 0.12231 0.04743 0.11582 0.06484 0.10187 0.06282 0.08522 0.04219 0.09038 0.03806 0.07854 0.03331 0.07515 0.02950 0.05429 0.03299 0.04470 0.03457 0.02214 0.03267 0.00000 0.00572 0.00000
6 1.00000 0.50725 0.97974 0.47136 0.84290 0.21275 0.80491 0.17267 0.72769 0.12740 0.64593 0.09667 0.54574 0.08331 0.39659 0.08256 0.00000 0.12710 0.00032 0.26886 0.29399 0.24096 0.33521 0.24739 0.33547 0.25620 0.33534 0.27245 0.00000 0.98626 1.00000 0.96600 1.00000 0.50725
5 0.00572 0.00000 0.00634 0.00747 0.00989 0.02913 0.01999 0.05034 0.02411 0.08079 0.02062 0.08982 0.01935 0.09827 0.00000 0.10899 0.00207 0.12231 0.04743 0.11582 0.06484 0.10187 0.06282 0.08522 0.04219 0.09038 0.03806 0.07854 0.03331 0.07515 0.02950 0.05429 0.03299 0.04470 0.03457 0.02214 0.03267 0.00000 0.00572 0.00000
6 1.00000 0.50725 0.97974 0.47136 0.84290 0.21275 0.80491 0.17267 0.72769 0.12740 0.64593 0.09667 0.54574 0.08331 0.39659 0.08256 0.00000 0.12710 0.00032 0.26886 0.29399 0.24096 0.33521 0.24739 0.33547 0.25620 0.33534 0.27245 0.00000 0.98626 1.00000 0.96600 1.00000 0.50725
5 0.00572 0.00000 0.00634 0.00747 0.00989 0.02913 0.01999 0.05034 0.02411 0.08079 0.02062 0.08982 0.01935 0.09827 0.00000 0.10899 0.00207 0.12231 0.04743 0.11582 0.06484 0.10187 0.06282 0.08522 0.04219 0.09038 0.03806 0.07854 0.03331 0.07515 0.02950 0.05429 0.03299 0.04470 0.03457 0.02214 0.03267 0.00000 0.00572 0.00000
