6 0.00000 0.29478 0.16345 0.27968 0.20645 0.30091 0.21208 0.30502 0.22127 0.26101 0.24422 0.26311 0.24728 0.24844 0.24487 0.23202 0.23774 0.22570 0.23359 0.22379 0.22553 0.20327 0.22428 0.18432 0.21920 0.16822 0.00000 0.17176 0.00000 0.29478
6 0.48716 0.00000 0.44177 0.14467 0.26182 0.16325 0.25891 0.18029 0.26031 0.20160 0.26131 0.23726 0.26797 0.23648 0.27133 0.26711 0.30329 0.26338 0.30547 0.29652 0.39845 0.30239 0.21145 1.00000 0.51639 1.00000 1.00000 0.94364 1.00000 0.50268 0.66606 0.00000 0.48716 0.00000
6 0.00000 0.29478 0.16345 0.27968 0.20645 0.30091 0.21208 0.30502 0.22127 0.26101 0.24422 0.26311 0.24728 0.24844 0.24487 0.23202 0.23774 0.22570 0.23359 0.22379 0.22553 0.20327 0.22428 0.18432 0.21920 0.16822 0.00000 0.17176 0.00000 0.29478
6 0.48716 0.00000 0.44177 0.14467 0.26182 0.16325 0.25891 0.18029 0.26031 0.20160 0.26131 0.23726 0.26797 0.23648 0.27133 0.26711 0.30329 0.26338 0.30547 0.29652 0.39845 0.30239 0.21145 1.00000 0.51639 1.00000 1.00000 0.94364 1.00000 0.50268 0.66606 0.00000 0.48716 0.00000
6 0.00000 0.29478 0.16345 0.27968 0.20645 0.30091 0.21208 0.30502 0.22127 0.26101 0.24422 0.26311 0.24728 0.24844 0.24487 0.23202 0.23774 0.22570 0.23359 0.22379 0.22553 0.20327 0.22428 0.18432 0.21920 0.16822 0.00000 0.17176 0.00000 0.29478
6 0.48716 0.00000 0.44177 0.14467 0.26182 0.16325 0.25891 0.18029 0.26031 0.20160 0.26131 0.23726 0.26797 0.23648 0.27133 0.26711 0.30329 0.26338 0.30547 0.29652 0.39845 0.30239 0.21145 1.00000 0.51639 1.00000 1.00000 0.94364 1.00000 0.50268 0.66606 0.00000 0.48716 0.00000
6 0.00000 0.29478 0.16345 0.27968 0.20645 0.30091 0.21208 0.30502 0.22127 0.26101 0.24422 0.26311 0.24728 0.24844 0.24487 0.23202 0.23774 0.22570 0.23359 0.22379 0.22553 0.20327 0.22428 0.18432 0.21920 0.16822 0.00000 0.17176 0.00000 0.29478
6 0.48716 0.00000 0.44177 0.14467 0.26182 0.16325 0.25891 0.18029 0.26031 0.20160 0.26131 0.23726 0.26797 0.23648 0.27133 0.26711 0.30329 0.26338 0.30547 0.29652 0.39845 0.30239 0.21145 1.00000 0.51639 1.00000 1.00000 0.94364 1.00000 0.50268 0.66606 0.00000 0.48716 0.00000
6 0.00000 0.29478 0.16345 0.27968 0.20645 0.30091 0.21208 0.30502 0.22127 0.26101 0.24422 0.26311 0.24728 0.24844 0.24487 0.23202 0.23774 0.22570 0.23359 0.22379 0.22553 0.20327 0.22428 0.18432 0.21920 0.16822 0.00000 0.17176 0.00000 0.29478
6 0.48716 0.00000 0.44177 0.14467 0.26182 0.16325 0.25891 0.18029 0.26031 0.20160 0.26131 0.23726 0.26797 0.23648 0.27133 0.26711 0.30329 0.26338 0.30547 0.29652 0.39845 0.30239 0.21145 1.00000 0.51639 1.00000 1.00000 0.94364 1.00000 0.50268 0.66606 0.00000 0.48716 0.00000
6 0.00000 0.29478 0.16345 0.27968 0.20645 0.30091 0.21208 0.30502 0.22127 0.26101 0.24422 0.26311 0.24728 0.24844 0.24487 0.23202 0.23774 0.22570 0.23359 0.22379 0.22553 0.20327 0.22428 0.18432 0.21920 0.16822 0.00000 0.17176 0.00000 0.29478
6 0.48716 0.00000 0.44177 0.14467 0.26182 0.16325 0.25891 0.18029 0.26031 0.20160 0.26131 0.23726 0.26797 0.23648 0.27133 0.26711 0.30329 0.26338 0.30547 0.29652 0.39845 0.30239 0.21145 1.00000 0.51639 1.00000 1.00000 0.94364 1.00000 0.50268 0.66606 0.00000 0.48716 0.00000
