6 0.02832 1.00000 0.03027 0.99653 0.03223 1.00000 0.26758 0.99827 0.26660 0.99305 0.25488 0.98264 0.25098 0.98264 0.23145 0.96528 0.20606 0.95139 0.18262 0.93055 0.17285 0.92708 0.15918 0.91320 0.13965 0.90625 0.13574 0.89930 0.11230 0.88542 0.10645 0.88542 0.09082 0.87153 0.05762 0.85417 0.05176 0.84722 0.02637 0.83333 0.01074 0.81945 0.00488 0.81597 0.00000 0.81771 0.00098 1.00000 0.01270 1.00000 0.01465 0.99653 0.01855 1.00000 0.02832 1.00000
2 0.20508 0.85590 0.20508 0.85243 0.19824 0.84375 0.18262 0.84028 0.17676 0.82292 0.16504 0.81945 0.16211 0.80382 0.16406 0.78298 0.17383 0.75173 0.18359 0.69965 0.18359 0.68577 0.18555 0.68229 0.18066 0.66667 0.12012 0.67361 0.10547 0.68229 0.10938 0.69965 0.11719 0.71354 0.12500 0.73785 0.13086 0.74827 0.13281 0.75868 0.13867 0.76910 0.14453 0.79340 0.14258 0.80035 0.14258 0.82812 0.13281 0.84202 0.13281 0.85938 0.12988 0.86458 0.11816 0.86805 0.11523 0.87327 0.11523 0.88021 0.12012 0.88889 0.13867 0.88715 0.16699 0.88195 0.19043 0.86458 0.20020 0.86458 0.20508 0.85590
6 0.02832 1.00000 0.03027 0.99653 0.03223 1.00000 0.26758 0.99827 0.26660 0.99305 0.25488 0.98264 0.25098 0.98264 0.23145 0.96528 0.20606 0.95139 0.18262 0.93055 0.17285 0.92708 0.15918 0.91320 0.13965 0.90625 0.13574 0.89930 0.11230 0.88542 0.10645 0.88542 0.09082 0.87153 0.05762 0.85417 0.05176 0.84722 0.02637 0.83333 0.01074 0.81945 0.00488 0.81597 0.00000 0.81771 0.00098 1.00000 0.01270 1.00000 0.01465 0.99653 0.01855 1.00000 0.02832 1.00000
2 0.20508 0.85590 0.20508 0.85243 0.19824 0.84375 0.18262 0.84028 0.17676 0.82292 0.16504 0.81945 0.16211 0.80382 0.16406 0.78298 0.17383 0.75173 0.18359 0.69965 0.18359 0.68577 0.18555 0.68229 0.18066 0.66667 0.12012 0.67361 0.10547 0.68229 0.10938 0.69965 0.11719 0.71354 0.12500 0.73785 0.13086 0.74827 0.13281 0.75868 0.13867 0.76910 0.14453 0.79340 0.14258 0.80035 0.14258 0.82812 0.13281 0.84202 0.13281 0.85938 0.12988 0.86458 0.11816 0.86805 0.11523 0.87327 0.11523 0.88021 0.12012 0.88889 0.13867 0.88715 0.16699 0.88195 0.19043 0.86458 0.20020 0.86458 0.20508 0.85590
6 0.02832 1.00000 0.03027 0.99653 0.03223 1.00000 0.26758 0.99827 0.26660 0.99305 0.25488 0.98264 0.25098 0.98264 0.23145 0.96528 0.20606 0.95139 0.18262 0.93055 0.17285 0.92708 0.15918 0.91320 0.13965 0.90625 0.13574 0.89930 0.11230 0.88542 0.10645 0.88542 0.09082 0.87153 0.05762 0.85417 0.05176 0.84722 0.02637 0.83333 0.01074 0.81945 0.00488 0.81597 0.00000 0.81771 0.00098 1.00000 0.01270 1.00000 0.01465 0.99653 0.01855 1.00000 0.02832 1.00000
2 0.20508 0.85590 0.20508 0.85243 0.19824 0.84375 0.18262 0.84028 0.17676 0.82292 0.16504 0.81945 0.16211 0.80382 0.16406 0.78298 0.17383 0.75173 0.18359 0.69965 0.18359 0.68577 0.18555 0.68229 0.18066 0.66667 0.12012 0.67361 0.10547 0.68229 0.10938 0.69965 0.11719 0.71354 0.12500 0.73785 0.13086 0.74827 0.13281 0.75868 0.13867 0.76910 0.14453 0.79340 0.14258 0.80035 0.14258 0.82812 0.13281 0.84202 0.13281 0.85938 0.12988 0.86458 0.11816 0.86805 0.11523 0.87327 0.11523 0.88021 0.12012 0.88889 0.13867 0.88715 0.16699 0.88195 0.19043 0.86458 0.20020 0.86458 0.20508 0.85590
6 0.02832 1.00000 0.03027 0.99653 0.03223 1.00000 0.26758 0.99827 0.26660 0.99305 0.25488 0.98264 0.25098 0.98264 0.23145 0.96528 0.20606 0.95139 0.18262 0.93055 0.17285 0.92708 0.15918 0.91320 0.13965 0.90625 0.13574 0.89930 0.11230 0.88542 0.10645 0.88542 0.09082 0.87153 0.05762 0.85417 0.05176 0.84722 0.02637 0.83333 0.01074 0.81945 0.00488 0.81597 0.00000 0.81771 0.00098 1.00000 0.01270 1.00000 0.01465 0.99653 0.01855 1.00000 0.02832 1.00000
2 0.20508 0.85590 0.20508 0.85243 0.19824 0.84375 0.18262 0.84028 0.17676 0.82292 0.16504 0.81945 0.16211 0.80382 0.16406 0.78298 0.17383 0.75173 0.18359 0.69965 0.18359 0.68577 0.18555 0.68229 0.18066 0.66667 0.12012 0.67361 0.10547 0.68229 0.10938 0.69965 0.11719 0.71354 0.12500 0.73785 0.13086 0.74827 0.13281 0.75868 0.13867 0.76910 0.14453 0.79340 0.14258 0.80035 0.14258 0.82812 0.13281 0.84202 0.13281 0.85938 0.12988 0.86458 0.11816 0.86805 0.11523 0.87327 0.11523 0.88021 0.12012 0.88889 0.13867 0.88715 0.16699 0.88195 0.19043 0.86458 0.20020 0.86458 0.20508 0.85590
6 0.02832 1.00000 0.03027 0.99653 0.03223 1.00000 0.26758 0.99827 0.26660 0.99305 0.25488 0.98264 0.25098 0.98264 0.23145 0.96528 0.20606 0.95139 0.18262 0.93055 0.17285 0.92708 0.15918 0.91320 0.13965 0.90625 0.13574 0.89930 0.11230 0.88542 0.10645 0.88542 0.09082 0.87153 0.05762 0.85417 0.05176 0.84722 0.02637 0.83333 0.01074 0.81945 0.00488 0.81597 0.00000 0.81771 0.00098 1.00000 0.01270 1.00000 0.01465 0.99653 0.01855 1.00000 0.02832 1.00000
2 0.20508 0.85590 0.20508 0.85243 0.19824 0.84375 0.18262 0.84028 0.17676 0.82292 0.16504 0.81945 0.16211 0.80382 0.16406 0.78298 0.17383 0.75173 0.18359 0.69965 0.18359 0.68577 0.18555 0.68229 0.18066 0.66667 0.12012 0.67361 0.10547 0.68229 0.10938 0.69965 0.11719 0.71354 0.12500 0.73785 0.13086 0.74827 0.13281 0.75868 0.13867 0.76910 0.14453 0.79340 0.14258 0.80035 0.14258 0.82812 0.13281 0.84202 0.13281 0.85938 0.12988 0.86458 0.11816 0.86805 0.11523 0.87327 0.11523 0.88021 0.12012 0.88889 0.13867 0.88715 0.16699 0.88195 0.19043 0.86458 0.20020 0.86458 0.20508 0.85590
6 0.02832 1.00000 0.03027 0.99653 0.03223 1.00000 0.26758 0.99827 0.26660 0.99305 0.25488 0.98264 0.25098 0.98264 0.23145 0.96528 0.20606 0.95139 0.18262 0.93055 0.17285 0.92708 0.15918 0.91320 0.13965 0.90625 0.13574 0.89930 0.11230 0.88542 0.10645 0.88542 0.09082 0.87153 0.05762 0.85417 0.05176 0.84722 0.02637 0.83333 0.01074 0.81945 0.00488 0.81597 0.00000 0.81771 0.00098 1.00000 0.01270 1.00000 0.01465 0.99653 0.01855 1.00000 0.02832 1.00000
2 0.20508 0.85590 0.20508 0.85243 0.19824 0.84375 0.18262 0.84028 0.17676 0.82292 0.16504 0.81945 0.16211 0.80382 0.16406 0.78298 0.17383 0.75173 0.18359 0.69965 0.18359 0.68577 0.18555 0.68229 0.18066 0.66667 0.12012 0.67361 0.10547 0.68229 0.10938 0.69965 0.11719 0.71354 0.12500 0.73785 0.13086 0.74827 0.13281 0.75868 0.13867 0.76910 0.14453 0.79340 0.14258 0.80035 0.14258 0.82812 0.13281 0.84202 0.13281 0.85938 0.12988 0.86458 0.11816 0.86805 0.11523 0.87327 0.11523 0.88021 0.12012 0.88889 0.13867 0.88715 0.16699 0.88195 0.19043 0.86458 0.20020 0.86458 0.20508 0.85590
