7 0.28383 0.46298 0.28586 0.46687 0.28357 0.55412 0.28561 0.55801 0.28501 0.58077 0.28704 0.58466 0.28481 0.58836 0.28422 0.61111 0.29235 0.62668 0.29500 0.64770 0.30119 0.65558 0.30870 0.65403 0.32199 0.63566 0.32442 0.62438 0.32552 0.58265 0.32043 0.57292 0.30968 0.57622 0.30663 0.57038 0.31109 0.56299 0.31313 0.40358 0.31009 0.39774 0.28877 0.39675 0.28542 0.40229 0.28383 0.46298
7 0.35984 0.41334 0.36093 0.37162 0.35585 0.36189 0.35149 0.36548 0.33870 0.36489 0.33535 0.37043 0.33505 0.38181 0.33708 0.38570 0.33619 0.41984 0.33822 0.42373 0.33713 0.46546 0.33916 0.46935 0.34069 0.49221 0.32679 0.49346 0.32507 0.51807 0.32691 0.52955 0.33320 0.53364 0.36203 0.53308 0.37847 0.51675 0.37916 0.49020 0.37612 0.48436 0.36952 0.49165 0.35785 0.48921 0.35805 0.48163 0.36261 0.47044 0.36301 0.45527 0.36097 0.45138 0.36187 0.41724 0.35984 0.41334
4 0.80304 0.60486 0.81705 0.59982 0.83804 0.57231 0.84494 0.55364 0.84523 0.54227 0.84747 0.53857 0.84623 0.50433 0.83830 0.48118 0.82286 0.45957 0.81656 0.45548 0.79311 0.45439 0.78652 0.46168 0.78225 0.46148 0.76775 0.48549 0.76076 0.50795 0.75986 0.54209 0.76170 0.55357 0.76750 0.57663 0.77867 0.59804 0.78294 0.59823 0.78599 0.60407 0.78539 0.62683 0.77138 0.63187 0.76997 0.64510 0.76662 0.65064 0.76246 0.64665 0.76023 0.65035 0.74957 0.64985 0.74622 0.65539 0.74592 0.66677 0.74999 0.67455 0.74979 0.68214 0.75894 0.69966 0.78159 0.73109 0.82960 0.73143 0.83498 0.72978 0.84066 0.71675 0.83476 0.69749 0.84136 0.69020 0.84165 0.67882 0.82835 0.65731 0.81992 0.65312 0.81920 0.63980 0.81412 0.63007 0.80559 0.62967 0.80274 0.61625 0.80304 0.60486
6 0.20574 0.59227 0.20554 0.59986 0.20859 0.60570 0.22249 0.60445 0.23243 0.59162 0.24736 0.59231 0.26501 0.57034 0.28003 0.56725 0.28338 0.56170 0.28387 0.54274 0.28082 0.53690 0.21474 0.53382 0.21251 0.53752 0.20185 0.53702 0.19994 0.56921 0.20574 0.59227
6 0.00000 0.61498 0.03968 0.61683 0.04191 0.61314 0.14951 0.62004 0.17448 0.60411 0.18087 0.60441 0.18675 0.58379 0.18541 0.55335 0.18023 0.54741 0.17220 0.52805 0.15515 0.52725 0.15292 0.53095 0.14449 0.52676 0.14226 0.53045 0.11668 0.52926 0.11445 0.53296 0.03983 0.52949 0.03790 0.52180 0.00000 0.52004 0.00000 0.61498
6 0.89315 0.54639 0.85052 0.54441 0.84910 0.55764 0.83135 0.58339 0.82892 0.59468 0.81482 0.60352 0.81137 0.61285 0.81422 0.62627 0.81838 0.63027 0.82904 0.63076 0.83107 0.63465 0.90041 0.63598 0.93563 0.63572 0.93786 0.63202 0.94416 0.63612 0.99667 0.63856 0.99866 0.56269 0.98878 0.56223 0.98675 0.55834 0.91214 0.55487 0.91011 0.55098 0.89518 0.55029 0.89315 0.54639
6 0.95806 1.00000 0.95410 0.98978 0.89436 0.90725 0.88725 0.89362 0.88846 0.88798 0.88004 0.88379 0.87191 0.86822 0.86663 0.86608 0.86784 0.86044 0.87535 0.85889 0.87605 0.83234 0.87300 0.82650 0.87077 0.83019 0.86559 0.82425 0.86497 0.80713 0.86346 0.82415 0.86021 0.82590 0.85605 0.82191 0.85483 0.82755 0.85677 0.83523 0.85342 0.84078 0.84499 0.83659 0.84204 0.82695 0.84152 0.80604 0.82863 0.80924 0.82558 0.80340 0.82487 0.79008 0.82060 0.78988 0.80608 0.77401 0.79582 0.75834 0.78982 0.74287 0.77936 0.73479 0.75874 0.70725 0.74552 0.68195 0.74359 0.67426 0.74399 0.65909 0.74845 0.65170 0.74875 0.64032 0.74672 0.63643 0.75006 0.63088 0.76935 0.62798 0.77808 0.62079 0.78152 0.61146 0.78162 0.60767 0.76730 0.58421 0.76363 0.56125 0.75662 0.54384 0.75022 0.54354 0.74819 0.53965 0.72048 0.53836 0.71824 0.54205 0.71185 0.54176 0.70982 0.53786 0.69702 0.53727 0.68657 0.52919 0.66311 0.52810 0.66088 0.53179 0.54790 0.52654 0.54567 0.53023 0.42415 0.52457 0.42192 0.52827 0.38781 0.52668 0.38558 0.53038 0.37706 0.52998 0.36823 0.54096 0.35534 0.54416 0.35311 0.54786 0.33818 0.54716 0.33615 0.54327 0.32113 0.54637 0.31962 0.56339 0.32155 0.57107 0.32978 0.58285 0.32948 0.59423 0.33578 0.59832 0.33538 0.61350 0.32616 0.63965 0.29006 0.71393 0.28123 0.72491 0.27211 0.74727 0.26095 0.76575 0.25629 0.78072 0.24747 0.79170 0.24057 0.81037 0.22485 0.84002 0.21603 0.85100 0.19565 0.89563 0.19240 0.89738 0.17334 0.93257 0.14879 0.98397 0.49345 1.00000 0.95806 1.00000
7 0.28383 0.46298 0.28586 0.46687 0.28357 0.55412 0.28561 0.55801 0.28501 0.58077 0.28704 0.58466 0.28481 0.58836 0.28422 0.61111 0.29235 0.62668 0.29500 0.64770 0.30119 0.65558 0.30870 0.65403 0.32199 0.63566 0.32442 0.62438 0.32552 0.58265 0.32043 0.57292 0.30968 0.57622 0.30663 0.57038 0.31109 0.56299 0.31313 0.40358 0.31009 0.39774 0.28877 0.39675 0.28542 0.40229 0.28383 0.46298
7 0.35984 0.41334 0.36093 0.37162 0.35585 0.36189 0.35149 0.36548 0.33870 0.36489 0.33535 0.37043 0.33505 0.38181 0.33708 0.38570 0.33619 0.41984 0.33822 0.42373 0.33713 0.46546 0.33916 0.46935 0.34069 0.49221 0.32679 0.49346 0.32507 0.51807 0.32691 0.52955 0.33320 0.53364 0.36203 0.53308 0.37847 0.51675 0.37916 0.49020 0.37612 0.48436 0.36952 0.49165 0.35785 0.48921 0.35805 0.48163 0.36261 0.47044 0.36301 0.45527 0.36097 0.45138 0.36187 0.41724 0.35984 0.41334
4 0.80304 0.60486 0.81705 0.59982 0.83804 0.57231 0.84494 0.55364 0.84523 0.54227 0.84747 0.53857 0.84623 0.50433 0.83830 0.48118 0.82286 0.45957 0.81656 0.45548 0.79311 0.45439 0.78652 0.46168 0.78225 0.46148 0.76775 0.48549 0.76076 0.50795 0.75986 0.54209 0.76170 0.55357 0.76750 0.57663 0.77867 0.59804 0.78294 0.59823 0.78599 0.60407 0.78539 0.62683 0.77138 0.63187 0.76997 0.64510 0.76662 0.65064 0.76246 0.64665 0.76023 0.65035 0.74957 0.64985 0.74622 0.65539 0.74592 0.66677 0.74999 0.67455 0.74979 0.68214 0.75894 0.69966 0.78159 0.73109 0.82960 0.73143 0.83498 0.72978 0.84066 0.71675 0.83476 0.69749 0.84136 0.69020 0.84165 0.67882 0.82835 0.65731 0.81992 0.65312 0.81920 0.63980 0.81412 0.63007 0.80559 0.62967 0.80274 0.61625 0.80304 0.60486
6 0.20574 0.59227 0.20554 0.59986 0.20859 0.60570 0.22249 0.60445 0.23243 0.59162 0.24736 0.59231 0.26501 0.57034 0.28003 0.56725 0.28338 0.56170 0.28387 0.54274 0.28082 0.53690 0.21474 0.53382 0.21251 0.53752 0.20185 0.53702 0.19994 0.56921 0.20574 0.59227
6 0.00000 0.61498 0.03968 0.61683 0.04191 0.61314 0.14951 0.62004 0.17448 0.60411 0.18087 0.60441 0.18675 0.58379 0.18541 0.55335 0.18023 0.54741 0.17220 0.52805 0.15515 0.52725 0.15292 0.53095 0.14449 0.52676 0.14226 0.53045 0.11668 0.52926 0.11445 0.53296 0.03983 0.52949 0.03790 0.52180 0.00000 0.52004 0.00000 0.61498
6 0.89315 0.54639 0.85052 0.54441 0.84910 0.55764 0.83135 0.58339 0.82892 0.59468 0.81482 0.60352 0.81137 0.61285 0.81422 0.62627 0.81838 0.63027 0.82904 0.63076 0.83107 0.63465 0.90041 0.63598 0.93563 0.63572 0.93786 0.63202 0.94416 0.63612 0.99667 0.63856 0.99866 0.56269 0.98878 0.56223 0.98675 0.55834 0.91214 0.55487 0.91011 0.55098 0.89518 0.55029 0.89315 0.54639
6 0.95806 1.00000 0.95410 0.98978 0.89436 0.90725 0.88725 0.89362 0.88846 0.88798 0.88004 0.88379 0.87191 0.86822 0.86663 0.86608 0.86784 0.86044 0.87535 0.85889 0.87605 0.83234 0.87300 0.82650 0.87077 0.83019 0.86559 0.82425 0.86497 0.80713 0.86346 0.82415 0.86021 0.82590 0.85605 0.82191 0.85483 0.82755 0.85677 0.83523 0.85342 0.84078 0.84499 0.83659 0.84204 0.82695 0.84152 0.80604 0.82863 0.80924 0.82558 0.80340 0.82487 0.79008 0.82060 0.78988 0.80608 0.77401 0.79582 0.75834 0.78982 0.74287 0.77936 0.73479 0.75874 0.70725 0.74552 0.68195 0.74359 0.67426 0.74399 0.65909 0.74845 0.65170 0.74875 0.64032 0.74672 0.63643 0.75006 0.63088 0.76935 0.62798 0.77808 0.62079 0.78152 0.61146 0.78162 0.60767 0.76730 0.58421 0.76363 0.56125 0.75662 0.54384 0.75022 0.54354 0.74819 0.53965 0.72048 0.53836 0.71824 0.54205 0.71185 0.54176 0.70982 0.53786 0.69702 0.53727 0.68657 0.52919 0.66311 0.52810 0.66088 0.53179 0.54790 0.52654 0.54567 0.53023 0.42415 0.52457 0.42192 0.52827 0.38781 0.52668 0.38558 0.53038 0.37706 0.52998 0.36823 0.54096 0.35534 0.54416 0.35311 0.54786 0.33818 0.54716 0.33615 0.54327 0.32113 0.54637 0.31962 0.56339 0.32155 0.57107 0.32978 0.58285 0.32948 0.59423 0.33578 0.59832 0.33538 0.61350 0.32616 0.63965 0.29006 0.71393 0.28123 0.72491 0.27211 0.74727 0.26095 0.76575 0.25629 0.78072 0.24747 0.79170 0.24057 0.81037 0.22485 0.84002 0.21603 0.85100 0.19565 0.89563 0.19240 0.89738 0.17334 0.93257 0.14879 0.98397 0.49345 1.00000 0.95806 1.00000
7 0.28383 0.46298 0.28586 0.46687 0.28357 0.55412 0.28561 0.55801 0.28501 0.58077 0.28704 0.58466 0.28481 0.58836 0.28422 0.61111 0.29235 0.62668 0.29500 0.64770 0.30119 0.65558 0.30870 0.65403 0.32199 0.63566 0.32442 0.62438 0.32552 0.58265 0.32043 0.57292 0.30968 0.57622 0.30663 0.57038 0.31109 0.56299 0.31313 0.40358 0.31009 0.39774 0.28877 0.39675 0.28542 0.40229 0.28383 0.46298
7 0.35984 0.41334 0.36093 0.37162 0.35585 0.36189 0.35149 0.36548 0.33870 0.36489 0.33535 0.37043 0.33505 0.38181 0.33708 0.38570 0.33619 0.41984 0.33822 0.42373 0.33713 0.46546 0.33916 0.46935 0.34069 0.49221 0.32679 0.49346 0.32507 0.51807 0.32691 0.52955 0.33320 0.53364 0.36203 0.53308 0.37847 0.51675 0.37916 0.49020 0.37612 0.48436 0.36952 0.49165 0.35785 0.48921 0.35805 0.48163 0.36261 0.47044 0.36301 0.45527 0.36097 0.45138 0.36187 0.41724 0.35984 0.41334
4 0.80304 0.60486 0.81705 0.59982 0.83804 0.57231 0.84494 0.55364 0.84523 0.54227 0.84747 0.53857 0.84623 0.50433 0.83830 0.48118 0.82286 0.45957 0.81656 0.45548 0.79311 0.45439 0.78652 0.46168 0.78225 0.46148 0.76775 0.48549 0.76076 0.50795 0.75986 0.54209 0.76170 0.55357 0.76750 0.57663 0.77867 0.59804 0.78294 0.59823 0.78599 0.60407 0.78539 0.62683 0.77138 0.63187 0.76997 0.64510 0.76662 0.65064 0.76246 0.64665 0.76023 0.65035 0.74957 0.64985 0.74622 0.65539 0.74592 0.66677 0.74999 0.67455 0.74979 0.68214 0.75894 0.69966 0.78159 0.73109 0.82960 0.73143 0.83498 0.72978 0.84066 0.71675 0.83476 0.69749 0.84136 0.69020 0.84165 0.67882 0.82835 0.65731 0.81992 0.65312 0.81920 0.63980 0.81412 0.63007 0.80559 0.62967 0.80274 0.61625 0.80304 0.60486
6 0.20574 0.59227 0.20554 0.59986 0.20859 0.60570 0.22249 0.60445 0.23243 0.59162 0.24736 0.59231 0.26501 0.57034 0.28003 0.56725 0.28338 0.56170 0.28387 0.54274 0.28082 0.53690 0.21474 0.53382 0.21251 0.53752 0.20185 0.53702 0.19994 0.56921 0.20574 0.59227
6 0.00000 0.61498 0.03968 0.61683 0.04191 0.61314 0.14951 0.62004 0.17448 0.60411 0.18087 0.60441 0.18675 0.58379 0.18541 0.55335 0.18023 0.54741 0.17220 0.52805 0.15515 0.52725 0.15292 0.53095 0.14449 0.52676 0.14226 0.53045 0.11668 0.52926 0.11445 0.53296 0.03983 0.52949 0.03790 0.52180 0.00000 0.52004 0.00000 0.61498
6 0.89315 0.54639 0.85052 0.54441 0.84910 0.55764 0.83135 0.58339 0.82892 0.59468 0.81482 0.60352 0.81137 0.61285 0.81422 0.62627 0.81838 0.63027 0.82904 0.63076 0.83107 0.63465 0.90041 0.63598 0.93563 0.63572 0.93786 0.63202 0.94416 0.63612 0.99667 0.63856 0.99866 0.56269 0.98878 0.56223 0.98675 0.55834 0.91214 0.55487 0.91011 0.55098 0.89518 0.55029 0.89315 0.54639
6 0.95806 1.00000 0.95410 0.98978 0.89436 0.90725 0.88725 0.89362 0.88846 0.88798 0.88004 0.88379 0.87191 0.86822 0.86663 0.86608 0.86784 0.86044 0.87535 0.85889 0.87605 0.83234 0.87300 0.82650 0.87077 0.83019 0.86559 0.82425 0.86497 0.80713 0.86346 0.82415 0.86021 0.82590 0.85605 0.82191 0.85483 0.82755 0.85677 0.83523 0.85342 0.84078 0.84499 0.83659 0.84204 0.82695 0.84152 0.80604 0.82863 0.80924 0.82558 0.80340 0.82487 0.79008 0.82060 0.78988 0.80608 0.77401 0.79582 0.75834 0.78982 0.74287 0.77936 0.73479 0.75874 0.70725 0.74552 0.68195 0.74359 0.67426 0.74399 0.65909 0.74845 0.65170 0.74875 0.64032 0.74672 0.63643 0.75006 0.63088 0.76935 0.62798 0.77808 0.62079 0.78152 0.61146 0.78162 0.60767 0.76730 0.58421 0.76363 0.56125 0.75662 0.54384 0.75022 0.54354 0.74819 0.53965 0.72048 0.53836 0.71824 0.54205 0.71185 0.54176 0.70982 0.53786 0.69702 0.53727 0.68657 0.52919 0.66311 0.52810 0.66088 0.53179 0.54790 0.52654 0.54567 0.53023 0.42415 0.52457 0.42192 0.52827 0.38781 0.52668 0.38558 0.53038 0.37706 0.52998 0.36823 0.54096 0.35534 0.54416 0.35311 0.54786 0.33818 0.54716 0.33615 0.54327 0.32113 0.54637 0.31962 0.56339 0.32155 0.57107 0.32978 0.58285 0.32948 0.59423 0.33578 0.59832 0.33538 0.61350 0.32616 0.63965 0.29006 0.71393 0.28123 0.72491 0.27211 0.74727 0.26095 0.76575 0.25629 0.78072 0.24747 0.79170 0.24057 0.81037 0.22485 0.84002 0.21603 0.85100 0.19565 0.89563 0.19240 0.89738 0.17334 0.93257 0.14879 0.98397 0.49345 1.00000 0.95806 1.00000
