6 0.21191 1.00000 0.21387 0.99653 0.21973 0.99653 0.22168 1.00000 0.28516 0.99827 0.28613 0.99305 0.26855 0.98264 0.26074 0.98264 0.21191 0.95139 0.20606 0.95139 0.17285 0.93055 0.15332 0.92361 0.13379 0.90972 0.12793 0.90972 0.11621 0.89930 0.10449 0.89583 0.08691 0.88195 0.07910 0.88195 0.05176 0.86458 0.03418 0.86111 0.00684 0.84375 0.00000 0.84548 0.00098 1.00000 0.06152 1.00000 0.06348 0.99653 0.06934 1.00000 0.07715 1.00000 0.07910 0.99653 0.08301 1.00000 0.21191 1.00000
2 0.11426 0.84722 0.12012 0.84028 0.13379 0.84028 0.13672 0.83507 0.13574 0.81945 0.12207 0.81945 0.11816 0.82292 0.11133 0.81423 0.11133 0.80729 0.10645 0.79514 0.09863 0.79514 0.09375 0.78646 0.09375 0.76215 0.09570 0.75173 0.09961 0.74479 0.09961 0.73785 0.11133 0.69271 0.11133 0.68229 0.11523 0.66493 0.11523 0.64757 0.11230 0.64236 0.08691 0.64236 0.08496 0.64583 0.04199 0.64930 0.03516 0.65798 0.03516 0.66493 0.05273 0.69965 0.06250 0.73090 0.07422 0.75521 0.07617 0.76562 0.07813 0.80035 0.06445 0.81771 0.06641 0.83854 0.06152 0.84375 0.05371 0.84375 0.04492 0.84896 0.04590 0.86111 0.05176 0.86111 0.05371 0.86458 0.06836 0.86285 0.07715 0.85764 0.09863 0.85417 0.10059 0.85070 0.11426 0.84722
6 0.21191 1.00000 0.21387 0.99653 0.21973 0.99653 0.22168 1.00000 0.28516 0.99827 0.28613 0.99305 0.26855 0.98264 0.26074 0.98264 0.21191 0.95139 0.20606 0.95139 0.17285 0.93055 0.15332 0.92361 0.13379 0.90972 0.12793 0.90972 0.11621 0.89930 0.10449 0.89583 0.08691 0.88195 0.07910 0.88195 0.05176 0.86458 0.03418 0.86111 0.00684 0.84375 0.00000 0.84548 0.00098 1.00000 0.06152 1.00000 0.06348 0.99653 0.06934 1.00000 0.07715 1.00000 0.07910 0.99653 0.08301 1.00000 0.21191 1.00000
2 0.11426 0.84722 0.12012 0.84028 0.13379 0.84028 0.13672 0.83507 0.13574 0.81945 0.12207 0.81945 0.11816 0.82292 0.11133 0.81423 0.11133 0.80729 0.10645 0.79514 0.09863 0.79514 0.09375 0.78646 0.09375 0.76215 0.09570 0.75173 0.09961 0.74479 0.09961 0.73785 0.11133 0.69271 0.11133 0.68229 0.11523 0.66493 0.11523 0.64757 0.11230 0.64236 0.08691 0.64236 0.08496 0.64583 0.04199 0.64930 0.03516 0.65798 0.03516 0.66493 0.05273 0.69965 0.06250 0.73090 0.07422 0.75521 0.07617 0.76562 0.07813 0.80035 0.06445 0.81771 0.06641 0.83854 0.06152 0.84375 0.05371 0.84375 0.04492 0.84896 0.04590 0.86111 0.05176 0.86111 0.05371 0.86458 0.06836 0.86285 0.07715 0.85764 0.09863 0.85417 0.10059 0.85070 0.11426 0.84722
6 0.21191 1.00000 0.21387 0.99653 0.21973 0.99653 0.22168 1.00000 0.28516 0.99827 0.28613 0.99305 0.26855 0.98264 0.26074 0.98264 0.21191 0.95139 0.20606 0.95139 0.17285 0.93055 0.15332 0.92361 0.13379 0.90972 0.12793 0.90972 0.11621 0.89930 0.10449 0.89583 0.08691 0.88195 0.07910 0.88195 0.05176 0.86458 0.03418 0.86111 0.00684 0.84375 0.00000 0.84548 0.00098 1.00000 0.06152 1.00000 0.06348 0.99653 0.06934 1.00000 0.07715 1.00000 0.07910 0.99653 0.08301 1.00000 0.21191 1.00000
2 0.11426 0.84722 0.12012 0.84028 0.13379 0.84028 0.13672 0.83507 0.13574 0.81945 0.12207 0.81945 0.11816 0.82292 0.11133 0.81423 0.11133 0.80729 0.10645 0.79514 0.09863 0.79514 0.09375 0.78646 0.09375 0.76215 0.09570 0.75173 0.09961 0.74479 0.09961 0.73785 0.11133 0.69271 0.11133 0.68229 0.11523 0.66493 0.11523 0.64757 0.11230 0.64236 0.08691 0.64236 0.08496 0.64583 0.04199 0.64930 0.03516 0.65798 0.03516 0.66493 0.05273 0.69965 0.06250 0.73090 0.07422 0.75521 0.07617 0.76562 0.07813 0.80035 0.06445 0.81771 0.06641 0.83854 0.06152 0.84375 0.05371 0.84375 0.04492 0.84896 0.04590 0.86111 0.05176 0.86111 0.05371 0.86458 0.06836 0.86285 0.07715 0.85764 0.09863 0.85417 0.10059 0.85070 0.11426 0.84722
6 0.21191 1.00000 0.21387 0.99653 0.21973 0.99653 0.22168 1.00000 0.28516 0.99827 0.28613 0.99305 0.26855 0.98264 0.26074 0.98264 0.21191 0.95139 0.20606 0.95139 0.17285 0.93055 0.15332 0.92361 0.13379 0.90972 0.12793 0.90972 0.11621 0.89930 0.10449 0.89583 0.08691 0.88195 0.07910 0.88195 0.05176 0.86458 0.03418 0.86111 0.00684 0.84375 0.00000 0.84548 0.00098 1.00000 0.06152 1.00000 0.06348 0.99653 0.06934 1.00000 0.07715 1.00000 0.07910 0.99653 0.08301 1.00000 0.21191 1.00000
2 0.11426 0.84722 0.12012 0.84028 0.13379 0.84028 0.13672 0.83507 0.13574 0.81945 0.12207 0.81945 0.11816 0.82292 0.11133 0.81423 0.11133 0.80729 0.10645 0.79514 0.09863 0.79514 0.09375 0.78646 0.09375 0.76215 0.09570 0.75173 0.09961 0.74479 0.09961 0.73785 0.11133 0.69271 0.11133 0.68229 0.11523 0.66493 0.11523 0.64757 0.11230 0.64236 0.08691 0.64236 0.08496 0.64583 0.04199 0.64930 0.03516 0.65798 0.03516 0.66493 0.05273 0.69965 0.06250 0.73090 0.07422 0.75521 0.07617 0.76562 0.07813 0.80035 0.06445 0.81771 0.06641 0.83854 0.06152 0.84375 0.05371 0.84375 0.04492 0.84896 0.04590 0.86111 0.05176 0.86111 0.05371 0.86458 0.06836 0.86285 0.07715 0.85764 0.09863 0.85417 0.10059 0.85070 0.11426 0.84722
6 0.21191 1.00000 0.21387 0.99653 0.21973 0.99653 0.22168 1.00000 0.28516 0.99827 0.28613 0.99305 0.26855 0.98264 0.26074 0.98264 0.21191 0.95139 0.20606 0.95139 0.17285 0.93055 0.15332 0.92361 0.13379 0.90972 0.12793 0.90972 0.11621 0.89930 0.10449 0.89583 0.08691 0.88195 0.07910 0.88195 0.05176 0.86458 0.03418 0.86111 0.00684 0.84375 0.00000 0.84548 0.00098 1.00000 0.06152 1.00000 0.06348 0.99653 0.06934 1.00000 0.07715 1.00000 0.07910 0.99653 0.08301 1.00000 0.21191 1.00000
2 0.11426 0.84722 0.12012 0.84028 0.13379 0.84028 0.13672 0.83507 0.13574 0.81945 0.12207 0.81945 0.11816 0.82292 0.11133 0.81423 0.11133 0.80729 0.10645 0.79514 0.09863 0.79514 0.09375 0.78646 0.09375 0.76215 0.09570 0.75173 0.09961 0.74479 0.09961 0.73785 0.11133 0.69271 0.11133 0.68229 0.11523 0.66493 0.11523 0.64757 0.11230 0.64236 0.08691 0.64236 0.08496 0.64583 0.04199 0.64930 0.03516 0.65798 0.03516 0.66493 0.05273 0.69965 0.06250 0.73090 0.07422 0.75521 0.07617 0.76562 0.07813 0.80035 0.06445 0.81771 0.06641 0.83854 0.06152 0.84375 0.05371 0.84375 0.04492 0.84896 0.04590 0.86111 0.05176 0.86111 0.05371 0.86458 0.06836 0.86285 0.07715 0.85764 0.09863 0.85417 0.10059 0.85070 0.11426 0.84722
6 0.21191 1.00000 0.21387 0.99653 0.21973 0.99653 0.22168 1.00000 0.28516 0.99827 0.28613 0.99305 0.26855 0.98264 0.26074 0.98264 0.21191 0.95139 0.20606 0.95139 0.17285 0.93055 0.15332 0.92361 0.13379 0.90972 0.12793 0.90972 0.11621 0.89930 0.10449 0.89583 0.08691 0.88195 0.07910 0.88195 0.05176 0.86458 0.03418 0.86111 0.00684 0.84375 0.00000 0.84548 0.00098 1.00000 0.06152 1.00000 0.06348 0.99653 0.06934 1.00000 0.07715 1.00000 0.07910 0.99653 0.08301 1.00000 0.21191 1.00000
2 0.11426 0.84722 0.12012 0.84028 0.13379 0.84028 0.13672 0.83507 0.13574 0.81945 0.12207 0.81945 0.11816 0.82292 0.11133 0.81423 0.11133 0.80729 0.10645 0.79514 0.09863 0.79514 0.09375 0.78646 0.09375 0.76215 0.09570 0.75173 0.09961 0.74479 0.09961 0.73785 0.11133 0.69271 0.11133 0.68229 0.11523 0.66493 0.11523 0.64757 0.11230 0.64236 0.08691 0.64236 0.08496 0.64583 0.04199 0.64930 0.03516 0.65798 0.03516 0.66493 0.05273 0.69965 0.06250 0.73090 0.07422 0.75521 0.07617 0.76562 0.07813 0.80035 0.06445 0.81771 0.06641 0.83854 0.06152 0.84375 0.05371 0.84375 0.04492 0.84896 0.04590 0.86111 0.05176 0.86111 0.05371 0.86458 0.06836 0.86285 0.07715 0.85764 0.09863 0.85417 0.10059 0.85070 0.11426 0.84722
