6 1.00000 0.46441 0.85867 0.35100 0.68008 0.26782 0.37176 0.15193 0.17779 0.05704 0.00000 0.06018 0.00000 0.30093 0.23568 0.64583 0.29167 0.74537 0.30989 0.78704 0.28385 0.89583 0.19922 1.00000 1.00000 1.00000 1.00000 0.46441
5 0.43758 0.09914 0.43401 0.07186 0.44186 0.06805 0.44983 0.03089 0.44971 0.00463 0.40171 0.00463 0.40228 0.03023 0.40385 0.04645 0.41871 0.07833 0.42402 0.10548 0.41474 0.11817 0.41760 0.13150 0.39548 0.13530 0.39476 0.15053 0.43723 0.16258 0.47398 0.14228 0.47240 0.13217 0.45015 0.12269 0.44829 0.09914 0.43758 0.09914
6 1.00000 0.46441 0.85867 0.35100 0.68008 0.26782 0.37176 0.15193 0.17779 0.05704 0.00000 0.06018 0.00000 0.30093 0.23568 0.64583 0.29167 0.74537 0.30989 0.78704 0.28385 0.89583 0.19922 1.00000 1.00000 1.00000 1.00000 0.46441
5 0.43758 0.09914 0.43401 0.07186 0.44186 0.06805 0.44983 0.03089 0.44971 0.00463 0.40171 0.00463 0.40228 0.03023 0.40385 0.04645 0.41871 0.07833 0.42402 0.10548 0.41474 0.11817 0.41760 0.13150 0.39548 0.13530 0.39476 0.15053 0.43723 0.16258 0.47398 0.14228 0.47240 0.13217 0.45015 0.12269 0.44829 0.09914 0.43758 0.09914
6 1.00000 0.46441 0.85867 0.35100 0.68008 0.26782 0.37176 0.15193 0.17779 0.05704 0.00000 0.06018 0.00000 0.30093 0.23568 0.64583 0.29167 0.74537 0.30989 0.78704 0.28385 0.89583 0.19922 1.00000 1.00000 1.00000 1.00000 0.46441
5 0.43758 0.09914 0.43401 0.07186 0.44186 0.06805 0.44983 0.03089 0.44971 0.00463 0.40171 0.00463 0.40228 0.03023 0.40385 0.04645 0.41871 0.07833 0.42402 0.10548 0.41474 0.11817 0.41760 0.13150 0.39548 0.13530 0.39476 0.15053 0.43723 0.16258 0.47398 0.14228 0.47240 0.13217 0.45015 0.12269 0.44829 0.09914 0.43758 0.09914
6 1.00000 0.46441 0.85867 0.35100 0.68008 0.26782 0.37176 0.15193 0.17779 0.05704 0.00000 0.06018 0.00000 0.30093 0.23568 0.64583 0.29167 0.74537 0.30989 0.78704 0.28385 0.89583 0.19922 1.00000 1.00000 1.00000 1.00000 0.46441
5 0.43758 0.09914 0.43401 0.07186 0.44186 0.06805 0.44983 0.03089 0.44971 0.00463 0.40171 0.00463 0.40228 0.03023 0.40385 0.04645 0.41871 0.07833 0.42402 0.10548 0.41474 0.11817 0.41760 0.13150 0.39548 0.13530 0.39476 0.15053 0.43723 0.16258 0.47398 0.14228 0.47240 0.13217 0.45015 0.12269 0.44829 0.09914 0.43758 0.09914
6 1.00000 0.46441 0.85867 0.35100 0.68008 0.26782 0.37176 0.15193 0.17779 0.05704 0.00000 0.06018 0.00000 0.30093 0.23568 0.64583 0.29167 0.74537 0.30989 0.78704 0.28385 0.89583 0.19922 1.00000 1.00000 1.00000 1.00000 0.46441
5 0.43758 0.09914 0.43401 0.07186 0.44186 0.06805 0.44983 0.03089 0.44971 0.00463 0.40171 0.00463 0.40228 0.03023 0.40385 0.04645 0.41871 0.07833 0.42402 0.10548 0.41474 0.11817 0.41760 0.13150 0.39548 0.13530 0.39476 0.15053 0.43723 0.16258 0.47398 0.14228 0.47240 0.13217 0.45015 0.12269 0.44829 0.09914 0.43758 0.09914
6 1.00000 0.46441 0.85867 0.35100 0.68008 0.26782 0.37176 0.15193 0.17779 0.05704 0.00000 0.06018 0.00000 0.30093 0.23568 0.64583 0.29167 0.74537 0.30989 0.78704 0.28385 0.89583 0.19922 1.00000 1.00000 1.00000 1.00000 0.46441
5 0.43758 0.09914 0.43401 0.07186 0.44186 0.06805 0.44983 0.03089 0.44971 0.00463 0.40171 0.00463 0.40228 0.03023 0.40385 0.04645 0.41871 0.07833 0.42402 0.10548 0.41474 0.11817 0.41760 0.13150 0.39548 0.13530 0.39476 0.15053 0.43723 0.16258 0.47398 0.14228 0.47240 0.13217 0.45015 0.12269 0.44829 0.09914 0.43758 0.09914
