6 0.26352 0.16109 0.25257 0.14166 0.24811 0.11323 0.23904 0.10419 0.24757 0.05773 0.04141 0.01005 0.02743 0.16167 0.21529 0.22372 0.22528 0.22284 0.23638 0.19443 0.25892 0.19559 0.26468 0.16379 0.26352 0.16109
6 0.95767 1.00000 0.99306 0.61601 0.75973 0.03873 0.55362 0.00502 0.50247 0.11705 0.30612 0.06730 0.29222 0.09525 0.28628 0.15977 0.28819 0.20038 0.32723 0.20677 0.31218 0.24713 0.41792 0.28205 0.10643 0.92880 0.49358 1.00000 0.95767 1.00000
7 0.82247 0.13412 0.81916 0.13547 0.81048 0.16050 0.80843 0.18283 0.81105 0.18893 0.81523 0.18961 0.81801 0.18251 0.81975 0.18657 0.83439 0.18896 0.83614 0.19303 0.84378 0.17917 0.84796 0.17985 0.85146 0.18798 0.85774 0.18900 0.86089 0.20086 0.86420 0.19951 0.87044 0.17786 0.87284 0.15180 0.87143 0.14402 0.86847 0.14164 0.86482 0.14671 0.86379 0.15788 0.85770 0.16633 0.84934 0.16496 0.84672 0.15887 0.84980 0.12537 0.85224 0.12199 0.85464 0.09593 0.86088 0.07429 0.86261 0.05555 0.84441 0.05257 0.84206 0.07121 0.83582 0.09286 0.83205 0.13380 0.83345 0.14158 0.82596 0.14225 0.82247 0.13412
7 0.47293 0.00000 0.47126 0.01812 0.46883 0.02150 0.46677 0.04383 0.46852 0.04789 0.45216 0.06411 0.44805 0.10877 0.45660 0.11962 0.49127 0.12340 0.50101 0.10988 0.51037 0.07741 0.50076 0.05505 0.49570 0.05234 0.49707 0.03745 0.50019 0.02663 0.52144 0.00000 0.47293 0.00000
6 0.26352 0.16109 0.25257 0.14166 0.24811 0.11323 0.23904 0.10419 0.24757 0.05773 0.04141 0.01005 0.02743 0.16167 0.21529 0.22372 0.22528 0.22284 0.23638 0.19443 0.25892 0.19559 0.26468 0.16379 0.26352 0.16109
6 0.95767 1.00000 0.99306 0.61601 0.75973 0.03873 0.55362 0.00502 0.50247 0.11705 0.30612 0.06730 0.29222 0.09525 0.28628 0.15977 0.28819 0.20038 0.32723 0.20677 0.31218 0.24713 0.41792 0.28205 0.10643 0.92880 0.49358 1.00000 0.95767 1.00000
7 0.82247 0.13412 0.81916 0.13547 0.81048 0.16050 0.80843 0.18283 0.81105 0.18893 0.81523 0.18961 0.81801 0.18251 0.81975 0.18657 0.83439 0.18896 0.83614 0.19303 0.84378 0.17917 0.84796 0.17985 0.85146 0.18798 0.85774 0.18900 0.86089 0.20086 0.86420 0.19951 0.87044 0.17786 0.87284 0.15180 0.87143 0.14402 0.86847 0.14164 0.86482 0.14671 0.86379 0.15788 0.85770 0.16633 0.84934 0.16496 0.84672 0.15887 0.84980 0.12537 0.85224 0.12199 0.85464 0.09593 0.86088 0.07429 0.86261 0.05555 0.84441 0.05257 0.84206 0.07121 0.83582 0.09286 0.83205 0.13380 0.83345 0.14158 0.82596 0.14225 0.82247 0.13412
7 0.47293 0.00000 0.47126 0.01812 0.46883 0.02150 0.46677 0.04383 0.46852 0.04789 0.45216 0.06411 0.44805 0.10877 0.45660 0.11962 0.49127 0.12340 0.50101 0.10988 0.51037 0.07741 0.50076 0.05505 0.49570 0.05234 0.49707 0.03745 0.50019 0.02663 0.52144 0.00000 0.47293 0.00000
6 0.26352 0.16109 0.25257 0.14166 0.24811 0.11323 0.23904 0.10419 0.24757 0.05773 0.04141 0.01005 0.02743 0.16167 0.21529 0.22372 0.22528 0.22284 0.23638 0.19443 0.25892 0.19559 0.26468 0.16379 0.26352 0.16109
6 0.95767 1.00000 0.99306 0.61601 0.75973 0.03873 0.55362 0.00502 0.50247 0.11705 0.30612 0.06730 0.29222 0.09525 0.28628 0.15977 0.28819 0.20038 0.32723 0.20677 0.31218 0.24713 0.41792 0.28205 0.10643 0.92880 0.49358 1.00000 0.95767 1.00000
7 0.82247 0.13412 0.81916 0.13547 0.81048 0.16050 0.80843 0.18283 0.81105 0.18893 0.81523 0.18961 0.81801 0.18251 0.81975 0.18657 0.83439 0.18896 0.83614 0.19303 0.84378 0.17917 0.84796 0.17985 0.85146 0.18798 0.85774 0.18900 0.86089 0.20086 0.86420 0.19951 0.87044 0.17786 0.87284 0.15180 0.87143 0.14402 0.86847 0.14164 0.86482 0.14671 0.86379 0.15788 0.85770 0.16633 0.84934 0.16496 0.84672 0.15887 0.84980 0.12537 0.85224 0.12199 0.85464 0.09593 0.86088 0.07429 0.86261 0.05555 0.84441 0.05257 0.84206 0.07121 0.83582 0.09286 0.83205 0.13380 0.83345 0.14158 0.82596 0.14225 0.82247 0.13412
7 0.47293 0.00000 0.47126 0.01812 0.46883 0.02150 0.46677 0.04383 0.46852 0.04789 0.45216 0.06411 0.44805 0.10877 0.45660 0.11962 0.49127 0.12340 0.50101 0.10988 0.51037 0.07741 0.50076 0.05505 0.49570 0.05234 0.49707 0.03745 0.50019 0.02663 0.52144 0.00000 0.47293 0.00000
6 0.26352 0.16109 0.25257 0.14166 0.24811 0.11323 0.23904 0.10419 0.24757 0.05773 0.04141 0.01005 0.02743 0.16167 0.21529 0.22372 0.22528 0.22284 0.23638 0.19443 0.25892 0.19559 0.26468 0.16379 0.26352 0.16109
6 0.95767 1.00000 0.99306 0.61601 0.75973 0.03873 0.55362 0.00502 0.50247 0.11705 0.30612 0.06730 0.29222 0.09525 0.28628 0.15977 0.28819 0.20038 0.32723 0.20677 0.31218 0.24713 0.41792 0.28205 0.10643 0.92880 0.49358 1.00000 0.95767 1.00000
7 0.82247 0.13412 0.81916 0.13547 0.81048 0.16050 0.80843 0.18283 0.81105 0.18893 0.81523 0.18961 0.81801 0.18251 0.81975 0.18657 0.83439 0.18896 0.83614 0.19303 0.84378 0.17917 0.84796 0.17985 0.85146 0.18798 0.85774 0.18900 0.86089 0.20086 0.86420 0.19951 0.87044 0.17786 0.87284 0.15180 0.87143 0.14402 0.86847 0.14164 0.86482 0.14671 0.86379 0.15788 0.85770 0.16633 0.84934 0.16496 0.84672 0.15887 0.84980 0.12537 0.85224 0.12199 0.85464 0.09593 0.86088 0.07429 0.86261 0.05555 0.84441 0.05257 0.84206 0.07121 0.83582 0.09286 0.83205 0.13380 0.83345 0.14158 0.82596 0.14225 0.82247 0.13412
7 0.47293 0.00000 0.47126 0.01812 0.46883 0.02150 0.46677 0.04383 0.46852 0.04789 0.45216 0.06411 0.44805 0.10877 0.45660 0.11962 0.49127 0.12340 0.50101 0.10988 0.51037 0.07741 0.50076 0.05505 0.49570 0.05234 0.49707 0.03745 0.50019 0.02663 0.52144 0.00000 0.47293 0.00000
6 0.26352 0.16109 0.25257 0.14166 0.24811 0.11323 0.23904 0.10419 0.24757 0.05773 0.04141 0.01005 0.02743 0.16167 0.21529 0.22372 0.22528 0.22284 0.23638 0.19443 0.25892 0.19559 0.26468 0.16379 0.26352 0.16109
6 0.95767 1.00000 0.99306 0.61601 0.75973 0.03873 0.55362 0.00502 0.50247 0.11705 0.30612 0.06730 0.29222 0.09525 0.28628 0.15977 0.28819 0.20038 0.32723 0.20677 0.31218 0.24713 0.41792 0.28205 0.10643 0.92880 0.49358 1.00000 0.95767 1.00000
7 0.82247 0.13412 0.81916 0.13547 0.81048 0.16050 0.80843 0.18283 0.81105 0.18893 0.81523 0.18961 0.81801 0.18251 0.81975 0.18657 0.83439 0.18896 0.83614 0.19303 0.84378 0.17917 0.84796 0.17985 0.85146 0.18798 0.85774 0.18900 0.86089 0.20086 0.86420 0.19951 0.87044 0.17786 0.87284 0.15180 0.87143 0.14402 0.86847 0.14164 0.86482 0.14671 0.86379 0.15788 0.85770 0.16633 0.84934 0.16496 0.84672 0.15887 0.84980 0.12537 0.85224 0.12199 0.85464 0.09593 0.86088 0.07429 0.86261 0.05555 0.84441 0.05257 0.84206 0.07121 0.83582 0.09286 0.83205 0.13380 0.83345 0.14158 0.82596 0.14225 0.82247 0.13412
7 0.47293 0.00000 0.47126 0.01812 0.46883 0.02150 0.46677 0.04383 0.46852 0.04789 0.45216 0.06411 0.44805 0.10877 0.45660 0.11962 0.49127 0.12340 0.50101 0.10988 0.51037 0.07741 0.50076 0.05505 0.49570 0.05234 0.49707 0.03745 0.50019 0.02663 0.52144 0.00000 0.47293 0.00000
6 0.26352 0.16109 0.25257 0.14166 0.24811 0.11323 0.23904 0.10419 0.24757 0.05773 0.04141 0.01005 0.02743 0.16167 0.21529 0.22372 0.22528 0.22284 0.23638 0.19443 0.25892 0.19559 0.26468 0.16379 0.26352 0.16109
6 0.95767 1.00000 0.99306 0.61601 0.75973 0.03873 0.55362 0.00502 0.50247 0.11705 0.30612 0.06730 0.29222 0.09525 0.28628 0.15977 0.28819 0.20038 0.32723 0.20677 0.31218 0.24713 0.41792 0.28205 0.10643 0.92880 0.49358 1.00000 0.95767 1.00000
7 0.82247 0.13412 0.81916 0.13547 0.81048 0.16050 0.80843 0.18283 0.81105 0.18893 0.81523 0.18961 0.81801 0.18251 0.81975 0.18657 0.83439 0.18896 0.83614 0.19303 0.84378 0.17917 0.84796 0.17985 0.85146 0.18798 0.85774 0.18900 0.86089 0.20086 0.86420 0.19951 0.87044 0.17786 0.87284 0.15180 0.87143 0.14402 0.86847 0.14164 0.86482 0.14671 0.86379 0.15788 0.85770 0.16633 0.84934 0.16496 0.84672 0.15887 0.84980 0.12537 0.85224 0.12199 0.85464 0.09593 0.86088 0.07429 0.86261 0.05555 0.84441 0.05257 0.84206 0.07121 0.83582 0.09286 0.83205 0.13380 0.83345 0.14158 0.82596 0.14225 0.82247 0.13412
7 0.47293 0.00000 0.47126 0.01812 0.46883 0.02150 0.46677 0.04383 0.46852 0.04789 0.45216 0.06411 0.44805 0.10877 0.45660 0.11962 0.49127 0.12340 0.50101 0.10988 0.51037 0.07741 0.50076 0.05505 0.49570 0.05234 0.49707 0.03745 0.50019 0.02663 0.52144 0.00000 0.47293 0.00000
