6 0.00000 0.18240 0.13998 0.18484 0.15156 0.15808 0.16967 0.14612 0.17474 0.13281 0.16896 0.10511 0.16569 0.09771 0.15731 0.07538 0.15036 0.05291 0.00000 0.05275 0.00000 0.18240
6 0.48689 0.00000 0.35518 0.01227 0.24957 0.13098 0.24470 0.14106 0.31897 0.19931 0.08742 1.00000 0.51311 1.00000 1.00000 0.95465 1.00000 0.68519 0.99124 0.51831 0.90948 0.27942 0.85162 0.18659 0.72089 0.04471 0.66427 0.00000 0.48689 0.00000
6 0.00000 0.18240 0.13998 0.18484 0.15156 0.15808 0.16967 0.14612 0.17474 0.13281 0.16896 0.10511 0.16569 0.09771 0.15731 0.07538 0.15036 0.05291 0.00000 0.05275 0.00000 0.18240
6 0.48689 0.00000 0.35518 0.01227 0.24957 0.13098 0.24470 0.14106 0.31897 0.19931 0.08742 1.00000 0.51311 1.00000 1.00000 0.95465 1.00000 0.68519 0.99124 0.51831 0.90948 0.27942 0.85162 0.18659 0.72089 0.04471 0.66427 0.00000 0.48689 0.00000
6 0.00000 0.18240 0.13998 0.18484 0.15156 0.15808 0.16967 0.14612 0.17474 0.13281 0.16896 0.10511 0.16569 0.09771 0.15731 0.07538 0.15036 0.05291 0.00000 0.05275 0.00000 0.18240
6 0.48689 0.00000 0.35518 0.01227 0.24957 0.13098 0.24470 0.14106 0.31897 0.19931 0.08742 1.00000 0.51311 1.00000 1.00000 0.95465 1.00000 0.68519 0.99124 0.51831 0.90948 0.27942 0.85162 0.18659 0.72089 0.04471 0.66427 0.00000 0.48689 0.00000
6 0.00000 0.18240 0.13998 0.18484 0.15156 0.15808 0.16967 0.14612 0.17474 0.13281 0.16896 0.10511 0.16569 0.09771 0.15731 0.07538 0.15036 0.05291 0.00000 0.05275 0.00000 0.18240
6 0.48689 0.00000 0.35518 0.01227 0.24957 0.13098 0.24470 0.14106 0.31897 0.19931 0.08742 1.00000 0.51311 1.00000 1.00000 0.95465 1.00000 0.68519 0.99124 0.51831 0.90948 0.27942 0.85162 0.18659 0.72089 0.04471 0.66427 0.00000 0.48689 0.00000
6 0.00000 0.18240 0.13998 0.18484 0.15156 0.15808 0.16967 0.14612 0.17474 0.13281 0.16896 0.10511 0.16569 0.09771 0.15731 0.07538 0.15036 0.05291 0.00000 0.05275 0.00000 0.18240
6 0.48689 0.00000 0.35518 0.01227 0.24957 0.13098 0.24470 0.14106 0.31897 0.19931 0.08742 1.00000 0.51311 1.00000 1.00000 0.95465 1.00000 0.68519 0.99124 0.51831 0.90948 0.27942 0.85162 0.18659 0.72089 0.04471 0.66427 0.00000 0.48689 0.00000
6 0.00000 0.18240 0.13998 0.18484 0.15156 0.15808 0.16967 0.14612 0.17474 0.13281 0.16896 0.10511 0.16569 0.09771 0.15731 0.07538 0.15036 0.05291 0.00000 0.05275 0.00000 0.18240
6 0.48689 0.00000 0.35518 0.01227 0.24957 0.13098 0.24470 0.14106 0.31897 0.19931 0.08742 1.00000 0.51311 1.00000 1.00000 0.95465 1.00000 0.68519 0.99124 0.51831 0.90948 0.27942 0.85162 0.18659 0.72089 0.04471 0.66427 0.00000 0.48689 0.00000
