2 0.74982 0.39165 0.74721 0.38606 0.74530 0.36998 0.73547 0.36883 0.73135 0.35602 0.73204 0.34552 0.73031 0.34180 0.73608 0.31427 0.75525 0.26364 0.75860 0.24288 0.76610 0.21908 0.76968 0.19482 0.76534 0.18551 0.74371 0.18298 0.74151 0.18625 0.72382 0.18419 0.72162 0.18746 0.69190 0.18752 0.68970 0.19079 0.68381 0.19010 0.68051 0.19501 0.67982 0.20550 0.69627 0.25676 0.70380 0.29289 0.71225 0.31502 0.71376 0.32224 0.71192 0.35023 0.71366 0.35395 0.71054 0.37121 0.69829 0.37684 0.69691 0.39782 0.69362 0.40273 0.67766 0.40439 0.67436 0.40929 0.67367 0.41979 0.68738 0.43725 0.69132 0.43770 0.70023 0.45284 0.70526 0.45166 0.70832 0.45026 0.71514 0.43696 0.73896 0.43621 0.74926 0.43036 0.75712 0.43127 0.76406 0.44618 0.76800 0.44664 0.76979 0.43451 0.77441 0.42448 0.77510 0.41398 0.77075 0.40466 0.74982 0.39165
6 0.96907 1.00000 0.97814 0.86183 0.58125 0.28859 0.55818 0.25770 0.52155 0.23229 0.46610 0.21173 0.37334 0.19622 0.24427 0.19057 0.12569 0.18616 0.07213 0.25746 0.22889 0.26398 0.24794 0.27559 0.25388 0.28569 0.22661 0.33890 0.00000 0.91516 0.00000 0.94364 0.48361 1.00000 0.96907 1.00000
2 0.74982 0.39165 0.74721 0.38606 0.74530 0.36998 0.73547 0.36883 0.73135 0.35602 0.73204 0.34552 0.73031 0.34180 0.73608 0.31427 0.75525 0.26364 0.75860 0.24288 0.76610 0.21908 0.76968 0.19482 0.76534 0.18551 0.74371 0.18298 0.74151 0.18625 0.72382 0.18419 0.72162 0.18746 0.69190 0.18752 0.68970 0.19079 0.68381 0.19010 0.68051 0.19501 0.67982 0.20550 0.69627 0.25676 0.70380 0.29289 0.71225 0.31502 0.71376 0.32224 0.71192 0.35023 0.71366 0.35395 0.71054 0.37121 0.69829 0.37684 0.69691 0.39782 0.69362 0.40273 0.67766 0.40439 0.67436 0.40929 0.67367 0.41979 0.68738 0.43725 0.69132 0.43770 0.70023 0.45284 0.70526 0.45166 0.70832 0.45026 0.71514 0.43696 0.73896 0.43621 0.74926 0.43036 0.75712 0.43127 0.76406 0.44618 0.76800 0.44664 0.76979 0.43451 0.77441 0.42448 0.77510 0.41398 0.77075 0.40466 0.74982 0.39165
6 0.96907 1.00000 0.97814 0.86183 0.58125 0.28859 0.55818 0.25770 0.52155 0.23229 0.46610 0.21173 0.37334 0.19622 0.24427 0.19057 0.12569 0.18616 0.07213 0.25746 0.22889 0.26398 0.24794 0.27559 0.25388 0.28569 0.22661 0.33890 0.00000 0.91516 0.00000 0.94364 0.48361 1.00000 0.96907 1.00000
2 0.74982 0.39165 0.74721 0.38606 0.74530 0.36998 0.73547 0.36883 0.73135 0.35602 0.73204 0.34552 0.73031 0.34180 0.73608 0.31427 0.75525 0.26364 0.75860 0.24288 0.76610 0.21908 0.76968 0.19482 0.76534 0.18551 0.74371 0.18298 0.74151 0.18625 0.72382 0.18419 0.72162 0.18746 0.69190 0.18752 0.68970 0.19079 0.68381 0.19010 0.68051 0.19501 0.67982 0.20550 0.69627 0.25676 0.70380 0.29289 0.71225 0.31502 0.71376 0.32224 0.71192 0.35023 0.71366 0.35395 0.71054 0.37121 0.69829 0.37684 0.69691 0.39782 0.69362 0.40273 0.67766 0.40439 0.67436 0.40929 0.67367 0.41979 0.68738 0.43725 0.69132 0.43770 0.70023 0.45284 0.70526 0.45166 0.70832 0.45026 0.71514 0.43696 0.73896 0.43621 0.74926 0.43036 0.75712 0.43127 0.76406 0.44618 0.76800 0.44664 0.76979 0.43451 0.77441 0.42448 0.77510 0.41398 0.77075 0.40466 0.74982 0.39165
6 0.96907 1.00000 0.97814 0.86183 0.58125 0.28859 0.55818 0.25770 0.52155 0.23229 0.46610 0.21173 0.37334 0.19622 0.24427 0.19057 0.12569 0.18616 0.07213 0.25746 0.22889 0.26398 0.24794 0.27559 0.25388 0.28569 0.22661 0.33890 0.00000 0.91516 0.00000 0.94364 0.48361 1.00000 0.96907 1.00000
2 0.74982 0.39165 0.74721 0.38606 0.74530 0.36998 0.73547 0.36883 0.73135 0.35602 0.73204 0.34552 0.73031 0.34180 0.73608 0.31427 0.75525 0.26364 0.75860 0.24288 0.76610 0.21908 0.76968 0.19482 0.76534 0.18551 0.74371 0.18298 0.74151 0.18625 0.72382 0.18419 0.72162 0.18746 0.69190 0.18752 0.68970 0.19079 0.68381 0.19010 0.68051 0.19501 0.67982 0.20550 0.69627 0.25676 0.70380 0.29289 0.71225 0.31502 0.71376 0.32224 0.71192 0.35023 0.71366 0.35395 0.71054 0.37121 0.69829 0.37684 0.69691 0.39782 0.69362 0.40273 0.67766 0.40439 0.67436 0.40929 0.67367 0.41979 0.68738 0.43725 0.69132 0.43770 0.70023 0.45284 0.70526 0.45166 0.70832 0.45026 0.71514 0.43696 0.73896 0.43621 0.74926 0.43036 0.75712 0.43127 0.76406 0.44618 0.76800 0.44664 0.76979 0.43451 0.77441 0.42448 0.77510 0.41398 0.77075 0.40466 0.74982 0.39165
6 0.96907 1.00000 0.97814 0.86183 0.58125 0.28859 0.55818 0.25770 0.52155 0.23229 0.46610 0.21173 0.37334 0.19622 0.24427 0.19057 0.12569 0.18616 0.07213 0.25746 0.22889 0.26398 0.24794 0.27559 0.25388 0.28569 0.22661 0.33890 0.00000 0.91516 0.00000 0.94364 0.48361 1.00000 0.96907 1.00000
2 0.74982 0.39165 0.74721 0.38606 0.74530 0.36998 0.73547 0.36883 0.73135 0.35602 0.73204 0.34552 0.73031 0.34180 0.73608 0.31427 0.75525 0.26364 0.75860 0.24288 0.76610 0.21908 0.76968 0.19482 0.76534 0.18551 0.74371 0.18298 0.74151 0.18625 0.72382 0.18419 0.72162 0.18746 0.69190 0.18752 0.68970 0.19079 0.68381 0.19010 0.68051 0.19501 0.67982 0.20550 0.69627 0.25676 0.70380 0.29289 0.71225 0.31502 0.71376 0.32224 0.71192 0.35023 0.71366 0.35395 0.71054 0.37121 0.69829 0.37684 0.69691 0.39782 0.69362 0.40273 0.67766 0.40439 0.67436 0.40929 0.67367 0.41979 0.68738 0.43725 0.69132 0.43770 0.70023 0.45284 0.70526 0.45166 0.70832 0.45026 0.71514 0.43696 0.73896 0.43621 0.74926 0.43036 0.75712 0.43127 0.76406 0.44618 0.76800 0.44664 0.76979 0.43451 0.77441 0.42448 0.77510 0.41398 0.77075 0.40466 0.74982 0.39165
6 0.96907 1.00000 0.97814 0.86183 0.58125 0.28859 0.55818 0.25770 0.52155 0.23229 0.46610 0.21173 0.37334 0.19622 0.24427 0.19057 0.12569 0.18616 0.07213 0.25746 0.22889 0.26398 0.24794 0.27559 0.25388 0.28569 0.22661 0.33890 0.00000 0.91516 0.00000 0.94364 0.48361 1.00000 0.96907 1.00000
2 0.74982 0.39165 0.74721 0.38606 0.74530 0.36998 0.73547 0.36883 0.73135 0.35602 0.73204 0.34552 0.73031 0.34180 0.73608 0.31427 0.75525 0.26364 0.75860 0.24288 0.76610 0.21908 0.76968 0.19482 0.76534 0.18551 0.74371 0.18298 0.74151 0.18625 0.72382 0.18419 0.72162 0.18746 0.69190 0.18752 0.68970 0.19079 0.68381 0.19010 0.68051 0.19501 0.67982 0.20550 0.69627 0.25676 0.70380 0.29289 0.71225 0.31502 0.71376 0.32224 0.71192 0.35023 0.71366 0.35395 0.71054 0.37121 0.69829 0.37684 0.69691 0.39782 0.69362 0.40273 0.67766 0.40439 0.67436 0.40929 0.67367 0.41979 0.68738 0.43725 0.69132 0.43770 0.70023 0.45284 0.70526 0.45166 0.70832 0.45026 0.71514 0.43696 0.73896 0.43621 0.74926 0.43036 0.75712 0.43127 0.76406 0.44618 0.76800 0.44664 0.76979 0.43451 0.77441 0.42448 0.77510 0.41398 0.77075 0.40466 0.74982 0.39165
6 0.96907 1.00000 0.97814 0.86183 0.58125 0.28859 0.55818 0.25770 0.52155 0.23229 0.46610 0.21173 0.37334 0.19622 0.24427 0.19057 0.12569 0.18616 0.07213 0.25746 0.22889 0.26398 0.24794 0.27559 0.25388 0.28569 0.22661 0.33890 0.00000 0.91516 0.00000 0.94364 0.48361 1.00000 0.96907 1.00000
