6 0.20279 1.00000 0.18779 0.99624 0.14428 0.97400 0.12997 0.97139 0.08850 0.94902 0.08243 0.94944 0.06985 0.93948 0.05973 0.94019 0.03690 0.92734 0.02056 0.92487 0.01592 0.92217 0.01899 1.00000 0.20279 1.00000
2 0.05511 0.84844 0.05539 0.85564 0.04193 0.87463 0.04480 0.89610 0.03793 0.90199 0.02188 0.90673 0.02136 0.91940 0.02866 0.92430 0.04688 0.92304 0.05526 0.92967 0.06025 0.92752 0.06684 0.91442 0.08491 0.90955 0.10661 0.89359 0.11513 0.90382 0.11956 0.88727 0.11913 0.87646 0.11589 0.87128 0.10172 0.87227 0.09983 0.87601 0.09362 0.87283 0.08994 0.85684 0.08453 0.84819 0.07643 0.84876 0.07088 0.83651 0.07017 0.81850 0.08061 0.77445 0.08847 0.71613 0.08762 0.69452 0.08437 0.68933 0.01380 0.70148 0.00787 0.70550 0.00745 0.70694 0.00797 0.72011 0.02497 0.75305 0.03636 0.78475 0.04733 0.80565 0.05195 0.81977 0.05294 0.84498 0.05511 0.84844
6 0.20279 1.00000 0.18779 0.99624 0.14428 0.97400 0.12997 0.97139 0.08850 0.94902 0.08243 0.94944 0.06985 0.93948 0.05973 0.94019 0.03690 0.92734 0.02056 0.92487 0.01592 0.92217 0.01899 1.00000 0.20279 1.00000
2 0.05511 0.84844 0.05539 0.85564 0.04193 0.87463 0.04480 0.89610 0.03793 0.90199 0.02188 0.90673 0.02136 0.91940 0.02866 0.92430 0.04688 0.92304 0.05526 0.92967 0.06025 0.92752 0.06684 0.91442 0.08491 0.90955 0.10661 0.89359 0.11513 0.90382 0.11956 0.88727 0.11913 0.87646 0.11589 0.87128 0.10172 0.87227 0.09983 0.87601 0.09362 0.87283 0.08994 0.85684 0.08453 0.84819 0.07643 0.84876 0.07088 0.83651 0.07017 0.81850 0.08061 0.77445 0.08847 0.71613 0.08762 0.69452 0.08437 0.68933 0.01380 0.70148 0.00787 0.70550 0.00745 0.70694 0.00797 0.72011 0.02497 0.75305 0.03636 0.78475 0.04733 0.80565 0.05195 0.81977 0.05294 0.84498 0.05511 0.84844
6 0.20279 1.00000 0.18779 0.99624 0.14428 0.97400 0.12997 0.97139 0.08850 0.94902 0.08243 0.94944 0.06985 0.93948 0.05973 0.94019 0.03690 0.92734 0.02056 0.92487 0.01592 0.92217 0.01899 1.00000 0.20279 1.00000
2 0.05511 0.84844 0.05539 0.85564 0.04193 0.87463 0.04480 0.89610 0.03793 0.90199 0.02188 0.90673 0.02136 0.91940 0.02866 0.92430 0.04688 0.92304 0.05526 0.92967 0.06025 0.92752 0.06684 0.91442 0.08491 0.90955 0.10661 0.89359 0.11513 0.90382 0.11956 0.88727 0.11913 0.87646 0.11589 0.87128 0.10172 0.87227 0.09983 0.87601 0.09362 0.87283 0.08994 0.85684 0.08453 0.84819 0.07643 0.84876 0.07088 0.83651 0.07017 0.81850 0.08061 0.77445 0.08847 0.71613 0.08762 0.69452 0.08437 0.68933 0.01380 0.70148 0.00787 0.70550 0.00745 0.70694 0.00797 0.72011 0.02497 0.75305 0.03636 0.78475 0.04733 0.80565 0.05195 0.81977 0.05294 0.84498 0.05511 0.84844
6 0.20279 1.00000 0.18779 0.99624 0.14428 0.97400 0.12997 0.97139 0.08850 0.94902 0.08243 0.94944 0.06985 0.93948 0.05973 0.94019 0.03690 0.92734 0.02056 0.92487 0.01592 0.92217 0.01899 1.00000 0.20279 1.00000
2 0.05511 0.84844 0.05539 0.85564 0.04193 0.87463 0.04480 0.89610 0.03793 0.90199 0.02188 0.90673 0.02136 0.91940 0.02866 0.92430 0.04688 0.92304 0.05526 0.92967 0.06025 0.92752 0.06684 0.91442 0.08491 0.90955 0.10661 0.89359 0.11513 0.90382 0.11956 0.88727 0.11913 0.87646 0.11589 0.87128 0.10172 0.87227 0.09983 0.87601 0.09362 0.87283 0.08994 0.85684 0.08453 0.84819 0.07643 0.84876 0.07088 0.83651 0.07017 0.81850 0.08061 0.77445 0.08847 0.71613 0.08762 0.69452 0.08437 0.68933 0.01380 0.70148 0.00787 0.70550 0.00745 0.70694 0.00797 0.72011 0.02497 0.75305 0.03636 0.78475 0.04733 0.80565 0.05195 0.81977 0.05294 0.84498 0.05511 0.84844
6 0.20279 1.00000 0.18779 0.99624 0.14428 0.97400 0.12997 0.97139 0.08850 0.94902 0.08243 0.94944 0.06985 0.93948 0.05973 0.94019 0.03690 0.92734 0.02056 0.92487 0.01592 0.92217 0.01899 1.00000 0.20279 1.00000
2 0.05511 0.84844 0.05539 0.85564 0.04193 0.87463 0.04480 0.89610 0.03793 0.90199 0.02188 0.90673 0.02136 0.91940 0.02866 0.92430 0.04688 0.92304 0.05526 0.92967 0.06025 0.92752 0.06684 0.91442 0.08491 0.90955 0.10661 0.89359 0.11513 0.90382 0.11956 0.88727 0.11913 0.87646 0.11589 0.87128 0.10172 0.87227 0.09983 0.87601 0.09362 0.87283 0.08994 0.85684 0.08453 0.84819 0.07643 0.84876 0.07088 0.83651 0.07017 0.81850 0.08061 0.77445 0.08847 0.71613 0.08762 0.69452 0.08437 0.68933 0.01380 0.70148 0.00787 0.70550 0.00745 0.70694 0.00797 0.72011 0.02497 0.75305 0.03636 0.78475 0.04733 0.80565 0.05195 0.81977 0.05294 0.84498 0.05511 0.84844
6 0.20279 1.00000 0.18779 0.99624 0.14428 0.97400 0.12997 0.97139 0.08850 0.94902 0.08243 0.94944 0.06985 0.93948 0.05973 0.94019 0.03690 0.92734 0.02056 0.92487 0.01592 0.92217 0.01899 1.00000 0.20279 1.00000
2 0.05511 0.84844 0.05539 0.85564 0.04193 0.87463 0.04480 0.89610 0.03793 0.90199 0.02188 0.90673 0.02136 0.91940 0.02866 0.92430 0.04688 0.92304 0.05526 0.92967 0.06025 0.92752 0.06684 0.91442 0.08491 0.90955 0.10661 0.89359 0.11513 0.90382 0.11956 0.88727 0.11913 0.87646 0.11589 0.87128 0.10172 0.87227 0.09983 0.87601 0.09362 0.87283 0.08994 0.85684 0.08453 0.84819 0.07643 0.84876 0.07088 0.83651 0.07017 0.81850 0.08061 0.77445 0.08847 0.71613 0.08762 0.69452 0.08437 0.68933 0.01380 0.70148 0.00787 0.70550 0.00745 0.70694 0.00797 0.72011 0.02497 0.75305 0.03636 0.78475 0.04733 0.80565 0.05195 0.81977 0.05294 0.84498 0.05511 0.84844
