6 0.02503 0.00000 0.02260 0.04626 0.12367 0.04451 0.28026 0.59591 0.32520 0.78722 0.31487 0.88300 0.27526 0.98029 0.47580 0.99897 0.48967 1.00000 0.97497 1.00000 1.00000 0.52326 1.00000 0.46326 0.88141 0.38273 0.72621 0.25875 0.56883 0.14521 0.45643 0.04968 0.38873 0.00000 0.02503 0.00000
5 0.58111 0.10293 0.57632 0.12688 0.60644 0.15093 0.65326 0.13483 0.65418 0.10895 0.64015 0.11214 0.63951 0.08807 0.62866 0.08706 0.62650 0.05905 0.63627 0.04591 0.64611 0.01239 0.59634 0.00775 0.59728 0.03043 0.61064 0.06417 0.61077 0.08524 0.60033 0.09056 0.59735 0.10523 0.58111 0.10293
6 0.02503 0.00000 0.02260 0.04626 0.12367 0.04451 0.28026 0.59591 0.32520 0.78722 0.31487 0.88300 0.27526 0.98029 0.47580 0.99897 0.48967 1.00000 0.97497 1.00000 1.00000 0.52326 1.00000 0.46326 0.88141 0.38273 0.72621 0.25875 0.56883 0.14521 0.45643 0.04968 0.38873 0.00000 0.02503 0.00000
5 0.58111 0.10293 0.57632 0.12688 0.60644 0.15093 0.65326 0.13483 0.65418 0.10895 0.64015 0.11214 0.63951 0.08807 0.62866 0.08706 0.62650 0.05905 0.63627 0.04591 0.64611 0.01239 0.59634 0.00775 0.59728 0.03043 0.61064 0.06417 0.61077 0.08524 0.60033 0.09056 0.59735 0.10523 0.58111 0.10293
6 0.02503 0.00000 0.02260 0.04626 0.12367 0.04451 0.28026 0.59591 0.32520 0.78722 0.31487 0.88300 0.27526 0.98029 0.47580 0.99897 0.48967 1.00000 0.97497 1.00000 1.00000 0.52326 1.00000 0.46326 0.88141 0.38273 0.72621 0.25875 0.56883 0.14521 0.45643 0.04968 0.38873 0.00000 0.02503 0.00000
5 0.58111 0.10293 0.57632 0.12688 0.60644 0.15093 0.65326 0.13483 0.65418 0.10895 0.64015 0.11214 0.63951 0.08807 0.62866 0.08706 0.62650 0.05905 0.63627 0.04591 0.64611 0.01239 0.59634 0.00775 0.59728 0.03043 0.61064 0.06417 0.61077 0.08524 0.60033 0.09056 0.59735 0.10523 0.58111 0.10293
6 0.02503 0.00000 0.02260 0.04626 0.12367 0.04451 0.28026 0.59591 0.32520 0.78722 0.31487 0.88300 0.27526 0.98029 0.47580 0.99897 0.48967 1.00000 0.97497 1.00000 1.00000 0.52326 1.00000 0.46326 0.88141 0.38273 0.72621 0.25875 0.56883 0.14521 0.45643 0.04968 0.38873 0.00000 0.02503 0.00000
5 0.58111 0.10293 0.57632 0.12688 0.60644 0.15093 0.65326 0.13483 0.65418 0.10895 0.64015 0.11214 0.63951 0.08807 0.62866 0.08706 0.62650 0.05905 0.63627 0.04591 0.64611 0.01239 0.59634 0.00775 0.59728 0.03043 0.61064 0.06417 0.61077 0.08524 0.60033 0.09056 0.59735 0.10523 0.58111 0.10293
6 0.02503 0.00000 0.02260 0.04626 0.12367 0.04451 0.28026 0.59591 0.32520 0.78722 0.31487 0.88300 0.27526 0.98029 0.47580 0.99897 0.48967 1.00000 0.97497 1.00000 1.00000 0.52326 1.00000 0.46326 0.88141 0.38273 0.72621 0.25875 0.56883 0.14521 0.45643 0.04968 0.38873 0.00000 0.02503 0.00000
5 0.58111 0.10293 0.57632 0.12688 0.60644 0.15093 0.65326 0.13483 0.65418 0.10895 0.64015 0.11214 0.63951 0.08807 0.62866 0.08706 0.62650 0.05905 0.63627 0.04591 0.64611 0.01239 0.59634 0.00775 0.59728 0.03043 0.61064 0.06417 0.61077 0.08524 0.60033 0.09056 0.59735 0.10523 0.58111 0.10293
6 0.02503 0.00000 0.02260 0.04626 0.12367 0.04451 0.28026 0.59591 0.32520 0.78722 0.31487 0.88300 0.27526 0.98029 0.47580 0.99897 0.48967 1.00000 0.97497 1.00000 1.00000 0.52326 1.00000 0.46326 0.88141 0.38273 0.72621 0.25875 0.56883 0.14521 0.45643 0.04968 0.38873 0.00000 0.02503 0.00000
5 0.58111 0.10293 0.57632 0.12688 0.60644 0.15093 0.65326 0.13483 0.65418 0.10895 0.64015 0.11214 0.63951 0.08807 0.62866 0.08706 0.62650 0.05905 0.63627 0.04591 0.64611 0.01239 0.59634 0.00775 0.59728 0.03043 0.61064 0.06417 0.61077 0.08524 0.60033 0.09056 0.59735 0.10523 0.58111 0.10293
