6 1.00000 0.48347 0.56309 0.04644 0.53635 0.03496 0.44702 0.02660 0.25369 0.05814 0.00000 0.11991 0.00000 0.20497 0.26089 0.15435 0.11613 1.00000 0.51311 1.00000 1.00000 0.95465 1.00000 0.48347
5 0.80667 0.00000 0.80407 0.00493 0.79855 0.03628 0.79874 0.09688 0.81077 0.11655 0.83423 0.14970 0.83262 0.18930 0.81381 0.20181 0.77906 0.22312 0.77790 0.24663 0.83006 0.29493 0.91348 0.25984 0.91198 0.23121 0.88017 0.20624 0.87638 0.18687 0.86375 0.18394 0.86157 0.14223 0.88190 0.12472 0.89204 0.07588 0.89526 0.06142 0.89566 0.00000 0.80667 0.00000
6 1.00000 0.48347 0.56309 0.04644 0.53635 0.03496 0.44702 0.02660 0.25369 0.05814 0.00000 0.11991 0.00000 0.20497 0.26089 0.15435 0.11613 1.00000 0.51311 1.00000 1.00000 0.95465 1.00000 0.48347
5 0.80667 0.00000 0.80407 0.00493 0.79855 0.03628 0.79874 0.09688 0.81077 0.11655 0.83423 0.14970 0.83262 0.18930 0.81381 0.20181 0.77906 0.22312 0.77790 0.24663 0.83006 0.29493 0.91348 0.25984 0.91198 0.23121 0.88017 0.20624 0.87638 0.18687 0.86375 0.18394 0.86157 0.14223 0.88190 0.12472 0.89204 0.07588 0.89526 0.06142 0.89566 0.00000 0.80667 0.00000
6 1.00000 0.48347 0.56309 0.04644 0.53635 0.03496 0.44702 0.02660 0.25369 0.05814 0.00000 0.11991 0.00000 0.20497 0.26089 0.15435 0.11613 1.00000 0.51311 1.00000 1.00000 0.95465 1.00000 0.48347
5 0.80667 0.00000 0.80407 0.00493 0.79855 0.03628 0.79874 0.09688 0.81077 0.11655 0.83423 0.14970 0.83262 0.18930 0.81381 0.20181 0.77906 0.22312 0.77790 0.24663 0.83006 0.29493 0.91348 0.25984 0.91198 0.23121 0.88017 0.20624 0.87638 0.18687 0.86375 0.18394 0.86157 0.14223 0.88190 0.12472 0.89204 0.07588 0.89526 0.06142 0.89566 0.00000 0.80667 0.00000
6 1.00000 0.48347 0.56309 0.04644 0.53635 0.03496 0.44702 0.02660 0.25369 0.05814 0.00000 0.11991 0.00000 0.20497 0.26089 0.15435 0.11613 1.00000 0.51311 1.00000 1.00000 0.95465 1.00000 0.48347
5 0.80667 0.00000 0.80407 0.00493 0.79855 0.03628 0.79874 0.09688 0.81077 0.11655 0.83423 0.14970 0.83262 0.18930 0.81381 0.20181 0.77906 0.22312 0.77790 0.24663 0.83006 0.29493 0.91348 0.25984 0.91198 0.23121 0.88017 0.20624 0.87638 0.18687 0.86375 0.18394 0.86157 0.14223 0.88190 0.12472 0.89204 0.07588 0.89526 0.06142 0.89566 0.00000 0.80667 0.00000
6 1.00000 0.48347 0.56309 0.04644 0.53635 0.03496 0.44702 0.02660 0.25369 0.05814 0.00000 0.11991 0.00000 0.20497 0.26089 0.15435 0.11613 1.00000 0.51311 1.00000 1.00000 0.95465 1.00000 0.48347
5 0.80667 0.00000 0.80407 0.00493 0.79855 0.03628 0.79874 0.09688 0.81077 0.11655 0.83423 0.14970 0.83262 0.18930 0.81381 0.20181 0.77906 0.22312 0.77790 0.24663 0.83006 0.29493 0.91348 0.25984 0.91198 0.23121 0.88017 0.20624 0.87638 0.18687 0.86375 0.18394 0.86157 0.14223 0.88190 0.12472 0.89204 0.07588 0.89526 0.06142 0.89566 0.00000 0.80667 0.00000
6 1.00000 0.48347 0.56309 0.04644 0.53635 0.03496 0.44702 0.02660 0.25369 0.05814 0.00000 0.11991 0.00000 0.20497 0.26089 0.15435 0.11613 1.00000 0.51311 1.00000 1.00000 0.95465 1.00000 0.48347
5 0.80667 0.00000 0.80407 0.00493 0.79855 0.03628 0.79874 0.09688 0.81077 0.11655 0.83423 0.14970 0.83262 0.18930 0.81381 0.20181 0.77906 0.22312 0.77790 0.24663 0.83006 0.29493 0.91348 0.25984 0.91198 0.23121 0.88017 0.20624 0.87638 0.18687 0.86375 0.18394 0.86157 0.14223 0.88190 0.12472 0.89204 0.07588 0.89526 0.06142 0.89566 0.00000 0.80667 0.00000
