7 0.31392 0.41264 0.30927 0.40582 0.30669 0.40916 0.28622 0.40679 0.27900 0.46751 0.28068 0.47175 0.27018 0.57846 0.27309 0.59075 0.27218 0.59834 0.27554 0.60682 0.27439 0.65326 0.27859 0.66387 0.28201 0.66265 0.28757 0.66187 0.29402 0.65351 0.29279 0.64547 0.30480 0.63634 0.30751 0.61357 0.30583 0.60932 0.30679 0.59202 0.29995 0.59447 0.29104 0.58675 0.29969 0.56912 0.29801 0.56488 0.31392 0.41264
7 0.36448 0.38246 0.34530 0.37841 0.34143 0.38343 0.33872 0.40620 0.34040 0.41044 0.33351 0.48679 0.33596 0.50287 0.33209 0.50789 0.32357 0.50609 0.31969 0.51111 0.31653 0.53767 0.31860 0.54783 0.35399 0.55335 0.37071 0.54132 0.37432 0.51096 0.36967 0.50414 0.36664 0.51129 0.35979 0.51373 0.35346 0.50267 0.35908 0.49218 0.35830 0.48035 0.36372 0.43481 0.36204 0.43057 0.36700 0.38882 0.36448 0.38246
4 0.80076 0.70012 0.81489 0.69144 0.83426 0.66635 0.84472 0.63354 0.84574 0.60653 0.84161 0.58620 0.83405 0.56711 0.82475 0.55347 0.81622 0.55167 0.81454 0.54743 0.79278 0.54673 0.78335 0.55252 0.76657 0.57426 0.75657 0.60327 0.75464 0.63788 0.75832 0.66200 0.76375 0.68064 0.77602 0.69685 0.77118 0.71917 0.76137 0.71904 0.75272 0.73667 0.73309 0.73642 0.72954 0.75707 0.73032 0.76890 0.75558 0.82286 0.81015 0.83242 0.81744 0.82618 0.81847 0.79917 0.82363 0.79248 0.82499 0.78109 0.80981 0.75261 0.80555 0.75171 0.80438 0.73395 0.80186 0.72759 0.79333 0.72579 0.79082 0.71942 0.79307 0.70045 0.80076 0.70012
6 0.21458 0.59591 0.22737 0.59861 0.24971 0.57609 0.26294 0.57499 0.26985 0.56283 0.26952 0.54720 0.19623 0.52979 0.18938 0.53224 0.18448 0.56427 0.18682 0.59977 0.20599 0.60382 0.21458 0.59591
6 0.00000 0.58197 0.01065 0.58400 0.01323 0.58066 0.13470 0.60629 0.14671 0.59715 0.15995 0.59605 0.17034 0.57296 0.16866 0.56871 0.17137 0.54595 0.15832 0.51791 0.11357 0.50846 0.11099 0.51181 0.09394 0.50821 0.09135 0.51156 0.02955 0.49852 0.02406 0.48958 0.02148 0.49293 0.01554 0.48778 0.00488 0.48554 0.00230 0.48888 0.00000 0.48605 0.00000 0.58197
6 0.84707 1.00000 0.83736 0.98016 0.83142 0.97501 0.82683 0.95848 0.81540 0.94440 0.80196 0.91045 0.78000 0.87469 0.76275 0.83604 0.74033 0.80408 0.71559 0.73662 0.71133 0.73572 0.69614 0.70723 0.70170 0.70646 0.70731 0.69597 0.71371 0.69732 0.71448 0.70915 0.72940 0.71230 0.73541 0.70773 0.73373 0.70349 0.73676 0.69635 0.73682 0.68664 0.73850 0.69088 0.74109 0.68754 0.74961 0.68933 0.75606 0.68097 0.75226 0.67628 0.75787 0.66579 0.75451 0.65730 0.75541 0.64971 0.75076 0.64289 0.74953 0.63486 0.74359 0.62971 0.74101 0.63306 0.72441 0.62566 0.72054 0.63068 0.72093 0.63660 0.69962 0.63211 0.69457 0.61937 0.68101 0.60484 0.65544 0.59945 0.65286 0.60279 0.65118 0.59854 0.62347 0.59270 0.62089 0.59605 0.52073 0.57491 0.51815 0.57826 0.41372 0.55623 0.41114 0.55957 0.37704 0.55238 0.37446 0.55573 0.36594 0.55393 0.36077 0.56062 0.34967 0.56216 0.34450 0.56886 0.31253 0.56211 0.30989 0.57517 0.31325 0.58366 0.31067 0.58700 0.31235 0.59125 0.31132 0.61826 0.31384 0.62463 0.31894 0.62765 0.31591 0.63479 0.29996 0.65866 0.29906 0.66625 0.28357 0.68632 0.26414 0.72112 0.21159 0.79562 0.20810 0.80655 0.18957 0.83376 0.17970 0.84335 0.16588 0.86767 0.16117 0.87056 0.14735 0.89488 0.12411 0.92498 0.12305 0.92671 0.47046 1.00000 0.84707 1.00000
6 0.90621 0.69514 0.90660 0.70106 0.82219 0.68520 0.79643 0.70894 0.79553 0.71653 0.79805 0.72289 0.80231 0.72379 0.80948 0.73698 0.81419 0.73408 0.86321 0.74442 0.86489 0.74866 0.88620 0.75316 0.88878 0.74982 0.89944 0.75206 0.90112 0.75631 0.90583 0.75341 0.91649 0.75566 0.91817 0.75991 0.92288 0.75701 0.95272 0.76330 0.95440 0.76755 0.95698 0.76420 0.97429 0.76867 0.98423 0.68507 0.85990 0.66203 0.85732 0.66538 0.83814 0.66133 0.83123 0.67349 0.83162 0.67940 0.90621 0.69514
7 0.31392 0.41264 0.30927 0.40582 0.30669 0.40916 0.28622 0.40679 0.27900 0.46751 0.28068 0.47175 0.27018 0.57846 0.27309 0.59075 0.27218 0.59834 0.27554 0.60682 0.27439 0.65326 0.27859 0.66387 0.28201 0.66265 0.28757 0.66187 0.29402 0.65351 0.29279 0.64547 0.30480 0.63634 0.30751 0.61357 0.30583 0.60932 0.30679 0.59202 0.29995 0.59447 0.29104 0.58675 0.29969 0.56912 0.29801 0.56488 0.31392 0.41264
7 0.36448 0.38246 0.34530 0.37841 0.34143 0.38343 0.33872 0.40620 0.34040 0.41044 0.33351 0.48679 0.33596 0.50287 0.33209 0.50789 0.32357 0.50609 0.31969 0.51111 0.31653 0.53767 0.31860 0.54783 0.35399 0.55335 0.37071 0.54132 0.37432 0.51096 0.36967 0.50414 0.36664 0.51129 0.35979 0.51373 0.35346 0.50267 0.35908 0.49218 0.35830 0.48035 0.36372 0.43481 0.36204 0.43057 0.36700 0.38882 0.36448 0.38246
4 0.80076 0.70012 0.81489 0.69144 0.83426 0.66635 0.84472 0.63354 0.84574 0.60653 0.84161 0.58620 0.83405 0.56711 0.82475 0.55347 0.81622 0.55167 0.81454 0.54743 0.79278 0.54673 0.78335 0.55252 0.76657 0.57426 0.75657 0.60327 0.75464 0.63788 0.75832 0.66200 0.76375 0.68064 0.77602 0.69685 0.77118 0.71917 0.76137 0.71904 0.75272 0.73667 0.73309 0.73642 0.72954 0.75707 0.73032 0.76890 0.75558 0.82286 0.81015 0.83242 0.81744 0.82618 0.81847 0.79917 0.82363 0.79248 0.82499 0.78109 0.80981 0.75261 0.80555 0.75171 0.80438 0.73395 0.80186 0.72759 0.79333 0.72579 0.79082 0.71942 0.79307 0.70045 0.80076 0.70012
6 0.21458 0.59591 0.22737 0.59861 0.24971 0.57609 0.26294 0.57499 0.26985 0.56283 0.26952 0.54720 0.19623 0.52979 0.18938 0.53224 0.18448 0.56427 0.18682 0.59977 0.20599 0.60382 0.21458 0.59591
6 0.00000 0.58197 0.01065 0.58400 0.01323 0.58066 0.13470 0.60629 0.14671 0.59715 0.15995 0.59605 0.17034 0.57296 0.16866 0.56871 0.17137 0.54595 0.15832 0.51791 0.11357 0.50846 0.11099 0.51181 0.09394 0.50821 0.09135 0.51156 0.02955 0.49852 0.02406 0.48958 0.02148 0.49293 0.01554 0.48778 0.00488 0.48554 0.00230 0.48888 0.00000 0.48605 0.00000 0.58197
6 0.84707 1.00000 0.83736 0.98016 0.83142 0.97501 0.82683 0.95848 0.81540 0.94440 0.80196 0.91045 0.78000 0.87469 0.76275 0.83604 0.74033 0.80408 0.71559 0.73662 0.71133 0.73572 0.69614 0.70723 0.70170 0.70646 0.70731 0.69597 0.71371 0.69732 0.71448 0.70915 0.72940 0.71230 0.73541 0.70773 0.73373 0.70349 0.73676 0.69635 0.73682 0.68664 0.73850 0.69088 0.74109 0.68754 0.74961 0.68933 0.75606 0.68097 0.75226 0.67628 0.75787 0.66579 0.75451 0.65730 0.75541 0.64971 0.75076 0.64289 0.74953 0.63486 0.74359 0.62971 0.74101 0.63306 0.72441 0.62566 0.72054 0.63068 0.72093 0.63660 0.69962 0.63211 0.69457 0.61937 0.68101 0.60484 0.65544 0.59945 0.65286 0.60279 0.65118 0.59854 0.62347 0.59270 0.62089 0.59605 0.52073 0.57491 0.51815 0.57826 0.41372 0.55623 0.41114 0.55957 0.37704 0.55238 0.37446 0.55573 0.36594 0.55393 0.36077 0.56062 0.34967 0.56216 0.34450 0.56886 0.31253 0.56211 0.30989 0.57517 0.31325 0.58366 0.31067 0.58700 0.31235 0.59125 0.31132 0.61826 0.31384 0.62463 0.31894 0.62765 0.31591 0.63479 0.29996 0.65866 0.29906 0.66625 0.28357 0.68632 0.26414 0.72112 0.21159 0.79562 0.20810 0.80655 0.18957 0.83376 0.17970 0.84335 0.16588 0.86767 0.16117 0.87056 0.14735 0.89488 0.12411 0.92498 0.12305 0.92671 0.47046 1.00000 0.84707 1.00000
6 0.90621 0.69514 0.90660 0.70106 0.82219 0.68520 0.79643 0.70894 0.79553 0.71653 0.79805 0.72289 0.80231 0.72379 0.80948 0.73698 0.81419 0.73408 0.86321 0.74442 0.86489 0.74866 0.88620 0.75316 0.88878 0.74982 0.89944 0.75206 0.90112 0.75631 0.90583 0.75341 0.91649 0.75566 0.91817 0.75991 0.92288 0.75701 0.95272 0.76330 0.95440 0.76755 0.95698 0.76420 0.97429 0.76867 0.98423 0.68507 0.85990 0.66203 0.85732 0.66538 0.83814 0.66133 0.83123 0.67349 0.83162 0.67940 0.90621 0.69514
7 0.31392 0.41264 0.30927 0.40582 0.30669 0.40916 0.28622 0.40679 0.27900 0.46751 0.28068 0.47175 0.27018 0.57846 0.27309 0.59075 0.27218 0.59834 0.27554 0.60682 0.27439 0.65326 0.27859 0.66387 0.28201 0.66265 0.28757 0.66187 0.29402 0.65351 0.29279 0.64547 0.30480 0.63634 0.30751 0.61357 0.30583 0.60932 0.30679 0.59202 0.29995 0.59447 0.29104 0.58675 0.29969 0.56912 0.29801 0.56488 0.31392 0.41264
7 0.36448 0.38246 0.34530 0.37841 0.34143 0.38343 0.33872 0.40620 0.34040 0.41044 0.33351 0.48679 0.33596 0.50287 0.33209 0.50789 0.32357 0.50609 0.31969 0.51111 0.31653 0.53767 0.31860 0.54783 0.35399 0.55335 0.37071 0.54132 0.37432 0.51096 0.36967 0.50414 0.36664 0.51129 0.35979 0.51373 0.35346 0.50267 0.35908 0.49218 0.35830 0.48035 0.36372 0.43481 0.36204 0.43057 0.36700 0.38882 0.36448 0.38246
4 0.80076 0.70012 0.81489 0.69144 0.83426 0.66635 0.84472 0.63354 0.84574 0.60653 0.84161 0.58620 0.83405 0.56711 0.82475 0.55347 0.81622 0.55167 0.81454 0.54743 0.79278 0.54673 0.78335 0.55252 0.76657 0.57426 0.75657 0.60327 0.75464 0.63788 0.75832 0.66200 0.76375 0.68064 0.77602 0.69685 0.77118 0.71917 0.76137 0.71904 0.75272 0.73667 0.73309 0.73642 0.72954 0.75707 0.73032 0.76890 0.75558 0.82286 0.81015 0.83242 0.81744 0.82618 0.81847 0.79917 0.82363 0.79248 0.82499 0.78109 0.80981 0.75261 0.80555 0.75171 0.80438 0.73395 0.80186 0.72759 0.79333 0.72579 0.79082 0.71942 0.79307 0.70045 0.80076 0.70012
6 0.21458 0.59591 0.22737 0.59861 0.24971 0.57609 0.26294 0.57499 0.26985 0.56283 0.26952 0.54720 0.19623 0.52979 0.18938 0.53224 0.18448 0.56427 0.18682 0.59977 0.20599 0.60382 0.21458 0.59591
6 0.00000 0.58197 0.01065 0.58400 0.01323 0.58066 0.13470 0.60629 0.14671 0.59715 0.15995 0.59605 0.17034 0.57296 0.16866 0.56871 0.17137 0.54595 0.15832 0.51791 0.11357 0.50846 0.11099 0.51181 0.09394 0.50821 0.09135 0.51156 0.02955 0.49852 0.02406 0.48958 0.02148 0.49293 0.01554 0.48778 0.00488 0.48554 0.00230 0.48888 0.00000 0.48605 0.00000 0.58197
6 0.84707 1.00000 0.83736 0.98016 0.83142 0.97501 0.82683 0.95848 0.81540 0.94440 0.80196 0.91045 0.78000 0.87469 0.76275 0.83604 0.74033 0.80408 0.71559 0.73662 0.71133 0.73572 0.69614 0.70723 0.70170 0.70646 0.70731 0.69597 0.71371 0.69732 0.71448 0.70915 0.72940 0.71230 0.73541 0.70773 0.73373 0.70349 0.73676 0.69635 0.73682 0.68664 0.73850 0.69088 0.74109 0.68754 0.74961 0.68933 0.75606 0.68097 0.75226 0.67628 0.75787 0.66579 0.75451 0.65730 0.75541 0.64971 0.75076 0.64289 0.74953 0.63486 0.74359 0.62971 0.74101 0.63306 0.72441 0.62566 0.72054 0.63068 0.72093 0.63660 0.69962 0.63211 0.69457 0.61937 0.68101 0.60484 0.65544 0.59945 0.65286 0.60279 0.65118 0.59854 0.62347 0.59270 0.62089 0.59605 0.52073 0.57491 0.51815 0.57826 0.41372 0.55623 0.41114 0.55957 0.37704 0.55238 0.37446 0.55573 0.36594 0.55393 0.36077 0.56062 0.34967 0.56216 0.34450 0.56886 0.31253 0.56211 0.30989 0.57517 0.31325 0.58366 0.31067 0.58700 0.31235 0.59125 0.31132 0.61826 0.31384 0.62463 0.31894 0.62765 0.31591 0.63479 0.29996 0.65866 0.29906 0.66625 0.28357 0.68632 0.26414 0.72112 0.21159 0.79562 0.20810 0.80655 0.18957 0.83376 0.17970 0.84335 0.16588 0.86767 0.16117 0.87056 0.14735 0.89488 0.12411 0.92498 0.12305 0.92671 0.47046 1.00000 0.84707 1.00000
6 0.90621 0.69514 0.90660 0.70106 0.82219 0.68520 0.79643 0.70894 0.79553 0.71653 0.79805 0.72289 0.80231 0.72379 0.80948 0.73698 0.81419 0.73408 0.86321 0.74442 0.86489 0.74866 0.88620 0.75316 0.88878 0.74982 0.89944 0.75206 0.90112 0.75631 0.90583 0.75341 0.91649 0.75566 0.91817 0.75991 0.92288 0.75701 0.95272 0.76330 0.95440 0.76755 0.95698 0.76420 0.97429 0.76867 0.98423 0.68507 0.85990 0.66203 0.85732 0.66538 0.83814 0.66133 0.83123 0.67349 0.83162 0.67940 0.90621 0.69514
