6 0.24478 1.00000 0.24313 0.99589 0.22360 0.98045 0.20840 0.96116 0.20406 0.96116 0.18236 0.93802 0.17802 0.93802 0.14981 0.91101 0.14547 0.91101 0.12594 0.89172 0.12160 0.89172 0.11726 0.88400 0.11292 0.88400 0.09773 0.86857 0.09339 0.86857 0.08037 0.85314 0.07603 0.85314 0.00224 0.78755 0.00000 0.78357 0.00000 1.00000 0.24478 1.00000
2 0.19213 0.82420 0.18996 0.81263 0.18996 0.80105 0.19430 0.78948 0.19647 0.77019 0.20081 0.75862 0.20081 0.75090 0.20515 0.73932 0.21166 0.70461 0.21383 0.66602 0.21057 0.66024 0.14981 0.66795 0.14764 0.67181 0.13679 0.67181 0.13137 0.68146 0.13354 0.69689 0.14439 0.71618 0.15741 0.75862 0.17043 0.78562 0.17260 0.79720 0.17260 0.82420 0.17477 0.82806 0.17477 0.83578 0.16934 0.84542 0.16500 0.84542 0.16175 0.85121 0.16175 0.87821 0.14330 0.88400 0.14005 0.89365 0.14222 0.90136 0.14764 0.90715 0.15632 0.90715 0.17260 0.91680 0.18236 0.90329 0.18887 0.90329 0.20840 0.89172 0.22143 0.88786 0.23011 0.89557 0.23553 0.88207 0.23445 0.86086 0.21274 0.85314 0.20949 0.83578 0.20406 0.82999 0.19755 0.83385 0.19213 0.82420
6 0.24478 1.00000 0.24313 0.99589 0.22360 0.98045 0.20840 0.96116 0.20406 0.96116 0.18236 0.93802 0.17802 0.93802 0.14981 0.91101 0.14547 0.91101 0.12594 0.89172 0.12160 0.89172 0.11726 0.88400 0.11292 0.88400 0.09773 0.86857 0.09339 0.86857 0.08037 0.85314 0.07603 0.85314 0.00224 0.78755 0.00000 0.78357 0.00000 1.00000 0.24478 1.00000
2 0.19213 0.82420 0.18996 0.81263 0.18996 0.80105 0.19430 0.78948 0.19647 0.77019 0.20081 0.75862 0.20081 0.75090 0.20515 0.73932 0.21166 0.70461 0.21383 0.66602 0.21057 0.66024 0.14981 0.66795 0.14764 0.67181 0.13679 0.67181 0.13137 0.68146 0.13354 0.69689 0.14439 0.71618 0.15741 0.75862 0.17043 0.78562 0.17260 0.79720 0.17260 0.82420 0.17477 0.82806 0.17477 0.83578 0.16934 0.84542 0.16500 0.84542 0.16175 0.85121 0.16175 0.87821 0.14330 0.88400 0.14005 0.89365 0.14222 0.90136 0.14764 0.90715 0.15632 0.90715 0.17260 0.91680 0.18236 0.90329 0.18887 0.90329 0.20840 0.89172 0.22143 0.88786 0.23011 0.89557 0.23553 0.88207 0.23445 0.86086 0.21274 0.85314 0.20949 0.83578 0.20406 0.82999 0.19755 0.83385 0.19213 0.82420
6 0.24478 1.00000 0.24313 0.99589 0.22360 0.98045 0.20840 0.96116 0.20406 0.96116 0.18236 0.93802 0.17802 0.93802 0.14981 0.91101 0.14547 0.91101 0.12594 0.89172 0.12160 0.89172 0.11726 0.88400 0.11292 0.88400 0.09773 0.86857 0.09339 0.86857 0.08037 0.85314 0.07603 0.85314 0.00224 0.78755 0.00000 0.78357 0.00000 1.00000 0.24478 1.00000
2 0.19213 0.82420 0.18996 0.81263 0.18996 0.80105 0.19430 0.78948 0.19647 0.77019 0.20081 0.75862 0.20081 0.75090 0.20515 0.73932 0.21166 0.70461 0.21383 0.66602 0.21057 0.66024 0.14981 0.66795 0.14764 0.67181 0.13679 0.67181 0.13137 0.68146 0.13354 0.69689 0.14439 0.71618 0.15741 0.75862 0.17043 0.78562 0.17260 0.79720 0.17260 0.82420 0.17477 0.82806 0.17477 0.83578 0.16934 0.84542 0.16500 0.84542 0.16175 0.85121 0.16175 0.87821 0.14330 0.88400 0.14005 0.89365 0.14222 0.90136 0.14764 0.90715 0.15632 0.90715 0.17260 0.91680 0.18236 0.90329 0.18887 0.90329 0.20840 0.89172 0.22143 0.88786 0.23011 0.89557 0.23553 0.88207 0.23445 0.86086 0.21274 0.85314 0.20949 0.83578 0.20406 0.82999 0.19755 0.83385 0.19213 0.82420
6 0.24478 1.00000 0.24313 0.99589 0.22360 0.98045 0.20840 0.96116 0.20406 0.96116 0.18236 0.93802 0.17802 0.93802 0.14981 0.91101 0.14547 0.91101 0.12594 0.89172 0.12160 0.89172 0.11726 0.88400 0.11292 0.88400 0.09773 0.86857 0.09339 0.86857 0.08037 0.85314 0.07603 0.85314 0.00224 0.78755 0.00000 0.78357 0.00000 1.00000 0.24478 1.00000
2 0.19213 0.82420 0.18996 0.81263 0.18996 0.80105 0.19430 0.78948 0.19647 0.77019 0.20081 0.75862 0.20081 0.75090 0.20515 0.73932 0.21166 0.70461 0.21383 0.66602 0.21057 0.66024 0.14981 0.66795 0.14764 0.67181 0.13679 0.67181 0.13137 0.68146 0.13354 0.69689 0.14439 0.71618 0.15741 0.75862 0.17043 0.78562 0.17260 0.79720 0.17260 0.82420 0.17477 0.82806 0.17477 0.83578 0.16934 0.84542 0.16500 0.84542 0.16175 0.85121 0.16175 0.87821 0.14330 0.88400 0.14005 0.89365 0.14222 0.90136 0.14764 0.90715 0.15632 0.90715 0.17260 0.91680 0.18236 0.90329 0.18887 0.90329 0.20840 0.89172 0.22143 0.88786 0.23011 0.89557 0.23553 0.88207 0.23445 0.86086 0.21274 0.85314 0.20949 0.83578 0.20406 0.82999 0.19755 0.83385 0.19213 0.82420
6 0.24478 1.00000 0.24313 0.99589 0.22360 0.98045 0.20840 0.96116 0.20406 0.96116 0.18236 0.93802 0.17802 0.93802 0.14981 0.91101 0.14547 0.91101 0.12594 0.89172 0.12160 0.89172 0.11726 0.88400 0.11292 0.88400 0.09773 0.86857 0.09339 0.86857 0.08037 0.85314 0.07603 0.85314 0.00224 0.78755 0.00000 0.78357 0.00000 1.00000 0.24478 1.00000
2 0.19213 0.82420 0.18996 0.81263 0.18996 0.80105 0.19430 0.78948 0.19647 0.77019 0.20081 0.75862 0.20081 0.75090 0.20515 0.73932 0.21166 0.70461 0.21383 0.66602 0.21057 0.66024 0.14981 0.66795 0.14764 0.67181 0.13679 0.67181 0.13137 0.68146 0.13354 0.69689 0.14439 0.71618 0.15741 0.75862 0.17043 0.78562 0.17260 0.79720 0.17260 0.82420 0.17477 0.82806 0.17477 0.83578 0.16934 0.84542 0.16500 0.84542 0.16175 0.85121 0.16175 0.87821 0.14330 0.88400 0.14005 0.89365 0.14222 0.90136 0.14764 0.90715 0.15632 0.90715 0.17260 0.91680 0.18236 0.90329 0.18887 0.90329 0.20840 0.89172 0.22143 0.88786 0.23011 0.89557 0.23553 0.88207 0.23445 0.86086 0.21274 0.85314 0.20949 0.83578 0.20406 0.82999 0.19755 0.83385 0.19213 0.82420
6 0.24478 1.00000 0.24313 0.99589 0.22360 0.98045 0.20840 0.96116 0.20406 0.96116 0.18236 0.93802 0.17802 0.93802 0.14981 0.91101 0.14547 0.91101 0.12594 0.89172 0.12160 0.89172 0.11726 0.88400 0.11292 0.88400 0.09773 0.86857 0.09339 0.86857 0.08037 0.85314 0.07603 0.85314 0.00224 0.78755 0.00000 0.78357 0.00000 1.00000 0.24478 1.00000
2 0.19213 0.82420 0.18996 0.81263 0.18996 0.80105 0.19430 0.78948 0.19647 0.77019 0.20081 0.75862 0.20081 0.75090 0.20515 0.73932 0.21166 0.70461 0.21383 0.66602 0.21057 0.66024 0.14981 0.66795 0.14764 0.67181 0.13679 0.67181 0.13137 0.68146 0.13354 0.69689 0.14439 0.71618 0.15741 0.75862 0.17043 0.78562 0.17260 0.79720 0.17260 0.82420 0.17477 0.82806 0.17477 0.83578 0.16934 0.84542 0.16500 0.84542 0.16175 0.85121 0.16175 0.87821 0.14330 0.88400 0.14005 0.89365 0.14222 0.90136 0.14764 0.90715 0.15632 0.90715 0.17260 0.91680 0.18236 0.90329 0.18887 0.90329 0.20840 0.89172 0.22143 0.88786 0.23011 0.89557 0.23553 0.88207 0.23445 0.86086 0.21274 0.85314 0.20949 0.83578 0.20406 0.82999 0.19755 0.83385 0.19213 0.82420
