6 1.00000 0.82407 0.69271 0.42130 0.59766 0.28241 0.53646 0.24768 0.45964 0.24074 0.38021 0.23380 0.29297 0.23380 0.20964 0.31945 0.24349 0.32407 0.26432 0.33565 0.26172 0.35185 0.24089 0.40278 0.02604 1.00000 1.00000 1.00000 1.00000 0.82407
2 0.79394 0.43055 0.79687 0.42535 0.79687 0.41493 0.79394 0.40972 0.77441 0.39930 0.76270 0.37153 0.75293 0.37153 0.74805 0.34896 0.75000 0.33160 0.75586 0.31423 0.75781 0.29688 0.77148 0.25173 0.77930 0.21007 0.77930 0.18923 0.77051 0.18055 0.69238 0.19445 0.68555 0.20312 0.68750 0.21702 0.69922 0.24132 0.70117 0.25173 0.70899 0.26910 0.71289 0.28646 0.72266 0.30729 0.72852 0.32812 0.72852 0.37673 0.72559 0.38195 0.71777 0.38195 0.71484 0.38715 0.71484 0.41146 0.71191 0.41667 0.69629 0.41667 0.69336 0.42188 0.69531 0.42882 0.70410 0.44097 0.70996 0.44097 0.71191 0.44445 0.73242 0.44271 0.74121 0.43750 0.76660 0.43403 0.76855 0.43055 0.79394 0.43055
6 1.00000 0.82407 0.69271 0.42130 0.59766 0.28241 0.53646 0.24768 0.45964 0.24074 0.38021 0.23380 0.29297 0.23380 0.20964 0.31945 0.24349 0.32407 0.26432 0.33565 0.26172 0.35185 0.24089 0.40278 0.02604 1.00000 1.00000 1.00000 1.00000 0.82407
2 0.79394 0.43055 0.79687 0.42535 0.79687 0.41493 0.79394 0.40972 0.77441 0.39930 0.76270 0.37153 0.75293 0.37153 0.74805 0.34896 0.75000 0.33160 0.75586 0.31423 0.75781 0.29688 0.77148 0.25173 0.77930 0.21007 0.77930 0.18923 0.77051 0.18055 0.69238 0.19445 0.68555 0.20312 0.68750 0.21702 0.69922 0.24132 0.70117 0.25173 0.70899 0.26910 0.71289 0.28646 0.72266 0.30729 0.72852 0.32812 0.72852 0.37673 0.72559 0.38195 0.71777 0.38195 0.71484 0.38715 0.71484 0.41146 0.71191 0.41667 0.69629 0.41667 0.69336 0.42188 0.69531 0.42882 0.70410 0.44097 0.70996 0.44097 0.71191 0.44445 0.73242 0.44271 0.74121 0.43750 0.76660 0.43403 0.76855 0.43055 0.79394 0.43055
6 1.00000 0.82407 0.69271 0.42130 0.59766 0.28241 0.53646 0.24768 0.45964 0.24074 0.38021 0.23380 0.29297 0.23380 0.20964 0.31945 0.24349 0.32407 0.26432 0.33565 0.26172 0.35185 0.24089 0.40278 0.02604 1.00000 1.00000 1.00000 1.00000 0.82407
2 0.79394 0.43055 0.79687 0.42535 0.79687 0.41493 0.79394 0.40972 0.77441 0.39930 0.76270 0.37153 0.75293 0.37153 0.74805 0.34896 0.75000 0.33160 0.75586 0.31423 0.75781 0.29688 0.77148 0.25173 0.77930 0.21007 0.77930 0.18923 0.77051 0.18055 0.69238 0.19445 0.68555 0.20312 0.68750 0.21702 0.69922 0.24132 0.70117 0.25173 0.70899 0.26910 0.71289 0.28646 0.72266 0.30729 0.72852 0.32812 0.72852 0.37673 0.72559 0.38195 0.71777 0.38195 0.71484 0.38715 0.71484 0.41146 0.71191 0.41667 0.69629 0.41667 0.69336 0.42188 0.69531 0.42882 0.70410 0.44097 0.70996 0.44097 0.71191 0.44445 0.73242 0.44271 0.74121 0.43750 0.76660 0.43403 0.76855 0.43055 0.79394 0.43055
6 1.00000 0.82407 0.69271 0.42130 0.59766 0.28241 0.53646 0.24768 0.45964 0.24074 0.38021 0.23380 0.29297 0.23380 0.20964 0.31945 0.24349 0.32407 0.26432 0.33565 0.26172 0.35185 0.24089 0.40278 0.02604 1.00000 1.00000 1.00000 1.00000 0.82407
2 0.79394 0.43055 0.79687 0.42535 0.79687 0.41493 0.79394 0.40972 0.77441 0.39930 0.76270 0.37153 0.75293 0.37153 0.74805 0.34896 0.75000 0.33160 0.75586 0.31423 0.75781 0.29688 0.77148 0.25173 0.77930 0.21007 0.77930 0.18923 0.77051 0.18055 0.69238 0.19445 0.68555 0.20312 0.68750 0.21702 0.69922 0.24132 0.70117 0.25173 0.70899 0.26910 0.71289 0.28646 0.72266 0.30729 0.72852 0.32812 0.72852 0.37673 0.72559 0.38195 0.71777 0.38195 0.71484 0.38715 0.71484 0.41146 0.71191 0.41667 0.69629 0.41667 0.69336 0.42188 0.69531 0.42882 0.70410 0.44097 0.70996 0.44097 0.71191 0.44445 0.73242 0.44271 0.74121 0.43750 0.76660 0.43403 0.76855 0.43055 0.79394 0.43055
6 1.00000 0.82407 0.69271 0.42130 0.59766 0.28241 0.53646 0.24768 0.45964 0.24074 0.38021 0.23380 0.29297 0.23380 0.20964 0.31945 0.24349 0.32407 0.26432 0.33565 0.26172 0.35185 0.24089 0.40278 0.02604 1.00000 1.00000 1.00000 1.00000 0.82407
2 0.79394 0.43055 0.79687 0.42535 0.79687 0.41493 0.79394 0.40972 0.77441 0.39930 0.76270 0.37153 0.75293 0.37153 0.74805 0.34896 0.75000 0.33160 0.75586 0.31423 0.75781 0.29688 0.77148 0.25173 0.77930 0.21007 0.77930 0.18923 0.77051 0.18055 0.69238 0.19445 0.68555 0.20312 0.68750 0.21702 0.69922 0.24132 0.70117 0.25173 0.70899 0.26910 0.71289 0.28646 0.72266 0.30729 0.72852 0.32812 0.72852 0.37673 0.72559 0.38195 0.71777 0.38195 0.71484 0.38715 0.71484 0.41146 0.71191 0.41667 0.69629 0.41667 0.69336 0.42188 0.69531 0.42882 0.70410 0.44097 0.70996 0.44097 0.71191 0.44445 0.73242 0.44271 0.74121 0.43750 0.76660 0.43403 0.76855 0.43055 0.79394 0.43055
6 1.00000 0.82407 0.69271 0.42130 0.59766 0.28241 0.53646 0.24768 0.45964 0.24074 0.38021 0.23380 0.29297 0.23380 0.20964 0.31945 0.24349 0.32407 0.26432 0.33565 0.26172 0.35185 0.24089 0.40278 0.02604 1.00000 1.00000 1.00000 1.00000 0.82407
2 0.79394 0.43055 0.79687 0.42535 0.79687 0.41493 0.79394 0.40972 0.77441 0.39930 0.76270 0.37153 0.75293 0.37153 0.74805 0.34896 0.75000 0.33160 0.75586 0.31423 0.75781 0.29688 0.77148 0.25173 0.77930 0.21007 0.77930 0.18923 0.77051 0.18055 0.69238 0.19445 0.68555 0.20312 0.68750 0.21702 0.69922 0.24132 0.70117 0.25173 0.70899 0.26910 0.71289 0.28646 0.72266 0.30729 0.72852 0.32812 0.72852 0.37673 0.72559 0.38195 0.71777 0.38195 0.71484 0.38715 0.71484 0.41146 0.71191 0.41667 0.69629 0.41667 0.69336 0.42188 0.69531 0.42882 0.70410 0.44097 0.70996 0.44097 0.71191 0.44445 0.73242 0.44271 0.74121 0.43750 0.76660 0.43403 0.76855 0.43055 0.79394 0.43055
