2 0.70478 0.30355 0.70610 0.29250 0.70202 0.28221 0.69537 0.28458 0.69086 0.27796 0.69217 0.26692 0.69054 0.26280 0.69567 0.23746 0.71334 0.19591 0.71804 0.17425 0.72349 0.16408 0.72480 0.15304 0.73069 0.13918 0.73375 0.11341 0.73131 0.10723 0.66171 0.10387 0.65506 0.10624 0.64880 0.11436 0.65118 0.12995 0.66054 0.15835 0.66129 0.16983 0.66455 0.17806 0.66487 0.19323 0.67661 0.23722 0.67136 0.28140 0.66760 0.28627 0.66346 0.28539 0.65719 0.29351 0.65751 0.30867 0.65375 0.31354 0.63883 0.31416 0.63463 0.32271 0.63827 0.33669 0.64241 0.33757 0.65721 0.35579 0.66467 0.35547 0.67094 0.34736 0.69621 0.34891 0.70743 0.34373 0.71364 0.34504 0.71646 0.35696 0.72060 0.35784 0.72906 0.33131 0.72786 0.32352 0.72335 0.31690 0.71093 0.31428 0.70723 0.30973 0.70478 0.30355
6 0.94678 1.00000 0.96497 0.84702 0.94807 0.80839 0.80116 0.58115 0.64067 0.36110 0.55226 0.18897 0.49848 0.12982 0.40359 0.10728 0.27698 0.07805 0.13569 0.05328 0.04749 0.04821 0.03716 0.13503 0.10123 0.12904 0.18704 0.14463 0.20490 0.16097 0.18635 0.20990 0.14033 0.32348 0.00000 0.66940 0.00000 0.90075 0.47046 1.00000 0.94678 1.00000
2 0.70478 0.30355 0.70610 0.29250 0.70202 0.28221 0.69537 0.28458 0.69086 0.27796 0.69217 0.26692 0.69054 0.26280 0.69567 0.23746 0.71334 0.19591 0.71804 0.17425 0.72349 0.16408 0.72480 0.15304 0.73069 0.13918 0.73375 0.11341 0.73131 0.10723 0.66171 0.10387 0.65506 0.10624 0.64880 0.11436 0.65118 0.12995 0.66054 0.15835 0.66129 0.16983 0.66455 0.17806 0.66487 0.19323 0.67661 0.23722 0.67136 0.28140 0.66760 0.28627 0.66346 0.28539 0.65719 0.29351 0.65751 0.30867 0.65375 0.31354 0.63883 0.31416 0.63463 0.32271 0.63827 0.33669 0.64241 0.33757 0.65721 0.35579 0.66467 0.35547 0.67094 0.34736 0.69621 0.34891 0.70743 0.34373 0.71364 0.34504 0.71646 0.35696 0.72060 0.35784 0.72906 0.33131 0.72786 0.32352 0.72335 0.31690 0.71093 0.31428 0.70723 0.30973 0.70478 0.30355
6 0.94678 1.00000 0.96497 0.84702 0.94807 0.80839 0.80116 0.58115 0.64067 0.36110 0.55226 0.18897 0.49848 0.12982 0.40359 0.10728 0.27698 0.07805 0.13569 0.05328 0.04749 0.04821 0.03716 0.13503 0.10123 0.12904 0.18704 0.14463 0.20490 0.16097 0.18635 0.20990 0.14033 0.32348 0.00000 0.66940 0.00000 0.90075 0.47046 1.00000 0.94678 1.00000
2 0.70478 0.30355 0.70610 0.29250 0.70202 0.28221 0.69537 0.28458 0.69086 0.27796 0.69217 0.26692 0.69054 0.26280 0.69567 0.23746 0.71334 0.19591 0.71804 0.17425 0.72349 0.16408 0.72480 0.15304 0.73069 0.13918 0.73375 0.11341 0.73131 0.10723 0.66171 0.10387 0.65506 0.10624 0.64880 0.11436 0.65118 0.12995 0.66054 0.15835 0.66129 0.16983 0.66455 0.17806 0.66487 0.19323 0.67661 0.23722 0.67136 0.28140 0.66760 0.28627 0.66346 0.28539 0.65719 0.29351 0.65751 0.30867 0.65375 0.31354 0.63883 0.31416 0.63463 0.32271 0.63827 0.33669 0.64241 0.33757 0.65721 0.35579 0.66467 0.35547 0.67094 0.34736 0.69621 0.34891 0.70743 0.34373 0.71364 0.34504 0.71646 0.35696 0.72060 0.35784 0.72906 0.33131 0.72786 0.32352 0.72335 0.31690 0.71093 0.31428 0.70723 0.30973 0.70478 0.30355
6 0.94678 1.00000 0.96497 0.84702 0.94807 0.80839 0.80116 0.58115 0.64067 0.36110 0.55226 0.18897 0.49848 0.12982 0.40359 0.10728 0.27698 0.07805 0.13569 0.05328 0.04749 0.04821 0.03716 0.13503 0.10123 0.12904 0.18704 0.14463 0.20490 0.16097 0.18635 0.20990 0.14033 0.32348 0.00000 0.66940 0.00000 0.90075 0.47046 1.00000 0.94678 1.00000
2 0.70478 0.30355 0.70610 0.29250 0.70202 0.28221 0.69537 0.28458 0.69086 0.27796 0.69217 0.26692 0.69054 0.26280 0.69567 0.23746 0.71334 0.19591 0.71804 0.17425 0.72349 0.16408 0.72480 0.15304 0.73069 0.13918 0.73375 0.11341 0.73131 0.10723 0.66171 0.10387 0.65506 0.10624 0.64880 0.11436 0.65118 0.12995 0.66054 0.15835 0.66129 0.16983 0.66455 0.17806 0.66487 0.19323 0.67661 0.23722 0.67136 0.28140 0.66760 0.28627 0.66346 0.28539 0.65719 0.29351 0.65751 0.30867 0.65375 0.31354 0.63883 0.31416 0.63463 0.32271 0.63827 0.33669 0.64241 0.33757 0.65721 0.35579 0.66467 0.35547 0.67094 0.34736 0.69621 0.34891 0.70743 0.34373 0.71364 0.34504 0.71646 0.35696 0.72060 0.35784 0.72906 0.33131 0.72786 0.32352 0.72335 0.31690 0.71093 0.31428 0.70723 0.30973 0.70478 0.30355
6 0.94678 1.00000 0.96497 0.84702 0.94807 0.80839 0.80116 0.58115 0.64067 0.36110 0.55226 0.18897 0.49848 0.12982 0.40359 0.10728 0.27698 0.07805 0.13569 0.05328 0.04749 0.04821 0.03716 0.13503 0.10123 0.12904 0.18704 0.14463 0.20490 0.16097 0.18635 0.20990 0.14033 0.32348 0.00000 0.66940 0.00000 0.90075 0.47046 1.00000 0.94678 1.00000
2 0.70478 0.30355 0.70610 0.29250 0.70202 0.28221 0.69537 0.28458 0.69086 0.27796 0.69217 0.26692 0.69054 0.26280 0.69567 0.23746 0.71334 0.19591 0.71804 0.17425 0.72349 0.16408 0.72480 0.15304 0.73069 0.13918 0.73375 0.11341 0.73131 0.10723 0.66171 0.10387 0.65506 0.10624 0.64880 0.11436 0.65118 0.12995 0.66054 0.15835 0.66129 0.16983 0.66455 0.17806 0.66487 0.19323 0.67661 0.23722 0.67136 0.28140 0.66760 0.28627 0.66346 0.28539 0.65719 0.29351 0.65751 0.30867 0.65375 0.31354 0.63883 0.31416 0.63463 0.32271 0.63827 0.33669 0.64241 0.33757 0.65721 0.35579 0.66467 0.35547 0.67094 0.34736 0.69621 0.34891 0.70743 0.34373 0.71364 0.34504 0.71646 0.35696 0.72060 0.35784 0.72906 0.33131 0.72786 0.32352 0.72335 0.31690 0.71093 0.31428 0.70723 0.30973 0.70478 0.30355
6 0.94678 1.00000 0.96497 0.84702 0.94807 0.80839 0.80116 0.58115 0.64067 0.36110 0.55226 0.18897 0.49848 0.12982 0.40359 0.10728 0.27698 0.07805 0.13569 0.05328 0.04749 0.04821 0.03716 0.13503 0.10123 0.12904 0.18704 0.14463 0.20490 0.16097 0.18635 0.20990 0.14033 0.32348 0.00000 0.66940 0.00000 0.90075 0.47046 1.00000 0.94678 1.00000
2 0.70478 0.30355 0.70610 0.29250 0.70202 0.28221 0.69537 0.28458 0.69086 0.27796 0.69217 0.26692 0.69054 0.26280 0.69567 0.23746 0.71334 0.19591 0.71804 0.17425 0.72349 0.16408 0.72480 0.15304 0.73069 0.13918 0.73375 0.11341 0.73131 0.10723 0.66171 0.10387 0.65506 0.10624 0.64880 0.11436 0.65118 0.12995 0.66054 0.15835 0.66129 0.16983 0.66455 0.17806 0.66487 0.19323 0.67661 0.23722 0.67136 0.28140 0.66760 0.28627 0.66346 0.28539 0.65719 0.29351 0.65751 0.30867 0.65375 0.31354 0.63883 0.31416 0.63463 0.32271 0.63827 0.33669 0.64241 0.33757 0.65721 0.35579 0.66467 0.35547 0.67094 0.34736 0.69621 0.34891 0.70743 0.34373 0.71364 0.34504 0.71646 0.35696 0.72060 0.35784 0.72906 0.33131 0.72786 0.32352 0.72335 0.31690 0.71093 0.31428 0.70723 0.30973 0.70478 0.30355
6 0.94678 1.00000 0.96497 0.84702 0.94807 0.80839 0.80116 0.58115 0.64067 0.36110 0.55226 0.18897 0.49848 0.12982 0.40359 0.10728 0.27698 0.07805 0.13569 0.05328 0.04749 0.04821 0.03716 0.13503 0.10123 0.12904 0.18704 0.14463 0.20490 0.16097 0.18635 0.20990 0.14033 0.32348 0.00000 0.66940 0.00000 0.90075 0.47046 1.00000 0.94678 1.00000
