6 1.00000 0.85272 0.11852 0.03431 0.00000 0.04535 0.00000 0.52326 0.02503 1.00000 0.51311 1.00000 1.00000 0.95465 1.00000 0.85272
1 0.35893 0.16770 0.34135 0.18798 0.31965 0.20382 0.31714 0.21511 0.35524 0.24540 0.41928 0.22977 0.42040 0.19927 0.39587 0.19810 0.39030 0.16615 0.37906 0.16651 0.37466 0.13445 0.39014 0.11756 0.40162 0.08995 0.40465 0.07196 0.40225 0.02617 0.39578 0.00848 0.33330 0.01430 0.32883 0.02947 0.32740 0.04022 0.33197 0.08936 0.33667 0.10307 0.35506 0.13145 0.35893 0.16770
6 1.00000 0.85272 0.11852 0.03431 0.00000 0.04535 0.00000 0.52326 0.02503 1.00000 0.51311 1.00000 1.00000 0.95465 1.00000 0.85272
1 0.35893 0.16770 0.34135 0.18798 0.31965 0.20382 0.31714 0.21511 0.35524 0.24540 0.41928 0.22977 0.42040 0.19927 0.39587 0.19810 0.39030 0.16615 0.37906 0.16651 0.37466 0.13445 0.39014 0.11756 0.40162 0.08995 0.40465 0.07196 0.40225 0.02617 0.39578 0.00848 0.33330 0.01430 0.32883 0.02947 0.32740 0.04022 0.33197 0.08936 0.33667 0.10307 0.35506 0.13145 0.35893 0.16770
6 1.00000 0.85272 0.11852 0.03431 0.00000 0.04535 0.00000 0.52326 0.02503 1.00000 0.51311 1.00000 1.00000 0.95465 1.00000 0.85272
1 0.35893 0.16770 0.34135 0.18798 0.31965 0.20382 0.31714 0.21511 0.35524 0.24540 0.41928 0.22977 0.42040 0.19927 0.39587 0.19810 0.39030 0.16615 0.37906 0.16651 0.37466 0.13445 0.39014 0.11756 0.40162 0.08995 0.40465 0.07196 0.40225 0.02617 0.39578 0.00848 0.33330 0.01430 0.32883 0.02947 0.32740 0.04022 0.33197 0.08936 0.33667 0.10307 0.35506 0.13145 0.35893 0.16770
6 1.00000 0.85272 0.11852 0.03431 0.00000 0.04535 0.00000 0.52326 0.02503 1.00000 0.51311 1.00000 1.00000 0.95465 1.00000 0.85272
1 0.35893 0.16770 0.34135 0.18798 0.31965 0.20382 0.31714 0.21511 0.35524 0.24540 0.41928 0.22977 0.42040 0.19927 0.39587 0.19810 0.39030 0.16615 0.37906 0.16651 0.37466 0.13445 0.39014 0.11756 0.40162 0.08995 0.40465 0.07196 0.40225 0.02617 0.39578 0.00848 0.33330 0.01430 0.32883 0.02947 0.32740 0.04022 0.33197 0.08936 0.33667 0.10307 0.35506 0.13145 0.35893 0.16770
6 1.00000 0.85272 0.11852 0.03431 0.00000 0.04535 0.00000 0.52326 0.02503 1.00000 0.51311 1.00000 1.00000 0.95465 1.00000 0.85272
1 0.35893 0.16770 0.34135 0.18798 0.31965 0.20382 0.31714 0.21511 0.35524 0.24540 0.41928 0.22977 0.42040 0.19927 0.39587 0.19810 0.39030 0.16615 0.37906 0.16651 0.37466 0.13445 0.39014 0.11756 0.40162 0.08995 0.40465 0.07196 0.40225 0.02617 0.39578 0.00848 0.33330 0.01430 0.32883 0.02947 0.32740 0.04022 0.33197 0.08936 0.33667 0.10307 0.35506 0.13145 0.35893 0.16770
