6 0.00000 0.92198 0.27979 0.96774 0.24850 0.92848 0.24506 0.92049 0.23373 0.90750 0.22962 0.90683 0.19769 0.86821 0.19358 0.86754 0.19014 0.85955 0.14072 0.80693 0.13728 0.79895 0.12767 0.78995 0.12423 0.78196 0.11257 0.77264 0.10913 0.76465 0.09541 0.75498 0.07549 0.72204 0.06143 0.71602 0.05971 0.71203 0.04737 0.71001 0.03571 0.70068 0.00000 0.69175 0.00000 0.92198
2 0.26078 0.78389 0.26590 0.77359 0.27271 0.74501 0.28330 0.72077 0.28431 0.70980 0.29317 0.68155 0.29486 0.66327 0.29056 0.65329 0.27411 0.65060 0.27172 0.65392 0.25321 0.65089 0.25082 0.65421 0.21963 0.65283 0.21159 0.66079 0.21092 0.66810 0.22262 0.69971 0.23125 0.74194 0.23813 0.75791 0.24399 0.78485 0.23924 0.81377 0.23326 0.82207 0.22555 0.82637 0.22148 0.84797 0.20813 0.85693 0.20745 0.86424 0.21175 0.87422 0.21758 0.87888 0.22495 0.87823 0.25527 0.87762 0.27718 0.86636 0.28986 0.86473 0.29584 0.85643 0.29360 0.84678 0.27748 0.84043 0.27319 0.83045 0.27386 0.82314 0.26750 0.81282 0.26134 0.81181 0.25943 0.79851 0.26078 0.78389
6 0.00000 0.92198 0.27979 0.96774 0.24850 0.92848 0.24506 0.92049 0.23373 0.90750 0.22962 0.90683 0.19769 0.86821 0.19358 0.86754 0.19014 0.85955 0.14072 0.80693 0.13728 0.79895 0.12767 0.78995 0.12423 0.78196 0.11257 0.77264 0.10913 0.76465 0.09541 0.75498 0.07549 0.72204 0.06143 0.71602 0.05971 0.71203 0.04737 0.71001 0.03571 0.70068 0.00000 0.69175 0.00000 0.92198
2 0.26078 0.78389 0.26590 0.77359 0.27271 0.74501 0.28330 0.72077 0.28431 0.70980 0.29317 0.68155 0.29486 0.66327 0.29056 0.65329 0.27411 0.65060 0.27172 0.65392 0.25321 0.65089 0.25082 0.65421 0.21963 0.65283 0.21159 0.66079 0.21092 0.66810 0.22262 0.69971 0.23125 0.74194 0.23813 0.75791 0.24399 0.78485 0.23924 0.81377 0.23326 0.82207 0.22555 0.82637 0.22148 0.84797 0.20813 0.85693 0.20745 0.86424 0.21175 0.87422 0.21758 0.87888 0.22495 0.87823 0.25527 0.87762 0.27718 0.86636 0.28986 0.86473 0.29584 0.85643 0.29360 0.84678 0.27748 0.84043 0.27319 0.83045 0.27386 0.82314 0.26750 0.81282 0.26134 0.81181 0.25943 0.79851 0.26078 0.78389
6 0.00000 0.92198 0.27979 0.96774 0.24850 0.92848 0.24506 0.92049 0.23373 0.90750 0.22962 0.90683 0.19769 0.86821 0.19358 0.86754 0.19014 0.85955 0.14072 0.80693 0.13728 0.79895 0.12767 0.78995 0.12423 0.78196 0.11257 0.77264 0.10913 0.76465 0.09541 0.75498 0.07549 0.72204 0.06143 0.71602 0.05971 0.71203 0.04737 0.71001 0.03571 0.70068 0.00000 0.69175 0.00000 0.92198
2 0.26078 0.78389 0.26590 0.77359 0.27271 0.74501 0.28330 0.72077 0.28431 0.70980 0.29317 0.68155 0.29486 0.66327 0.29056 0.65329 0.27411 0.65060 0.27172 0.65392 0.25321 0.65089 0.25082 0.65421 0.21963 0.65283 0.21159 0.66079 0.21092 0.66810 0.22262 0.69971 0.23125 0.74194 0.23813 0.75791 0.24399 0.78485 0.23924 0.81377 0.23326 0.82207 0.22555 0.82637 0.22148 0.84797 0.20813 0.85693 0.20745 0.86424 0.21175 0.87422 0.21758 0.87888 0.22495 0.87823 0.25527 0.87762 0.27718 0.86636 0.28986 0.86473 0.29584 0.85643 0.29360 0.84678 0.27748 0.84043 0.27319 0.83045 0.27386 0.82314 0.26750 0.81282 0.26134 0.81181 0.25943 0.79851 0.26078 0.78389
6 0.00000 0.92198 0.27979 0.96774 0.24850 0.92848 0.24506 0.92049 0.23373 0.90750 0.22962 0.90683 0.19769 0.86821 0.19358 0.86754 0.19014 0.85955 0.14072 0.80693 0.13728 0.79895 0.12767 0.78995 0.12423 0.78196 0.11257 0.77264 0.10913 0.76465 0.09541 0.75498 0.07549 0.72204 0.06143 0.71602 0.05971 0.71203 0.04737 0.71001 0.03571 0.70068 0.00000 0.69175 0.00000 0.92198
2 0.26078 0.78389 0.26590 0.77359 0.27271 0.74501 0.28330 0.72077 0.28431 0.70980 0.29317 0.68155 0.29486 0.66327 0.29056 0.65329 0.27411 0.65060 0.27172 0.65392 0.25321 0.65089 0.25082 0.65421 0.21963 0.65283 0.21159 0.66079 0.21092 0.66810 0.22262 0.69971 0.23125 0.74194 0.23813 0.75791 0.24399 0.78485 0.23924 0.81377 0.23326 0.82207 0.22555 0.82637 0.22148 0.84797 0.20813 0.85693 0.20745 0.86424 0.21175 0.87422 0.21758 0.87888 0.22495 0.87823 0.25527 0.87762 0.27718 0.86636 0.28986 0.86473 0.29584 0.85643 0.29360 0.84678 0.27748 0.84043 0.27319 0.83045 0.27386 0.82314 0.26750 0.81282 0.26134 0.81181 0.25943 0.79851 0.26078 0.78389
6 0.00000 0.92198 0.27979 0.96774 0.24850 0.92848 0.24506 0.92049 0.23373 0.90750 0.22962 0.90683 0.19769 0.86821 0.19358 0.86754 0.19014 0.85955 0.14072 0.80693 0.13728 0.79895 0.12767 0.78995 0.12423 0.78196 0.11257 0.77264 0.10913 0.76465 0.09541 0.75498 0.07549 0.72204 0.06143 0.71602 0.05971 0.71203 0.04737 0.71001 0.03571 0.70068 0.00000 0.69175 0.00000 0.92198
2 0.26078 0.78389 0.26590 0.77359 0.27271 0.74501 0.28330 0.72077 0.28431 0.70980 0.29317 0.68155 0.29486 0.66327 0.29056 0.65329 0.27411 0.65060 0.27172 0.65392 0.25321 0.65089 0.25082 0.65421 0.21963 0.65283 0.21159 0.66079 0.21092 0.66810 0.22262 0.69971 0.23125 0.74194 0.23813 0.75791 0.24399 0.78485 0.23924 0.81377 0.23326 0.82207 0.22555 0.82637 0.22148 0.84797 0.20813 0.85693 0.20745 0.86424 0.21175 0.87422 0.21758 0.87888 0.22495 0.87823 0.25527 0.87762 0.27718 0.86636 0.28986 0.86473 0.29584 0.85643 0.29360 0.84678 0.27748 0.84043 0.27319 0.83045 0.27386 0.82314 0.26750 0.81282 0.26134 0.81181 0.25943 0.79851 0.26078 0.78389
6 0.00000 0.92198 0.27979 0.96774 0.24850 0.92848 0.24506 0.92049 0.23373 0.90750 0.22962 0.90683 0.19769 0.86821 0.19358 0.86754 0.19014 0.85955 0.14072 0.80693 0.13728 0.79895 0.12767 0.78995 0.12423 0.78196 0.11257 0.77264 0.10913 0.76465 0.09541 0.75498 0.07549 0.72204 0.06143 0.71602 0.05971 0.71203 0.04737 0.71001 0.03571 0.70068 0.00000 0.69175 0.00000 0.92198
2 0.26078 0.78389 0.26590 0.77359 0.27271 0.74501 0.28330 0.72077 0.28431 0.70980 0.29317 0.68155 0.29486 0.66327 0.29056 0.65329 0.27411 0.65060 0.27172 0.65392 0.25321 0.65089 0.25082 0.65421 0.21963 0.65283 0.21159 0.66079 0.21092 0.66810 0.22262 0.69971 0.23125 0.74194 0.23813 0.75791 0.24399 0.78485 0.23924 0.81377 0.23326 0.82207 0.22555 0.82637 0.22148 0.84797 0.20813 0.85693 0.20745 0.86424 0.21175 0.87422 0.21758 0.87888 0.22495 0.87823 0.25527 0.87762 0.27718 0.86636 0.28986 0.86473 0.29584 0.85643 0.29360 0.84678 0.27748 0.84043 0.27319 0.83045 0.27386 0.82314 0.26750 0.81282 0.26134 0.81181 0.25943 0.79851 0.26078 0.78389
