6 1.00000 0.83723 0.13524 0.03275 0.00000 0.04535 0.00000 0.52326 0.02503 1.00000 0.51311 1.00000 1.00000 0.95465 1.00000 0.83723
1 0.37886 0.16144 0.36960 0.16536 0.33893 0.18732 0.33763 0.20348 0.37156 0.23547 0.43956 0.21997 0.43704 0.19652 0.41278 0.18502 0.41064 0.15237 0.39846 0.15809 0.39625 0.13502 0.41149 0.11841 0.42279 0.09125 0.42577 0.07357 0.42341 0.02854 0.41541 0.00666 0.35696 0.01210 0.35114 0.03179 0.34974 0.04236 0.35423 0.09067 0.35886 0.10416 0.37696 0.13206 0.37886 0.16144
6 1.00000 0.83723 0.13524 0.03275 0.00000 0.04535 0.00000 0.52326 0.02503 1.00000 0.51311 1.00000 1.00000 0.95465 1.00000 0.83723
1 0.37886 0.16144 0.36960 0.16536 0.33893 0.18732 0.33763 0.20348 0.37156 0.23547 0.43956 0.21997 0.43704 0.19652 0.41278 0.18502 0.41064 0.15237 0.39846 0.15809 0.39625 0.13502 0.41149 0.11841 0.42279 0.09125 0.42577 0.07357 0.42341 0.02854 0.41541 0.00666 0.35696 0.01210 0.35114 0.03179 0.34974 0.04236 0.35423 0.09067 0.35886 0.10416 0.37696 0.13206 0.37886 0.16144
6 1.00000 0.83723 0.13524 0.03275 0.00000 0.04535 0.00000 0.52326 0.02503 1.00000 0.51311 1.00000 1.00000 0.95465 1.00000 0.83723
1 0.37886 0.16144 0.36960 0.16536 0.33893 0.18732 0.33763 0.20348 0.37156 0.23547 0.43956 0.21997 0.43704 0.19652 0.41278 0.18502 0.41064 0.15237 0.39846 0.15809 0.39625 0.13502 0.41149 0.11841 0.42279 0.09125 0.42577 0.07357 0.42341 0.02854 0.41541 0.00666 0.35696 0.01210 0.35114 0.03179 0.34974 0.04236 0.35423 0.09067 0.35886 0.10416 0.37696 0.13206 0.37886 0.16144
6 1.00000 0.83723 0.13524 0.03275 0.00000 0.04535 0.00000 0.52326 0.02503 1.00000 0.51311 1.00000 1.00000 0.95465 1.00000 0.83723
1 0.37886 0.16144 0.36960 0.16536 0.33893 0.18732 0.33763 0.20348 0.37156 0.23547 0.43956 0.21997 0.43704 0.19652 0.41278 0.18502 0.41064 0.15237 0.39846 0.15809 0.39625 0.13502 0.41149 0.11841 0.42279 0.09125 0.42577 0.07357 0.42341 0.02854 0.41541 0.00666 0.35696 0.01210 0.35114 0.03179 0.34974 0.04236 0.35423 0.09067 0.35886 0.10416 0.37696 0.13206 0.37886 0.16144
6 1.00000 0.83723 0.13524 0.03275 0.00000 0.04535 0.00000 0.52326 0.02503 1.00000 0.51311 1.00000 1.00000 0.95465 1.00000 0.83723
1 0.37886 0.16144 0.36960 0.16536 0.33893 0.18732 0.33763 0.20348 0.37156 0.23547 0.43956 0.21997 0.43704 0.19652 0.41278 0.18502 0.41064 0.15237 0.39846 0.15809 0.39625 0.13502 0.41149 0.11841 0.42279 0.09125 0.42577 0.07357 0.42341 0.02854 0.41541 0.00666 0.35696 0.01210 0.35114 0.03179 0.34974 0.04236 0.35423 0.09067 0.35886 0.10416 0.37696 0.13206 0.37886 0.16144
6 1.00000 0.83723 0.13524 0.03275 0.00000 0.04535 0.00000 0.52326 0.02503 1.00000 0.51311 1.00000 1.00000 0.95465 1.00000 0.83723
1 0.37886 0.16144 0.36960 0.16536 0.33893 0.18732 0.33763 0.20348 0.37156 0.23547 0.43956 0.21997 0.43704 0.19652 0.41278 0.18502 0.41064 0.15237 0.39846 0.15809 0.39625 0.13502 0.41149 0.11841 0.42279 0.09125 0.42577 0.07357 0.42341 0.02854 0.41541 0.00666 0.35696 0.01210 0.35114 0.03179 0.34974 0.04236 0.35423 0.09067 0.35886 0.10416 0.37696 0.13206 0.37886 0.16144
