6 0.05848 0.00000 0.04196 0.12472 0.15592 0.15398 0.17884 0.15544 0.19114 0.13703 0.20619 0.13380 0.20957 0.10826 0.19995 0.10068 0.20505 0.03184 0.08720 0.00000 0.05848 0.00000
6 1.00000 0.24625 0.76995 0.19130 0.75416 0.22655 0.73203 0.25909 0.71883 0.30910 1.00000 0.37675 1.00000 0.24625
6 0.86316 1.00000 0.64965 0.29055 0.69271 0.29968 0.68341 0.17098 0.22791 0.04011 0.22338 0.13934 0.24801 0.14994 0.24933 0.18388 0.31977 0.19823 0.11549 0.91740 0.46716 1.00000 0.86316 1.00000
3 0.66399 0.32088 0.66314 0.34325 0.67345 0.38519 0.68009 0.38298 0.71292 0.39069 0.71654 0.39530 0.72287 0.38739 0.72928 0.35503 0.72173 0.34009 0.71437 0.31578 0.70948 0.31275 0.71335 0.28356 0.71763 0.27516 0.72174 0.27612 0.73803 0.26490 0.74739 0.25016 0.75391 0.23288 0.75922 0.19274 0.75813 0.18496 0.74745 0.16175 0.74178 0.15666 0.72742 0.15329 0.71161 0.16086 0.70274 0.17195 0.69115 0.19556 0.68632 0.23205 0.68849 0.24762 0.69555 0.26621 0.69965 0.26717 0.70357 0.27750 0.70104 0.28066 0.69862 0.29891 0.69180 0.31048 0.68565 0.30904 0.68010 0.31902 0.66984 0.31661 0.66399 0.32088
5 0.79462 0.63747 0.78026 0.63410 0.77772 0.63727 0.76951 0.63534 0.76016 0.65007 0.76136 0.67293 0.77126 0.69407 0.77862 0.71837 0.77874 0.73345 0.78471 0.74426 0.80257 0.73717 0.85182 0.74873 0.85495 0.75700 0.86111 0.75844 0.86744 0.75052 0.87082 0.72498 0.86081 0.68876 0.85248 0.67176 0.85188 0.66033 0.84796 0.65000 0.84102 0.64649 0.84489 0.61729 0.85484 0.61399 0.87669 0.59278 0.88791 0.58789 0.89884 0.57729 0.90789 0.55684 0.91586 0.52861 0.92141 0.51863 0.92383 0.50038 0.91587 0.46464 0.91683 0.45734 0.91291 0.44702 0.86463 0.42815 0.82698 0.45694 0.81811 0.46802 0.81714 0.47532 0.80458 0.50623 0.79722 0.54589 0.80723 0.58211 0.80784 0.59354 0.81381 0.60435 0.82407 0.60676 0.82389 0.61613 0.82135 0.61929 0.81990 0.63024 0.81308 0.64181 0.80282 0.63940 0.80029 0.64257 0.79462 0.63747
6 0.05848 0.00000 0.04196 0.12472 0.15592 0.15398 0.17884 0.15544 0.19114 0.13703 0.20619 0.13380 0.20957 0.10826 0.19995 0.10068 0.20505 0.03184 0.08720 0.00000 0.05848 0.00000
6 1.00000 0.24625 0.76995 0.19130 0.75416 0.22655 0.73203 0.25909 0.71883 0.30910 1.00000 0.37675 1.00000 0.24625
6 0.86316 1.00000 0.64965 0.29055 0.69271 0.29968 0.68341 0.17098 0.22791 0.04011 0.22338 0.13934 0.24801 0.14994 0.24933 0.18388 0.31977 0.19823 0.11549 0.91740 0.46716 1.00000 0.86316 1.00000
3 0.66399 0.32088 0.66314 0.34325 0.67345 0.38519 0.68009 0.38298 0.71292 0.39069 0.71654 0.39530 0.72287 0.38739 0.72928 0.35503 0.72173 0.34009 0.71437 0.31578 0.70948 0.31275 0.71335 0.28356 0.71763 0.27516 0.72174 0.27612 0.73803 0.26490 0.74739 0.25016 0.75391 0.23288 0.75922 0.19274 0.75813 0.18496 0.74745 0.16175 0.74178 0.15666 0.72742 0.15329 0.71161 0.16086 0.70274 0.17195 0.69115 0.19556 0.68632 0.23205 0.68849 0.24762 0.69555 0.26621 0.69965 0.26717 0.70357 0.27750 0.70104 0.28066 0.69862 0.29891 0.69180 0.31048 0.68565 0.30904 0.68010 0.31902 0.66984 0.31661 0.66399 0.32088
5 0.79462 0.63747 0.78026 0.63410 0.77772 0.63727 0.76951 0.63534 0.76016 0.65007 0.76136 0.67293 0.77126 0.69407 0.77862 0.71837 0.77874 0.73345 0.78471 0.74426 0.80257 0.73717 0.85182 0.74873 0.85495 0.75700 0.86111 0.75844 0.86744 0.75052 0.87082 0.72498 0.86081 0.68876 0.85248 0.67176 0.85188 0.66033 0.84796 0.65000 0.84102 0.64649 0.84489 0.61729 0.85484 0.61399 0.87669 0.59278 0.88791 0.58789 0.89884 0.57729 0.90789 0.55684 0.91586 0.52861 0.92141 0.51863 0.92383 0.50038 0.91587 0.46464 0.91683 0.45734 0.91291 0.44702 0.86463 0.42815 0.82698 0.45694 0.81811 0.46802 0.81714 0.47532 0.80458 0.50623 0.79722 0.54589 0.80723 0.58211 0.80784 0.59354 0.81381 0.60435 0.82407 0.60676 0.82389 0.61613 0.82135 0.61929 0.81990 0.63024 0.81308 0.64181 0.80282 0.63940 0.80029 0.64257 0.79462 0.63747
6 0.05848 0.00000 0.04196 0.12472 0.15592 0.15398 0.17884 0.15544 0.19114 0.13703 0.20619 0.13380 0.20957 0.10826 0.19995 0.10068 0.20505 0.03184 0.08720 0.00000 0.05848 0.00000
6 1.00000 0.24625 0.76995 0.19130 0.75416 0.22655 0.73203 0.25909 0.71883 0.30910 1.00000 0.37675 1.00000 0.24625
6 0.86316 1.00000 0.64965 0.29055 0.69271 0.29968 0.68341 0.17098 0.22791 0.04011 0.22338 0.13934 0.24801 0.14994 0.24933 0.18388 0.31977 0.19823 0.11549 0.91740 0.46716 1.00000 0.86316 1.00000
3 0.66399 0.32088 0.66314 0.34325 0.67345 0.38519 0.68009 0.38298 0.71292 0.39069 0.71654 0.39530 0.72287 0.38739 0.72928 0.35503 0.72173 0.34009 0.71437 0.31578 0.70948 0.31275 0.71335 0.28356 0.71763 0.27516 0.72174 0.27612 0.73803 0.26490 0.74739 0.25016 0.75391 0.23288 0.75922 0.19274 0.75813 0.18496 0.74745 0.16175 0.74178 0.15666 0.72742 0.15329 0.71161 0.16086 0.70274 0.17195 0.69115 0.19556 0.68632 0.23205 0.68849 0.24762 0.69555 0.26621 0.69965 0.26717 0.70357 0.27750 0.70104 0.28066 0.69862 0.29891 0.69180 0.31048 0.68565 0.30904 0.68010 0.31902 0.66984 0.31661 0.66399 0.32088
5 0.79462 0.63747 0.78026 0.63410 0.77772 0.63727 0.76951 0.63534 0.76016 0.65007 0.76136 0.67293 0.77126 0.69407 0.77862 0.71837 0.77874 0.73345 0.78471 0.74426 0.80257 0.73717 0.85182 0.74873 0.85495 0.75700 0.86111 0.75844 0.86744 0.75052 0.87082 0.72498 0.86081 0.68876 0.85248 0.67176 0.85188 0.66033 0.84796 0.65000 0.84102 0.64649 0.84489 0.61729 0.85484 0.61399 0.87669 0.59278 0.88791 0.58789 0.89884 0.57729 0.90789 0.55684 0.91586 0.52861 0.92141 0.51863 0.92383 0.50038 0.91587 0.46464 0.91683 0.45734 0.91291 0.44702 0.86463 0.42815 0.82698 0.45694 0.81811 0.46802 0.81714 0.47532 0.80458 0.50623 0.79722 0.54589 0.80723 0.58211 0.80784 0.59354 0.81381 0.60435 0.82407 0.60676 0.82389 0.61613 0.82135 0.61929 0.81990 0.63024 0.81308 0.64181 0.80282 0.63940 0.80029 0.64257 0.79462 0.63747
6 0.05848 0.00000 0.04196 0.12472 0.15592 0.15398 0.17884 0.15544 0.19114 0.13703 0.20619 0.13380 0.20957 0.10826 0.19995 0.10068 0.20505 0.03184 0.08720 0.00000 0.05848 0.00000
6 1.00000 0.24625 0.76995 0.19130 0.75416 0.22655 0.73203 0.25909 0.71883 0.30910 1.00000 0.37675 1.00000 0.24625
6 0.86316 1.00000 0.64965 0.29055 0.69271 0.29968 0.68341 0.17098 0.22791 0.04011 0.22338 0.13934 0.24801 0.14994 0.24933 0.18388 0.31977 0.19823 0.11549 0.91740 0.46716 1.00000 0.86316 1.00000
3 0.66399 0.32088 0.66314 0.34325 0.67345 0.38519 0.68009 0.38298 0.71292 0.39069 0.71654 0.39530 0.72287 0.38739 0.72928 0.35503 0.72173 0.34009 0.71437 0.31578 0.70948 0.31275 0.71335 0.28356 0.71763 0.27516 0.72174 0.27612 0.73803 0.26490 0.74739 0.25016 0.75391 0.23288 0.75922 0.19274 0.75813 0.18496 0.74745 0.16175 0.74178 0.15666 0.72742 0.15329 0.71161 0.16086 0.70274 0.17195 0.69115 0.19556 0.68632 0.23205 0.68849 0.24762 0.69555 0.26621 0.69965 0.26717 0.70357 0.27750 0.70104 0.28066 0.69862 0.29891 0.69180 0.31048 0.68565 0.30904 0.68010 0.31902 0.66984 0.31661 0.66399 0.32088
5 0.79462 0.63747 0.78026 0.63410 0.77772 0.63727 0.76951 0.63534 0.76016 0.65007 0.76136 0.67293 0.77126 0.69407 0.77862 0.71837 0.77874 0.73345 0.78471 0.74426 0.80257 0.73717 0.85182 0.74873 0.85495 0.75700 0.86111 0.75844 0.86744 0.75052 0.87082 0.72498 0.86081 0.68876 0.85248 0.67176 0.85188 0.66033 0.84796 0.65000 0.84102 0.64649 0.84489 0.61729 0.85484 0.61399 0.87669 0.59278 0.88791 0.58789 0.89884 0.57729 0.90789 0.55684 0.91586 0.52861 0.92141 0.51863 0.92383 0.50038 0.91587 0.46464 0.91683 0.45734 0.91291 0.44702 0.86463 0.42815 0.82698 0.45694 0.81811 0.46802 0.81714 0.47532 0.80458 0.50623 0.79722 0.54589 0.80723 0.58211 0.80784 0.59354 0.81381 0.60435 0.82407 0.60676 0.82389 0.61613 0.82135 0.61929 0.81990 0.63024 0.81308 0.64181 0.80282 0.63940 0.80029 0.64257 0.79462 0.63747
6 0.05848 0.00000 0.04196 0.12472 0.15592 0.15398 0.17884 0.15544 0.19114 0.13703 0.20619 0.13380 0.20957 0.10826 0.19995 0.10068 0.20505 0.03184 0.08720 0.00000 0.05848 0.00000
6 1.00000 0.24625 0.76995 0.19130 0.75416 0.22655 0.73203 0.25909 0.71883 0.30910 1.00000 0.37675 1.00000 0.24625
6 0.86316 1.00000 0.64965 0.29055 0.69271 0.29968 0.68341 0.17098 0.22791 0.04011 0.22338 0.13934 0.24801 0.14994 0.24933 0.18388 0.31977 0.19823 0.11549 0.91740 0.46716 1.00000 0.86316 1.00000
3 0.66399 0.32088 0.66314 0.34325 0.67345 0.38519 0.68009 0.38298 0.71292 0.39069 0.71654 0.39530 0.72287 0.38739 0.72928 0.35503 0.72173 0.34009 0.71437 0.31578 0.70948 0.31275 0.71335 0.28356 0.71763 0.27516 0.72174 0.27612 0.73803 0.26490 0.74739 0.25016 0.75391 0.23288 0.75922 0.19274 0.75813 0.18496 0.74745 0.16175 0.74178 0.15666 0.72742 0.15329 0.71161 0.16086 0.70274 0.17195 0.69115 0.19556 0.68632 0.23205 0.68849 0.24762 0.69555 0.26621 0.69965 0.26717 0.70357 0.27750 0.70104 0.28066 0.69862 0.29891 0.69180 0.31048 0.68565 0.30904 0.68010 0.31902 0.66984 0.31661 0.66399 0.32088
5 0.79462 0.63747 0.78026 0.63410 0.77772 0.63727 0.76951 0.63534 0.76016 0.65007 0.76136 0.67293 0.77126 0.69407 0.77862 0.71837 0.77874 0.73345 0.78471 0.74426 0.80257 0.73717 0.85182 0.74873 0.85495 0.75700 0.86111 0.75844 0.86744 0.75052 0.87082 0.72498 0.86081 0.68876 0.85248 0.67176 0.85188 0.66033 0.84796 0.65000 0.84102 0.64649 0.84489 0.61729 0.85484 0.61399 0.87669 0.59278 0.88791 0.58789 0.89884 0.57729 0.90789 0.55684 0.91586 0.52861 0.92141 0.51863 0.92383 0.50038 0.91587 0.46464 0.91683 0.45734 0.91291 0.44702 0.86463 0.42815 0.82698 0.45694 0.81811 0.46802 0.81714 0.47532 0.80458 0.50623 0.79722 0.54589 0.80723 0.58211 0.80784 0.59354 0.81381 0.60435 0.82407 0.60676 0.82389 0.61613 0.82135 0.61929 0.81990 0.63024 0.81308 0.64181 0.80282 0.63940 0.80029 0.64257 0.79462 0.63747
6 0.05848 0.00000 0.04196 0.12472 0.15592 0.15398 0.17884 0.15544 0.19114 0.13703 0.20619 0.13380 0.20957 0.10826 0.19995 0.10068 0.20505 0.03184 0.08720 0.00000 0.05848 0.00000
6 1.00000 0.24625 0.76995 0.19130 0.75416 0.22655 0.73203 0.25909 0.71883 0.30910 1.00000 0.37675 1.00000 0.24625
6 0.86316 1.00000 0.64965 0.29055 0.69271 0.29968 0.68341 0.17098 0.22791 0.04011 0.22338 0.13934 0.24801 0.14994 0.24933 0.18388 0.31977 0.19823 0.11549 0.91740 0.46716 1.00000 0.86316 1.00000
3 0.66399 0.32088 0.66314 0.34325 0.67345 0.38519 0.68009 0.38298 0.71292 0.39069 0.71654 0.39530 0.72287 0.38739 0.72928 0.35503 0.72173 0.34009 0.71437 0.31578 0.70948 0.31275 0.71335 0.28356 0.71763 0.27516 0.72174 0.27612 0.73803 0.26490 0.74739 0.25016 0.75391 0.23288 0.75922 0.19274 0.75813 0.18496 0.74745 0.16175 0.74178 0.15666 0.72742 0.15329 0.71161 0.16086 0.70274 0.17195 0.69115 0.19556 0.68632 0.23205 0.68849 0.24762 0.69555 0.26621 0.69965 0.26717 0.70357 0.27750 0.70104 0.28066 0.69862 0.29891 0.69180 0.31048 0.68565 0.30904 0.68010 0.31902 0.66984 0.31661 0.66399 0.32088
5 0.79462 0.63747 0.78026 0.63410 0.77772 0.63727 0.76951 0.63534 0.76016 0.65007 0.76136 0.67293 0.77126 0.69407 0.77862 0.71837 0.77874 0.73345 0.78471 0.74426 0.80257 0.73717 0.85182 0.74873 0.85495 0.75700 0.86111 0.75844 0.86744 0.75052 0.87082 0.72498 0.86081 0.68876 0.85248 0.67176 0.85188 0.66033 0.84796 0.65000 0.84102 0.64649 0.84489 0.61729 0.85484 0.61399 0.87669 0.59278 0.88791 0.58789 0.89884 0.57729 0.90789 0.55684 0.91586 0.52861 0.92141 0.51863 0.92383 0.50038 0.91587 0.46464 0.91683 0.45734 0.91291 0.44702 0.86463 0.42815 0.82698 0.45694 0.81811 0.46802 0.81714 0.47532 0.80458 0.50623 0.79722 0.54589 0.80723 0.58211 0.80784 0.59354 0.81381 0.60435 0.82407 0.60676 0.82389 0.61613 0.82135 0.61929 0.81990 0.63024 0.81308 0.64181 0.80282 0.63940 0.80029 0.64257 0.79462 0.63747
