6 1.00000 0.80324 0.58073 0.29630 0.53776 0.23843 0.44662 0.21296 0.35807 0.20833 0.24609 0.21759 0.09505 0.22917 0.06380 0.30787 0.22005 0.29398 0.23568 0.30093 0.23958 0.31713 0.21094 0.39815 0.02604 0.99537 1.00000 1.00000 1.00000 0.80324
2 0.70801 0.40625 0.72559 0.40625 0.72754 0.40278 0.73926 0.40278 0.74316 0.39930 0.74707 0.40278 0.75098 0.41320 0.75781 0.41146 0.75977 0.37673 0.75293 0.36805 0.73730 0.36458 0.73242 0.35590 0.72949 0.34028 0.71680 0.33507 0.71289 0.31771 0.71484 0.29340 0.72852 0.24132 0.73242 0.23438 0.73242 0.22396 0.73633 0.21007 0.73633 0.19965 0.74023 0.18229 0.74023 0.16146 0.73730 0.15625 0.71777 0.15625 0.71582 0.15972 0.69824 0.15972 0.69629 0.16320 0.66504 0.16667 0.65430 0.17535 0.65625 0.19271 0.66797 0.21702 0.67969 0.25868 0.69531 0.29688 0.69531 0.34202 0.69238 0.34722 0.68359 0.35243 0.68262 0.37500 0.66504 0.38195 0.66211 0.38715 0.66211 0.39410 0.66699 0.40278 0.67676 0.40972 0.69043 0.42708 0.69531 0.42535 0.69922 0.41840 0.70020 0.40972 0.70606 0.40972 0.70801 0.40625
6 1.00000 0.80324 0.58073 0.29630 0.53776 0.23843 0.44662 0.21296 0.35807 0.20833 0.24609 0.21759 0.09505 0.22917 0.06380 0.30787 0.22005 0.29398 0.23568 0.30093 0.23958 0.31713 0.21094 0.39815 0.02604 0.99537 1.00000 1.00000 1.00000 0.80324
2 0.70801 0.40625 0.72559 0.40625 0.72754 0.40278 0.73926 0.40278 0.74316 0.39930 0.74707 0.40278 0.75098 0.41320 0.75781 0.41146 0.75977 0.37673 0.75293 0.36805 0.73730 0.36458 0.73242 0.35590 0.72949 0.34028 0.71680 0.33507 0.71289 0.31771 0.71484 0.29340 0.72852 0.24132 0.73242 0.23438 0.73242 0.22396 0.73633 0.21007 0.73633 0.19965 0.74023 0.18229 0.74023 0.16146 0.73730 0.15625 0.71777 0.15625 0.71582 0.15972 0.69824 0.15972 0.69629 0.16320 0.66504 0.16667 0.65430 0.17535 0.65625 0.19271 0.66797 0.21702 0.67969 0.25868 0.69531 0.29688 0.69531 0.34202 0.69238 0.34722 0.68359 0.35243 0.68262 0.37500 0.66504 0.38195 0.66211 0.38715 0.66211 0.39410 0.66699 0.40278 0.67676 0.40972 0.69043 0.42708 0.69531 0.42535 0.69922 0.41840 0.70020 0.40972 0.70606 0.40972 0.70801 0.40625
6 1.00000 0.80324 0.58073 0.29630 0.53776 0.23843 0.44662 0.21296 0.35807 0.20833 0.24609 0.21759 0.09505 0.22917 0.06380 0.30787 0.22005 0.29398 0.23568 0.30093 0.23958 0.31713 0.21094 0.39815 0.02604 0.99537 1.00000 1.00000 1.00000 0.80324
2 0.70801 0.40625 0.72559 0.40625 0.72754 0.40278 0.73926 0.40278 0.74316 0.39930 0.74707 0.40278 0.75098 0.41320 0.75781 0.41146 0.75977 0.37673 0.75293 0.36805 0.73730 0.36458 0.73242 0.35590 0.72949 0.34028 0.71680 0.33507 0.71289 0.31771 0.71484 0.29340 0.72852 0.24132 0.73242 0.23438 0.73242 0.22396 0.73633 0.21007 0.73633 0.19965 0.74023 0.18229 0.74023 0.16146 0.73730 0.15625 0.71777 0.15625 0.71582 0.15972 0.69824 0.15972 0.69629 0.16320 0.66504 0.16667 0.65430 0.17535 0.65625 0.19271 0.66797 0.21702 0.67969 0.25868 0.69531 0.29688 0.69531 0.34202 0.69238 0.34722 0.68359 0.35243 0.68262 0.37500 0.66504 0.38195 0.66211 0.38715 0.66211 0.39410 0.66699 0.40278 0.67676 0.40972 0.69043 0.42708 0.69531 0.42535 0.69922 0.41840 0.70020 0.40972 0.70606 0.40972 0.70801 0.40625
6 1.00000 0.80324 0.58073 0.29630 0.53776 0.23843 0.44662 0.21296 0.35807 0.20833 0.24609 0.21759 0.09505 0.22917 0.06380 0.30787 0.22005 0.29398 0.23568 0.30093 0.23958 0.31713 0.21094 0.39815 0.02604 0.99537 1.00000 1.00000 1.00000 0.80324
2 0.70801 0.40625 0.72559 0.40625 0.72754 0.40278 0.73926 0.40278 0.74316 0.39930 0.74707 0.40278 0.75098 0.41320 0.75781 0.41146 0.75977 0.37673 0.75293 0.36805 0.73730 0.36458 0.73242 0.35590 0.72949 0.34028 0.71680 0.33507 0.71289 0.31771 0.71484 0.29340 0.72852 0.24132 0.73242 0.23438 0.73242 0.22396 0.73633 0.21007 0.73633 0.19965 0.74023 0.18229 0.74023 0.16146 0.73730 0.15625 0.71777 0.15625 0.71582 0.15972 0.69824 0.15972 0.69629 0.16320 0.66504 0.16667 0.65430 0.17535 0.65625 0.19271 0.66797 0.21702 0.67969 0.25868 0.69531 0.29688 0.69531 0.34202 0.69238 0.34722 0.68359 0.35243 0.68262 0.37500 0.66504 0.38195 0.66211 0.38715 0.66211 0.39410 0.66699 0.40278 0.67676 0.40972 0.69043 0.42708 0.69531 0.42535 0.69922 0.41840 0.70020 0.40972 0.70606 0.40972 0.70801 0.40625
6 1.00000 0.80324 0.58073 0.29630 0.53776 0.23843 0.44662 0.21296 0.35807 0.20833 0.24609 0.21759 0.09505 0.22917 0.06380 0.30787 0.22005 0.29398 0.23568 0.30093 0.23958 0.31713 0.21094 0.39815 0.02604 0.99537 1.00000 1.00000 1.00000 0.80324
2 0.70801 0.40625 0.72559 0.40625 0.72754 0.40278 0.73926 0.40278 0.74316 0.39930 0.74707 0.40278 0.75098 0.41320 0.75781 0.41146 0.75977 0.37673 0.75293 0.36805 0.73730 0.36458 0.73242 0.35590 0.72949 0.34028 0.71680 0.33507 0.71289 0.31771 0.71484 0.29340 0.72852 0.24132 0.73242 0.23438 0.73242 0.22396 0.73633 0.21007 0.73633 0.19965 0.74023 0.18229 0.74023 0.16146 0.73730 0.15625 0.71777 0.15625 0.71582 0.15972 0.69824 0.15972 0.69629 0.16320 0.66504 0.16667 0.65430 0.17535 0.65625 0.19271 0.66797 0.21702 0.67969 0.25868 0.69531 0.29688 0.69531 0.34202 0.69238 0.34722 0.68359 0.35243 0.68262 0.37500 0.66504 0.38195 0.66211 0.38715 0.66211 0.39410 0.66699 0.40278 0.67676 0.40972 0.69043 0.42708 0.69531 0.42535 0.69922 0.41840 0.70020 0.40972 0.70606 0.40972 0.70801 0.40625
6 1.00000 0.80324 0.58073 0.29630 0.53776 0.23843 0.44662 0.21296 0.35807 0.20833 0.24609 0.21759 0.09505 0.22917 0.06380 0.30787 0.22005 0.29398 0.23568 0.30093 0.23958 0.31713 0.21094 0.39815 0.02604 0.99537 1.00000 1.00000 1.00000 0.80324
2 0.70801 0.40625 0.72559 0.40625 0.72754 0.40278 0.73926 0.40278 0.74316 0.39930 0.74707 0.40278 0.75098 0.41320 0.75781 0.41146 0.75977 0.37673 0.75293 0.36805 0.73730 0.36458 0.73242 0.35590 0.72949 0.34028 0.71680 0.33507 0.71289 0.31771 0.71484 0.29340 0.72852 0.24132 0.73242 0.23438 0.73242 0.22396 0.73633 0.21007 0.73633 0.19965 0.74023 0.18229 0.74023 0.16146 0.73730 0.15625 0.71777 0.15625 0.71582 0.15972 0.69824 0.15972 0.69629 0.16320 0.66504 0.16667 0.65430 0.17535 0.65625 0.19271 0.66797 0.21702 0.67969 0.25868 0.69531 0.29688 0.69531 0.34202 0.69238 0.34722 0.68359 0.35243 0.68262 0.37500 0.66504 0.38195 0.66211 0.38715 0.66211 0.39410 0.66699 0.40278 0.67676 0.40972 0.69043 0.42708 0.69531 0.42535 0.69922 0.41840 0.70020 0.40972 0.70606 0.40972 0.70801 0.40625
