6 0.03670 0.00000 0.43246 0.48366 0.57458 0.50584 0.65159 0.45551 0.85762 0.49138 0.86443 0.46507 0.85687 0.46418 0.85934 0.44583 0.82530 0.44186 0.82788 0.42183 0.73111 0.40547 1.00000 0.21989 1.00000 0.05636 0.51639 0.00000 0.03670 0.00000
7 0.33296 0.42784 0.32303 0.42668 0.32230 0.42259 0.32554 0.41896 0.32735 0.42184 0.34523 0.42393 0.34847 0.42030 0.34986 0.39911 0.35202 0.39670 0.35021 0.39382 0.35038 0.39117 0.34766 0.38685 0.34568 0.38662 0.34007 0.38062 0.29041 0.37484 0.28933 0.37605 0.28742 0.40518 0.28923 0.40806 0.28906 0.41071 0.29178 0.41503 0.29774 0.41572 0.29955 0.41860 0.30948 0.41976 0.31164 0.41734 0.31362 0.41757 0.31634 0.42189 0.31582 0.42984 0.31366 0.43226 0.30966 0.49318 0.31147 0.49605 0.31095 0.50400 0.30879 0.50642 0.30792 0.51966 0.30973 0.52254 0.30921 0.53048 0.31193 0.53480 0.32186 0.53596 0.32294 0.53475 0.32402 0.53355 0.32998 0.53424 0.33322 0.53061 0.33339 0.52796 0.33158 0.52509 0.33314 0.50125 0.33133 0.49837 0.33349 0.49595 0.33680 0.44563 0.33499 0.44275 0.33568 0.43216 0.33296 0.42784
7 0.66722 0.48814 0.66614 0.48935 0.66579 0.49464 0.66255 0.49827 0.66109 0.49009 0.65677 0.49493 0.65098 0.49159 0.64774 0.49521 0.64670 0.51110 0.64454 0.51352 0.64419 0.51882 0.64203 0.52123 0.64186 0.52388 0.63754 0.52871 0.63597 0.55255 0.63778 0.55543 0.63709 0.56603 0.63493 0.56845 0.63475 0.57109 0.63765 0.57277 0.63946 0.57564 0.64343 0.57611 0.64615 0.58043 0.64597 0.58307 0.64887 0.58475 0.65068 0.58763 0.66657 0.58948 0.66765 0.58827 0.66799 0.58297 0.67016 0.58055 0.67416 0.51964 0.67632 0.51722 0.67649 0.51457 0.67468 0.51170 0.67520 0.50375 0.67429 0.50231 0.67032 0.50184 0.66760 0.49752 0.66813 0.48958 0.66722 0.48814
6 0.03670 0.00000 0.43246 0.48366 0.57458 0.50584 0.65159 0.45551 0.85762 0.49138 0.86443 0.46507 0.85687 0.46418 0.85934 0.44583 0.82530 0.44186 0.82788 0.42183 0.73111 0.40547 1.00000 0.21989 1.00000 0.05636 0.51639 0.00000 0.03670 0.00000
7 0.33296 0.42784 0.32303 0.42668 0.32230 0.42259 0.32554 0.41896 0.32735 0.42184 0.34523 0.42393 0.34847 0.42030 0.34986 0.39911 0.35202 0.39670 0.35021 0.39382 0.35038 0.39117 0.34766 0.38685 0.34568 0.38662 0.34007 0.38062 0.29041 0.37484 0.28933 0.37605 0.28742 0.40518 0.28923 0.40806 0.28906 0.41071 0.29178 0.41503 0.29774 0.41572 0.29955 0.41860 0.30948 0.41976 0.31164 0.41734 0.31362 0.41757 0.31634 0.42189 0.31582 0.42984 0.31366 0.43226 0.30966 0.49318 0.31147 0.49605 0.31095 0.50400 0.30879 0.50642 0.30792 0.51966 0.30973 0.52254 0.30921 0.53048 0.31193 0.53480 0.32186 0.53596 0.32294 0.53475 0.32402 0.53355 0.32998 0.53424 0.33322 0.53061 0.33339 0.52796 0.33158 0.52509 0.33314 0.50125 0.33133 0.49837 0.33349 0.49595 0.33680 0.44563 0.33499 0.44275 0.33568 0.43216 0.33296 0.42784
7 0.66722 0.48814 0.66614 0.48935 0.66579 0.49464 0.66255 0.49827 0.66109 0.49009 0.65677 0.49493 0.65098 0.49159 0.64774 0.49521 0.64670 0.51110 0.64454 0.51352 0.64419 0.51882 0.64203 0.52123 0.64186 0.52388 0.63754 0.52871 0.63597 0.55255 0.63778 0.55543 0.63709 0.56603 0.63493 0.56845 0.63475 0.57109 0.63765 0.57277 0.63946 0.57564 0.64343 0.57611 0.64615 0.58043 0.64597 0.58307 0.64887 0.58475 0.65068 0.58763 0.66657 0.58948 0.66765 0.58827 0.66799 0.58297 0.67016 0.58055 0.67416 0.51964 0.67632 0.51722 0.67649 0.51457 0.67468 0.51170 0.67520 0.50375 0.67429 0.50231 0.67032 0.50184 0.66760 0.49752 0.66813 0.48958 0.66722 0.48814
6 0.03670 0.00000 0.43246 0.48366 0.57458 0.50584 0.65159 0.45551 0.85762 0.49138 0.86443 0.46507 0.85687 0.46418 0.85934 0.44583 0.82530 0.44186 0.82788 0.42183 0.73111 0.40547 1.00000 0.21989 1.00000 0.05636 0.51639 0.00000 0.03670 0.00000
7 0.33296 0.42784 0.32303 0.42668 0.32230 0.42259 0.32554 0.41896 0.32735 0.42184 0.34523 0.42393 0.34847 0.42030 0.34986 0.39911 0.35202 0.39670 0.35021 0.39382 0.35038 0.39117 0.34766 0.38685 0.34568 0.38662 0.34007 0.38062 0.29041 0.37484 0.28933 0.37605 0.28742 0.40518 0.28923 0.40806 0.28906 0.41071 0.29178 0.41503 0.29774 0.41572 0.29955 0.41860 0.30948 0.41976 0.31164 0.41734 0.31362 0.41757 0.31634 0.42189 0.31582 0.42984 0.31366 0.43226 0.30966 0.49318 0.31147 0.49605 0.31095 0.50400 0.30879 0.50642 0.30792 0.51966 0.30973 0.52254 0.30921 0.53048 0.31193 0.53480 0.32186 0.53596 0.32294 0.53475 0.32402 0.53355 0.32998 0.53424 0.33322 0.53061 0.33339 0.52796 0.33158 0.52509 0.33314 0.50125 0.33133 0.49837 0.33349 0.49595 0.33680 0.44563 0.33499 0.44275 0.33568 0.43216 0.33296 0.42784
7 0.66722 0.48814 0.66614 0.48935 0.66579 0.49464 0.66255 0.49827 0.66109 0.49009 0.65677 0.49493 0.65098 0.49159 0.64774 0.49521 0.64670 0.51110 0.64454 0.51352 0.64419 0.51882 0.64203 0.52123 0.64186 0.52388 0.63754 0.52871 0.63597 0.55255 0.63778 0.55543 0.63709 0.56603 0.63493 0.56845 0.63475 0.57109 0.63765 0.57277 0.63946 0.57564 0.64343 0.57611 0.64615 0.58043 0.64597 0.58307 0.64887 0.58475 0.65068 0.58763 0.66657 0.58948 0.66765 0.58827 0.66799 0.58297 0.67016 0.58055 0.67416 0.51964 0.67632 0.51722 0.67649 0.51457 0.67468 0.51170 0.67520 0.50375 0.67429 0.50231 0.67032 0.50184 0.66760 0.49752 0.66813 0.48958 0.66722 0.48814
6 0.03670 0.00000 0.43246 0.48366 0.57458 0.50584 0.65159 0.45551 0.85762 0.49138 0.86443 0.46507 0.85687 0.46418 0.85934 0.44583 0.82530 0.44186 0.82788 0.42183 0.73111 0.40547 1.00000 0.21989 1.00000 0.05636 0.51639 0.00000 0.03670 0.00000
7 0.33296 0.42784 0.32303 0.42668 0.32230 0.42259 0.32554 0.41896 0.32735 0.42184 0.34523 0.42393 0.34847 0.42030 0.34986 0.39911 0.35202 0.39670 0.35021 0.39382 0.35038 0.39117 0.34766 0.38685 0.34568 0.38662 0.34007 0.38062 0.29041 0.37484 0.28933 0.37605 0.28742 0.40518 0.28923 0.40806 0.28906 0.41071 0.29178 0.41503 0.29774 0.41572 0.29955 0.41860 0.30948 0.41976 0.31164 0.41734 0.31362 0.41757 0.31634 0.42189 0.31582 0.42984 0.31366 0.43226 0.30966 0.49318 0.31147 0.49605 0.31095 0.50400 0.30879 0.50642 0.30792 0.51966 0.30973 0.52254 0.30921 0.53048 0.31193 0.53480 0.32186 0.53596 0.32294 0.53475 0.32402 0.53355 0.32998 0.53424 0.33322 0.53061 0.33339 0.52796 0.33158 0.52509 0.33314 0.50125 0.33133 0.49837 0.33349 0.49595 0.33680 0.44563 0.33499 0.44275 0.33568 0.43216 0.33296 0.42784
7 0.66722 0.48814 0.66614 0.48935 0.66579 0.49464 0.66255 0.49827 0.66109 0.49009 0.65677 0.49493 0.65098 0.49159 0.64774 0.49521 0.64670 0.51110 0.64454 0.51352 0.64419 0.51882 0.64203 0.52123 0.64186 0.52388 0.63754 0.52871 0.63597 0.55255 0.63778 0.55543 0.63709 0.56603 0.63493 0.56845 0.63475 0.57109 0.63765 0.57277 0.63946 0.57564 0.64343 0.57611 0.64615 0.58043 0.64597 0.58307 0.64887 0.58475 0.65068 0.58763 0.66657 0.58948 0.66765 0.58827 0.66799 0.58297 0.67016 0.58055 0.67416 0.51964 0.67632 0.51722 0.67649 0.51457 0.67468 0.51170 0.67520 0.50375 0.67429 0.50231 0.67032 0.50184 0.66760 0.49752 0.66813 0.48958 0.66722 0.48814
6 0.03670 0.00000 0.43246 0.48366 0.57458 0.50584 0.65159 0.45551 0.85762 0.49138 0.86443 0.46507 0.85687 0.46418 0.85934 0.44583 0.82530 0.44186 0.82788 0.42183 0.73111 0.40547 1.00000 0.21989 1.00000 0.05636 0.51639 0.00000 0.03670 0.00000
7 0.33296 0.42784 0.32303 0.42668 0.32230 0.42259 0.32554 0.41896 0.32735 0.42184 0.34523 0.42393 0.34847 0.42030 0.34986 0.39911 0.35202 0.39670 0.35021 0.39382 0.35038 0.39117 0.34766 0.38685 0.34568 0.38662 0.34007 0.38062 0.29041 0.37484 0.28933 0.37605 0.28742 0.40518 0.28923 0.40806 0.28906 0.41071 0.29178 0.41503 0.29774 0.41572 0.29955 0.41860 0.30948 0.41976 0.31164 0.41734 0.31362 0.41757 0.31634 0.42189 0.31582 0.42984 0.31366 0.43226 0.30966 0.49318 0.31147 0.49605 0.31095 0.50400 0.30879 0.50642 0.30792 0.51966 0.30973 0.52254 0.30921 0.53048 0.31193 0.53480 0.32186 0.53596 0.32294 0.53475 0.32402 0.53355 0.32998 0.53424 0.33322 0.53061 0.33339 0.52796 0.33158 0.52509 0.33314 0.50125 0.33133 0.49837 0.33349 0.49595 0.33680 0.44563 0.33499 0.44275 0.33568 0.43216 0.33296 0.42784
7 0.66722 0.48814 0.66614 0.48935 0.66579 0.49464 0.66255 0.49827 0.66109 0.49009 0.65677 0.49493 0.65098 0.49159 0.64774 0.49521 0.64670 0.51110 0.64454 0.51352 0.64419 0.51882 0.64203 0.52123 0.64186 0.52388 0.63754 0.52871 0.63597 0.55255 0.63778 0.55543 0.63709 0.56603 0.63493 0.56845 0.63475 0.57109 0.63765 0.57277 0.63946 0.57564 0.64343 0.57611 0.64615 0.58043 0.64597 0.58307 0.64887 0.58475 0.65068 0.58763 0.66657 0.58948 0.66765 0.58827 0.66799 0.58297 0.67016 0.58055 0.67416 0.51964 0.67632 0.51722 0.67649 0.51457 0.67468 0.51170 0.67520 0.50375 0.67429 0.50231 0.67032 0.50184 0.66760 0.49752 0.66813 0.48958 0.66722 0.48814
