7 0.85945 0.06677 0.86372 0.04560 0.86409 0.01725 0.84517 0.01504 0.84396 0.03096 0.84192 0.03446 0.84155 0.06281 0.83951 0.06631 0.83705 0.10170 0.83501 0.10520 0.83696 0.10879 0.83274 0.12642 0.83023 0.16535 0.82717 0.17060 0.82318 0.17051 0.81400 0.18625 0.81353 0.22168 0.82049 0.22362 0.82457 0.21663 0.82856 0.21671 0.83051 0.22030 0.84048 0.22054 0.84238 0.22767 0.84647 0.22068 0.86242 0.22105 0.86627 0.23177 0.86928 0.23007 0.87337 0.22307 0.87350 0.21245 0.87555 0.20895 0.87592 0.18059 0.87105 0.17162 0.86701 0.17507 0.85009 0.17291 0.85036 0.15164 0.85240 0.14814 0.85709 0.09508 0.85913 0.09158 0.85945 0.06677
7 0.46333 0.00000 0.46313 0.01502 0.45687 0.03614 0.45845 0.06809 0.46229 0.07881 0.46216 0.08944 0.46011 0.09294 0.45960 0.13192 0.45255 0.13707 0.44536 0.15286 0.44485 0.19184 0.44777 0.19723 0.49267 0.19650 0.49675 0.18950 0.50097 0.17188 0.50121 0.15416 0.49926 0.15057 0.50130 0.14707 0.49448 0.13450 0.49049 0.13441 0.48757 0.12903 0.48776 0.11485 0.48980 0.11135 0.49212 0.08659 0.49625 0.07605 0.49666 0.04416 0.49875 0.03712 0.49583 0.03173 0.48887 0.02980 0.48926 0.00000 0.46333 0.00000
6 0.99352 1.00000 0.99960 0.53669 0.73174 0.06912 0.54579 0.05062 0.48929 0.20055 0.28881 0.17463 0.28302 0.20994 0.28033 0.21224 0.27925 0.29493 0.28590 0.29509 0.28565 0.31399 0.32674 0.32439 0.32498 0.35744 0.43651 0.37185 0.23818 0.99352 0.28887 0.99517 0.49672 1.00000 0.99352 1.00000
6 0.26224 0.27327 0.25287 0.27777 0.24916 0.25642 0.23890 0.22782 0.23924 0.20183 0.24097 0.17115 0.00462 0.14130 0.00238 0.31262 0.21064 0.35478 0.21719 0.36202 0.22171 0.32195 0.25358 0.32506 0.26589 0.29935 0.26224 0.27327
7 0.85945 0.06677 0.86372 0.04560 0.86409 0.01725 0.84517 0.01504 0.84396 0.03096 0.84192 0.03446 0.84155 0.06281 0.83951 0.06631 0.83705 0.10170 0.83501 0.10520 0.83696 0.10879 0.83274 0.12642 0.83023 0.16535 0.82717 0.17060 0.82318 0.17051 0.81400 0.18625 0.81353 0.22168 0.82049 0.22362 0.82457 0.21663 0.82856 0.21671 0.83051 0.22030 0.84048 0.22054 0.84238 0.22767 0.84647 0.22068 0.86242 0.22105 0.86627 0.23177 0.86928 0.23007 0.87337 0.22307 0.87350 0.21245 0.87555 0.20895 0.87592 0.18059 0.87105 0.17162 0.86701 0.17507 0.85009 0.17291 0.85036 0.15164 0.85240 0.14814 0.85709 0.09508 0.85913 0.09158 0.85945 0.06677
7 0.46333 0.00000 0.46313 0.01502 0.45687 0.03614 0.45845 0.06809 0.46229 0.07881 0.46216 0.08944 0.46011 0.09294 0.45960 0.13192 0.45255 0.13707 0.44536 0.15286 0.44485 0.19184 0.44777 0.19723 0.49267 0.19650 0.49675 0.18950 0.50097 0.17188 0.50121 0.15416 0.49926 0.15057 0.50130 0.14707 0.49448 0.13450 0.49049 0.13441 0.48757 0.12903 0.48776 0.11485 0.48980 0.11135 0.49212 0.08659 0.49625 0.07605 0.49666 0.04416 0.49875 0.03712 0.49583 0.03173 0.48887 0.02980 0.48926 0.00000 0.46333 0.00000
6 0.99352 1.00000 0.99960 0.53669 0.73174 0.06912 0.54579 0.05062 0.48929 0.20055 0.28881 0.17463 0.28302 0.20994 0.28033 0.21224 0.27925 0.29493 0.28590 0.29509 0.28565 0.31399 0.32674 0.32439 0.32498 0.35744 0.43651 0.37185 0.23818 0.99352 0.28887 0.99517 0.49672 1.00000 0.99352 1.00000
6 0.26224 0.27327 0.25287 0.27777 0.24916 0.25642 0.23890 0.22782 0.23924 0.20183 0.24097 0.17115 0.00462 0.14130 0.00238 0.31262 0.21064 0.35478 0.21719 0.36202 0.22171 0.32195 0.25358 0.32506 0.26589 0.29935 0.26224 0.27327
7 0.85945 0.06677 0.86372 0.04560 0.86409 0.01725 0.84517 0.01504 0.84396 0.03096 0.84192 0.03446 0.84155 0.06281 0.83951 0.06631 0.83705 0.10170 0.83501 0.10520 0.83696 0.10879 0.83274 0.12642 0.83023 0.16535 0.82717 0.17060 0.82318 0.17051 0.81400 0.18625 0.81353 0.22168 0.82049 0.22362 0.82457 0.21663 0.82856 0.21671 0.83051 0.22030 0.84048 0.22054 0.84238 0.22767 0.84647 0.22068 0.86242 0.22105 0.86627 0.23177 0.86928 0.23007 0.87337 0.22307 0.87350 0.21245 0.87555 0.20895 0.87592 0.18059 0.87105 0.17162 0.86701 0.17507 0.85009 0.17291 0.85036 0.15164 0.85240 0.14814 0.85709 0.09508 0.85913 0.09158 0.85945 0.06677
7 0.46333 0.00000 0.46313 0.01502 0.45687 0.03614 0.45845 0.06809 0.46229 0.07881 0.46216 0.08944 0.46011 0.09294 0.45960 0.13192 0.45255 0.13707 0.44536 0.15286 0.44485 0.19184 0.44777 0.19723 0.49267 0.19650 0.49675 0.18950 0.50097 0.17188 0.50121 0.15416 0.49926 0.15057 0.50130 0.14707 0.49448 0.13450 0.49049 0.13441 0.48757 0.12903 0.48776 0.11485 0.48980 0.11135 0.49212 0.08659 0.49625 0.07605 0.49666 0.04416 0.49875 0.03712 0.49583 0.03173 0.48887 0.02980 0.48926 0.00000 0.46333 0.00000
6 0.99352 1.00000 0.99960 0.53669 0.73174 0.06912 0.54579 0.05062 0.48929 0.20055 0.28881 0.17463 0.28302 0.20994 0.28033 0.21224 0.27925 0.29493 0.28590 0.29509 0.28565 0.31399 0.32674 0.32439 0.32498 0.35744 0.43651 0.37185 0.23818 0.99352 0.28887 0.99517 0.49672 1.00000 0.99352 1.00000
6 0.26224 0.27327 0.25287 0.27777 0.24916 0.25642 0.23890 0.22782 0.23924 0.20183 0.24097 0.17115 0.00462 0.14130 0.00238 0.31262 0.21064 0.35478 0.21719 0.36202 0.22171 0.32195 0.25358 0.32506 0.26589 0.29935 0.26224 0.27327
7 0.85945 0.06677 0.86372 0.04560 0.86409 0.01725 0.84517 0.01504 0.84396 0.03096 0.84192 0.03446 0.84155 0.06281 0.83951 0.06631 0.83705 0.10170 0.83501 0.10520 0.83696 0.10879 0.83274 0.12642 0.83023 0.16535 0.82717 0.17060 0.82318 0.17051 0.81400 0.18625 0.81353 0.22168 0.82049 0.22362 0.82457 0.21663 0.82856 0.21671 0.83051 0.22030 0.84048 0.22054 0.84238 0.22767 0.84647 0.22068 0.86242 0.22105 0.86627 0.23177 0.86928 0.23007 0.87337 0.22307 0.87350 0.21245 0.87555 0.20895 0.87592 0.18059 0.87105 0.17162 0.86701 0.17507 0.85009 0.17291 0.85036 0.15164 0.85240 0.14814 0.85709 0.09508 0.85913 0.09158 0.85945 0.06677
7 0.46333 0.00000 0.46313 0.01502 0.45687 0.03614 0.45845 0.06809 0.46229 0.07881 0.46216 0.08944 0.46011 0.09294 0.45960 0.13192 0.45255 0.13707 0.44536 0.15286 0.44485 0.19184 0.44777 0.19723 0.49267 0.19650 0.49675 0.18950 0.50097 0.17188 0.50121 0.15416 0.49926 0.15057 0.50130 0.14707 0.49448 0.13450 0.49049 0.13441 0.48757 0.12903 0.48776 0.11485 0.48980 0.11135 0.49212 0.08659 0.49625 0.07605 0.49666 0.04416 0.49875 0.03712 0.49583 0.03173 0.48887 0.02980 0.48926 0.00000 0.46333 0.00000
6 0.99352 1.00000 0.99960 0.53669 0.73174 0.06912 0.54579 0.05062 0.48929 0.20055 0.28881 0.17463 0.28302 0.20994 0.28033 0.21224 0.27925 0.29493 0.28590 0.29509 0.28565 0.31399 0.32674 0.32439 0.32498 0.35744 0.43651 0.37185 0.23818 0.99352 0.28887 0.99517 0.49672 1.00000 0.99352 1.00000
6 0.26224 0.27327 0.25287 0.27777 0.24916 0.25642 0.23890 0.22782 0.23924 0.20183 0.24097 0.17115 0.00462 0.14130 0.00238 0.31262 0.21064 0.35478 0.21719 0.36202 0.22171 0.32195 0.25358 0.32506 0.26589 0.29935 0.26224 0.27327
7 0.85945 0.06677 0.86372 0.04560 0.86409 0.01725 0.84517 0.01504 0.84396 0.03096 0.84192 0.03446 0.84155 0.06281 0.83951 0.06631 0.83705 0.10170 0.83501 0.10520 0.83696 0.10879 0.83274 0.12642 0.83023 0.16535 0.82717 0.17060 0.82318 0.17051 0.81400 0.18625 0.81353 0.22168 0.82049 0.22362 0.82457 0.21663 0.82856 0.21671 0.83051 0.22030 0.84048 0.22054 0.84238 0.22767 0.84647 0.22068 0.86242 0.22105 0.86627 0.23177 0.86928 0.23007 0.87337 0.22307 0.87350 0.21245 0.87555 0.20895 0.87592 0.18059 0.87105 0.17162 0.86701 0.17507 0.85009 0.17291 0.85036 0.15164 0.85240 0.14814 0.85709 0.09508 0.85913 0.09158 0.85945 0.06677
7 0.46333 0.00000 0.46313 0.01502 0.45687 0.03614 0.45845 0.06809 0.46229 0.07881 0.46216 0.08944 0.46011 0.09294 0.45960 0.13192 0.45255 0.13707 0.44536 0.15286 0.44485 0.19184 0.44777 0.19723 0.49267 0.19650 0.49675 0.18950 0.50097 0.17188 0.50121 0.15416 0.49926 0.15057 0.50130 0.14707 0.49448 0.13450 0.49049 0.13441 0.48757 0.12903 0.48776 0.11485 0.48980 0.11135 0.49212 0.08659 0.49625 0.07605 0.49666 0.04416 0.49875 0.03712 0.49583 0.03173 0.48887 0.02980 0.48926 0.00000 0.46333 0.00000
6 0.99352 1.00000 0.99960 0.53669 0.73174 0.06912 0.54579 0.05062 0.48929 0.20055 0.28881 0.17463 0.28302 0.20994 0.28033 0.21224 0.27925 0.29493 0.28590 0.29509 0.28565 0.31399 0.32674 0.32439 0.32498 0.35744 0.43651 0.37185 0.23818 0.99352 0.28887 0.99517 0.49672 1.00000 0.99352 1.00000
6 0.26224 0.27327 0.25287 0.27777 0.24916 0.25642 0.23890 0.22782 0.23924 0.20183 0.24097 0.17115 0.00462 0.14130 0.00238 0.31262 0.21064 0.35478 0.21719 0.36202 0.22171 0.32195 0.25358 0.32506 0.26589 0.29935 0.26224 0.27327
7 0.85945 0.06677 0.86372 0.04560 0.86409 0.01725 0.84517 0.01504 0.84396 0.03096 0.84192 0.03446 0.84155 0.06281 0.83951 0.06631 0.83705 0.10170 0.83501 0.10520 0.83696 0.10879 0.83274 0.12642 0.83023 0.16535 0.82717 0.17060 0.82318 0.17051 0.81400 0.18625 0.81353 0.22168 0.82049 0.22362 0.82457 0.21663 0.82856 0.21671 0.83051 0.22030 0.84048 0.22054 0.84238 0.22767 0.84647 0.22068 0.86242 0.22105 0.86627 0.23177 0.86928 0.23007 0.87337 0.22307 0.87350 0.21245 0.87555 0.20895 0.87592 0.18059 0.87105 0.17162 0.86701 0.17507 0.85009 0.17291 0.85036 0.15164 0.85240 0.14814 0.85709 0.09508 0.85913 0.09158 0.85945 0.06677
7 0.46333 0.00000 0.46313 0.01502 0.45687 0.03614 0.45845 0.06809 0.46229 0.07881 0.46216 0.08944 0.46011 0.09294 0.45960 0.13192 0.45255 0.13707 0.44536 0.15286 0.44485 0.19184 0.44777 0.19723 0.49267 0.19650 0.49675 0.18950 0.50097 0.17188 0.50121 0.15416 0.49926 0.15057 0.50130 0.14707 0.49448 0.13450 0.49049 0.13441 0.48757 0.12903 0.48776 0.11485 0.48980 0.11135 0.49212 0.08659 0.49625 0.07605 0.49666 0.04416 0.49875 0.03712 0.49583 0.03173 0.48887 0.02980 0.48926 0.00000 0.46333 0.00000
6 0.99352 1.00000 0.99960 0.53669 0.73174 0.06912 0.54579 0.05062 0.48929 0.20055 0.28881 0.17463 0.28302 0.20994 0.28033 0.21224 0.27925 0.29493 0.28590 0.29509 0.28565 0.31399 0.32674 0.32439 0.32498 0.35744 0.43651 0.37185 0.23818 0.99352 0.28887 0.99517 0.49672 1.00000 0.99352 1.00000
6 0.26224 0.27327 0.25287 0.27777 0.24916 0.25642 0.23890 0.22782 0.23924 0.20183 0.24097 0.17115 0.00462 0.14130 0.00238 0.31262 0.21064 0.35478 0.21719 0.36202 0.22171 0.32195 0.25358 0.32506 0.26589 0.29935 0.26224 0.27327
