6 0.33501 1.00000 0.32720 0.99873 0.31010 0.98775 0.30424 0.98885 0.25989 0.96524 0.24352 0.96121 0.23692 0.95536 0.23106 0.95645 0.20773 0.94309 0.20186 0.94419 0.18476 0.93321 0.15789 0.92406 0.15324 0.91784 0.12637 0.90868 0.11940 0.89935 0.11549 0.90008 0.11085 0.89386 0.10499 0.89496 0.08593 0.88434 0.08007 0.88544 0.06101 0.87482 0.04891 0.87354 0.03609 0.86530 0.03372 0.86615 0.03593 0.88714 0.03902 0.89312 0.04647 0.88818 0.04916 0.89477 0.05466 0.89020 0.05814 0.89486 0.05576 0.90063 0.04989 0.90172 0.03707 0.89349 0.03660 0.89348 0.04784 1.00000 0.33501 1.00000
5 0.18729 0.92204 0.25528 0.89199 0.25161 0.86070 0.22592 0.85151 0.22282 0.83277 0.20838 0.83081 0.20252 0.79659 0.21652 0.78730 0.22710 0.73136 0.21857 0.66832 0.19794 0.63953 0.16754 0.65322 0.15322 0.69854 0.15364 0.70246 0.15221 0.69607 0.15661 0.76254 0.17771 0.79923 0.19065 0.80481 0.19107 0.84071 0.17695 0.84535 0.17491 0.87572 0.15421 0.87826 0.14960 0.90911 0.18729 0.92204
6 0.33501 1.00000 0.32720 0.99873 0.31010 0.98775 0.30424 0.98885 0.25989 0.96524 0.24352 0.96121 0.23692 0.95536 0.23106 0.95645 0.20773 0.94309 0.20186 0.94419 0.18476 0.93321 0.15789 0.92406 0.15324 0.91784 0.12637 0.90868 0.11940 0.89935 0.11549 0.90008 0.11085 0.89386 0.10499 0.89496 0.08593 0.88434 0.08007 0.88544 0.06101 0.87482 0.04891 0.87354 0.03609 0.86530 0.03372 0.86615 0.03593 0.88714 0.03902 0.89312 0.04647 0.88818 0.04916 0.89477 0.05466 0.89020 0.05814 0.89486 0.05576 0.90063 0.04989 0.90172 0.03707 0.89349 0.03660 0.89348 0.04784 1.00000 0.33501 1.00000
5 0.18729 0.92204 0.25528 0.89199 0.25161 0.86070 0.22592 0.85151 0.22282 0.83277 0.20838 0.83081 0.20252 0.79659 0.21652 0.78730 0.22710 0.73136 0.21857 0.66832 0.19794 0.63953 0.16754 0.65322 0.15322 0.69854 0.15364 0.70246 0.15221 0.69607 0.15661 0.76254 0.17771 0.79923 0.19065 0.80481 0.19107 0.84071 0.17695 0.84535 0.17491 0.87572 0.15421 0.87826 0.14960 0.90911 0.18729 0.92204
6 0.33501 1.00000 0.32720 0.99873 0.31010 0.98775 0.30424 0.98885 0.25989 0.96524 0.24352 0.96121 0.23692 0.95536 0.23106 0.95645 0.20773 0.94309 0.20186 0.94419 0.18476 0.93321 0.15789 0.92406 0.15324 0.91784 0.12637 0.90868 0.11940 0.89935 0.11549 0.90008 0.11085 0.89386 0.10499 0.89496 0.08593 0.88434 0.08007 0.88544 0.06101 0.87482 0.04891 0.87354 0.03609 0.86530 0.03372 0.86615 0.03593 0.88714 0.03902 0.89312 0.04647 0.88818 0.04916 0.89477 0.05466 0.89020 0.05814 0.89486 0.05576 0.90063 0.04989 0.90172 0.03707 0.89349 0.03660 0.89348 0.04784 1.00000 0.33501 1.00000
5 0.18729 0.92204 0.25528 0.89199 0.25161 0.86070 0.22592 0.85151 0.22282 0.83277 0.20838 0.83081 0.20252 0.79659 0.21652 0.78730 0.22710 0.73136 0.21857 0.66832 0.19794 0.63953 0.16754 0.65322 0.15322 0.69854 0.15364 0.70246 0.15221 0.69607 0.15661 0.76254 0.17771 0.79923 0.19065 0.80481 0.19107 0.84071 0.17695 0.84535 0.17491 0.87572 0.15421 0.87826 0.14960 0.90911 0.18729 0.92204
6 0.33501 1.00000 0.32720 0.99873 0.31010 0.98775 0.30424 0.98885 0.25989 0.96524 0.24352 0.96121 0.23692 0.95536 0.23106 0.95645 0.20773 0.94309 0.20186 0.94419 0.18476 0.93321 0.15789 0.92406 0.15324 0.91784 0.12637 0.90868 0.11940 0.89935 0.11549 0.90008 0.11085 0.89386 0.10499 0.89496 0.08593 0.88434 0.08007 0.88544 0.06101 0.87482 0.04891 0.87354 0.03609 0.86530 0.03372 0.86615 0.03593 0.88714 0.03902 0.89312 0.04647 0.88818 0.04916 0.89477 0.05466 0.89020 0.05814 0.89486 0.05576 0.90063 0.04989 0.90172 0.03707 0.89349 0.03660 0.89348 0.04784 1.00000 0.33501 1.00000
5 0.18729 0.92204 0.25528 0.89199 0.25161 0.86070 0.22592 0.85151 0.22282 0.83277 0.20838 0.83081 0.20252 0.79659 0.21652 0.78730 0.22710 0.73136 0.21857 0.66832 0.19794 0.63953 0.16754 0.65322 0.15322 0.69854 0.15364 0.70246 0.15221 0.69607 0.15661 0.76254 0.17771 0.79923 0.19065 0.80481 0.19107 0.84071 0.17695 0.84535 0.17491 0.87572 0.15421 0.87826 0.14960 0.90911 0.18729 0.92204
6 0.33501 1.00000 0.32720 0.99873 0.31010 0.98775 0.30424 0.98885 0.25989 0.96524 0.24352 0.96121 0.23692 0.95536 0.23106 0.95645 0.20773 0.94309 0.20186 0.94419 0.18476 0.93321 0.15789 0.92406 0.15324 0.91784 0.12637 0.90868 0.11940 0.89935 0.11549 0.90008 0.11085 0.89386 0.10499 0.89496 0.08593 0.88434 0.08007 0.88544 0.06101 0.87482 0.04891 0.87354 0.03609 0.86530 0.03372 0.86615 0.03593 0.88714 0.03902 0.89312 0.04647 0.88818 0.04916 0.89477 0.05466 0.89020 0.05814 0.89486 0.05576 0.90063 0.04989 0.90172 0.03707 0.89349 0.03660 0.89348 0.04784 1.00000 0.33501 1.00000
5 0.18729 0.92204 0.25528 0.89199 0.25161 0.86070 0.22592 0.85151 0.22282 0.83277 0.20838 0.83081 0.20252 0.79659 0.21652 0.78730 0.22710 0.73136 0.21857 0.66832 0.19794 0.63953 0.16754 0.65322 0.15322 0.69854 0.15364 0.70246 0.15221 0.69607 0.15661 0.76254 0.17771 0.79923 0.19065 0.80481 0.19107 0.84071 0.17695 0.84535 0.17491 0.87572 0.15421 0.87826 0.14960 0.90911 0.18729 0.92204
6 0.33501 1.00000 0.32720 0.99873 0.31010 0.98775 0.30424 0.98885 0.25989 0.96524 0.24352 0.96121 0.23692 0.95536 0.23106 0.95645 0.20773 0.94309 0.20186 0.94419 0.18476 0.93321 0.15789 0.92406 0.15324 0.91784 0.12637 0.90868 0.11940 0.89935 0.11549 0.90008 0.11085 0.89386 0.10499 0.89496 0.08593 0.88434 0.08007 0.88544 0.06101 0.87482 0.04891 0.87354 0.03609 0.86530 0.03372 0.86615 0.03593 0.88714 0.03902 0.89312 0.04647 0.88818 0.04916 0.89477 0.05466 0.89020 0.05814 0.89486 0.05576 0.90063 0.04989 0.90172 0.03707 0.89349 0.03660 0.89348 0.04784 1.00000 0.33501 1.00000
5 0.18729 0.92204 0.25528 0.89199 0.25161 0.86070 0.22592 0.85151 0.22282 0.83277 0.20838 0.83081 0.20252 0.79659 0.21652 0.78730 0.22710 0.73136 0.21857 0.66832 0.19794 0.63953 0.16754 0.65322 0.15322 0.69854 0.15364 0.70246 0.15221 0.69607 0.15661 0.76254 0.17771 0.79923 0.19065 0.80481 0.19107 0.84071 0.17695 0.84535 0.17491 0.87572 0.15421 0.87826 0.14960 0.90911 0.18729 0.92204
