6 1.00000 0.47598 0.95159 0.36868 0.85586 0.25571 0.78903 0.20592 0.67833 0.15181 0.55571 0.12597 0.37323 0.11636 0.00000 0.14343 0.00000 0.35425 0.27958 0.33465 0.32154 0.37692 0.06018 1.00000 1.00000 1.00000 1.00000 0.47598
5 0.00000 0.00000 0.00000 0.11061 0.00000 0.13102 0.01850 0.13177 0.03999 0.11619 0.03686 0.09440 0.01859 0.09843 0.01329 0.09144 0.00547 0.08309 0.00264 0.05953 0.00412 0.05945 0.00549 0.05171 0.00501 0.00000 0.00000 0.00000
6 1.00000 0.47598 0.95159 0.36868 0.85586 0.25571 0.78903 0.20592 0.67833 0.15181 0.55571 0.12597 0.37323 0.11636 0.00000 0.14343 0.00000 0.35425 0.27958 0.33465 0.32154 0.37692 0.06018 1.00000 1.00000 1.00000 1.00000 0.47598
5 0.00000 0.00000 0.00000 0.11061 0.00000 0.13102 0.01850 0.13177 0.03999 0.11619 0.03686 0.09440 0.01859 0.09843 0.01329 0.09144 0.00547 0.08309 0.00264 0.05953 0.00412 0.05945 0.00549 0.05171 0.00501 0.00000 0.00000 0.00000
6 1.00000 0.47598 0.95159 0.36868 0.85586 0.25571 0.78903 0.20592 0.67833 0.15181 0.55571 0.12597 0.37323 0.11636 0.00000 0.14343 0.00000 0.35425 0.27958 0.33465 0.32154 0.37692 0.06018 1.00000 1.00000 1.00000 1.00000 0.47598
5 0.00000 0.00000 0.00000 0.11061 0.00000 0.13102 0.01850 0.13177 0.03999 0.11619 0.03686 0.09440 0.01859 0.09843 0.01329 0.09144 0.00547 0.08309 0.00264 0.05953 0.00412 0.05945 0.00549 0.05171 0.00501 0.00000 0.00000 0.00000
6 1.00000 0.47598 0.95159 0.36868 0.85586 0.25571 0.78903 0.20592 0.67833 0.15181 0.55571 0.12597 0.37323 0.11636 0.00000 0.14343 0.00000 0.35425 0.27958 0.33465 0.32154 0.37692 0.06018 1.00000 1.00000 1.00000 1.00000 0.47598
5 0.00000 0.00000 0.00000 0.11061 0.00000 0.13102 0.01850 0.13177 0.03999 0.11619 0.03686 0.09440 0.01859 0.09843 0.01329 0.09144 0.00547 0.08309 0.00264 0.05953 0.00412 0.05945 0.00549 0.05171 0.00501 0.00000 0.00000 0.00000
6 1.00000 0.47598 0.95159 0.36868 0.85586 0.25571 0.78903 0.20592 0.67833 0.15181 0.55571 0.12597 0.37323 0.11636 0.00000 0.14343 0.00000 0.35425 0.27958 0.33465 0.32154 0.37692 0.06018 1.00000 1.00000 1.00000 1.00000 0.47598
5 0.00000 0.00000 0.00000 0.11061 0.00000 0.13102 0.01850 0.13177 0.03999 0.11619 0.03686 0.09440 0.01859 0.09843 0.01329 0.09144 0.00547 0.08309 0.00264 0.05953 0.00412 0.05945 0.00549 0.05171 0.00501 0.00000 0.00000 0.00000
6 1.00000 0.47598 0.95159 0.36868 0.85586 0.25571 0.78903 0.20592 0.67833 0.15181 0.55571 0.12597 0.37323 0.11636 0.00000 0.14343 0.00000 0.35425 0.27958 0.33465 0.32154 0.37692 0.06018 1.00000 1.00000 1.00000 1.00000 0.47598
5 0.00000 0.00000 0.00000 0.11061 0.00000 0.13102 0.01850 0.13177 0.03999 0.11619 0.03686 0.09440 0.01859 0.09843 0.01329 0.09144 0.00547 0.08309 0.00264 0.05953 0.00412 0.05945 0.00549 0.05171 0.00501 0.00000 0.00000 0.00000
