6 0.19220 0.00000 0.27339 0.78452 0.27260 0.88348 0.23548 0.97059 0.49416 1.00000 0.96907 1.00000 1.00000 0.52908 1.00000 0.39542 0.72512 0.12125 0.61421 0.01140 0.51639 0.00000 0.19220 0.00000
5 0.76718 0.05936 0.73791 0.03911 0.73955 0.02601 0.70078 0.02149 0.69728 0.03655 0.68099 0.03482 0.67050 0.06112 0.70709 0.09633 0.76665 0.08129 0.76718 0.05936
6 0.19220 0.00000 0.27339 0.78452 0.27260 0.88348 0.23548 0.97059 0.49416 1.00000 0.96907 1.00000 1.00000 0.52908 1.00000 0.39542 0.72512 0.12125 0.61421 0.01140 0.51639 0.00000 0.19220 0.00000
5 0.76718 0.05936 0.73791 0.03911 0.73955 0.02601 0.70078 0.02149 0.69728 0.03655 0.68099 0.03482 0.67050 0.06112 0.70709 0.09633 0.76665 0.08129 0.76718 0.05936
6 0.19220 0.00000 0.27339 0.78452 0.27260 0.88348 0.23548 0.97059 0.49416 1.00000 0.96907 1.00000 1.00000 0.52908 1.00000 0.39542 0.72512 0.12125 0.61421 0.01140 0.51639 0.00000 0.19220 0.00000
5 0.76718 0.05936 0.73791 0.03911 0.73955 0.02601 0.70078 0.02149 0.69728 0.03655 0.68099 0.03482 0.67050 0.06112 0.70709 0.09633 0.76665 0.08129 0.76718 0.05936
6 0.19220 0.00000 0.27339 0.78452 0.27260 0.88348 0.23548 0.97059 0.49416 1.00000 0.96907 1.00000 1.00000 0.52908 1.00000 0.39542 0.72512 0.12125 0.61421 0.01140 0.51639 0.00000 0.19220 0.00000
5 0.76718 0.05936 0.73791 0.03911 0.73955 0.02601 0.70078 0.02149 0.69728 0.03655 0.68099 0.03482 0.67050 0.06112 0.70709 0.09633 0.76665 0.08129 0.76718 0.05936
6 0.19220 0.00000 0.27339 0.78452 0.27260 0.88348 0.23548 0.97059 0.49416 1.00000 0.96907 1.00000 1.00000 0.52908 1.00000 0.39542 0.72512 0.12125 0.61421 0.01140 0.51639 0.00000 0.19220 0.00000
5 0.76718 0.05936 0.73791 0.03911 0.73955 0.02601 0.70078 0.02149 0.69728 0.03655 0.68099 0.03482 0.67050 0.06112 0.70709 0.09633 0.76665 0.08129 0.76718 0.05936
