6 1.00000 0.48838 0.99904 0.45185 0.88974 0.24910 0.77272 0.16952 0.65208 0.12570 0.54616 0.11333 0.36500 0.11190 0.00000 0.16359 0.00000 0.34963 0.25307 0.31480 0.29014 0.31666 0.31314 0.36364 0.06221 1.00000 0.50655 1.00000 1.00000 0.97705 1.00000 0.48838
5 0.00000 0.15451 0.01671 0.14059 0.01352 0.12700 0.00000 0.12662 0.00000 0.15451
6 1.00000 0.48838 0.99904 0.45185 0.88974 0.24910 0.77272 0.16952 0.65208 0.12570 0.54616 0.11333 0.36500 0.11190 0.00000 0.16359 0.00000 0.34963 0.25307 0.31480 0.29014 0.31666 0.31314 0.36364 0.06221 1.00000 0.50655 1.00000 1.00000 0.97705 1.00000 0.48838
5 0.00000 0.15451 0.01671 0.14059 0.01352 0.12700 0.00000 0.12662 0.00000 0.15451
6 1.00000 0.48838 0.99904 0.45185 0.88974 0.24910 0.77272 0.16952 0.65208 0.12570 0.54616 0.11333 0.36500 0.11190 0.00000 0.16359 0.00000 0.34963 0.25307 0.31480 0.29014 0.31666 0.31314 0.36364 0.06221 1.00000 0.50655 1.00000 1.00000 0.97705 1.00000 0.48838
5 0.00000 0.15451 0.01671 0.14059 0.01352 0.12700 0.00000 0.12662 0.00000 0.15451
6 1.00000 0.48838 0.99904 0.45185 0.88974 0.24910 0.77272 0.16952 0.65208 0.12570 0.54616 0.11333 0.36500 0.11190 0.00000 0.16359 0.00000 0.34963 0.25307 0.31480 0.29014 0.31666 0.31314 0.36364 0.06221 1.00000 0.50655 1.00000 1.00000 0.97705 1.00000 0.48838
5 0.00000 0.15451 0.01671 0.14059 0.01352 0.12700 0.00000 0.12662 0.00000 0.15451
6 1.00000 0.48838 0.99904 0.45185 0.88974 0.24910 0.77272 0.16952 0.65208 0.12570 0.54616 0.11333 0.36500 0.11190 0.00000 0.16359 0.00000 0.34963 0.25307 0.31480 0.29014 0.31666 0.31314 0.36364 0.06221 1.00000 0.50655 1.00000 1.00000 0.97705 1.00000 0.48838
5 0.00000 0.15451 0.01671 0.14059 0.01352 0.12700 0.00000 0.12662 0.00000 0.15451
6 1.00000 0.48838 0.99904 0.45185 0.88974 0.24910 0.77272 0.16952 0.65208 0.12570 0.54616 0.11333 0.36500 0.11190 0.00000 0.16359 0.00000 0.34963 0.25307 0.31480 0.29014 0.31666 0.31314 0.36364 0.06221 1.00000 0.50655 1.00000 1.00000 0.97705 1.00000 0.48838
5 0.00000 0.15451 0.01671 0.14059 0.01352 0.12700 0.00000 0.12662 0.00000 0.15451
