5 0.15795 0.84009 0.15083 0.81971 0.14248 0.82108 0.13671 0.78470 0.14613 0.77311 0.16091 0.72331 0.15635 0.66949 0.13309 0.63166 0.10393 0.64361 0.08544 0.69689 0.08799 0.75964 0.11544 0.79033 0.11583 0.83836 0.10575 0.84288 0.10619 0.86075 0.07756 0.86975 0.07785 0.89913 0.12088 0.91507 0.18799 0.86820 0.18721 0.85109 0.15795 0.84009
6 0.32872 1.00000 0.30730 0.99023 0.29326 0.98898 0.28250 0.98013 0.27663 0.98109 0.25379 0.97068 0.24792 0.97164 0.20225 0.95080 0.19637 0.95177 0.18985 0.94576 0.18398 0.94672 0.14874 0.93125 0.13471 0.93001 0.12199 0.92148 0.10372 0.91739 0.08677 0.90602 0.06849 0.90193 0.05773 0.89308 0.05382 0.89372 0.04926 0.88739 0.03522 0.88614 0.03294 0.88298 0.03164 0.88402 0.04233 1.00000 0.32872 1.00000
5 0.15795 0.84009 0.15083 0.81971 0.14248 0.82108 0.13671 0.78470 0.14613 0.77311 0.16091 0.72331 0.15635 0.66949 0.13309 0.63166 0.10393 0.64361 0.08544 0.69689 0.08799 0.75964 0.11544 0.79033 0.11583 0.83836 0.10575 0.84288 0.10619 0.86075 0.07756 0.86975 0.07785 0.89913 0.12088 0.91507 0.18799 0.86820 0.18721 0.85109 0.15795 0.84009
6 0.32872 1.00000 0.30730 0.99023 0.29326 0.98898 0.28250 0.98013 0.27663 0.98109 0.25379 0.97068 0.24792 0.97164 0.20225 0.95080 0.19637 0.95177 0.18985 0.94576 0.18398 0.94672 0.14874 0.93125 0.13471 0.93001 0.12199 0.92148 0.10372 0.91739 0.08677 0.90602 0.06849 0.90193 0.05773 0.89308 0.05382 0.89372 0.04926 0.88739 0.03522 0.88614 0.03294 0.88298 0.03164 0.88402 0.04233 1.00000 0.32872 1.00000
5 0.15795 0.84009 0.15083 0.81971 0.14248 0.82108 0.13671 0.78470 0.14613 0.77311 0.16091 0.72331 0.15635 0.66949 0.13309 0.63166 0.10393 0.64361 0.08544 0.69689 0.08799 0.75964 0.11544 0.79033 0.11583 0.83836 0.10575 0.84288 0.10619 0.86075 0.07756 0.86975 0.07785 0.89913 0.12088 0.91507 0.18799 0.86820 0.18721 0.85109 0.15795 0.84009
6 0.32872 1.00000 0.30730 0.99023 0.29326 0.98898 0.28250 0.98013 0.27663 0.98109 0.25379 0.97068 0.24792 0.97164 0.20225 0.95080 0.19637 0.95177 0.18985 0.94576 0.18398 0.94672 0.14874 0.93125 0.13471 0.93001 0.12199 0.92148 0.10372 0.91739 0.08677 0.90602 0.06849 0.90193 0.05773 0.89308 0.05382 0.89372 0.04926 0.88739 0.03522 0.88614 0.03294 0.88298 0.03164 0.88402 0.04233 1.00000 0.32872 1.00000
5 0.15795 0.84009 0.15083 0.81971 0.14248 0.82108 0.13671 0.78470 0.14613 0.77311 0.16091 0.72331 0.15635 0.66949 0.13309 0.63166 0.10393 0.64361 0.08544 0.69689 0.08799 0.75964 0.11544 0.79033 0.11583 0.83836 0.10575 0.84288 0.10619 0.86075 0.07756 0.86975 0.07785 0.89913 0.12088 0.91507 0.18799 0.86820 0.18721 0.85109 0.15795 0.84009
6 0.32872 1.00000 0.30730 0.99023 0.29326 0.98898 0.28250 0.98013 0.27663 0.98109 0.25379 0.97068 0.24792 0.97164 0.20225 0.95080 0.19637 0.95177 0.18985 0.94576 0.18398 0.94672 0.14874 0.93125 0.13471 0.93001 0.12199 0.92148 0.10372 0.91739 0.08677 0.90602 0.06849 0.90193 0.05773 0.89308 0.05382 0.89372 0.04926 0.88739 0.03522 0.88614 0.03294 0.88298 0.03164 0.88402 0.04233 1.00000 0.32872 1.00000
5 0.15795 0.84009 0.15083 0.81971 0.14248 0.82108 0.13671 0.78470 0.14613 0.77311 0.16091 0.72331 0.15635 0.66949 0.13309 0.63166 0.10393 0.64361 0.08544 0.69689 0.08799 0.75964 0.11544 0.79033 0.11583 0.83836 0.10575 0.84288 0.10619 0.86075 0.07756 0.86975 0.07785 0.89913 0.12088 0.91507 0.18799 0.86820 0.18721 0.85109 0.15795 0.84009
6 0.32872 1.00000 0.30730 0.99023 0.29326 0.98898 0.28250 0.98013 0.27663 0.98109 0.25379 0.97068 0.24792 0.97164 0.20225 0.95080 0.19637 0.95177 0.18985 0.94576 0.18398 0.94672 0.14874 0.93125 0.13471 0.93001 0.12199 0.92148 0.10372 0.91739 0.08677 0.90602 0.06849 0.90193 0.05773 0.89308 0.05382 0.89372 0.04926 0.88739 0.03522 0.88614 0.03294 0.88298 0.03164 0.88402 0.04233 1.00000 0.32872 1.00000
5 0.15795 0.84009 0.15083 0.81971 0.14248 0.82108 0.13671 0.78470 0.14613 0.77311 0.16091 0.72331 0.15635 0.66949 0.13309 0.63166 0.10393 0.64361 0.08544 0.69689 0.08799 0.75964 0.11544 0.79033 0.11583 0.83836 0.10575 0.84288 0.10619 0.86075 0.07756 0.86975 0.07785 0.89913 0.12088 0.91507 0.18799 0.86820 0.18721 0.85109 0.15795 0.84009
6 0.32872 1.00000 0.30730 0.99023 0.29326 0.98898 0.28250 0.98013 0.27663 0.98109 0.25379 0.97068 0.24792 0.97164 0.20225 0.95080 0.19637 0.95177 0.18985 0.94576 0.18398 0.94672 0.14874 0.93125 0.13471 0.93001 0.12199 0.92148 0.10372 0.91739 0.08677 0.90602 0.06849 0.90193 0.05773 0.89308 0.05382 0.89372 0.04926 0.88739 0.03522 0.88614 0.03294 0.88298 0.03164 0.88402 0.04233 1.00000 0.32872 1.00000
