6 0.94678 1.00000 0.95981 0.89043 0.62137 0.30050 0.54710 0.25043 0.45948 0.21966 0.30962 0.20033 0.15544 0.18255 0.09206 0.25027 0.16692 0.24886 0.25512 0.27484 0.28424 0.28590 0.28338 0.29309 0.24401 0.36834 0.00000 0.85839 0.00000 0.90075 0.47046 1.00000 0.94678 1.00000
2 0.82597 0.47883 0.81787 0.47712 0.81063 0.46822 0.80456 0.46694 0.80216 0.46091 0.80148 0.44049 0.79786 0.43604 0.78774 0.43390 0.78589 0.40586 0.79005 0.38831 0.81884 0.32066 0.82876 0.28958 0.83708 0.25447 0.83309 0.24442 0.81083 0.23972 0.80838 0.24289 0.79218 0.23947 0.78973 0.24264 0.75085 0.23813 0.74025 0.24879 0.73939 0.25598 0.75088 0.29895 0.75598 0.32583 0.75513 0.33302 0.76704 0.37240 0.76895 0.39123 0.76382 0.43439 0.76015 0.43914 0.75407 0.43786 0.74837 0.44218 0.74415 0.46894 0.72999 0.46595 0.72349 0.46827 0.72055 0.48423 0.72657 0.49472 0.74914 0.51423 0.75239 0.51307 0.76300 0.50241 0.77919 0.50582 0.78164 0.50265 0.79378 0.50521 0.80678 0.50058 0.81807 0.51034 0.81924 0.51796 0.82132 0.50918 0.82579 0.50644 0.82910 0.49608 0.82996 0.48889 0.82597 0.47883
6 0.94678 1.00000 0.95981 0.89043 0.62137 0.30050 0.54710 0.25043 0.45948 0.21966 0.30962 0.20033 0.15544 0.18255 0.09206 0.25027 0.16692 0.24886 0.25512 0.27484 0.28424 0.28590 0.28338 0.29309 0.24401 0.36834 0.00000 0.85839 0.00000 0.90075 0.47046 1.00000 0.94678 1.00000
2 0.82597 0.47883 0.81787 0.47712 0.81063 0.46822 0.80456 0.46694 0.80216 0.46091 0.80148 0.44049 0.79786 0.43604 0.78774 0.43390 0.78589 0.40586 0.79005 0.38831 0.81884 0.32066 0.82876 0.28958 0.83708 0.25447 0.83309 0.24442 0.81083 0.23972 0.80838 0.24289 0.79218 0.23947 0.78973 0.24264 0.75085 0.23813 0.74025 0.24879 0.73939 0.25598 0.75088 0.29895 0.75598 0.32583 0.75513 0.33302 0.76704 0.37240 0.76895 0.39123 0.76382 0.43439 0.76015 0.43914 0.75407 0.43786 0.74837 0.44218 0.74415 0.46894 0.72999 0.46595 0.72349 0.46827 0.72055 0.48423 0.72657 0.49472 0.74914 0.51423 0.75239 0.51307 0.76300 0.50241 0.77919 0.50582 0.78164 0.50265 0.79378 0.50521 0.80678 0.50058 0.81807 0.51034 0.81924 0.51796 0.82132 0.50918 0.82579 0.50644 0.82910 0.49608 0.82996 0.48889 0.82597 0.47883
6 0.94678 1.00000 0.95981 0.89043 0.62137 0.30050 0.54710 0.25043 0.45948 0.21966 0.30962 0.20033 0.15544 0.18255 0.09206 0.25027 0.16692 0.24886 0.25512 0.27484 0.28424 0.28590 0.28338 0.29309 0.24401 0.36834 0.00000 0.85839 0.00000 0.90075 0.47046 1.00000 0.94678 1.00000
2 0.82597 0.47883 0.81787 0.47712 0.81063 0.46822 0.80456 0.46694 0.80216 0.46091 0.80148 0.44049 0.79786 0.43604 0.78774 0.43390 0.78589 0.40586 0.79005 0.38831 0.81884 0.32066 0.82876 0.28958 0.83708 0.25447 0.83309 0.24442 0.81083 0.23972 0.80838 0.24289 0.79218 0.23947 0.78973 0.24264 0.75085 0.23813 0.74025 0.24879 0.73939 0.25598 0.75088 0.29895 0.75598 0.32583 0.75513 0.33302 0.76704 0.37240 0.76895 0.39123 0.76382 0.43439 0.76015 0.43914 0.75407 0.43786 0.74837 0.44218 0.74415 0.46894 0.72999 0.46595 0.72349 0.46827 0.72055 0.48423 0.72657 0.49472 0.74914 0.51423 0.75239 0.51307 0.76300 0.50241 0.77919 0.50582 0.78164 0.50265 0.79378 0.50521 0.80678 0.50058 0.81807 0.51034 0.81924 0.51796 0.82132 0.50918 0.82579 0.50644 0.82910 0.49608 0.82996 0.48889 0.82597 0.47883
6 0.94678 1.00000 0.95981 0.89043 0.62137 0.30050 0.54710 0.25043 0.45948 0.21966 0.30962 0.20033 0.15544 0.18255 0.09206 0.25027 0.16692 0.24886 0.25512 0.27484 0.28424 0.28590 0.28338 0.29309 0.24401 0.36834 0.00000 0.85839 0.00000 0.90075 0.47046 1.00000 0.94678 1.00000
2 0.82597 0.47883 0.81787 0.47712 0.81063 0.46822 0.80456 0.46694 0.80216 0.46091 0.80148 0.44049 0.79786 0.43604 0.78774 0.43390 0.78589 0.40586 0.79005 0.38831 0.81884 0.32066 0.82876 0.28958 0.83708 0.25447 0.83309 0.24442 0.81083 0.23972 0.80838 0.24289 0.79218 0.23947 0.78973 0.24264 0.75085 0.23813 0.74025 0.24879 0.73939 0.25598 0.75088 0.29895 0.75598 0.32583 0.75513 0.33302 0.76704 0.37240 0.76895 0.39123 0.76382 0.43439 0.76015 0.43914 0.75407 0.43786 0.74837 0.44218 0.74415 0.46894 0.72999 0.46595 0.72349 0.46827 0.72055 0.48423 0.72657 0.49472 0.74914 0.51423 0.75239 0.51307 0.76300 0.50241 0.77919 0.50582 0.78164 0.50265 0.79378 0.50521 0.80678 0.50058 0.81807 0.51034 0.81924 0.51796 0.82132 0.50918 0.82579 0.50644 0.82910 0.49608 0.82996 0.48889 0.82597 0.47883
6 0.94678 1.00000 0.95981 0.89043 0.62137 0.30050 0.54710 0.25043 0.45948 0.21966 0.30962 0.20033 0.15544 0.18255 0.09206 0.25027 0.16692 0.24886 0.25512 0.27484 0.28424 0.28590 0.28338 0.29309 0.24401 0.36834 0.00000 0.85839 0.00000 0.90075 0.47046 1.00000 0.94678 1.00000
2 0.82597 0.47883 0.81787 0.47712 0.81063 0.46822 0.80456 0.46694 0.80216 0.46091 0.80148 0.44049 0.79786 0.43604 0.78774 0.43390 0.78589 0.40586 0.79005 0.38831 0.81884 0.32066 0.82876 0.28958 0.83708 0.25447 0.83309 0.24442 0.81083 0.23972 0.80838 0.24289 0.79218 0.23947 0.78973 0.24264 0.75085 0.23813 0.74025 0.24879 0.73939 0.25598 0.75088 0.29895 0.75598 0.32583 0.75513 0.33302 0.76704 0.37240 0.76895 0.39123 0.76382 0.43439 0.76015 0.43914 0.75407 0.43786 0.74837 0.44218 0.74415 0.46894 0.72999 0.46595 0.72349 0.46827 0.72055 0.48423 0.72657 0.49472 0.74914 0.51423 0.75239 0.51307 0.76300 0.50241 0.77919 0.50582 0.78164 0.50265 0.79378 0.50521 0.80678 0.50058 0.81807 0.51034 0.81924 0.51796 0.82132 0.50918 0.82579 0.50644 0.82910 0.49608 0.82996 0.48889 0.82597 0.47883
6 0.94678 1.00000 0.95981 0.89043 0.62137 0.30050 0.54710 0.25043 0.45948 0.21966 0.30962 0.20033 0.15544 0.18255 0.09206 0.25027 0.16692 0.24886 0.25512 0.27484 0.28424 0.28590 0.28338 0.29309 0.24401 0.36834 0.00000 0.85839 0.00000 0.90075 0.47046 1.00000 0.94678 1.00000
2 0.82597 0.47883 0.81787 0.47712 0.81063 0.46822 0.80456 0.46694 0.80216 0.46091 0.80148 0.44049 0.79786 0.43604 0.78774 0.43390 0.78589 0.40586 0.79005 0.38831 0.81884 0.32066 0.82876 0.28958 0.83708 0.25447 0.83309 0.24442 0.81083 0.23972 0.80838 0.24289 0.79218 0.23947 0.78973 0.24264 0.75085 0.23813 0.74025 0.24879 0.73939 0.25598 0.75088 0.29895 0.75598 0.32583 0.75513 0.33302 0.76704 0.37240 0.76895 0.39123 0.76382 0.43439 0.76015 0.43914 0.75407 0.43786 0.74837 0.44218 0.74415 0.46894 0.72999 0.46595 0.72349 0.46827 0.72055 0.48423 0.72657 0.49472 0.74914 0.51423 0.75239 0.51307 0.76300 0.50241 0.77919 0.50582 0.78164 0.50265 0.79378 0.50521 0.80678 0.50058 0.81807 0.51034 0.81924 0.51796 0.82132 0.50918 0.82579 0.50644 0.82910 0.49608 0.82996 0.48889 0.82597 0.47883
