6 0.20236 0.60084 0.20663 0.61602 0.20663 0.62740 0.21196 0.63689 0.22582 0.63500 0.23756 0.62551 0.24822 0.62551 0.25462 0.61032 0.26316 0.60653 0.26742 0.59894 0.28022 0.59514 0.28342 0.58945 0.28342 0.57806 0.27595 0.56478 0.20556 0.56857 0.20236 0.57427 0.20236 0.60084
6 0.00000 0.65664 0.03704 0.65587 0.03918 0.65207 0.04558 0.65587 0.04771 0.65207 0.15650 0.65207 0.17783 0.63689 0.18423 0.63689 0.18956 0.61602 0.18956 0.60084 0.18743 0.59704 0.18743 0.58565 0.18423 0.58375 0.17356 0.56098 0.15650 0.56098 0.15543 0.56288 0.15863 0.56478 0.15863 0.56857 0.09891 0.56857 0.09677 0.57237 0.04344 0.57237 0.04131 0.56857 0.01998 0.56857 0.01785 0.56478 0.00931 0.56478 0.00718 0.56857 0.00000 0.56824 0.00000 0.65664
6 0.89149 1.00000 0.77403 0.80200 0.78043 0.79061 0.78043 0.78302 0.77723 0.77733 0.77083 0.79630 0.76657 0.79251 0.74737 0.76214 0.70257 0.67864 0.68444 0.65777 0.68018 0.64259 0.68551 0.64069 0.69084 0.62740 0.68657 0.62361 0.68551 0.61412 0.67911 0.61412 0.67911 0.62171 0.66631 0.62930 0.66098 0.61602 0.65138 0.60653 0.64391 0.58945 0.64711 0.58755 0.64925 0.59514 0.65351 0.58755 0.66631 0.58755 0.66738 0.58945 0.66418 0.59514 0.65565 0.59514 0.65458 0.60084 0.65778 0.60273 0.66204 0.61412 0.66844 0.61412 0.66951 0.60084 0.67271 0.59514 0.68657 0.58945 0.68657 0.57427 0.68977 0.56857 0.69404 0.56857 0.69831 0.57996 0.70577 0.57806 0.69724 0.56668 0.69724 0.55909 0.68977 0.54959 0.68124 0.54959 0.67911 0.54580 0.65138 0.54580 0.64925 0.54200 0.64711 0.54580 0.56819 0.54580 0.56606 0.54959 0.55752 0.54580 0.55539 0.54959 0.53406 0.54959 0.53193 0.55339 0.52766 0.54959 0.51486 0.54959 0.51273 0.55339 0.51060 0.54959 0.50633 0.55339 0.50420 0.54959 0.49779 0.54959 0.49566 0.55339 0.49353 0.54959 0.47220 0.54959 0.47006 0.55339 0.46793 0.54959 0.41247 0.54959 0.41034 0.55339 0.40821 0.54959 0.40181 0.54959 0.39647 0.55529 0.39754 0.56098 0.38901 0.56098 0.38687 0.56478 0.37408 0.56098 0.37194 0.56478 0.35488 0.56857 0.34955 0.57806 0.35168 0.58565 0.34315 0.60084 0.34315 0.61981 0.34101 0.61981 0.33995 0.60653 0.33674 0.61222 0.33674 0.63120 0.33355 0.63689 0.33035 0.63500 0.32608 0.66916 0.31968 0.67675 0.30688 0.71470 0.30368 0.71660 0.29195 0.74127 0.28555 0.76025 0.27702 0.77543 0.27489 0.78682 0.25782 0.81718 0.25782 0.82477 0.24716 0.84755 0.24076 0.85514 0.23862 0.86652 0.22582 0.88550 0.21943 0.90448 0.17676 0.99178 0.17445 1.00000 0.89149 1.00000
6 0.69297 0.55529 0.69831 0.56098 0.70684 0.57996 0.71750 0.58375 0.73137 0.60463 0.72817 0.61032 0.69618 0.60653 0.69191 0.59514 0.68764 0.59514 0.68657 0.60843 0.69191 0.62171 0.70044 0.62551 0.70471 0.63689 0.71537 0.64448 0.73670 0.64448 0.73884 0.64069 0.74310 0.64448 0.75697 0.64259 0.76657 0.63310 0.77297 0.63310 0.77617 0.62740 0.77617 0.61981 0.77297 0.61032 0.75910 0.59704 0.75270 0.57047 0.74523 0.55339 0.73884 0.55339 0.73670 0.54959 0.69618 0.54959 0.69297 0.55529
6 1.00000 0.55719 0.85616 0.55719 0.85402 0.55339 0.84123 0.55719 0.83909 0.55339 0.81350 0.60273 0.80070 0.61032 0.79536 0.61981 0.79856 0.63310 0.80496 0.63310 0.80923 0.63689 0.81136 0.64448 1.00000 0.64269 1.00000 0.55719
4 0.79323 0.61602 0.79643 0.61032 0.80070 0.61032 0.81350 0.59894 0.82736 0.57806 0.83376 0.55529 0.83376 0.51733 0.82736 0.49456 0.81136 0.46989 0.79856 0.46609 0.79643 0.46230 0.77723 0.46609 0.76870 0.47368 0.75484 0.49836 0.75057 0.51354 0.75057 0.55529 0.75270 0.56668 0.76123 0.59324 0.77617 0.60843 0.77830 0.61602 0.77617 0.61981 0.77617 0.63500 0.76657 0.63689 0.76123 0.64638 0.76017 0.65587 0.74310 0.65587 0.73990 0.66156 0.73990 0.67295 0.74630 0.69193 0.76230 0.72039 0.77510 0.73558 0.82309 0.73368 0.82843 0.73178 0.83163 0.72609 0.82949 0.70332 0.83376 0.69193 0.83376 0.68434 0.81989 0.66346 0.81136 0.65966 0.81030 0.64638 0.80496 0.63689 0.79643 0.63689 0.79536 0.61981 0.79323 0.61602
7 0.28875 0.42814 0.28128 0.43762 0.28128 0.47558 0.28342 0.47938 0.28342 0.57806 0.28555 0.58186 0.28555 0.60463 0.27595 0.60653 0.26635 0.61981 0.26955 0.62551 0.28662 0.62930 0.28769 0.64259 0.29089 0.64069 0.29409 0.65018 0.29409 0.66916 0.30582 0.68623 0.30901 0.68434 0.32395 0.66156 0.32608 0.65018 0.32395 0.61981 0.32608 0.61222 0.32288 0.60273 0.30688 0.60084 0.31115 0.58565 0.31115 0.54390 0.30901 0.54011 0.30901 0.43762 0.30582 0.42814 0.28875 0.42814
7 0.34848 0.39018 0.32928 0.39398 0.32821 0.42245 0.33035 0.42624 0.33248 0.50215 0.33674 0.51733 0.33355 0.52303 0.32715 0.52303 0.32501 0.51923 0.32182 0.52493 0.32182 0.55149 0.32501 0.55719 0.36021 0.55529 0.36768 0.54959 0.37301 0.54011 0.37301 0.51733 0.36981 0.50784 0.36341 0.51923 0.35701 0.51923 0.35168 0.50974 0.35594 0.50215 0.35381 0.43762 0.35168 0.43383 0.35168 0.39587 0.34848 0.39018
6 0.20236 0.60084 0.20663 0.61602 0.20663 0.62740 0.21196 0.63689 0.22582 0.63500 0.23756 0.62551 0.24822 0.62551 0.25462 0.61032 0.26316 0.60653 0.26742 0.59894 0.28022 0.59514 0.28342 0.58945 0.28342 0.57806 0.27595 0.56478 0.20556 0.56857 0.20236 0.57427 0.20236 0.60084
6 0.00000 0.65664 0.03704 0.65587 0.03918 0.65207 0.04558 0.65587 0.04771 0.65207 0.15650 0.65207 0.17783 0.63689 0.18423 0.63689 0.18956 0.61602 0.18956 0.60084 0.18743 0.59704 0.18743 0.58565 0.18423 0.58375 0.17356 0.56098 0.15650 0.56098 0.15543 0.56288 0.15863 0.56478 0.15863 0.56857 0.09891 0.56857 0.09677 0.57237 0.04344 0.57237 0.04131 0.56857 0.01998 0.56857 0.01785 0.56478 0.00931 0.56478 0.00718 0.56857 0.00000 0.56824 0.00000 0.65664
6 0.89149 1.00000 0.77403 0.80200 0.78043 0.79061 0.78043 0.78302 0.77723 0.77733 0.77083 0.79630 0.76657 0.79251 0.74737 0.76214 0.70257 0.67864 0.68444 0.65777 0.68018 0.64259 0.68551 0.64069 0.69084 0.62740 0.68657 0.62361 0.68551 0.61412 0.67911 0.61412 0.67911 0.62171 0.66631 0.62930 0.66098 0.61602 0.65138 0.60653 0.64391 0.58945 0.64711 0.58755 0.64925 0.59514 0.65351 0.58755 0.66631 0.58755 0.66738 0.58945 0.66418 0.59514 0.65565 0.59514 0.65458 0.60084 0.65778 0.60273 0.66204 0.61412 0.66844 0.61412 0.66951 0.60084 0.67271 0.59514 0.68657 0.58945 0.68657 0.57427 0.68977 0.56857 0.69404 0.56857 0.69831 0.57996 0.70577 0.57806 0.69724 0.56668 0.69724 0.55909 0.68977 0.54959 0.68124 0.54959 0.67911 0.54580 0.65138 0.54580 0.64925 0.54200 0.64711 0.54580 0.56819 0.54580 0.56606 0.54959 0.55752 0.54580 0.55539 0.54959 0.53406 0.54959 0.53193 0.55339 0.52766 0.54959 0.51486 0.54959 0.51273 0.55339 0.51060 0.54959 0.50633 0.55339 0.50420 0.54959 0.49779 0.54959 0.49566 0.55339 0.49353 0.54959 0.47220 0.54959 0.47006 0.55339 0.46793 0.54959 0.41247 0.54959 0.41034 0.55339 0.40821 0.54959 0.40181 0.54959 0.39647 0.55529 0.39754 0.56098 0.38901 0.56098 0.38687 0.56478 0.37408 0.56098 0.37194 0.56478 0.35488 0.56857 0.34955 0.57806 0.35168 0.58565 0.34315 0.60084 0.34315 0.61981 0.34101 0.61981 0.33995 0.60653 0.33674 0.61222 0.33674 0.63120 0.33355 0.63689 0.33035 0.63500 0.32608 0.66916 0.31968 0.67675 0.30688 0.71470 0.30368 0.71660 0.29195 0.74127 0.28555 0.76025 0.27702 0.77543 0.27489 0.78682 0.25782 0.81718 0.25782 0.82477 0.24716 0.84755 0.24076 0.85514 0.23862 0.86652 0.22582 0.88550 0.21943 0.90448 0.17676 0.99178 0.17445 1.00000 0.89149 1.00000
6 0.69297 0.55529 0.69831 0.56098 0.70684 0.57996 0.71750 0.58375 0.73137 0.60463 0.72817 0.61032 0.69618 0.60653 0.69191 0.59514 0.68764 0.59514 0.68657 0.60843 0.69191 0.62171 0.70044 0.62551 0.70471 0.63689 0.71537 0.64448 0.73670 0.64448 0.73884 0.64069 0.74310 0.64448 0.75697 0.64259 0.76657 0.63310 0.77297 0.63310 0.77617 0.62740 0.77617 0.61981 0.77297 0.61032 0.75910 0.59704 0.75270 0.57047 0.74523 0.55339 0.73884 0.55339 0.73670 0.54959 0.69618 0.54959 0.69297 0.55529
6 1.00000 0.55719 0.85616 0.55719 0.85402 0.55339 0.84123 0.55719 0.83909 0.55339 0.81350 0.60273 0.80070 0.61032 0.79536 0.61981 0.79856 0.63310 0.80496 0.63310 0.80923 0.63689 0.81136 0.64448 1.00000 0.64269 1.00000 0.55719
4 0.79323 0.61602 0.79643 0.61032 0.80070 0.61032 0.81350 0.59894 0.82736 0.57806 0.83376 0.55529 0.83376 0.51733 0.82736 0.49456 0.81136 0.46989 0.79856 0.46609 0.79643 0.46230 0.77723 0.46609 0.76870 0.47368 0.75484 0.49836 0.75057 0.51354 0.75057 0.55529 0.75270 0.56668 0.76123 0.59324 0.77617 0.60843 0.77830 0.61602 0.77617 0.61981 0.77617 0.63500 0.76657 0.63689 0.76123 0.64638 0.76017 0.65587 0.74310 0.65587 0.73990 0.66156 0.73990 0.67295 0.74630 0.69193 0.76230 0.72039 0.77510 0.73558 0.82309 0.73368 0.82843 0.73178 0.83163 0.72609 0.82949 0.70332 0.83376 0.69193 0.83376 0.68434 0.81989 0.66346 0.81136 0.65966 0.81030 0.64638 0.80496 0.63689 0.79643 0.63689 0.79536 0.61981 0.79323 0.61602
7 0.28875 0.42814 0.28128 0.43762 0.28128 0.47558 0.28342 0.47938 0.28342 0.57806 0.28555 0.58186 0.28555 0.60463 0.27595 0.60653 0.26635 0.61981 0.26955 0.62551 0.28662 0.62930 0.28769 0.64259 0.29089 0.64069 0.29409 0.65018 0.29409 0.66916 0.30582 0.68623 0.30901 0.68434 0.32395 0.66156 0.32608 0.65018 0.32395 0.61981 0.32608 0.61222 0.32288 0.60273 0.30688 0.60084 0.31115 0.58565 0.31115 0.54390 0.30901 0.54011 0.30901 0.43762 0.30582 0.42814 0.28875 0.42814
7 0.34848 0.39018 0.32928 0.39398 0.32821 0.42245 0.33035 0.42624 0.33248 0.50215 0.33674 0.51733 0.33355 0.52303 0.32715 0.52303 0.32501 0.51923 0.32182 0.52493 0.32182 0.55149 0.32501 0.55719 0.36021 0.55529 0.36768 0.54959 0.37301 0.54011 0.37301 0.51733 0.36981 0.50784 0.36341 0.51923 0.35701 0.51923 0.35168 0.50974 0.35594 0.50215 0.35381 0.43762 0.35168 0.43383 0.35168 0.39587 0.34848 0.39018
6 0.20236 0.60084 0.20663 0.61602 0.20663 0.62740 0.21196 0.63689 0.22582 0.63500 0.23756 0.62551 0.24822 0.62551 0.25462 0.61032 0.26316 0.60653 0.26742 0.59894 0.28022 0.59514 0.28342 0.58945 0.28342 0.57806 0.27595 0.56478 0.20556 0.56857 0.20236 0.57427 0.20236 0.60084
6 0.00000 0.65664 0.03704 0.65587 0.03918 0.65207 0.04558 0.65587 0.04771 0.65207 0.15650 0.65207 0.17783 0.63689 0.18423 0.63689 0.18956 0.61602 0.18956 0.60084 0.18743 0.59704 0.18743 0.58565 0.18423 0.58375 0.17356 0.56098 0.15650 0.56098 0.15543 0.56288 0.15863 0.56478 0.15863 0.56857 0.09891 0.56857 0.09677 0.57237 0.04344 0.57237 0.04131 0.56857 0.01998 0.56857 0.01785 0.56478 0.00931 0.56478 0.00718 0.56857 0.00000 0.56824 0.00000 0.65664
6 0.89149 1.00000 0.77403 0.80200 0.78043 0.79061 0.78043 0.78302 0.77723 0.77733 0.77083 0.79630 0.76657 0.79251 0.74737 0.76214 0.70257 0.67864 0.68444 0.65777 0.68018 0.64259 0.68551 0.64069 0.69084 0.62740 0.68657 0.62361 0.68551 0.61412 0.67911 0.61412 0.67911 0.62171 0.66631 0.62930 0.66098 0.61602 0.65138 0.60653 0.64391 0.58945 0.64711 0.58755 0.64925 0.59514 0.65351 0.58755 0.66631 0.58755 0.66738 0.58945 0.66418 0.59514 0.65565 0.59514 0.65458 0.60084 0.65778 0.60273 0.66204 0.61412 0.66844 0.61412 0.66951 0.60084 0.67271 0.59514 0.68657 0.58945 0.68657 0.57427 0.68977 0.56857 0.69404 0.56857 0.69831 0.57996 0.70577 0.57806 0.69724 0.56668 0.69724 0.55909 0.68977 0.54959 0.68124 0.54959 0.67911 0.54580 0.65138 0.54580 0.64925 0.54200 0.64711 0.54580 0.56819 0.54580 0.56606 0.54959 0.55752 0.54580 0.55539 0.54959 0.53406 0.54959 0.53193 0.55339 0.52766 0.54959 0.51486 0.54959 0.51273 0.55339 0.51060 0.54959 0.50633 0.55339 0.50420 0.54959 0.49779 0.54959 0.49566 0.55339 0.49353 0.54959 0.47220 0.54959 0.47006 0.55339 0.46793 0.54959 0.41247 0.54959 0.41034 0.55339 0.40821 0.54959 0.40181 0.54959 0.39647 0.55529 0.39754 0.56098 0.38901 0.56098 0.38687 0.56478 0.37408 0.56098 0.37194 0.56478 0.35488 0.56857 0.34955 0.57806 0.35168 0.58565 0.34315 0.60084 0.34315 0.61981 0.34101 0.61981 0.33995 0.60653 0.33674 0.61222 0.33674 0.63120 0.33355 0.63689 0.33035 0.63500 0.32608 0.66916 0.31968 0.67675 0.30688 0.71470 0.30368 0.71660 0.29195 0.74127 0.28555 0.76025 0.27702 0.77543 0.27489 0.78682 0.25782 0.81718 0.25782 0.82477 0.24716 0.84755 0.24076 0.85514 0.23862 0.86652 0.22582 0.88550 0.21943 0.90448 0.17676 0.99178 0.17445 1.00000 0.89149 1.00000
6 0.69297 0.55529 0.69831 0.56098 0.70684 0.57996 0.71750 0.58375 0.73137 0.60463 0.72817 0.61032 0.69618 0.60653 0.69191 0.59514 0.68764 0.59514 0.68657 0.60843 0.69191 0.62171 0.70044 0.62551 0.70471 0.63689 0.71537 0.64448 0.73670 0.64448 0.73884 0.64069 0.74310 0.64448 0.75697 0.64259 0.76657 0.63310 0.77297 0.63310 0.77617 0.62740 0.77617 0.61981 0.77297 0.61032 0.75910 0.59704 0.75270 0.57047 0.74523 0.55339 0.73884 0.55339 0.73670 0.54959 0.69618 0.54959 0.69297 0.55529
6 1.00000 0.55719 0.85616 0.55719 0.85402 0.55339 0.84123 0.55719 0.83909 0.55339 0.81350 0.60273 0.80070 0.61032 0.79536 0.61981 0.79856 0.63310 0.80496 0.63310 0.80923 0.63689 0.81136 0.64448 1.00000 0.64269 1.00000 0.55719
4 0.79323 0.61602 0.79643 0.61032 0.80070 0.61032 0.81350 0.59894 0.82736 0.57806 0.83376 0.55529 0.83376 0.51733 0.82736 0.49456 0.81136 0.46989 0.79856 0.46609 0.79643 0.46230 0.77723 0.46609 0.76870 0.47368 0.75484 0.49836 0.75057 0.51354 0.75057 0.55529 0.75270 0.56668 0.76123 0.59324 0.77617 0.60843 0.77830 0.61602 0.77617 0.61981 0.77617 0.63500 0.76657 0.63689 0.76123 0.64638 0.76017 0.65587 0.74310 0.65587 0.73990 0.66156 0.73990 0.67295 0.74630 0.69193 0.76230 0.72039 0.77510 0.73558 0.82309 0.73368 0.82843 0.73178 0.83163 0.72609 0.82949 0.70332 0.83376 0.69193 0.83376 0.68434 0.81989 0.66346 0.81136 0.65966 0.81030 0.64638 0.80496 0.63689 0.79643 0.63689 0.79536 0.61981 0.79323 0.61602
7 0.28875 0.42814 0.28128 0.43762 0.28128 0.47558 0.28342 0.47938 0.28342 0.57806 0.28555 0.58186 0.28555 0.60463 0.27595 0.60653 0.26635 0.61981 0.26955 0.62551 0.28662 0.62930 0.28769 0.64259 0.29089 0.64069 0.29409 0.65018 0.29409 0.66916 0.30582 0.68623 0.30901 0.68434 0.32395 0.66156 0.32608 0.65018 0.32395 0.61981 0.32608 0.61222 0.32288 0.60273 0.30688 0.60084 0.31115 0.58565 0.31115 0.54390 0.30901 0.54011 0.30901 0.43762 0.30582 0.42814 0.28875 0.42814
7 0.34848 0.39018 0.32928 0.39398 0.32821 0.42245 0.33035 0.42624 0.33248 0.50215 0.33674 0.51733 0.33355 0.52303 0.32715 0.52303 0.32501 0.51923 0.32182 0.52493 0.32182 0.55149 0.32501 0.55719 0.36021 0.55529 0.36768 0.54959 0.37301 0.54011 0.37301 0.51733 0.36981 0.50784 0.36341 0.51923 0.35701 0.51923 0.35168 0.50974 0.35594 0.50215 0.35381 0.43762 0.35168 0.43383 0.35168 0.39587 0.34848 0.39018
