6 1.00000 0.79097 0.26967 0.01539 0.00000 0.03422 0.00000 0.51744 0.01899 1.00000 0.50983 1.00000 1.00000 0.96578 1.00000 0.79097
1 0.49017 0.00000 0.42391 0.00462 0.43383 0.02198 0.45368 0.05371 0.45537 0.08666 0.44496 0.09081 0.40855 0.10941 0.40863 0.13268 0.44613 0.16939 0.52242 0.15381 0.51994 0.12748 0.49298 0.11396 0.49105 0.07733 0.47735 0.08342 0.47521 0.05752 0.48759 0.03140 0.50554 0.00918 0.50690 0.00000 0.49017 0.00000
6 1.00000 0.79097 0.26967 0.01539 0.00000 0.03422 0.00000 0.51744 0.01899 1.00000 0.50983 1.00000 1.00000 0.96578 1.00000 0.79097
1 0.49017 0.00000 0.42391 0.00462 0.43383 0.02198 0.45368 0.05371 0.45537 0.08666 0.44496 0.09081 0.40855 0.10941 0.40863 0.13268 0.44613 0.16939 0.52242 0.15381 0.51994 0.12748 0.49298 0.11396 0.49105 0.07733 0.47735 0.08342 0.47521 0.05752 0.48759 0.03140 0.50554 0.00918 0.50690 0.00000 0.49017 0.00000
6 1.00000 0.79097 0.26967 0.01539 0.00000 0.03422 0.00000 0.51744 0.01899 1.00000 0.50983 1.00000 1.00000 0.96578 1.00000 0.79097
1 0.49017 0.00000 0.42391 0.00462 0.43383 0.02198 0.45368 0.05371 0.45537 0.08666 0.44496 0.09081 0.40855 0.10941 0.40863 0.13268 0.44613 0.16939 0.52242 0.15381 0.51994 0.12748 0.49298 0.11396 0.49105 0.07733 0.47735 0.08342 0.47521 0.05752 0.48759 0.03140 0.50554 0.00918 0.50690 0.00000 0.49017 0.00000
6 1.00000 0.79097 0.26967 0.01539 0.00000 0.03422 0.00000 0.51744 0.01899 1.00000 0.50983 1.00000 1.00000 0.96578 1.00000 0.79097
1 0.49017 0.00000 0.42391 0.00462 0.43383 0.02198 0.45368 0.05371 0.45537 0.08666 0.44496 0.09081 0.40855 0.10941 0.40863 0.13268 0.44613 0.16939 0.52242 0.15381 0.51994 0.12748 0.49298 0.11396 0.49105 0.07733 0.47735 0.08342 0.47521 0.05752 0.48759 0.03140 0.50554 0.00918 0.50690 0.00000 0.49017 0.00000
6 1.00000 0.79097 0.26967 0.01539 0.00000 0.03422 0.00000 0.51744 0.01899 1.00000 0.50983 1.00000 1.00000 0.96578 1.00000 0.79097
1 0.49017 0.00000 0.42391 0.00462 0.43383 0.02198 0.45368 0.05371 0.45537 0.08666 0.44496 0.09081 0.40855 0.10941 0.40863 0.13268 0.44613 0.16939 0.52242 0.15381 0.51994 0.12748 0.49298 0.11396 0.49105 0.07733 0.47735 0.08342 0.47521 0.05752 0.48759 0.03140 0.50554 0.00918 0.50690 0.00000 0.49017 0.00000
6 1.00000 0.79097 0.26967 0.01539 0.00000 0.03422 0.00000 0.51744 0.01899 1.00000 0.50983 1.00000 1.00000 0.96578 1.00000 0.79097
1 0.49017 0.00000 0.42391 0.00462 0.43383 0.02198 0.45368 0.05371 0.45537 0.08666 0.44496 0.09081 0.40855 0.10941 0.40863 0.13268 0.44613 0.16939 0.52242 0.15381 0.51994 0.12748 0.49298 0.11396 0.49105 0.07733 0.47735 0.08342 0.47521 0.05752 0.48759 0.03140 0.50554 0.00918 0.50690 0.00000 0.49017 0.00000
