6 1.00000 0.44534 0.49613 0.04331 0.46299 0.02886 0.42494 0.02854 0.32921 0.03722 0.15016 0.09641 0.00000 0.15439 0.00000 0.24682 0.16429 0.18779 0.09843 1.00000 0.53284 1.00000 1.00000 0.89028 1.00000 0.44534
5 0.73476 0.00000 0.73937 0.04778 0.74220 0.06800 0.77040 0.10032 0.77204 0.14341 0.75630 0.17066 0.72607 0.19225 0.72686 0.21743 0.77882 0.25233 0.86552 0.20751 0.86145 0.17676 0.82492 0.15455 0.81916 0.13416 0.80526 0.13289 0.79933 0.08809 0.81982 0.06607 0.82661 0.01168 0.82824 0.00000 0.73476 0.00000
6 1.00000 0.44534 0.49613 0.04331 0.46299 0.02886 0.42494 0.02854 0.32921 0.03722 0.15016 0.09641 0.00000 0.15439 0.00000 0.24682 0.16429 0.18779 0.09843 1.00000 0.53284 1.00000 1.00000 0.89028 1.00000 0.44534
5 0.73476 0.00000 0.73937 0.04778 0.74220 0.06800 0.77040 0.10032 0.77204 0.14341 0.75630 0.17066 0.72607 0.19225 0.72686 0.21743 0.77882 0.25233 0.86552 0.20751 0.86145 0.17676 0.82492 0.15455 0.81916 0.13416 0.80526 0.13289 0.79933 0.08809 0.81982 0.06607 0.82661 0.01168 0.82824 0.00000 0.73476 0.00000
6 1.00000 0.44534 0.49613 0.04331 0.46299 0.02886 0.42494 0.02854 0.32921 0.03722 0.15016 0.09641 0.00000 0.15439 0.00000 0.24682 0.16429 0.18779 0.09843 1.00000 0.53284 1.00000 1.00000 0.89028 1.00000 0.44534
5 0.73476 0.00000 0.73937 0.04778 0.74220 0.06800 0.77040 0.10032 0.77204 0.14341 0.75630 0.17066 0.72607 0.19225 0.72686 0.21743 0.77882 0.25233 0.86552 0.20751 0.86145 0.17676 0.82492 0.15455 0.81916 0.13416 0.80526 0.13289 0.79933 0.08809 0.81982 0.06607 0.82661 0.01168 0.82824 0.00000 0.73476 0.00000
6 1.00000 0.44534 0.49613 0.04331 0.46299 0.02886 0.42494 0.02854 0.32921 0.03722 0.15016 0.09641 0.00000 0.15439 0.00000 0.24682 0.16429 0.18779 0.09843 1.00000 0.53284 1.00000 1.00000 0.89028 1.00000 0.44534
5 0.73476 0.00000 0.73937 0.04778 0.74220 0.06800 0.77040 0.10032 0.77204 0.14341 0.75630 0.17066 0.72607 0.19225 0.72686 0.21743 0.77882 0.25233 0.86552 0.20751 0.86145 0.17676 0.82492 0.15455 0.81916 0.13416 0.80526 0.13289 0.79933 0.08809 0.81982 0.06607 0.82661 0.01168 0.82824 0.00000 0.73476 0.00000
6 1.00000 0.44534 0.49613 0.04331 0.46299 0.02886 0.42494 0.02854 0.32921 0.03722 0.15016 0.09641 0.00000 0.15439 0.00000 0.24682 0.16429 0.18779 0.09843 1.00000 0.53284 1.00000 1.00000 0.89028 1.00000 0.44534
5 0.73476 0.00000 0.73937 0.04778 0.74220 0.06800 0.77040 0.10032 0.77204 0.14341 0.75630 0.17066 0.72607 0.19225 0.72686 0.21743 0.77882 0.25233 0.86552 0.20751 0.86145 0.17676 0.82492 0.15455 0.81916 0.13416 0.80526 0.13289 0.79933 0.08809 0.81982 0.06607 0.82661 0.01168 0.82824 0.00000 0.73476 0.00000
6 1.00000 0.44534 0.49613 0.04331 0.46299 0.02886 0.42494 0.02854 0.32921 0.03722 0.15016 0.09641 0.00000 0.15439 0.00000 0.24682 0.16429 0.18779 0.09843 1.00000 0.53284 1.00000 1.00000 0.89028 1.00000 0.44534
5 0.73476 0.00000 0.73937 0.04778 0.74220 0.06800 0.77040 0.10032 0.77204 0.14341 0.75630 0.17066 0.72607 0.19225 0.72686 0.21743 0.77882 0.25233 0.86552 0.20751 0.86145 0.17676 0.82492 0.15455 0.81916 0.13416 0.80526 0.13289 0.79933 0.08809 0.81982 0.06607 0.82661 0.01168 0.82824 0.00000 0.73476 0.00000
