6 1.00000 0.59722 0.69662 0.04630 0.52865 0.03935 0.47135 0.17361 0.28906 0.15972 0.28516 0.17593 0.28776 0.24305 0.29818 0.24537 0.29818 0.26852 0.32813 0.27546 0.32422 0.31250 0.42318 0.32639 0.19141 1.00000 1.00000 1.00000 1.00000 0.59722
6 0.00000 0.27778 0.23828 0.31250 0.25260 0.26852 0.26302 0.26852 0.27083 0.26389 0.27213 0.25926 0.27474 0.24768 0.27474 0.23148 0.26823 0.22454 0.25781 0.20833 0.25130 0.18750 0.25000 0.15741 0.00000 0.12963 0.00000 0.27778
7 0.82227 0.14062 0.81641 0.14062 0.81152 0.16667 0.80566 0.15972 0.79883 0.15798 0.79883 0.13021 0.80273 0.10938 0.80273 0.08854 0.80469 0.08507 0.80469 0.06423 0.80664 0.06077 0.80664 0.03993 0.80859 0.03646 0.81055 0.00173 0.79394 0.00000 0.79101 0.01215 0.79101 0.03646 0.78906 0.03993 0.78906 0.05729 0.78711 0.06077 0.78711 0.09202 0.78516 0.09548 0.78516 0.14410 0.78809 0.14583 0.79199 0.14236 0.79297 0.15104 0.78027 0.15278 0.77930 0.14062 0.77441 0.13889 0.76758 0.15452 0.76758 0.18229 0.77246 0.18750 0.77832 0.17361 0.78223 0.17361 0.78418 0.17708 0.79004 0.17708 0.79394 0.18750 0.79980 0.17361 0.80176 0.17708 0.80957 0.17708 0.81445 0.19271 0.81836 0.19271 0.82227 0.17882 0.82227 0.15798 0.82422 0.15452 0.82227 0.14062
7 0.43896 0.00000 0.44094 0.10794 0.43110 0.12368 0.43023 0.15648 0.47465 0.15718 0.48536 0.12758 0.48298 0.10644 0.47505 0.11138 0.47426 0.00000 0.43896 0.00000
6 1.00000 0.59722 0.69662 0.04630 0.52865 0.03935 0.47135 0.17361 0.28906 0.15972 0.28516 0.17593 0.28776 0.24305 0.29818 0.24537 0.29818 0.26852 0.32813 0.27546 0.32422 0.31250 0.42318 0.32639 0.19141 1.00000 1.00000 1.00000 1.00000 0.59722
6 0.00000 0.27778 0.23828 0.31250 0.25260 0.26852 0.26302 0.26852 0.27083 0.26389 0.27213 0.25926 0.27474 0.24768 0.27474 0.23148 0.26823 0.22454 0.25781 0.20833 0.25130 0.18750 0.25000 0.15741 0.00000 0.12963 0.00000 0.27778
7 0.82227 0.14062 0.81641 0.14062 0.81152 0.16667 0.80566 0.15972 0.79883 0.15798 0.79883 0.13021 0.80273 0.10938 0.80273 0.08854 0.80469 0.08507 0.80469 0.06423 0.80664 0.06077 0.80664 0.03993 0.80859 0.03646 0.81055 0.00173 0.79394 0.00000 0.79101 0.01215 0.79101 0.03646 0.78906 0.03993 0.78906 0.05729 0.78711 0.06077 0.78711 0.09202 0.78516 0.09548 0.78516 0.14410 0.78809 0.14583 0.79199 0.14236 0.79297 0.15104 0.78027 0.15278 0.77930 0.14062 0.77441 0.13889 0.76758 0.15452 0.76758 0.18229 0.77246 0.18750 0.77832 0.17361 0.78223 0.17361 0.78418 0.17708 0.79004 0.17708 0.79394 0.18750 0.79980 0.17361 0.80176 0.17708 0.80957 0.17708 0.81445 0.19271 0.81836 0.19271 0.82227 0.17882 0.82227 0.15798 0.82422 0.15452 0.82227 0.14062
7 0.43896 0.00000 0.44094 0.10794 0.43110 0.12368 0.43023 0.15648 0.47465 0.15718 0.48536 0.12758 0.48298 0.10644 0.47505 0.11138 0.47426 0.00000 0.43896 0.00000
6 1.00000 0.59722 0.69662 0.04630 0.52865 0.03935 0.47135 0.17361 0.28906 0.15972 0.28516 0.17593 0.28776 0.24305 0.29818 0.24537 0.29818 0.26852 0.32813 0.27546 0.32422 0.31250 0.42318 0.32639 0.19141 1.00000 1.00000 1.00000 1.00000 0.59722
6 0.00000 0.27778 0.23828 0.31250 0.25260 0.26852 0.26302 0.26852 0.27083 0.26389 0.27213 0.25926 0.27474 0.24768 0.27474 0.23148 0.26823 0.22454 0.25781 0.20833 0.25130 0.18750 0.25000 0.15741 0.00000 0.12963 0.00000 0.27778
7 0.82227 0.14062 0.81641 0.14062 0.81152 0.16667 0.80566 0.15972 0.79883 0.15798 0.79883 0.13021 0.80273 0.10938 0.80273 0.08854 0.80469 0.08507 0.80469 0.06423 0.80664 0.06077 0.80664 0.03993 0.80859 0.03646 0.81055 0.00173 0.79394 0.00000 0.79101 0.01215 0.79101 0.03646 0.78906 0.03993 0.78906 0.05729 0.78711 0.06077 0.78711 0.09202 0.78516 0.09548 0.78516 0.14410 0.78809 0.14583 0.79199 0.14236 0.79297 0.15104 0.78027 0.15278 0.77930 0.14062 0.77441 0.13889 0.76758 0.15452 0.76758 0.18229 0.77246 0.18750 0.77832 0.17361 0.78223 0.17361 0.78418 0.17708 0.79004 0.17708 0.79394 0.18750 0.79980 0.17361 0.80176 0.17708 0.80957 0.17708 0.81445 0.19271 0.81836 0.19271 0.82227 0.17882 0.82227 0.15798 0.82422 0.15452 0.82227 0.14062
7 0.43896 0.00000 0.44094 0.10794 0.43110 0.12368 0.43023 0.15648 0.47465 0.15718 0.48536 0.12758 0.48298 0.10644 0.47505 0.11138 0.47426 0.00000 0.43896 0.00000
