6 1.00000 0.86937 0.19143 0.00710 0.00000 0.01155 0.00000 0.50581 0.00648 1.00000 0.50328 1.00000 1.00000 0.98845 1.00000 0.86937
1 0.32918 0.14304 0.40584 0.13101 0.40405 0.10457 0.37745 0.08982 0.37649 0.05312 0.36264 0.05857 0.36118 0.03258 0.37893 0.01519 0.38483 0.00260 0.32589 0.00397 0.33975 0.02777 0.34058 0.06079 0.33007 0.06445 0.29483 0.08662 0.29267 0.10460 0.32918 0.14304
6 1.00000 0.86937 0.19143 0.00710 0.00000 0.01155 0.00000 0.50581 0.00648 1.00000 0.50328 1.00000 1.00000 0.98845 1.00000 0.86937
1 0.32918 0.14304 0.40584 0.13101 0.40405 0.10457 0.37745 0.08982 0.37649 0.05312 0.36264 0.05857 0.36118 0.03258 0.37893 0.01519 0.38483 0.00260 0.32589 0.00397 0.33975 0.02777 0.34058 0.06079 0.33007 0.06445 0.29483 0.08662 0.29267 0.10460 0.32918 0.14304
6 1.00000 0.86937 0.19143 0.00710 0.00000 0.01155 0.00000 0.50581 0.00648 1.00000 0.50328 1.00000 1.00000 0.98845 1.00000 0.86937
1 0.32918 0.14304 0.40584 0.13101 0.40405 0.10457 0.37745 0.08982 0.37649 0.05312 0.36264 0.05857 0.36118 0.03258 0.37893 0.01519 0.38483 0.00260 0.32589 0.00397 0.33975 0.02777 0.34058 0.06079 0.33007 0.06445 0.29483 0.08662 0.29267 0.10460 0.32918 0.14304
6 1.00000 0.86937 0.19143 0.00710 0.00000 0.01155 0.00000 0.50581 0.00648 1.00000 0.50328 1.00000 1.00000 0.98845 1.00000 0.86937
1 0.32918 0.14304 0.40584 0.13101 0.40405 0.10457 0.37745 0.08982 0.37649 0.05312 0.36264 0.05857 0.36118 0.03258 0.37893 0.01519 0.38483 0.00260 0.32589 0.00397 0.33975 0.02777 0.34058 0.06079 0.33007 0.06445 0.29483 0.08662 0.29267 0.10460 0.32918 0.14304
6 1.00000 0.86937 0.19143 0.00710 0.00000 0.01155 0.00000 0.50581 0.00648 1.00000 0.50328 1.00000 1.00000 0.98845 1.00000 0.86937
1 0.32918 0.14304 0.40584 0.13101 0.40405 0.10457 0.37745 0.08982 0.37649 0.05312 0.36264 0.05857 0.36118 0.03258 0.37893 0.01519 0.38483 0.00260 0.32589 0.00397 0.33975 0.02777 0.34058 0.06079 0.33007 0.06445 0.29483 0.08662 0.29267 0.10460 0.32918 0.14304
6 1.00000 0.86937 0.19143 0.00710 0.00000 0.01155 0.00000 0.50581 0.00648 1.00000 0.50328 1.00000 1.00000 0.98845 1.00000 0.86937
1 0.32918 0.14304 0.40584 0.13101 0.40405 0.10457 0.37745 0.08982 0.37649 0.05312 0.36264 0.05857 0.36118 0.03258 0.37893 0.01519 0.38483 0.00260 0.32589 0.00397 0.33975 0.02777 0.34058 0.06079 0.33007 0.06445 0.29483 0.08662 0.29267 0.10460 0.32918 0.14304
