6 0.00000 0.00000 0.00000 0.99316 1.00000 1.00000 1.00000 0.93230 0.05433 0.00000 0.00000 0.00000
1 0.31399 0.00000 0.30567 0.06318 0.30488 0.07573 0.30732 0.10177 0.31526 0.12563 0.32991 0.14190 0.33313 0.16010 0.33470 0.16845 0.32320 0.18204 0.29938 0.19289 0.29572 0.21893 0.33052 0.25039 0.38914 0.23845 0.39158 0.21350 0.37588 0.21546 0.37136 0.18157 0.35580 0.18871 0.35245 0.16381 0.36228 0.13756 0.37574 0.12668 0.37964 0.10932 0.38632 0.07672 0.38188 0.03498 0.37622 0.00000 0.31399 0.00000
6 0.00000 0.00000 0.00000 0.99316 1.00000 1.00000 1.00000 0.93230 0.05433 0.00000 0.00000 0.00000
1 0.31399 0.00000 0.30567 0.06318 0.30488 0.07573 0.30732 0.10177 0.31526 0.12563 0.32991 0.14190 0.33313 0.16010 0.33470 0.16845 0.32320 0.18204 0.29938 0.19289 0.29572 0.21893 0.33052 0.25039 0.38914 0.23845 0.39158 0.21350 0.37588 0.21546 0.37136 0.18157 0.35580 0.18871 0.35245 0.16381 0.36228 0.13756 0.37574 0.12668 0.37964 0.10932 0.38632 0.07672 0.38188 0.03498 0.37622 0.00000 0.31399 0.00000
6 0.00000 0.00000 0.00000 0.99316 1.00000 1.00000 1.00000 0.93230 0.05433 0.00000 0.00000 0.00000
1 0.31399 0.00000 0.30567 0.06318 0.30488 0.07573 0.30732 0.10177 0.31526 0.12563 0.32991 0.14190 0.33313 0.16010 0.33470 0.16845 0.32320 0.18204 0.29938 0.19289 0.29572 0.21893 0.33052 0.25039 0.38914 0.23845 0.39158 0.21350 0.37588 0.21546 0.37136 0.18157 0.35580 0.18871 0.35245 0.16381 0.36228 0.13756 0.37574 0.12668 0.37964 0.10932 0.38632 0.07672 0.38188 0.03498 0.37622 0.00000 0.31399 0.00000
6 0.00000 0.00000 0.00000 0.99316 1.00000 1.00000 1.00000 0.93230 0.05433 0.00000 0.00000 0.00000
1 0.31399 0.00000 0.30567 0.06318 0.30488 0.07573 0.30732 0.10177 0.31526 0.12563 0.32991 0.14190 0.33313 0.16010 0.33470 0.16845 0.32320 0.18204 0.29938 0.19289 0.29572 0.21893 0.33052 0.25039 0.38914 0.23845 0.39158 0.21350 0.37588 0.21546 0.37136 0.18157 0.35580 0.18871 0.35245 0.16381 0.36228 0.13756 0.37574 0.12668 0.37964 0.10932 0.38632 0.07672 0.38188 0.03498 0.37622 0.00000 0.31399 0.00000
6 0.00000 0.00000 0.00000 0.99316 1.00000 1.00000 1.00000 0.93230 0.05433 0.00000 0.00000 0.00000
1 0.31399 0.00000 0.30567 0.06318 0.30488 0.07573 0.30732 0.10177 0.31526 0.12563 0.32991 0.14190 0.33313 0.16010 0.33470 0.16845 0.32320 0.18204 0.29938 0.19289 0.29572 0.21893 0.33052 0.25039 0.38914 0.23845 0.39158 0.21350 0.37588 0.21546 0.37136 0.18157 0.35580 0.18871 0.35245 0.16381 0.36228 0.13756 0.37574 0.12668 0.37964 0.10932 0.38632 0.07672 0.38188 0.03498 0.37622 0.00000 0.31399 0.00000
6 0.00000 0.00000 0.00000 0.99316 1.00000 1.00000 1.00000 0.93230 0.05433 0.00000 0.00000 0.00000
1 0.31399 0.00000 0.30567 0.06318 0.30488 0.07573 0.30732 0.10177 0.31526 0.12563 0.32991 0.14190 0.33313 0.16010 0.33470 0.16845 0.32320 0.18204 0.29938 0.19289 0.29572 0.21893 0.33052 0.25039 0.38914 0.23845 0.39158 0.21350 0.37588 0.21546 0.37136 0.18157 0.35580 0.18871 0.35245 0.16381 0.36228 0.13756 0.37574 0.12668 0.37964 0.10932 0.38632 0.07672 0.38188 0.03498 0.37622 0.00000 0.31399 0.00000
