6 1.00000 0.53811 0.57752 0.05108 0.54968 0.03130 0.51581 0.02305 0.42944 0.01077 0.26284 0.02602 0.04878 0.05678 0.00000 0.06585 0.00039 0.14164 0.26465 0.11030 0.07715 0.97055 0.07132 0.99486 0.76594 0.99486 1.00000 0.99486 1.00000 0.53811
5 0.81630 0.00000 0.80165 0.02257 0.79774 0.03298 0.79579 0.05035 0.79384 0.10590 0.79397 0.12449 0.81530 0.15915 0.81167 0.19785 0.79443 0.21880 0.76494 0.23170 0.76267 0.25427 0.80487 0.29620 0.88745 0.27443 0.88745 0.24621 0.85750 0.21880 0.85478 0.19946 0.84252 0.19543 0.84252 0.15432 0.86340 0.13900 0.87587 0.09202 0.87978 0.07812 0.88368 0.01215 0.87880 0.00000 0.81630 0.00000
6 1.00000 0.53811 0.57752 0.05108 0.54968 0.03130 0.51581 0.02305 0.42944 0.01077 0.26284 0.02602 0.04878 0.05678 0.00000 0.06585 0.00039 0.14164 0.26465 0.11030 0.07715 0.97055 0.07132 0.99486 0.76594 0.99486 1.00000 0.99486 1.00000 0.53811
5 0.81630 0.00000 0.80165 0.02257 0.79774 0.03298 0.79579 0.05035 0.79384 0.10590 0.79397 0.12449 0.81530 0.15915 0.81167 0.19785 0.79443 0.21880 0.76494 0.23170 0.76267 0.25427 0.80487 0.29620 0.88745 0.27443 0.88745 0.24621 0.85750 0.21880 0.85478 0.19946 0.84252 0.19543 0.84252 0.15432 0.86340 0.13900 0.87587 0.09202 0.87978 0.07812 0.88368 0.01215 0.87880 0.00000 0.81630 0.00000
6 1.00000 0.53811 0.57752 0.05108 0.54968 0.03130 0.51581 0.02305 0.42944 0.01077 0.26284 0.02602 0.04878 0.05678 0.00000 0.06585 0.00039 0.14164 0.26465 0.11030 0.07715 0.97055 0.07132 0.99486 0.76594 0.99486 1.00000 0.99486 1.00000 0.53811
5 0.81630 0.00000 0.80165 0.02257 0.79774 0.03298 0.79579 0.05035 0.79384 0.10590 0.79397 0.12449 0.81530 0.15915 0.81167 0.19785 0.79443 0.21880 0.76494 0.23170 0.76267 0.25427 0.80487 0.29620 0.88745 0.27443 0.88745 0.24621 0.85750 0.21880 0.85478 0.19946 0.84252 0.19543 0.84252 0.15432 0.86340 0.13900 0.87587 0.09202 0.87978 0.07812 0.88368 0.01215 0.87880 0.00000 0.81630 0.00000
6 1.00000 0.53811 0.57752 0.05108 0.54968 0.03130 0.51581 0.02305 0.42944 0.01077 0.26284 0.02602 0.04878 0.05678 0.00000 0.06585 0.00039 0.14164 0.26465 0.11030 0.07715 0.97055 0.07132 0.99486 0.76594 0.99486 1.00000 0.99486 1.00000 0.53811
5 0.81630 0.00000 0.80165 0.02257 0.79774 0.03298 0.79579 0.05035 0.79384 0.10590 0.79397 0.12449 0.81530 0.15915 0.81167 0.19785 0.79443 0.21880 0.76494 0.23170 0.76267 0.25427 0.80487 0.29620 0.88745 0.27443 0.88745 0.24621 0.85750 0.21880 0.85478 0.19946 0.84252 0.19543 0.84252 0.15432 0.86340 0.13900 0.87587 0.09202 0.87978 0.07812 0.88368 0.01215 0.87880 0.00000 0.81630 0.00000
6 1.00000 0.53811 0.57752 0.05108 0.54968 0.03130 0.51581 0.02305 0.42944 0.01077 0.26284 0.02602 0.04878 0.05678 0.00000 0.06585 0.00039 0.14164 0.26465 0.11030 0.07715 0.97055 0.07132 0.99486 0.76594 0.99486 1.00000 0.99486 1.00000 0.53811
5 0.81630 0.00000 0.80165 0.02257 0.79774 0.03298 0.79579 0.05035 0.79384 0.10590 0.79397 0.12449 0.81530 0.15915 0.81167 0.19785 0.79443 0.21880 0.76494 0.23170 0.76267 0.25427 0.80487 0.29620 0.88745 0.27443 0.88745 0.24621 0.85750 0.21880 0.85478 0.19946 0.84252 0.19543 0.84252 0.15432 0.86340 0.13900 0.87587 0.09202 0.87978 0.07812 0.88368 0.01215 0.87880 0.00000 0.81630 0.00000
