4 0.71289 0.51562 0.71289 0.50868 0.72168 0.50000 0.73047 0.48438 0.73438 0.46702 0.73438 0.45312 0.73047 0.43923 0.71973 0.42014 0.70215 0.41667 0.69434 0.42361 0.68359 0.44618 0.68359 0.47396 0.68750 0.48438 0.68750 0.49132 0.69434 0.50347 0.69824 0.50347 0.70117 0.51215 0.69629 0.52430 0.69141 0.52604 0.69141 0.53298 0.68848 0.53820 0.68262 0.53820 0.67969 0.54340 0.67969 0.55035 0.68359 0.56077 0.69629 0.57986 0.72852 0.57812 0.73242 0.56423 0.73242 0.54688 0.72070 0.53298 0.71289 0.51562
7 0.41016 0.43923 0.40820 0.43577 0.41016 0.42535 0.40820 0.42188 0.40723 0.40278 0.39258 0.40452 0.39453 0.50521 0.39648 0.50868 0.39648 0.51910 0.39844 0.51910 0.39941 0.51389 0.40723 0.51042 0.41016 0.50521 0.41016 0.43923
7 0.42773 0.39062 0.42480 0.38542 0.41309 0.38542 0.41016 0.39062 0.41016 0.44965 0.41211 0.45312 0.41211 0.47048 0.41601 0.48090 0.41406 0.48438 0.41406 0.49827 0.41699 0.50347 0.42969 0.50173 0.43555 0.49479 0.42773 0.47396 0.42969 0.46354 0.42773 0.39062
6 0.95410 0.90972 0.95117 0.90452 0.95020 0.89583 0.94629 0.89930 0.93750 0.88368 0.93945 0.88021 0.93652 0.87500 0.93066 0.88195 0.91406 0.85938 0.91406 0.85243 0.91699 0.84722 0.92187 0.84548 0.92090 0.82986 0.91504 0.82639 0.90820 0.83160 0.91211 0.83507 0.91113 0.84028 0.90137 0.84028 0.89648 0.83507 0.89746 0.82986 0.89160 0.82986 0.88770 0.82292 0.88379 0.82292 0.86230 0.79167 0.84668 0.77430 0.84082 0.76042 0.83691 0.76042 0.82520 0.74305 0.82129 0.74305 0.81934 0.72570 0.81738 0.72570 0.81543 0.73264 0.80762 0.72570 0.78418 0.68750 0.77637 0.68403 0.77441 0.67708 0.76855 0.67361 0.75684 0.65625 0.72949 0.62847 0.70606 0.59375 0.69043 0.57986 0.66894 0.54514 0.66504 0.54514 0.65723 0.53472 0.65430 0.51910 0.66016 0.50868 0.65527 0.50000 0.63965 0.50000 0.63770 0.50347 0.63184 0.49653 0.62598 0.49653 0.62402 0.50000 0.61816 0.49653 0.59863 0.50000 0.59668 0.49653 0.59473 0.50000 0.54590 0.50000 0.54394 0.50347 0.54004 0.50000 0.53809 0.50347 0.45606 0.50347 0.45410 0.50695 0.44043 0.50695 0.43359 0.52604 0.42969 0.52952 0.42773 0.53993 0.42187 0.55035 0.41992 0.56077 0.41406 0.57118 0.41016 0.58507 0.40039 0.60243 0.39258 0.62327 0.36719 0.66840 0.33594 0.74479 0.29101 0.83507 0.26562 0.89757 0.23438 0.96007 0.22266 0.99132 0.22363 0.99653 0.27441 0.99653 0.27637 0.99305 0.28223 0.99305 0.28418 0.99653 0.38965 0.99653 0.39160 0.99305 0.39551 0.99653 0.39941 0.99305 0.40332 0.99653 0.40723 0.99305 0.41113 0.99653 0.57324 0.99653 0.57520 0.99305 0.57910 0.99653 1.00000 0.99479 0.99902 0.96528 0.97754 0.94445 0.97559 0.93750 0.95410 0.90972
6 0.69727 0.51910 0.69727 0.50868 0.69434 0.50347 0.68652 0.49653 0.67480 0.49653 0.67285 0.50000 0.66699 0.50000 0.66504 0.49653 0.66309 0.50000 0.63867 0.50173 0.64551 0.51736 0.65723 0.52778 0.66309 0.53820 0.66894 0.54167 0.67969 0.53993 0.68848 0.53820 0.69141 0.53298 0.69141 0.52604 0.69727 0.51910
6 1.00000 0.49132 0.91699 0.48958 0.90527 0.49653 0.86035 0.49305 0.85840 0.49653 0.80371 0.49653 0.80176 0.50000 0.72363 0.50000 0.71484 0.51215 0.72070 0.52952 0.72949 0.54167 0.80469 0.53993 0.85254 0.53820 0.85449 0.53472 0.91113 0.53472 0.91309 0.53820 0.99316 0.53472 1.00000 0.52952 1.00000 0.49132
6 0.12012 0.55903 0.18652 0.55555 0.18848 0.55208 0.22559 0.55208 0.22852 0.54340 0.22656 0.53646 0.23242 0.52604 0.23242 0.51910 0.22949 0.51389 0.20215 0.51389 0.20020 0.51736 0.14746 0.51736 0.14551 0.52083 0.07129 0.52083 0.06934 0.52430 0.00000 0.52604 0.00098 0.56945 0.03125 0.56771 0.05176 0.56597 0.05371 0.56250 0.11816 0.56250 0.12012 0.55903
4 0.71289 0.51562 0.71289 0.50868 0.72168 0.50000 0.73047 0.48438 0.73438 0.46702 0.73438 0.45312 0.73047 0.43923 0.71973 0.42014 0.70215 0.41667 0.69434 0.42361 0.68359 0.44618 0.68359 0.47396 0.68750 0.48438 0.68750 0.49132 0.69434 0.50347 0.69824 0.50347 0.70117 0.51215 0.69629 0.52430 0.69141 0.52604 0.69141 0.53298 0.68848 0.53820 0.68262 0.53820 0.67969 0.54340 0.67969 0.55035 0.68359 0.56077 0.69629 0.57986 0.72852 0.57812 0.73242 0.56423 0.73242 0.54688 0.72070 0.53298 0.71289 0.51562
7 0.41016 0.43923 0.40820 0.43577 0.41016 0.42535 0.40820 0.42188 0.40723 0.40278 0.39258 0.40452 0.39453 0.50521 0.39648 0.50868 0.39648 0.51910 0.39844 0.51910 0.39941 0.51389 0.40723 0.51042 0.41016 0.50521 0.41016 0.43923
7 0.42773 0.39062 0.42480 0.38542 0.41309 0.38542 0.41016 0.39062 0.41016 0.44965 0.41211 0.45312 0.41211 0.47048 0.41601 0.48090 0.41406 0.48438 0.41406 0.49827 0.41699 0.50347 0.42969 0.50173 0.43555 0.49479 0.42773 0.47396 0.42969 0.46354 0.42773 0.39062
6 0.95410 0.90972 0.95117 0.90452 0.95020 0.89583 0.94629 0.89930 0.93750 0.88368 0.93945 0.88021 0.93652 0.87500 0.93066 0.88195 0.91406 0.85938 0.91406 0.85243 0.91699 0.84722 0.92187 0.84548 0.92090 0.82986 0.91504 0.82639 0.90820 0.83160 0.91211 0.83507 0.91113 0.84028 0.90137 0.84028 0.89648 0.83507 0.89746 0.82986 0.89160 0.82986 0.88770 0.82292 0.88379 0.82292 0.86230 0.79167 0.84668 0.77430 0.84082 0.76042 0.83691 0.76042 0.82520 0.74305 0.82129 0.74305 0.81934 0.72570 0.81738 0.72570 0.81543 0.73264 0.80762 0.72570 0.78418 0.68750 0.77637 0.68403 0.77441 0.67708 0.76855 0.67361 0.75684 0.65625 0.72949 0.62847 0.70606 0.59375 0.69043 0.57986 0.66894 0.54514 0.66504 0.54514 0.65723 0.53472 0.65430 0.51910 0.66016 0.50868 0.65527 0.50000 0.63965 0.50000 0.63770 0.50347 0.63184 0.49653 0.62598 0.49653 0.62402 0.50000 0.61816 0.49653 0.59863 0.50000 0.59668 0.49653 0.59473 0.50000 0.54590 0.50000 0.54394 0.50347 0.54004 0.50000 0.53809 0.50347 0.45606 0.50347 0.45410 0.50695 0.44043 0.50695 0.43359 0.52604 0.42969 0.52952 0.42773 0.53993 0.42187 0.55035 0.41992 0.56077 0.41406 0.57118 0.41016 0.58507 0.40039 0.60243 0.39258 0.62327 0.36719 0.66840 0.33594 0.74479 0.29101 0.83507 0.26562 0.89757 0.23438 0.96007 0.22266 0.99132 0.22363 0.99653 0.27441 0.99653 0.27637 0.99305 0.28223 0.99305 0.28418 0.99653 0.38965 0.99653 0.39160 0.99305 0.39551 0.99653 0.39941 0.99305 0.40332 0.99653 0.40723 0.99305 0.41113 0.99653 0.57324 0.99653 0.57520 0.99305 0.57910 0.99653 1.00000 0.99479 0.99902 0.96528 0.97754 0.94445 0.97559 0.93750 0.95410 0.90972
6 0.69727 0.51910 0.69727 0.50868 0.69434 0.50347 0.68652 0.49653 0.67480 0.49653 0.67285 0.50000 0.66699 0.50000 0.66504 0.49653 0.66309 0.50000 0.63867 0.50173 0.64551 0.51736 0.65723 0.52778 0.66309 0.53820 0.66894 0.54167 0.67969 0.53993 0.68848 0.53820 0.69141 0.53298 0.69141 0.52604 0.69727 0.51910
6 1.00000 0.49132 0.91699 0.48958 0.90527 0.49653 0.86035 0.49305 0.85840 0.49653 0.80371 0.49653 0.80176 0.50000 0.72363 0.50000 0.71484 0.51215 0.72070 0.52952 0.72949 0.54167 0.80469 0.53993 0.85254 0.53820 0.85449 0.53472 0.91113 0.53472 0.91309 0.53820 0.99316 0.53472 1.00000 0.52952 1.00000 0.49132
6 0.12012 0.55903 0.18652 0.55555 0.18848 0.55208 0.22559 0.55208 0.22852 0.54340 0.22656 0.53646 0.23242 0.52604 0.23242 0.51910 0.22949 0.51389 0.20215 0.51389 0.20020 0.51736 0.14746 0.51736 0.14551 0.52083 0.07129 0.52083 0.06934 0.52430 0.00000 0.52604 0.00098 0.56945 0.03125 0.56771 0.05176 0.56597 0.05371 0.56250 0.11816 0.56250 0.12012 0.55903
4 0.71289 0.51562 0.71289 0.50868 0.72168 0.50000 0.73047 0.48438 0.73438 0.46702 0.73438 0.45312 0.73047 0.43923 0.71973 0.42014 0.70215 0.41667 0.69434 0.42361 0.68359 0.44618 0.68359 0.47396 0.68750 0.48438 0.68750 0.49132 0.69434 0.50347 0.69824 0.50347 0.70117 0.51215 0.69629 0.52430 0.69141 0.52604 0.69141 0.53298 0.68848 0.53820 0.68262 0.53820 0.67969 0.54340 0.67969 0.55035 0.68359 0.56077 0.69629 0.57986 0.72852 0.57812 0.73242 0.56423 0.73242 0.54688 0.72070 0.53298 0.71289 0.51562
7 0.41016 0.43923 0.40820 0.43577 0.41016 0.42535 0.40820 0.42188 0.40723 0.40278 0.39258 0.40452 0.39453 0.50521 0.39648 0.50868 0.39648 0.51910 0.39844 0.51910 0.39941 0.51389 0.40723 0.51042 0.41016 0.50521 0.41016 0.43923
7 0.42773 0.39062 0.42480 0.38542 0.41309 0.38542 0.41016 0.39062 0.41016 0.44965 0.41211 0.45312 0.41211 0.47048 0.41601 0.48090 0.41406 0.48438 0.41406 0.49827 0.41699 0.50347 0.42969 0.50173 0.43555 0.49479 0.42773 0.47396 0.42969 0.46354 0.42773 0.39062
6 0.95410 0.90972 0.95117 0.90452 0.95020 0.89583 0.94629 0.89930 0.93750 0.88368 0.93945 0.88021 0.93652 0.87500 0.93066 0.88195 0.91406 0.85938 0.91406 0.85243 0.91699 0.84722 0.92187 0.84548 0.92090 0.82986 0.91504 0.82639 0.90820 0.83160 0.91211 0.83507 0.91113 0.84028 0.90137 0.84028 0.89648 0.83507 0.89746 0.82986 0.89160 0.82986 0.88770 0.82292 0.88379 0.82292 0.86230 0.79167 0.84668 0.77430 0.84082 0.76042 0.83691 0.76042 0.82520 0.74305 0.82129 0.74305 0.81934 0.72570 0.81738 0.72570 0.81543 0.73264 0.80762 0.72570 0.78418 0.68750 0.77637 0.68403 0.77441 0.67708 0.76855 0.67361 0.75684 0.65625 0.72949 0.62847 0.70606 0.59375 0.69043 0.57986 0.66894 0.54514 0.66504 0.54514 0.65723 0.53472 0.65430 0.51910 0.66016 0.50868 0.65527 0.50000 0.63965 0.50000 0.63770 0.50347 0.63184 0.49653 0.62598 0.49653 0.62402 0.50000 0.61816 0.49653 0.59863 0.50000 0.59668 0.49653 0.59473 0.50000 0.54590 0.50000 0.54394 0.50347 0.54004 0.50000 0.53809 0.50347 0.45606 0.50347 0.45410 0.50695 0.44043 0.50695 0.43359 0.52604 0.42969 0.52952 0.42773 0.53993 0.42187 0.55035 0.41992 0.56077 0.41406 0.57118 0.41016 0.58507 0.40039 0.60243 0.39258 0.62327 0.36719 0.66840 0.33594 0.74479 0.29101 0.83507 0.26562 0.89757 0.23438 0.96007 0.22266 0.99132 0.22363 0.99653 0.27441 0.99653 0.27637 0.99305 0.28223 0.99305 0.28418 0.99653 0.38965 0.99653 0.39160 0.99305 0.39551 0.99653 0.39941 0.99305 0.40332 0.99653 0.40723 0.99305 0.41113 0.99653 0.57324 0.99653 0.57520 0.99305 0.57910 0.99653 1.00000 0.99479 0.99902 0.96528 0.97754 0.94445 0.97559 0.93750 0.95410 0.90972
6 0.69727 0.51910 0.69727 0.50868 0.69434 0.50347 0.68652 0.49653 0.67480 0.49653 0.67285 0.50000 0.66699 0.50000 0.66504 0.49653 0.66309 0.50000 0.63867 0.50173 0.64551 0.51736 0.65723 0.52778 0.66309 0.53820 0.66894 0.54167 0.67969 0.53993 0.68848 0.53820 0.69141 0.53298 0.69141 0.52604 0.69727 0.51910
6 1.00000 0.49132 0.91699 0.48958 0.90527 0.49653 0.86035 0.49305 0.85840 0.49653 0.80371 0.49653 0.80176 0.50000 0.72363 0.50000 0.71484 0.51215 0.72070 0.52952 0.72949 0.54167 0.80469 0.53993 0.85254 0.53820 0.85449 0.53472 0.91113 0.53472 0.91309 0.53820 0.99316 0.53472 1.00000 0.52952 1.00000 0.49132
6 0.12012 0.55903 0.18652 0.55555 0.18848 0.55208 0.22559 0.55208 0.22852 0.54340 0.22656 0.53646 0.23242 0.52604 0.23242 0.51910 0.22949 0.51389 0.20215 0.51389 0.20020 0.51736 0.14746 0.51736 0.14551 0.52083 0.07129 0.52083 0.06934 0.52430 0.00000 0.52604 0.00098 0.56945 0.03125 0.56771 0.05176 0.56597 0.05371 0.56250 0.11816 0.56250 0.12012 0.55903
4 0.71289 0.51562 0.71289 0.50868 0.72168 0.50000 0.73047 0.48438 0.73438 0.46702 0.73438 0.45312 0.73047 0.43923 0.71973 0.42014 0.70215 0.41667 0.69434 0.42361 0.68359 0.44618 0.68359 0.47396 0.68750 0.48438 0.68750 0.49132 0.69434 0.50347 0.69824 0.50347 0.70117 0.51215 0.69629 0.52430 0.69141 0.52604 0.69141 0.53298 0.68848 0.53820 0.68262 0.53820 0.67969 0.54340 0.67969 0.55035 0.68359 0.56077 0.69629 0.57986 0.72852 0.57812 0.73242 0.56423 0.73242 0.54688 0.72070 0.53298 0.71289 0.51562
7 0.41016 0.43923 0.40820 0.43577 0.41016 0.42535 0.40820 0.42188 0.40723 0.40278 0.39258 0.40452 0.39453 0.50521 0.39648 0.50868 0.39648 0.51910 0.39844 0.51910 0.39941 0.51389 0.40723 0.51042 0.41016 0.50521 0.41016 0.43923
7 0.42773 0.39062 0.42480 0.38542 0.41309 0.38542 0.41016 0.39062 0.41016 0.44965 0.41211 0.45312 0.41211 0.47048 0.41601 0.48090 0.41406 0.48438 0.41406 0.49827 0.41699 0.50347 0.42969 0.50173 0.43555 0.49479 0.42773 0.47396 0.42969 0.46354 0.42773 0.39062
6 0.95410 0.90972 0.95117 0.90452 0.95020 0.89583 0.94629 0.89930 0.93750 0.88368 0.93945 0.88021 0.93652 0.87500 0.93066 0.88195 0.91406 0.85938 0.91406 0.85243 0.91699 0.84722 0.92187 0.84548 0.92090 0.82986 0.91504 0.82639 0.90820 0.83160 0.91211 0.83507 0.91113 0.84028 0.90137 0.84028 0.89648 0.83507 0.89746 0.82986 0.89160 0.82986 0.88770 0.82292 0.88379 0.82292 0.86230 0.79167 0.84668 0.77430 0.84082 0.76042 0.83691 0.76042 0.82520 0.74305 0.82129 0.74305 0.81934 0.72570 0.81738 0.72570 0.81543 0.73264 0.80762 0.72570 0.78418 0.68750 0.77637 0.68403 0.77441 0.67708 0.76855 0.67361 0.75684 0.65625 0.72949 0.62847 0.70606 0.59375 0.69043 0.57986 0.66894 0.54514 0.66504 0.54514 0.65723 0.53472 0.65430 0.51910 0.66016 0.50868 0.65527 0.50000 0.63965 0.50000 0.63770 0.50347 0.63184 0.49653 0.62598 0.49653 0.62402 0.50000 0.61816 0.49653 0.59863 0.50000 0.59668 0.49653 0.59473 0.50000 0.54590 0.50000 0.54394 0.50347 0.54004 0.50000 0.53809 0.50347 0.45606 0.50347 0.45410 0.50695 0.44043 0.50695 0.43359 0.52604 0.42969 0.52952 0.42773 0.53993 0.42187 0.55035 0.41992 0.56077 0.41406 0.57118 0.41016 0.58507 0.40039 0.60243 0.39258 0.62327 0.36719 0.66840 0.33594 0.74479 0.29101 0.83507 0.26562 0.89757 0.23438 0.96007 0.22266 0.99132 0.22363 0.99653 0.27441 0.99653 0.27637 0.99305 0.28223 0.99305 0.28418 0.99653 0.38965 0.99653 0.39160 0.99305 0.39551 0.99653 0.39941 0.99305 0.40332 0.99653 0.40723 0.99305 0.41113 0.99653 0.57324 0.99653 0.57520 0.99305 0.57910 0.99653 1.00000 0.99479 0.99902 0.96528 0.97754 0.94445 0.97559 0.93750 0.95410 0.90972
6 0.69727 0.51910 0.69727 0.50868 0.69434 0.50347 0.68652 0.49653 0.67480 0.49653 0.67285 0.50000 0.66699 0.50000 0.66504 0.49653 0.66309 0.50000 0.63867 0.50173 0.64551 0.51736 0.65723 0.52778 0.66309 0.53820 0.66894 0.54167 0.67969 0.53993 0.68848 0.53820 0.69141 0.53298 0.69141 0.52604 0.69727 0.51910
6 1.00000 0.49132 0.91699 0.48958 0.90527 0.49653 0.86035 0.49305 0.85840 0.49653 0.80371 0.49653 0.80176 0.50000 0.72363 0.50000 0.71484 0.51215 0.72070 0.52952 0.72949 0.54167 0.80469 0.53993 0.85254 0.53820 0.85449 0.53472 0.91113 0.53472 0.91309 0.53820 0.99316 0.53472 1.00000 0.52952 1.00000 0.49132
6 0.12012 0.55903 0.18652 0.55555 0.18848 0.55208 0.22559 0.55208 0.22852 0.54340 0.22656 0.53646 0.23242 0.52604 0.23242 0.51910 0.22949 0.51389 0.20215 0.51389 0.20020 0.51736 0.14746 0.51736 0.14551 0.52083 0.07129 0.52083 0.06934 0.52430 0.00000 0.52604 0.00098 0.56945 0.03125 0.56771 0.05176 0.56597 0.05371 0.56250 0.11816 0.56250 0.12012 0.55903
4 0.71289 0.51562 0.71289 0.50868 0.72168 0.50000 0.73047 0.48438 0.73438 0.46702 0.73438 0.45312 0.73047 0.43923 0.71973 0.42014 0.70215 0.41667 0.69434 0.42361 0.68359 0.44618 0.68359 0.47396 0.68750 0.48438 0.68750 0.49132 0.69434 0.50347 0.69824 0.50347 0.70117 0.51215 0.69629 0.52430 0.69141 0.52604 0.69141 0.53298 0.68848 0.53820 0.68262 0.53820 0.67969 0.54340 0.67969 0.55035 0.68359 0.56077 0.69629 0.57986 0.72852 0.57812 0.73242 0.56423 0.73242 0.54688 0.72070 0.53298 0.71289 0.51562
7 0.41016 0.43923 0.40820 0.43577 0.41016 0.42535 0.40820 0.42188 0.40723 0.40278 0.39258 0.40452 0.39453 0.50521 0.39648 0.50868 0.39648 0.51910 0.39844 0.51910 0.39941 0.51389 0.40723 0.51042 0.41016 0.50521 0.41016 0.43923
7 0.42773 0.39062 0.42480 0.38542 0.41309 0.38542 0.41016 0.39062 0.41016 0.44965 0.41211 0.45312 0.41211 0.47048 0.41601 0.48090 0.41406 0.48438 0.41406 0.49827 0.41699 0.50347 0.42969 0.50173 0.43555 0.49479 0.42773 0.47396 0.42969 0.46354 0.42773 0.39062
6 0.95410 0.90972 0.95117 0.90452 0.95020 0.89583 0.94629 0.89930 0.93750 0.88368 0.93945 0.88021 0.93652 0.87500 0.93066 0.88195 0.91406 0.85938 0.91406 0.85243 0.91699 0.84722 0.92187 0.84548 0.92090 0.82986 0.91504 0.82639 0.90820 0.83160 0.91211 0.83507 0.91113 0.84028 0.90137 0.84028 0.89648 0.83507 0.89746 0.82986 0.89160 0.82986 0.88770 0.82292 0.88379 0.82292 0.86230 0.79167 0.84668 0.77430 0.84082 0.76042 0.83691 0.76042 0.82520 0.74305 0.82129 0.74305 0.81934 0.72570 0.81738 0.72570 0.81543 0.73264 0.80762 0.72570 0.78418 0.68750 0.77637 0.68403 0.77441 0.67708 0.76855 0.67361 0.75684 0.65625 0.72949 0.62847 0.70606 0.59375 0.69043 0.57986 0.66894 0.54514 0.66504 0.54514 0.65723 0.53472 0.65430 0.51910 0.66016 0.50868 0.65527 0.50000 0.63965 0.50000 0.63770 0.50347 0.63184 0.49653 0.62598 0.49653 0.62402 0.50000 0.61816 0.49653 0.59863 0.50000 0.59668 0.49653 0.59473 0.50000 0.54590 0.50000 0.54394 0.50347 0.54004 0.50000 0.53809 0.50347 0.45606 0.50347 0.45410 0.50695 0.44043 0.50695 0.43359 0.52604 0.42969 0.52952 0.42773 0.53993 0.42187 0.55035 0.41992 0.56077 0.41406 0.57118 0.41016 0.58507 0.40039 0.60243 0.39258 0.62327 0.36719 0.66840 0.33594 0.74479 0.29101 0.83507 0.26562 0.89757 0.23438 0.96007 0.22266 0.99132 0.22363 0.99653 0.27441 0.99653 0.27637 0.99305 0.28223 0.99305 0.28418 0.99653 0.38965 0.99653 0.39160 0.99305 0.39551 0.99653 0.39941 0.99305 0.40332 0.99653 0.40723 0.99305 0.41113 0.99653 0.57324 0.99653 0.57520 0.99305 0.57910 0.99653 1.00000 0.99479 0.99902 0.96528 0.97754 0.94445 0.97559 0.93750 0.95410 0.90972
6 0.69727 0.51910 0.69727 0.50868 0.69434 0.50347 0.68652 0.49653 0.67480 0.49653 0.67285 0.50000 0.66699 0.50000 0.66504 0.49653 0.66309 0.50000 0.63867 0.50173 0.64551 0.51736 0.65723 0.52778 0.66309 0.53820 0.66894 0.54167 0.67969 0.53993 0.68848 0.53820 0.69141 0.53298 0.69141 0.52604 0.69727 0.51910
6 1.00000 0.49132 0.91699 0.48958 0.90527 0.49653 0.86035 0.49305 0.85840 0.49653 0.80371 0.49653 0.80176 0.50000 0.72363 0.50000 0.71484 0.51215 0.72070 0.52952 0.72949 0.54167 0.80469 0.53993 0.85254 0.53820 0.85449 0.53472 0.91113 0.53472 0.91309 0.53820 0.99316 0.53472 1.00000 0.52952 1.00000 0.49132
6 0.12012 0.55903 0.18652 0.55555 0.18848 0.55208 0.22559 0.55208 0.22852 0.54340 0.22656 0.53646 0.23242 0.52604 0.23242 0.51910 0.22949 0.51389 0.20215 0.51389 0.20020 0.51736 0.14746 0.51736 0.14551 0.52083 0.07129 0.52083 0.06934 0.52430 0.00000 0.52604 0.00098 0.56945 0.03125 0.56771 0.05176 0.56597 0.05371 0.56250 0.11816 0.56250 0.12012 0.55903
4 0.71289 0.51562 0.71289 0.50868 0.72168 0.50000 0.73047 0.48438 0.73438 0.46702 0.73438 0.45312 0.73047 0.43923 0.71973 0.42014 0.70215 0.41667 0.69434 0.42361 0.68359 0.44618 0.68359 0.47396 0.68750 0.48438 0.68750 0.49132 0.69434 0.50347 0.69824 0.50347 0.70117 0.51215 0.69629 0.52430 0.69141 0.52604 0.69141 0.53298 0.68848 0.53820 0.68262 0.53820 0.67969 0.54340 0.67969 0.55035 0.68359 0.56077 0.69629 0.57986 0.72852 0.57812 0.73242 0.56423 0.73242 0.54688 0.72070 0.53298 0.71289 0.51562
7 0.41016 0.43923 0.40820 0.43577 0.41016 0.42535 0.40820 0.42188 0.40723 0.40278 0.39258 0.40452 0.39453 0.50521 0.39648 0.50868 0.39648 0.51910 0.39844 0.51910 0.39941 0.51389 0.40723 0.51042 0.41016 0.50521 0.41016 0.43923
7 0.42773 0.39062 0.42480 0.38542 0.41309 0.38542 0.41016 0.39062 0.41016 0.44965 0.41211 0.45312 0.41211 0.47048 0.41601 0.48090 0.41406 0.48438 0.41406 0.49827 0.41699 0.50347 0.42969 0.50173 0.43555 0.49479 0.42773 0.47396 0.42969 0.46354 0.42773 0.39062
6 0.95410 0.90972 0.95117 0.90452 0.95020 0.89583 0.94629 0.89930 0.93750 0.88368 0.93945 0.88021 0.93652 0.87500 0.93066 0.88195 0.91406 0.85938 0.91406 0.85243 0.91699 0.84722 0.92187 0.84548 0.92090 0.82986 0.91504 0.82639 0.90820 0.83160 0.91211 0.83507 0.91113 0.84028 0.90137 0.84028 0.89648 0.83507 0.89746 0.82986 0.89160 0.82986 0.88770 0.82292 0.88379 0.82292 0.86230 0.79167 0.84668 0.77430 0.84082 0.76042 0.83691 0.76042 0.82520 0.74305 0.82129 0.74305 0.81934 0.72570 0.81738 0.72570 0.81543 0.73264 0.80762 0.72570 0.78418 0.68750 0.77637 0.68403 0.77441 0.67708 0.76855 0.67361 0.75684 0.65625 0.72949 0.62847 0.70606 0.59375 0.69043 0.57986 0.66894 0.54514 0.66504 0.54514 0.65723 0.53472 0.65430 0.51910 0.66016 0.50868 0.65527 0.50000 0.63965 0.50000 0.63770 0.50347 0.63184 0.49653 0.62598 0.49653 0.62402 0.50000 0.61816 0.49653 0.59863 0.50000 0.59668 0.49653 0.59473 0.50000 0.54590 0.50000 0.54394 0.50347 0.54004 0.50000 0.53809 0.50347 0.45606 0.50347 0.45410 0.50695 0.44043 0.50695 0.43359 0.52604 0.42969 0.52952 0.42773 0.53993 0.42187 0.55035 0.41992 0.56077 0.41406 0.57118 0.41016 0.58507 0.40039 0.60243 0.39258 0.62327 0.36719 0.66840 0.33594 0.74479 0.29101 0.83507 0.26562 0.89757 0.23438 0.96007 0.22266 0.99132 0.22363 0.99653 0.27441 0.99653 0.27637 0.99305 0.28223 0.99305 0.28418 0.99653 0.38965 0.99653 0.39160 0.99305 0.39551 0.99653 0.39941 0.99305 0.40332 0.99653 0.40723 0.99305 0.41113 0.99653 0.57324 0.99653 0.57520 0.99305 0.57910 0.99653 1.00000 0.99479 0.99902 0.96528 0.97754 0.94445 0.97559 0.93750 0.95410 0.90972
6 0.69727 0.51910 0.69727 0.50868 0.69434 0.50347 0.68652 0.49653 0.67480 0.49653 0.67285 0.50000 0.66699 0.50000 0.66504 0.49653 0.66309 0.50000 0.63867 0.50173 0.64551 0.51736 0.65723 0.52778 0.66309 0.53820 0.66894 0.54167 0.67969 0.53993 0.68848 0.53820 0.69141 0.53298 0.69141 0.52604 0.69727 0.51910
6 1.00000 0.49132 0.91699 0.48958 0.90527 0.49653 0.86035 0.49305 0.85840 0.49653 0.80371 0.49653 0.80176 0.50000 0.72363 0.50000 0.71484 0.51215 0.72070 0.52952 0.72949 0.54167 0.80469 0.53993 0.85254 0.53820 0.85449 0.53472 0.91113 0.53472 0.91309 0.53820 0.99316 0.53472 1.00000 0.52952 1.00000 0.49132
6 0.12012 0.55903 0.18652 0.55555 0.18848 0.55208 0.22559 0.55208 0.22852 0.54340 0.22656 0.53646 0.23242 0.52604 0.23242 0.51910 0.22949 0.51389 0.20215 0.51389 0.20020 0.51736 0.14746 0.51736 0.14551 0.52083 0.07129 0.52083 0.06934 0.52430 0.00000 0.52604 0.00098 0.56945 0.03125 0.56771 0.05176 0.56597 0.05371 0.56250 0.11816 0.56250 0.12012 0.55903
