6 0.17385 0.00000 0.05396 0.01367 0.01234 0.01757 0.01019 0.09963 0.27255 0.08118 0.06559 0.96455 0.06146 0.97991 0.49345 1.00000 0.98720 1.00000 0.99962 0.52594 0.59508 0.02645 0.57345 0.01332 0.54234 0.00166 0.50655 0.00000 0.17385 0.00000
5 0.84022 0.15699 0.83543 0.19674 0.81707 0.21754 0.78630 0.22943 0.78335 0.25262 0.82574 0.29789 0.91153 0.27940 0.91229 0.25029 0.88214 0.22057 0.87985 0.20047 0.86732 0.19573 0.86844 0.15330 0.89038 0.13850 0.90452 0.09062 0.90893 0.07647 0.91385 0.01895 0.83008 0.01505 0.82983 0.01539 0.82552 0.02596 0.82304 0.04378 0.81952 0.10101 0.81916 0.12020 0.84022 0.15699
6 0.17385 0.00000 0.05396 0.01367 0.01234 0.01757 0.01019 0.09963 0.27255 0.08118 0.06559 0.96455 0.06146 0.97991 0.49345 1.00000 0.98720 1.00000 0.99962 0.52594 0.59508 0.02645 0.57345 0.01332 0.54234 0.00166 0.50655 0.00000 0.17385 0.00000
5 0.84022 0.15699 0.83543 0.19674 0.81707 0.21754 0.78630 0.22943 0.78335 0.25262 0.82574 0.29789 0.91153 0.27940 0.91229 0.25029 0.88214 0.22057 0.87985 0.20047 0.86732 0.19573 0.86844 0.15330 0.89038 0.13850 0.90452 0.09062 0.90893 0.07647 0.91385 0.01895 0.83008 0.01505 0.82983 0.01539 0.82552 0.02596 0.82304 0.04378 0.81952 0.10101 0.81916 0.12020 0.84022 0.15699
6 0.17385 0.00000 0.05396 0.01367 0.01234 0.01757 0.01019 0.09963 0.27255 0.08118 0.06559 0.96455 0.06146 0.97991 0.49345 1.00000 0.98720 1.00000 0.99962 0.52594 0.59508 0.02645 0.57345 0.01332 0.54234 0.00166 0.50655 0.00000 0.17385 0.00000
5 0.84022 0.15699 0.83543 0.19674 0.81707 0.21754 0.78630 0.22943 0.78335 0.25262 0.82574 0.29789 0.91153 0.27940 0.91229 0.25029 0.88214 0.22057 0.87985 0.20047 0.86732 0.19573 0.86844 0.15330 0.89038 0.13850 0.90452 0.09062 0.90893 0.07647 0.91385 0.01895 0.83008 0.01505 0.82983 0.01539 0.82552 0.02596 0.82304 0.04378 0.81952 0.10101 0.81916 0.12020 0.84022 0.15699
6 0.17385 0.00000 0.05396 0.01367 0.01234 0.01757 0.01019 0.09963 0.27255 0.08118 0.06559 0.96455 0.06146 0.97991 0.49345 1.00000 0.98720 1.00000 0.99962 0.52594 0.59508 0.02645 0.57345 0.01332 0.54234 0.00166 0.50655 0.00000 0.17385 0.00000
5 0.84022 0.15699 0.83543 0.19674 0.81707 0.21754 0.78630 0.22943 0.78335 0.25262 0.82574 0.29789 0.91153 0.27940 0.91229 0.25029 0.88214 0.22057 0.87985 0.20047 0.86732 0.19573 0.86844 0.15330 0.89038 0.13850 0.90452 0.09062 0.90893 0.07647 0.91385 0.01895 0.83008 0.01505 0.82983 0.01539 0.82552 0.02596 0.82304 0.04378 0.81952 0.10101 0.81916 0.12020 0.84022 0.15699
6 0.17385 0.00000 0.05396 0.01367 0.01234 0.01757 0.01019 0.09963 0.27255 0.08118 0.06559 0.96455 0.06146 0.97991 0.49345 1.00000 0.98720 1.00000 0.99962 0.52594 0.59508 0.02645 0.57345 0.01332 0.54234 0.00166 0.50655 0.00000 0.17385 0.00000
5 0.84022 0.15699 0.83543 0.19674 0.81707 0.21754 0.78630 0.22943 0.78335 0.25262 0.82574 0.29789 0.91153 0.27940 0.91229 0.25029 0.88214 0.22057 0.87985 0.20047 0.86732 0.19573 0.86844 0.15330 0.89038 0.13850 0.90452 0.09062 0.90893 0.07647 0.91385 0.01895 0.83008 0.01505 0.82983 0.01539 0.82552 0.02596 0.82304 0.04378 0.81952 0.10101 0.81916 0.12020 0.84022 0.15699
6 0.17385 0.00000 0.05396 0.01367 0.01234 0.01757 0.01019 0.09963 0.27255 0.08118 0.06559 0.96455 0.06146 0.97991 0.49345 1.00000 0.98720 1.00000 0.99962 0.52594 0.59508 0.02645 0.57345 0.01332 0.54234 0.00166 0.50655 0.00000 0.17385 0.00000
5 0.84022 0.15699 0.83543 0.19674 0.81707 0.21754 0.78630 0.22943 0.78335 0.25262 0.82574 0.29789 0.91153 0.27940 0.91229 0.25029 0.88214 0.22057 0.87985 0.20047 0.86732 0.19573 0.86844 0.15330 0.89038 0.13850 0.90452 0.09062 0.90893 0.07647 0.91385 0.01895 0.83008 0.01505 0.82983 0.01539 0.82552 0.02596 0.82304 0.04378 0.81952 0.10101 0.81916 0.12020 0.84022 0.15699
