6 0.53418 0.96180 0.53027 0.95486 0.52246 0.95139 0.51855 0.94097 0.51074 0.93750 0.48535 0.91320 0.48145 0.91320 0.47754 0.90625 0.45996 0.89236 0.43848 0.86805 0.40527 0.84028 0.38770 0.81945 0.38379 0.81945 0.37988 0.81250 0.36816 0.80555 0.33887 0.77083 0.33106 0.76736 0.31152 0.75000 0.30762 0.74305 0.26074 0.70486 0.24316 0.68403 0.21973 0.66667 0.21680 0.65798 0.20801 0.64930 0.20410 0.63889 0.20020 0.63889 0.19434 0.62500 0.19043 0.62500 0.18750 0.61979 0.18652 0.61111 0.17285 0.61111 0.15723 0.60070 0.14551 0.58333 0.12598 0.57986 0.11426 0.56597 0.10645 0.56250 0.10254 0.55555 0.09668 0.55208 0.09082 0.54167 0.06348 0.51736 0.04590 0.51389 0.03613 0.50695 0.00000 0.50868 0.00098 0.99653 0.12402 0.99653 0.12598 0.99305 0.12988 0.99653 0.56641 0.99479 0.54590 0.96875 0.54199 0.96875 0.53809 0.96180 0.53418 0.96180
1 0.41016 0.74827 0.40723 0.73611 0.40137 0.72917 0.39160 0.72570 0.38867 0.72048 0.38867 0.71007 0.38379 0.70139 0.37988 0.70139 0.37695 0.69618 0.37695 0.66840 0.38965 0.65972 0.40234 0.63715 0.40820 0.61632 0.40820 0.58160 0.40234 0.55382 0.38965 0.53472 0.37988 0.52778 0.36230 0.53125 0.35254 0.54167 0.34375 0.56077 0.33594 0.59548 0.33594 0.61632 0.34180 0.64062 0.35254 0.65972 0.36133 0.66840 0.36133 0.69271 0.35645 0.70486 0.34766 0.71007 0.34668 0.72222 0.34277 0.72570 0.33106 0.72222 0.32617 0.73090 0.32617 0.73785 0.32910 0.74653 0.33301 0.74653 0.34473 0.76042 0.35742 0.76215 0.36816 0.76042 0.37012 0.75695 0.40332 0.75695 0.41016 0.74827
7 0.14941 0.55208 0.12793 0.54861 0.12598 0.55208 0.11816 0.55208 0.11133 0.55729 0.11230 0.56250 0.12988 0.57639 0.16406 0.57465 0.16797 0.57118 0.16699 0.54861 0.15137 0.54861 0.14941 0.55208
7 0.15430 0.45312 0.15137 0.44792 0.14160 0.44792 0.13672 0.45312 0.13672 0.53646 0.13965 0.54167 0.15039 0.53993 0.15234 0.53646 0.15234 0.49827 0.15430 0.49479 0.15430 0.45312
6 0.53418 0.96180 0.53027 0.95486 0.52246 0.95139 0.51855 0.94097 0.51074 0.93750 0.48535 0.91320 0.48145 0.91320 0.47754 0.90625 0.45996 0.89236 0.43848 0.86805 0.40527 0.84028 0.38770 0.81945 0.38379 0.81945 0.37988 0.81250 0.36816 0.80555 0.33887 0.77083 0.33106 0.76736 0.31152 0.75000 0.30762 0.74305 0.26074 0.70486 0.24316 0.68403 0.21973 0.66667 0.21680 0.65798 0.20801 0.64930 0.20410 0.63889 0.20020 0.63889 0.19434 0.62500 0.19043 0.62500 0.18750 0.61979 0.18652 0.61111 0.17285 0.61111 0.15723 0.60070 0.14551 0.58333 0.12598 0.57986 0.11426 0.56597 0.10645 0.56250 0.10254 0.55555 0.09668 0.55208 0.09082 0.54167 0.06348 0.51736 0.04590 0.51389 0.03613 0.50695 0.00000 0.50868 0.00098 0.99653 0.12402 0.99653 0.12598 0.99305 0.12988 0.99653 0.56641 0.99479 0.54590 0.96875 0.54199 0.96875 0.53809 0.96180 0.53418 0.96180
1 0.41016 0.74827 0.40723 0.73611 0.40137 0.72917 0.39160 0.72570 0.38867 0.72048 0.38867 0.71007 0.38379 0.70139 0.37988 0.70139 0.37695 0.69618 0.37695 0.66840 0.38965 0.65972 0.40234 0.63715 0.40820 0.61632 0.40820 0.58160 0.40234 0.55382 0.38965 0.53472 0.37988 0.52778 0.36230 0.53125 0.35254 0.54167 0.34375 0.56077 0.33594 0.59548 0.33594 0.61632 0.34180 0.64062 0.35254 0.65972 0.36133 0.66840 0.36133 0.69271 0.35645 0.70486 0.34766 0.71007 0.34668 0.72222 0.34277 0.72570 0.33106 0.72222 0.32617 0.73090 0.32617 0.73785 0.32910 0.74653 0.33301 0.74653 0.34473 0.76042 0.35742 0.76215 0.36816 0.76042 0.37012 0.75695 0.40332 0.75695 0.41016 0.74827
7 0.14941 0.55208 0.12793 0.54861 0.12598 0.55208 0.11816 0.55208 0.11133 0.55729 0.11230 0.56250 0.12988 0.57639 0.16406 0.57465 0.16797 0.57118 0.16699 0.54861 0.15137 0.54861 0.14941 0.55208
7 0.15430 0.45312 0.15137 0.44792 0.14160 0.44792 0.13672 0.45312 0.13672 0.53646 0.13965 0.54167 0.15039 0.53993 0.15234 0.53646 0.15234 0.49827 0.15430 0.49479 0.15430 0.45312
6 0.53418 0.96180 0.53027 0.95486 0.52246 0.95139 0.51855 0.94097 0.51074 0.93750 0.48535 0.91320 0.48145 0.91320 0.47754 0.90625 0.45996 0.89236 0.43848 0.86805 0.40527 0.84028 0.38770 0.81945 0.38379 0.81945 0.37988 0.81250 0.36816 0.80555 0.33887 0.77083 0.33106 0.76736 0.31152 0.75000 0.30762 0.74305 0.26074 0.70486 0.24316 0.68403 0.21973 0.66667 0.21680 0.65798 0.20801 0.64930 0.20410 0.63889 0.20020 0.63889 0.19434 0.62500 0.19043 0.62500 0.18750 0.61979 0.18652 0.61111 0.17285 0.61111 0.15723 0.60070 0.14551 0.58333 0.12598 0.57986 0.11426 0.56597 0.10645 0.56250 0.10254 0.55555 0.09668 0.55208 0.09082 0.54167 0.06348 0.51736 0.04590 0.51389 0.03613 0.50695 0.00000 0.50868 0.00098 0.99653 0.12402 0.99653 0.12598 0.99305 0.12988 0.99653 0.56641 0.99479 0.54590 0.96875 0.54199 0.96875 0.53809 0.96180 0.53418 0.96180
1 0.41016 0.74827 0.40723 0.73611 0.40137 0.72917 0.39160 0.72570 0.38867 0.72048 0.38867 0.71007 0.38379 0.70139 0.37988 0.70139 0.37695 0.69618 0.37695 0.66840 0.38965 0.65972 0.40234 0.63715 0.40820 0.61632 0.40820 0.58160 0.40234 0.55382 0.38965 0.53472 0.37988 0.52778 0.36230 0.53125 0.35254 0.54167 0.34375 0.56077 0.33594 0.59548 0.33594 0.61632 0.34180 0.64062 0.35254 0.65972 0.36133 0.66840 0.36133 0.69271 0.35645 0.70486 0.34766 0.71007 0.34668 0.72222 0.34277 0.72570 0.33106 0.72222 0.32617 0.73090 0.32617 0.73785 0.32910 0.74653 0.33301 0.74653 0.34473 0.76042 0.35742 0.76215 0.36816 0.76042 0.37012 0.75695 0.40332 0.75695 0.41016 0.74827
7 0.14941 0.55208 0.12793 0.54861 0.12598 0.55208 0.11816 0.55208 0.11133 0.55729 0.11230 0.56250 0.12988 0.57639 0.16406 0.57465 0.16797 0.57118 0.16699 0.54861 0.15137 0.54861 0.14941 0.55208
7 0.15430 0.45312 0.15137 0.44792 0.14160 0.44792 0.13672 0.45312 0.13672 0.53646 0.13965 0.54167 0.15039 0.53993 0.15234 0.53646 0.15234 0.49827 0.15430 0.49479 0.15430 0.45312
6 0.53418 0.96180 0.53027 0.95486 0.52246 0.95139 0.51855 0.94097 0.51074 0.93750 0.48535 0.91320 0.48145 0.91320 0.47754 0.90625 0.45996 0.89236 0.43848 0.86805 0.40527 0.84028 0.38770 0.81945 0.38379 0.81945 0.37988 0.81250 0.36816 0.80555 0.33887 0.77083 0.33106 0.76736 0.31152 0.75000 0.30762 0.74305 0.26074 0.70486 0.24316 0.68403 0.21973 0.66667 0.21680 0.65798 0.20801 0.64930 0.20410 0.63889 0.20020 0.63889 0.19434 0.62500 0.19043 0.62500 0.18750 0.61979 0.18652 0.61111 0.17285 0.61111 0.15723 0.60070 0.14551 0.58333 0.12598 0.57986 0.11426 0.56597 0.10645 0.56250 0.10254 0.55555 0.09668 0.55208 0.09082 0.54167 0.06348 0.51736 0.04590 0.51389 0.03613 0.50695 0.00000 0.50868 0.00098 0.99653 0.12402 0.99653 0.12598 0.99305 0.12988 0.99653 0.56641 0.99479 0.54590 0.96875 0.54199 0.96875 0.53809 0.96180 0.53418 0.96180
1 0.41016 0.74827 0.40723 0.73611 0.40137 0.72917 0.39160 0.72570 0.38867 0.72048 0.38867 0.71007 0.38379 0.70139 0.37988 0.70139 0.37695 0.69618 0.37695 0.66840 0.38965 0.65972 0.40234 0.63715 0.40820 0.61632 0.40820 0.58160 0.40234 0.55382 0.38965 0.53472 0.37988 0.52778 0.36230 0.53125 0.35254 0.54167 0.34375 0.56077 0.33594 0.59548 0.33594 0.61632 0.34180 0.64062 0.35254 0.65972 0.36133 0.66840 0.36133 0.69271 0.35645 0.70486 0.34766 0.71007 0.34668 0.72222 0.34277 0.72570 0.33106 0.72222 0.32617 0.73090 0.32617 0.73785 0.32910 0.74653 0.33301 0.74653 0.34473 0.76042 0.35742 0.76215 0.36816 0.76042 0.37012 0.75695 0.40332 0.75695 0.41016 0.74827
7 0.14941 0.55208 0.12793 0.54861 0.12598 0.55208 0.11816 0.55208 0.11133 0.55729 0.11230 0.56250 0.12988 0.57639 0.16406 0.57465 0.16797 0.57118 0.16699 0.54861 0.15137 0.54861 0.14941 0.55208
7 0.15430 0.45312 0.15137 0.44792 0.14160 0.44792 0.13672 0.45312 0.13672 0.53646 0.13965 0.54167 0.15039 0.53993 0.15234 0.53646 0.15234 0.49827 0.15430 0.49479 0.15430 0.45312
6 0.53418 0.96180 0.53027 0.95486 0.52246 0.95139 0.51855 0.94097 0.51074 0.93750 0.48535 0.91320 0.48145 0.91320 0.47754 0.90625 0.45996 0.89236 0.43848 0.86805 0.40527 0.84028 0.38770 0.81945 0.38379 0.81945 0.37988 0.81250 0.36816 0.80555 0.33887 0.77083 0.33106 0.76736 0.31152 0.75000 0.30762 0.74305 0.26074 0.70486 0.24316 0.68403 0.21973 0.66667 0.21680 0.65798 0.20801 0.64930 0.20410 0.63889 0.20020 0.63889 0.19434 0.62500 0.19043 0.62500 0.18750 0.61979 0.18652 0.61111 0.17285 0.61111 0.15723 0.60070 0.14551 0.58333 0.12598 0.57986 0.11426 0.56597 0.10645 0.56250 0.10254 0.55555 0.09668 0.55208 0.09082 0.54167 0.06348 0.51736 0.04590 0.51389 0.03613 0.50695 0.00000 0.50868 0.00098 0.99653 0.12402 0.99653 0.12598 0.99305 0.12988 0.99653 0.56641 0.99479 0.54590 0.96875 0.54199 0.96875 0.53809 0.96180 0.53418 0.96180
1 0.41016 0.74827 0.40723 0.73611 0.40137 0.72917 0.39160 0.72570 0.38867 0.72048 0.38867 0.71007 0.38379 0.70139 0.37988 0.70139 0.37695 0.69618 0.37695 0.66840 0.38965 0.65972 0.40234 0.63715 0.40820 0.61632 0.40820 0.58160 0.40234 0.55382 0.38965 0.53472 0.37988 0.52778 0.36230 0.53125 0.35254 0.54167 0.34375 0.56077 0.33594 0.59548 0.33594 0.61632 0.34180 0.64062 0.35254 0.65972 0.36133 0.66840 0.36133 0.69271 0.35645 0.70486 0.34766 0.71007 0.34668 0.72222 0.34277 0.72570 0.33106 0.72222 0.32617 0.73090 0.32617 0.73785 0.32910 0.74653 0.33301 0.74653 0.34473 0.76042 0.35742 0.76215 0.36816 0.76042 0.37012 0.75695 0.40332 0.75695 0.41016 0.74827
7 0.14941 0.55208 0.12793 0.54861 0.12598 0.55208 0.11816 0.55208 0.11133 0.55729 0.11230 0.56250 0.12988 0.57639 0.16406 0.57465 0.16797 0.57118 0.16699 0.54861 0.15137 0.54861 0.14941 0.55208
7 0.15430 0.45312 0.15137 0.44792 0.14160 0.44792 0.13672 0.45312 0.13672 0.53646 0.13965 0.54167 0.15039 0.53993 0.15234 0.53646 0.15234 0.49827 0.15430 0.49479 0.15430 0.45312
6 0.53418 0.96180 0.53027 0.95486 0.52246 0.95139 0.51855 0.94097 0.51074 0.93750 0.48535 0.91320 0.48145 0.91320 0.47754 0.90625 0.45996 0.89236 0.43848 0.86805 0.40527 0.84028 0.38770 0.81945 0.38379 0.81945 0.37988 0.81250 0.36816 0.80555 0.33887 0.77083 0.33106 0.76736 0.31152 0.75000 0.30762 0.74305 0.26074 0.70486 0.24316 0.68403 0.21973 0.66667 0.21680 0.65798 0.20801 0.64930 0.20410 0.63889 0.20020 0.63889 0.19434 0.62500 0.19043 0.62500 0.18750 0.61979 0.18652 0.61111 0.17285 0.61111 0.15723 0.60070 0.14551 0.58333 0.12598 0.57986 0.11426 0.56597 0.10645 0.56250 0.10254 0.55555 0.09668 0.55208 0.09082 0.54167 0.06348 0.51736 0.04590 0.51389 0.03613 0.50695 0.00000 0.50868 0.00098 0.99653 0.12402 0.99653 0.12598 0.99305 0.12988 0.99653 0.56641 0.99479 0.54590 0.96875 0.54199 0.96875 0.53809 0.96180 0.53418 0.96180
1 0.41016 0.74827 0.40723 0.73611 0.40137 0.72917 0.39160 0.72570 0.38867 0.72048 0.38867 0.71007 0.38379 0.70139 0.37988 0.70139 0.37695 0.69618 0.37695 0.66840 0.38965 0.65972 0.40234 0.63715 0.40820 0.61632 0.40820 0.58160 0.40234 0.55382 0.38965 0.53472 0.37988 0.52778 0.36230 0.53125 0.35254 0.54167 0.34375 0.56077 0.33594 0.59548 0.33594 0.61632 0.34180 0.64062 0.35254 0.65972 0.36133 0.66840 0.36133 0.69271 0.35645 0.70486 0.34766 0.71007 0.34668 0.72222 0.34277 0.72570 0.33106 0.72222 0.32617 0.73090 0.32617 0.73785 0.32910 0.74653 0.33301 0.74653 0.34473 0.76042 0.35742 0.76215 0.36816 0.76042 0.37012 0.75695 0.40332 0.75695 0.41016 0.74827
7 0.14941 0.55208 0.12793 0.54861 0.12598 0.55208 0.11816 0.55208 0.11133 0.55729 0.11230 0.56250 0.12988 0.57639 0.16406 0.57465 0.16797 0.57118 0.16699 0.54861 0.15137 0.54861 0.14941 0.55208
7 0.15430 0.45312 0.15137 0.44792 0.14160 0.44792 0.13672 0.45312 0.13672 0.53646 0.13965 0.54167 0.15039 0.53993 0.15234 0.53646 0.15234 0.49827 0.15430 0.49479 0.15430 0.45312
