7 0.40706 0.13450 0.40492 0.13844 0.40523 0.16177 0.39766 0.16779 0.39019 0.18157 0.39075 0.22436 0.39415 0.23401 0.40289 0.23380 0.40503 0.22986 0.40726 0.23370 0.43562 0.22915 0.44334 0.23481 0.44974 0.22299 0.45797 0.18389 0.44786 0.16273 0.43790 0.15323 0.43765 0.13379 0.43968 0.12207 0.44501 0.11221 0.45152 0.10817 0.46112 0.09044 0.46279 0.05150 0.45817 0.03215 0.44806 0.01099 0.43490 0.00740 0.43266 0.00357 0.41737 0.00392 0.41617 0.00187 0.41277 0.00195 0.40756 0.00609 0.40771 0.01776 0.39943 0.05297 0.39963 0.06853 0.40660 0.09949 0.40706 0.13450
7 0.84228 0.15550 0.84441 0.15156 0.84416 0.13211 0.84822 0.10868 0.84796 0.08923 0.85010 0.08529 0.84984 0.06584 0.85198 0.06190 0.85355 0.01518 0.85020 0.00942 0.83490 0.00977 0.82962 0.02352 0.82982 0.03907 0.82769 0.04301 0.82804 0.07024 0.82591 0.07418 0.82616 0.09362 0.82403 0.09757 0.82439 0.12479 0.82032 0.14823 0.82058 0.16768 0.81850 0.17551 0.80879 0.18546 0.79924 0.20708 0.80152 0.21481 0.80188 0.24204 0.80742 0.24774 0.81382 0.23592 0.82048 0.24355 0.83582 0.24708 0.84009 0.23920 0.84883 0.23900 0.85107 0.24284 0.85762 0.24268 0.86215 0.25425 0.86540 0.25223 0.86962 0.24046 0.86926 0.21323 0.87139 0.20929 0.86895 0.18990 0.86560 0.18414 0.86123 0.18424 0.85696 0.19212 0.85254 0.18833 0.85041 0.19227 0.84385 0.19243 0.84050 0.18667 0.84228 0.15550
6 1.00000 0.53180 0.70422 0.07247 0.49572 0.06175 0.44409 0.23674 0.21357 0.21357 0.21865 0.26791 0.20846 0.26815 0.20805 0.34857 0.21971 0.34830 0.22022 0.38719 0.26534 0.38355 0.26741 0.43019 0.38286 0.45604 0.23335 1.00000 0.50328 1.00000 1.00000 0.98845 1.00000 0.53180
6 0.00000 0.39892 0.13365 0.41689 0.15738 0.37309 0.17184 0.36497 0.18929 0.36197 0.18752 0.33867 0.18590 0.32574 0.18302 0.32840 0.17252 0.30530 0.16784 0.28207 0.16313 0.25624 0.15825 0.21745 0.00000 0.20277 0.00000 0.39892
7 0.40706 0.13450 0.40492 0.13844 0.40523 0.16177 0.39766 0.16779 0.39019 0.18157 0.39075 0.22436 0.39415 0.23401 0.40289 0.23380 0.40503 0.22986 0.40726 0.23370 0.43562 0.22915 0.44334 0.23481 0.44974 0.22299 0.45797 0.18389 0.44786 0.16273 0.43790 0.15323 0.43765 0.13379 0.43968 0.12207 0.44501 0.11221 0.45152 0.10817 0.46112 0.09044 0.46279 0.05150 0.45817 0.03215 0.44806 0.01099 0.43490 0.00740 0.43266 0.00357 0.41737 0.00392 0.41617 0.00187 0.41277 0.00195 0.40756 0.00609 0.40771 0.01776 0.39943 0.05297 0.39963 0.06853 0.40660 0.09949 0.40706 0.13450
7 0.84228 0.15550 0.84441 0.15156 0.84416 0.13211 0.84822 0.10868 0.84796 0.08923 0.85010 0.08529 0.84984 0.06584 0.85198 0.06190 0.85355 0.01518 0.85020 0.00942 0.83490 0.00977 0.82962 0.02352 0.82982 0.03907 0.82769 0.04301 0.82804 0.07024 0.82591 0.07418 0.82616 0.09362 0.82403 0.09757 0.82439 0.12479 0.82032 0.14823 0.82058 0.16768 0.81850 0.17551 0.80879 0.18546 0.79924 0.20708 0.80152 0.21481 0.80188 0.24204 0.80742 0.24774 0.81382 0.23592 0.82048 0.24355 0.83582 0.24708 0.84009 0.23920 0.84883 0.23900 0.85107 0.24284 0.85762 0.24268 0.86215 0.25425 0.86540 0.25223 0.86962 0.24046 0.86926 0.21323 0.87139 0.20929 0.86895 0.18990 0.86560 0.18414 0.86123 0.18424 0.85696 0.19212 0.85254 0.18833 0.85041 0.19227 0.84385 0.19243 0.84050 0.18667 0.84228 0.15550
6 1.00000 0.53180 0.70422 0.07247 0.49572 0.06175 0.44409 0.23674 0.21357 0.21357 0.21865 0.26791 0.20846 0.26815 0.20805 0.34857 0.21971 0.34830 0.22022 0.38719 0.26534 0.38355 0.26741 0.43019 0.38286 0.45604 0.23335 1.00000 0.50328 1.00000 1.00000 0.98845 1.00000 0.53180
6 0.00000 0.39892 0.13365 0.41689 0.15738 0.37309 0.17184 0.36497 0.18929 0.36197 0.18752 0.33867 0.18590 0.32574 0.18302 0.32840 0.17252 0.30530 0.16784 0.28207 0.16313 0.25624 0.15825 0.21745 0.00000 0.20277 0.00000 0.39892
7 0.40706 0.13450 0.40492 0.13844 0.40523 0.16177 0.39766 0.16779 0.39019 0.18157 0.39075 0.22436 0.39415 0.23401 0.40289 0.23380 0.40503 0.22986 0.40726 0.23370 0.43562 0.22915 0.44334 0.23481 0.44974 0.22299 0.45797 0.18389 0.44786 0.16273 0.43790 0.15323 0.43765 0.13379 0.43968 0.12207 0.44501 0.11221 0.45152 0.10817 0.46112 0.09044 0.46279 0.05150 0.45817 0.03215 0.44806 0.01099 0.43490 0.00740 0.43266 0.00357 0.41737 0.00392 0.41617 0.00187 0.41277 0.00195 0.40756 0.00609 0.40771 0.01776 0.39943 0.05297 0.39963 0.06853 0.40660 0.09949 0.40706 0.13450
7 0.84228 0.15550 0.84441 0.15156 0.84416 0.13211 0.84822 0.10868 0.84796 0.08923 0.85010 0.08529 0.84984 0.06584 0.85198 0.06190 0.85355 0.01518 0.85020 0.00942 0.83490 0.00977 0.82962 0.02352 0.82982 0.03907 0.82769 0.04301 0.82804 0.07024 0.82591 0.07418 0.82616 0.09362 0.82403 0.09757 0.82439 0.12479 0.82032 0.14823 0.82058 0.16768 0.81850 0.17551 0.80879 0.18546 0.79924 0.20708 0.80152 0.21481 0.80188 0.24204 0.80742 0.24774 0.81382 0.23592 0.82048 0.24355 0.83582 0.24708 0.84009 0.23920 0.84883 0.23900 0.85107 0.24284 0.85762 0.24268 0.86215 0.25425 0.86540 0.25223 0.86962 0.24046 0.86926 0.21323 0.87139 0.20929 0.86895 0.18990 0.86560 0.18414 0.86123 0.18424 0.85696 0.19212 0.85254 0.18833 0.85041 0.19227 0.84385 0.19243 0.84050 0.18667 0.84228 0.15550
6 1.00000 0.53180 0.70422 0.07247 0.49572 0.06175 0.44409 0.23674 0.21357 0.21357 0.21865 0.26791 0.20846 0.26815 0.20805 0.34857 0.21971 0.34830 0.22022 0.38719 0.26534 0.38355 0.26741 0.43019 0.38286 0.45604 0.23335 1.00000 0.50328 1.00000 1.00000 0.98845 1.00000 0.53180
6 0.00000 0.39892 0.13365 0.41689 0.15738 0.37309 0.17184 0.36497 0.18929 0.36197 0.18752 0.33867 0.18590 0.32574 0.18302 0.32840 0.17252 0.30530 0.16784 0.28207 0.16313 0.25624 0.15825 0.21745 0.00000 0.20277 0.00000 0.39892
7 0.40706 0.13450 0.40492 0.13844 0.40523 0.16177 0.39766 0.16779 0.39019 0.18157 0.39075 0.22436 0.39415 0.23401 0.40289 0.23380 0.40503 0.22986 0.40726 0.23370 0.43562 0.22915 0.44334 0.23481 0.44974 0.22299 0.45797 0.18389 0.44786 0.16273 0.43790 0.15323 0.43765 0.13379 0.43968 0.12207 0.44501 0.11221 0.45152 0.10817 0.46112 0.09044 0.46279 0.05150 0.45817 0.03215 0.44806 0.01099 0.43490 0.00740 0.43266 0.00357 0.41737 0.00392 0.41617 0.00187 0.41277 0.00195 0.40756 0.00609 0.40771 0.01776 0.39943 0.05297 0.39963 0.06853 0.40660 0.09949 0.40706 0.13450
7 0.84228 0.15550 0.84441 0.15156 0.84416 0.13211 0.84822 0.10868 0.84796 0.08923 0.85010 0.08529 0.84984 0.06584 0.85198 0.06190 0.85355 0.01518 0.85020 0.00942 0.83490 0.00977 0.82962 0.02352 0.82982 0.03907 0.82769 0.04301 0.82804 0.07024 0.82591 0.07418 0.82616 0.09362 0.82403 0.09757 0.82439 0.12479 0.82032 0.14823 0.82058 0.16768 0.81850 0.17551 0.80879 0.18546 0.79924 0.20708 0.80152 0.21481 0.80188 0.24204 0.80742 0.24774 0.81382 0.23592 0.82048 0.24355 0.83582 0.24708 0.84009 0.23920 0.84883 0.23900 0.85107 0.24284 0.85762 0.24268 0.86215 0.25425 0.86540 0.25223 0.86962 0.24046 0.86926 0.21323 0.87139 0.20929 0.86895 0.18990 0.86560 0.18414 0.86123 0.18424 0.85696 0.19212 0.85254 0.18833 0.85041 0.19227 0.84385 0.19243 0.84050 0.18667 0.84228 0.15550
6 1.00000 0.53180 0.70422 0.07247 0.49572 0.06175 0.44409 0.23674 0.21357 0.21357 0.21865 0.26791 0.20846 0.26815 0.20805 0.34857 0.21971 0.34830 0.22022 0.38719 0.26534 0.38355 0.26741 0.43019 0.38286 0.45604 0.23335 1.00000 0.50328 1.00000 1.00000 0.98845 1.00000 0.53180
6 0.00000 0.39892 0.13365 0.41689 0.15738 0.37309 0.17184 0.36497 0.18929 0.36197 0.18752 0.33867 0.18590 0.32574 0.18302 0.32840 0.17252 0.30530 0.16784 0.28207 0.16313 0.25624 0.15825 0.21745 0.00000 0.20277 0.00000 0.39892
7 0.40706 0.13450 0.40492 0.13844 0.40523 0.16177 0.39766 0.16779 0.39019 0.18157 0.39075 0.22436 0.39415 0.23401 0.40289 0.23380 0.40503 0.22986 0.40726 0.23370 0.43562 0.22915 0.44334 0.23481 0.44974 0.22299 0.45797 0.18389 0.44786 0.16273 0.43790 0.15323 0.43765 0.13379 0.43968 0.12207 0.44501 0.11221 0.45152 0.10817 0.46112 0.09044 0.46279 0.05150 0.45817 0.03215 0.44806 0.01099 0.43490 0.00740 0.43266 0.00357 0.41737 0.00392 0.41617 0.00187 0.41277 0.00195 0.40756 0.00609 0.40771 0.01776 0.39943 0.05297 0.39963 0.06853 0.40660 0.09949 0.40706 0.13450
7 0.84228 0.15550 0.84441 0.15156 0.84416 0.13211 0.84822 0.10868 0.84796 0.08923 0.85010 0.08529 0.84984 0.06584 0.85198 0.06190 0.85355 0.01518 0.85020 0.00942 0.83490 0.00977 0.82962 0.02352 0.82982 0.03907 0.82769 0.04301 0.82804 0.07024 0.82591 0.07418 0.82616 0.09362 0.82403 0.09757 0.82439 0.12479 0.82032 0.14823 0.82058 0.16768 0.81850 0.17551 0.80879 0.18546 0.79924 0.20708 0.80152 0.21481 0.80188 0.24204 0.80742 0.24774 0.81382 0.23592 0.82048 0.24355 0.83582 0.24708 0.84009 0.23920 0.84883 0.23900 0.85107 0.24284 0.85762 0.24268 0.86215 0.25425 0.86540 0.25223 0.86962 0.24046 0.86926 0.21323 0.87139 0.20929 0.86895 0.18990 0.86560 0.18414 0.86123 0.18424 0.85696 0.19212 0.85254 0.18833 0.85041 0.19227 0.84385 0.19243 0.84050 0.18667 0.84228 0.15550
6 1.00000 0.53180 0.70422 0.07247 0.49572 0.06175 0.44409 0.23674 0.21357 0.21357 0.21865 0.26791 0.20846 0.26815 0.20805 0.34857 0.21971 0.34830 0.22022 0.38719 0.26534 0.38355 0.26741 0.43019 0.38286 0.45604 0.23335 1.00000 0.50328 1.00000 1.00000 0.98845 1.00000 0.53180
6 0.00000 0.39892 0.13365 0.41689 0.15738 0.37309 0.17184 0.36497 0.18929 0.36197 0.18752 0.33867 0.18590 0.32574 0.18302 0.32840 0.17252 0.30530 0.16784 0.28207 0.16313 0.25624 0.15825 0.21745 0.00000 0.20277 0.00000 0.39892
7 0.40706 0.13450 0.40492 0.13844 0.40523 0.16177 0.39766 0.16779 0.39019 0.18157 0.39075 0.22436 0.39415 0.23401 0.40289 0.23380 0.40503 0.22986 0.40726 0.23370 0.43562 0.22915 0.44334 0.23481 0.44974 0.22299 0.45797 0.18389 0.44786 0.16273 0.43790 0.15323 0.43765 0.13379 0.43968 0.12207 0.44501 0.11221 0.45152 0.10817 0.46112 0.09044 0.46279 0.05150 0.45817 0.03215 0.44806 0.01099 0.43490 0.00740 0.43266 0.00357 0.41737 0.00392 0.41617 0.00187 0.41277 0.00195 0.40756 0.00609 0.40771 0.01776 0.39943 0.05297 0.39963 0.06853 0.40660 0.09949 0.40706 0.13450
7 0.84228 0.15550 0.84441 0.15156 0.84416 0.13211 0.84822 0.10868 0.84796 0.08923 0.85010 0.08529 0.84984 0.06584 0.85198 0.06190 0.85355 0.01518 0.85020 0.00942 0.83490 0.00977 0.82962 0.02352 0.82982 0.03907 0.82769 0.04301 0.82804 0.07024 0.82591 0.07418 0.82616 0.09362 0.82403 0.09757 0.82439 0.12479 0.82032 0.14823 0.82058 0.16768 0.81850 0.17551 0.80879 0.18546 0.79924 0.20708 0.80152 0.21481 0.80188 0.24204 0.80742 0.24774 0.81382 0.23592 0.82048 0.24355 0.83582 0.24708 0.84009 0.23920 0.84883 0.23900 0.85107 0.24284 0.85762 0.24268 0.86215 0.25425 0.86540 0.25223 0.86962 0.24046 0.86926 0.21323 0.87139 0.20929 0.86895 0.18990 0.86560 0.18414 0.86123 0.18424 0.85696 0.19212 0.85254 0.18833 0.85041 0.19227 0.84385 0.19243 0.84050 0.18667 0.84228 0.15550
6 1.00000 0.53180 0.70422 0.07247 0.49572 0.06175 0.44409 0.23674 0.21357 0.21357 0.21865 0.26791 0.20846 0.26815 0.20805 0.34857 0.21971 0.34830 0.22022 0.38719 0.26534 0.38355 0.26741 0.43019 0.38286 0.45604 0.23335 1.00000 0.50328 1.00000 1.00000 0.98845 1.00000 0.53180
6 0.00000 0.39892 0.13365 0.41689 0.15738 0.37309 0.17184 0.36497 0.18929 0.36197 0.18752 0.33867 0.18590 0.32574 0.18302 0.32840 0.17252 0.30530 0.16784 0.28207 0.16313 0.25624 0.15825 0.21745 0.00000 0.20277 0.00000 0.39892
