6 0.00000 0.93275 0.39649 0.98826 0.39206 0.98218 0.35145 0.93923 0.34789 0.93128 0.34375 0.93070 0.34018 0.92275 0.30551 0.88436 0.30136 0.88379 0.28268 0.85509 0.27468 0.85024 0.26163 0.82979 0.25008 0.81699 0.24593 0.81641 0.22696 0.79139 0.20711 0.77744 0.20355 0.76949 0.19170 0.76038 0.18813 0.75243 0.18192 0.75155 0.15524 0.71801 0.14902 0.71714 0.14339 0.70890 0.13925 0.70832 0.12827 0.68816 0.12412 0.68757 0.11078 0.67080 0.10664 0.67022 0.09923 0.65801 0.09094 0.65685 0.08323 0.64832 0.04830 0.63970 0.04652 0.63573 0.04416 0.63912 0.03379 0.63767 0.03230 0.63001 0.02580 0.63282 0.01751 0.63166 0.01573 0.62769 0.00922 0.63050 0.00000 0.62921 0.00000 0.93275
5 0.36648 0.81784 0.36357 0.79853 0.35424 0.79328 0.35350 0.75221 0.36901 0.74651 0.38984 0.70689 0.39707 0.63779 0.37755 0.59330 0.34746 0.59303 0.32182 0.63744 0.31352 0.70329 0.33280 0.75641 0.33292 0.79975 0.31435 0.80503 0.30912 0.82084 0.28472 0.82136 0.27912 0.84185 0.32228 0.88413 0.39144 0.86624 0.39172 0.84580 0.36648 0.81784
6 0.00000 0.93275 0.39649 0.98826 0.39206 0.98218 0.35145 0.93923 0.34789 0.93128 0.34375 0.93070 0.34018 0.92275 0.30551 0.88436 0.30136 0.88379 0.28268 0.85509 0.27468 0.85024 0.26163 0.82979 0.25008 0.81699 0.24593 0.81641 0.22696 0.79139 0.20711 0.77744 0.20355 0.76949 0.19170 0.76038 0.18813 0.75243 0.18192 0.75155 0.15524 0.71801 0.14902 0.71714 0.14339 0.70890 0.13925 0.70832 0.12827 0.68816 0.12412 0.68757 0.11078 0.67080 0.10664 0.67022 0.09923 0.65801 0.09094 0.65685 0.08323 0.64832 0.04830 0.63970 0.04652 0.63573 0.04416 0.63912 0.03379 0.63767 0.03230 0.63001 0.02580 0.63282 0.01751 0.63166 0.01573 0.62769 0.00922 0.63050 0.00000 0.62921 0.00000 0.93275
5 0.36648 0.81784 0.36357 0.79853 0.35424 0.79328 0.35350 0.75221 0.36901 0.74651 0.38984 0.70689 0.39707 0.63779 0.37755 0.59330 0.34746 0.59303 0.32182 0.63744 0.31352 0.70329 0.33280 0.75641 0.33292 0.79975 0.31435 0.80503 0.30912 0.82084 0.28472 0.82136 0.27912 0.84185 0.32228 0.88413 0.39144 0.86624 0.39172 0.84580 0.36648 0.81784
6 0.00000 0.93275 0.39649 0.98826 0.39206 0.98218 0.35145 0.93923 0.34789 0.93128 0.34375 0.93070 0.34018 0.92275 0.30551 0.88436 0.30136 0.88379 0.28268 0.85509 0.27468 0.85024 0.26163 0.82979 0.25008 0.81699 0.24593 0.81641 0.22696 0.79139 0.20711 0.77744 0.20355 0.76949 0.19170 0.76038 0.18813 0.75243 0.18192 0.75155 0.15524 0.71801 0.14902 0.71714 0.14339 0.70890 0.13925 0.70832 0.12827 0.68816 0.12412 0.68757 0.11078 0.67080 0.10664 0.67022 0.09923 0.65801 0.09094 0.65685 0.08323 0.64832 0.04830 0.63970 0.04652 0.63573 0.04416 0.63912 0.03379 0.63767 0.03230 0.63001 0.02580 0.63282 0.01751 0.63166 0.01573 0.62769 0.00922 0.63050 0.00000 0.62921 0.00000 0.93275
5 0.36648 0.81784 0.36357 0.79853 0.35424 0.79328 0.35350 0.75221 0.36901 0.74651 0.38984 0.70689 0.39707 0.63779 0.37755 0.59330 0.34746 0.59303 0.32182 0.63744 0.31352 0.70329 0.33280 0.75641 0.33292 0.79975 0.31435 0.80503 0.30912 0.82084 0.28472 0.82136 0.27912 0.84185 0.32228 0.88413 0.39144 0.86624 0.39172 0.84580 0.36648 0.81784
6 0.00000 0.93275 0.39649 0.98826 0.39206 0.98218 0.35145 0.93923 0.34789 0.93128 0.34375 0.93070 0.34018 0.92275 0.30551 0.88436 0.30136 0.88379 0.28268 0.85509 0.27468 0.85024 0.26163 0.82979 0.25008 0.81699 0.24593 0.81641 0.22696 0.79139 0.20711 0.77744 0.20355 0.76949 0.19170 0.76038 0.18813 0.75243 0.18192 0.75155 0.15524 0.71801 0.14902 0.71714 0.14339 0.70890 0.13925 0.70832 0.12827 0.68816 0.12412 0.68757 0.11078 0.67080 0.10664 0.67022 0.09923 0.65801 0.09094 0.65685 0.08323 0.64832 0.04830 0.63970 0.04652 0.63573 0.04416 0.63912 0.03379 0.63767 0.03230 0.63001 0.02580 0.63282 0.01751 0.63166 0.01573 0.62769 0.00922 0.63050 0.00000 0.62921 0.00000 0.93275
5 0.36648 0.81784 0.36357 0.79853 0.35424 0.79328 0.35350 0.75221 0.36901 0.74651 0.38984 0.70689 0.39707 0.63779 0.37755 0.59330 0.34746 0.59303 0.32182 0.63744 0.31352 0.70329 0.33280 0.75641 0.33292 0.79975 0.31435 0.80503 0.30912 0.82084 0.28472 0.82136 0.27912 0.84185 0.32228 0.88413 0.39144 0.86624 0.39172 0.84580 0.36648 0.81784
6 0.00000 0.93275 0.39649 0.98826 0.39206 0.98218 0.35145 0.93923 0.34789 0.93128 0.34375 0.93070 0.34018 0.92275 0.30551 0.88436 0.30136 0.88379 0.28268 0.85509 0.27468 0.85024 0.26163 0.82979 0.25008 0.81699 0.24593 0.81641 0.22696 0.79139 0.20711 0.77744 0.20355 0.76949 0.19170 0.76038 0.18813 0.75243 0.18192 0.75155 0.15524 0.71801 0.14902 0.71714 0.14339 0.70890 0.13925 0.70832 0.12827 0.68816 0.12412 0.68757 0.11078 0.67080 0.10664 0.67022 0.09923 0.65801 0.09094 0.65685 0.08323 0.64832 0.04830 0.63970 0.04652 0.63573 0.04416 0.63912 0.03379 0.63767 0.03230 0.63001 0.02580 0.63282 0.01751 0.63166 0.01573 0.62769 0.00922 0.63050 0.00000 0.62921 0.00000 0.93275
5 0.36648 0.81784 0.36357 0.79853 0.35424 0.79328 0.35350 0.75221 0.36901 0.74651 0.38984 0.70689 0.39707 0.63779 0.37755 0.59330 0.34746 0.59303 0.32182 0.63744 0.31352 0.70329 0.33280 0.75641 0.33292 0.79975 0.31435 0.80503 0.30912 0.82084 0.28472 0.82136 0.27912 0.84185 0.32228 0.88413 0.39144 0.86624 0.39172 0.84580 0.36648 0.81784
6 0.00000 0.93275 0.39649 0.98826 0.39206 0.98218 0.35145 0.93923 0.34789 0.93128 0.34375 0.93070 0.34018 0.92275 0.30551 0.88436 0.30136 0.88379 0.28268 0.85509 0.27468 0.85024 0.26163 0.82979 0.25008 0.81699 0.24593 0.81641 0.22696 0.79139 0.20711 0.77744 0.20355 0.76949 0.19170 0.76038 0.18813 0.75243 0.18192 0.75155 0.15524 0.71801 0.14902 0.71714 0.14339 0.70890 0.13925 0.70832 0.12827 0.68816 0.12412 0.68757 0.11078 0.67080 0.10664 0.67022 0.09923 0.65801 0.09094 0.65685 0.08323 0.64832 0.04830 0.63970 0.04652 0.63573 0.04416 0.63912 0.03379 0.63767 0.03230 0.63001 0.02580 0.63282 0.01751 0.63166 0.01573 0.62769 0.00922 0.63050 0.00000 0.62921 0.00000 0.93275
5 0.36648 0.81784 0.36357 0.79853 0.35424 0.79328 0.35350 0.75221 0.36901 0.74651 0.38984 0.70689 0.39707 0.63779 0.37755 0.59330 0.34746 0.59303 0.32182 0.63744 0.31352 0.70329 0.33280 0.75641 0.33292 0.79975 0.31435 0.80503 0.30912 0.82084 0.28472 0.82136 0.27912 0.84185 0.32228 0.88413 0.39144 0.86624 0.39172 0.84580 0.36648 0.81784
