6 1.00000 0.67091 0.86599 0.51235 0.59665 0.20909 0.54336 0.19055 0.51259 0.18639 0.44528 0.17948 0.36568 0.18624 0.15870 0.23129 0.00000 0.27054 0.00000 0.36815 0.21057 0.31571 0.22342 0.32639 0.03496 1.00000 0.51639 1.00000 1.00000 0.94364 1.00000 0.67091
5 1.00000 0.47092 0.97721 0.12399 0.96414 0.12949 0.92309 0.21754 0.91913 0.25673 0.91909 0.32257 0.95702 0.38592 0.95679 0.44987 0.93218 0.47413 0.88966 0.49533 0.88851 0.52567 0.97139 0.59880 1.00000 0.58537 1.00000 0.47092
6 1.00000 0.67091 0.86599 0.51235 0.59665 0.20909 0.54336 0.19055 0.51259 0.18639 0.44528 0.17948 0.36568 0.18624 0.15870 0.23129 0.00000 0.27054 0.00000 0.36815 0.21057 0.31571 0.22342 0.32639 0.03496 1.00000 0.51639 1.00000 1.00000 0.94364 1.00000 0.67091
5 1.00000 0.47092 0.97721 0.12399 0.96414 0.12949 0.92309 0.21754 0.91913 0.25673 0.91909 0.32257 0.95702 0.38592 0.95679 0.44987 0.93218 0.47413 0.88966 0.49533 0.88851 0.52567 0.97139 0.59880 1.00000 0.58537 1.00000 0.47092
6 1.00000 0.67091 0.86599 0.51235 0.59665 0.20909 0.54336 0.19055 0.51259 0.18639 0.44528 0.17948 0.36568 0.18624 0.15870 0.23129 0.00000 0.27054 0.00000 0.36815 0.21057 0.31571 0.22342 0.32639 0.03496 1.00000 0.51639 1.00000 1.00000 0.94364 1.00000 0.67091
5 1.00000 0.47092 0.97721 0.12399 0.96414 0.12949 0.92309 0.21754 0.91913 0.25673 0.91909 0.32257 0.95702 0.38592 0.95679 0.44987 0.93218 0.47413 0.88966 0.49533 0.88851 0.52567 0.97139 0.59880 1.00000 0.58537 1.00000 0.47092
6 1.00000 0.67091 0.86599 0.51235 0.59665 0.20909 0.54336 0.19055 0.51259 0.18639 0.44528 0.17948 0.36568 0.18624 0.15870 0.23129 0.00000 0.27054 0.00000 0.36815 0.21057 0.31571 0.22342 0.32639 0.03496 1.00000 0.51639 1.00000 1.00000 0.94364 1.00000 0.67091
5 1.00000 0.47092 0.97721 0.12399 0.96414 0.12949 0.92309 0.21754 0.91913 0.25673 0.91909 0.32257 0.95702 0.38592 0.95679 0.44987 0.93218 0.47413 0.88966 0.49533 0.88851 0.52567 0.97139 0.59880 1.00000 0.58537 1.00000 0.47092
6 1.00000 0.67091 0.86599 0.51235 0.59665 0.20909 0.54336 0.19055 0.51259 0.18639 0.44528 0.17948 0.36568 0.18624 0.15870 0.23129 0.00000 0.27054 0.00000 0.36815 0.21057 0.31571 0.22342 0.32639 0.03496 1.00000 0.51639 1.00000 1.00000 0.94364 1.00000 0.67091
5 1.00000 0.47092 0.97721 0.12399 0.96414 0.12949 0.92309 0.21754 0.91913 0.25673 0.91909 0.32257 0.95702 0.38592 0.95679 0.44987 0.93218 0.47413 0.88966 0.49533 0.88851 0.52567 0.97139 0.59880 1.00000 0.58537 1.00000 0.47092
