6 0.27026 0.11168 0.26446 0.08997 0.25998 0.06837 0.01786 0.02855 0.01321 0.14667 0.23931 0.18760 0.25219 0.16484 0.26983 0.15660 0.27560 0.14518 0.27264 0.11894 0.27026 0.11168
6 0.98101 1.00000 0.99782 0.57286 0.83142 0.24883 0.70352 0.01352 0.52513 0.00107 0.47742 0.10586 0.32572 0.08738 0.34132 0.21724 0.42325 0.24136 0.11096 0.97353 0.49017 1.00000 0.98101 1.00000
7 0.45038 0.00000 0.45148 0.05046 0.44081 0.05194 0.43626 0.08821 0.48026 0.09683 0.48974 0.06201 0.48342 0.04826 0.48477 0.00000 0.45038 0.00000
7 0.79686 0.09032 0.80596 0.02067 0.78256 0.01904 0.77706 0.08561 0.76655 0.08905 0.76470 0.13021 0.81399 0.14696 0.82089 0.09864 0.79686 0.09032
6 0.27026 0.11168 0.26446 0.08997 0.25998 0.06837 0.01786 0.02855 0.01321 0.14667 0.23931 0.18760 0.25219 0.16484 0.26983 0.15660 0.27560 0.14518 0.27264 0.11894 0.27026 0.11168
6 0.98101 1.00000 0.99782 0.57286 0.83142 0.24883 0.70352 0.01352 0.52513 0.00107 0.47742 0.10586 0.32572 0.08738 0.34132 0.21724 0.42325 0.24136 0.11096 0.97353 0.49017 1.00000 0.98101 1.00000
7 0.45038 0.00000 0.45148 0.05046 0.44081 0.05194 0.43626 0.08821 0.48026 0.09683 0.48974 0.06201 0.48342 0.04826 0.48477 0.00000 0.45038 0.00000
7 0.79686 0.09032 0.80596 0.02067 0.78256 0.01904 0.77706 0.08561 0.76655 0.08905 0.76470 0.13021 0.81399 0.14696 0.82089 0.09864 0.79686 0.09032
6 0.27026 0.11168 0.26446 0.08997 0.25998 0.06837 0.01786 0.02855 0.01321 0.14667 0.23931 0.18760 0.25219 0.16484 0.26983 0.15660 0.27560 0.14518 0.27264 0.11894 0.27026 0.11168
6 0.98101 1.00000 0.99782 0.57286 0.83142 0.24883 0.70352 0.01352 0.52513 0.00107 0.47742 0.10586 0.32572 0.08738 0.34132 0.21724 0.42325 0.24136 0.11096 0.97353 0.49017 1.00000 0.98101 1.00000
7 0.45038 0.00000 0.45148 0.05046 0.44081 0.05194 0.43626 0.08821 0.48026 0.09683 0.48974 0.06201 0.48342 0.04826 0.48477 0.00000 0.45038 0.00000
7 0.79686 0.09032 0.80596 0.02067 0.78256 0.01904 0.77706 0.08561 0.76655 0.08905 0.76470 0.13021 0.81399 0.14696 0.82089 0.09864 0.79686 0.09032
