6 0.24121 0.98264 0.21973 0.96875 0.21387 0.96875 0.20215 0.95833 0.19629 0.95833 0.19434 0.95486 0.17285 0.94792 0.15918 0.93750 0.15332 0.93750 0.14551 0.93055 0.12402 0.92361 0.11230 0.91320 0.10449 0.91320 0.06543 0.88889 0.04394 0.88195 0.02832 0.87153 0.02051 0.87153 0.01074 0.86458 0.00000 0.86285 0.00098 1.00000 0.26953 0.99827 0.27051 0.99305 0.26270 0.99305 0.24902 0.98264 0.24121 0.98264
2 0.10254 0.84722 0.10645 0.85417 0.11133 0.84202 0.11133 0.82812 0.10840 0.82292 0.08887 0.82639 0.08399 0.80729 0.08106 0.80208 0.07324 0.80208 0.06836 0.79340 0.06641 0.78298 0.07031 0.75521 0.08008 0.72396 0.08008 0.71354 0.08789 0.68229 0.08984 0.65798 0.08691 0.64930 0.03027 0.65278 0.02832 0.65625 0.01465 0.65625 0.00977 0.66493 0.01172 0.67882 0.02344 0.69965 0.03711 0.74132 0.04492 0.75521 0.04883 0.76910 0.04883 0.78646 0.05078 0.78993 0.05078 0.81077 0.03906 0.81771 0.03906 0.84548 0.02051 0.85070 0.01660 0.85417 0.01562 0.85938 0.01855 0.86805 0.03027 0.86805 0.03223 0.87153 0.04394 0.87153 0.04590 0.87500 0.05469 0.87327 0.05762 0.86458 0.08106 0.85764 0.09277 0.84722 0.10254 0.84722
6 0.24121 0.98264 0.21973 0.96875 0.21387 0.96875 0.20215 0.95833 0.19629 0.95833 0.19434 0.95486 0.17285 0.94792 0.15918 0.93750 0.15332 0.93750 0.14551 0.93055 0.12402 0.92361 0.11230 0.91320 0.10449 0.91320 0.06543 0.88889 0.04394 0.88195 0.02832 0.87153 0.02051 0.87153 0.01074 0.86458 0.00000 0.86285 0.00098 1.00000 0.26953 0.99827 0.27051 0.99305 0.26270 0.99305 0.24902 0.98264 0.24121 0.98264
2 0.10254 0.84722 0.10645 0.85417 0.11133 0.84202 0.11133 0.82812 0.10840 0.82292 0.08887 0.82639 0.08399 0.80729 0.08106 0.80208 0.07324 0.80208 0.06836 0.79340 0.06641 0.78298 0.07031 0.75521 0.08008 0.72396 0.08008 0.71354 0.08789 0.68229 0.08984 0.65798 0.08691 0.64930 0.03027 0.65278 0.02832 0.65625 0.01465 0.65625 0.00977 0.66493 0.01172 0.67882 0.02344 0.69965 0.03711 0.74132 0.04492 0.75521 0.04883 0.76910 0.04883 0.78646 0.05078 0.78993 0.05078 0.81077 0.03906 0.81771 0.03906 0.84548 0.02051 0.85070 0.01660 0.85417 0.01562 0.85938 0.01855 0.86805 0.03027 0.86805 0.03223 0.87153 0.04394 0.87153 0.04590 0.87500 0.05469 0.87327 0.05762 0.86458 0.08106 0.85764 0.09277 0.84722 0.10254 0.84722
6 0.24121 0.98264 0.21973 0.96875 0.21387 0.96875 0.20215 0.95833 0.19629 0.95833 0.19434 0.95486 0.17285 0.94792 0.15918 0.93750 0.15332 0.93750 0.14551 0.93055 0.12402 0.92361 0.11230 0.91320 0.10449 0.91320 0.06543 0.88889 0.04394 0.88195 0.02832 0.87153 0.02051 0.87153 0.01074 0.86458 0.00000 0.86285 0.00098 1.00000 0.26953 0.99827 0.27051 0.99305 0.26270 0.99305 0.24902 0.98264 0.24121 0.98264
2 0.10254 0.84722 0.10645 0.85417 0.11133 0.84202 0.11133 0.82812 0.10840 0.82292 0.08887 0.82639 0.08399 0.80729 0.08106 0.80208 0.07324 0.80208 0.06836 0.79340 0.06641 0.78298 0.07031 0.75521 0.08008 0.72396 0.08008 0.71354 0.08789 0.68229 0.08984 0.65798 0.08691 0.64930 0.03027 0.65278 0.02832 0.65625 0.01465 0.65625 0.00977 0.66493 0.01172 0.67882 0.02344 0.69965 0.03711 0.74132 0.04492 0.75521 0.04883 0.76910 0.04883 0.78646 0.05078 0.78993 0.05078 0.81077 0.03906 0.81771 0.03906 0.84548 0.02051 0.85070 0.01660 0.85417 0.01562 0.85938 0.01855 0.86805 0.03027 0.86805 0.03223 0.87153 0.04394 0.87153 0.04590 0.87500 0.05469 0.87327 0.05762 0.86458 0.08106 0.85764 0.09277 0.84722 0.10254 0.84722
6 0.24121 0.98264 0.21973 0.96875 0.21387 0.96875 0.20215 0.95833 0.19629 0.95833 0.19434 0.95486 0.17285 0.94792 0.15918 0.93750 0.15332 0.93750 0.14551 0.93055 0.12402 0.92361 0.11230 0.91320 0.10449 0.91320 0.06543 0.88889 0.04394 0.88195 0.02832 0.87153 0.02051 0.87153 0.01074 0.86458 0.00000 0.86285 0.00098 1.00000 0.26953 0.99827 0.27051 0.99305 0.26270 0.99305 0.24902 0.98264 0.24121 0.98264
2 0.10254 0.84722 0.10645 0.85417 0.11133 0.84202 0.11133 0.82812 0.10840 0.82292 0.08887 0.82639 0.08399 0.80729 0.08106 0.80208 0.07324 0.80208 0.06836 0.79340 0.06641 0.78298 0.07031 0.75521 0.08008 0.72396 0.08008 0.71354 0.08789 0.68229 0.08984 0.65798 0.08691 0.64930 0.03027 0.65278 0.02832 0.65625 0.01465 0.65625 0.00977 0.66493 0.01172 0.67882 0.02344 0.69965 0.03711 0.74132 0.04492 0.75521 0.04883 0.76910 0.04883 0.78646 0.05078 0.78993 0.05078 0.81077 0.03906 0.81771 0.03906 0.84548 0.02051 0.85070 0.01660 0.85417 0.01562 0.85938 0.01855 0.86805 0.03027 0.86805 0.03223 0.87153 0.04394 0.87153 0.04590 0.87500 0.05469 0.87327 0.05762 0.86458 0.08106 0.85764 0.09277 0.84722 0.10254 0.84722
6 0.24121 0.98264 0.21973 0.96875 0.21387 0.96875 0.20215 0.95833 0.19629 0.95833 0.19434 0.95486 0.17285 0.94792 0.15918 0.93750 0.15332 0.93750 0.14551 0.93055 0.12402 0.92361 0.11230 0.91320 0.10449 0.91320 0.06543 0.88889 0.04394 0.88195 0.02832 0.87153 0.02051 0.87153 0.01074 0.86458 0.00000 0.86285 0.00098 1.00000 0.26953 0.99827 0.27051 0.99305 0.26270 0.99305 0.24902 0.98264 0.24121 0.98264
2 0.10254 0.84722 0.10645 0.85417 0.11133 0.84202 0.11133 0.82812 0.10840 0.82292 0.08887 0.82639 0.08399 0.80729 0.08106 0.80208 0.07324 0.80208 0.06836 0.79340 0.06641 0.78298 0.07031 0.75521 0.08008 0.72396 0.08008 0.71354 0.08789 0.68229 0.08984 0.65798 0.08691 0.64930 0.03027 0.65278 0.02832 0.65625 0.01465 0.65625 0.00977 0.66493 0.01172 0.67882 0.02344 0.69965 0.03711 0.74132 0.04492 0.75521 0.04883 0.76910 0.04883 0.78646 0.05078 0.78993 0.05078 0.81077 0.03906 0.81771 0.03906 0.84548 0.02051 0.85070 0.01660 0.85417 0.01562 0.85938 0.01855 0.86805 0.03027 0.86805 0.03223 0.87153 0.04394 0.87153 0.04590 0.87500 0.05469 0.87327 0.05762 0.86458 0.08106 0.85764 0.09277 0.84722 0.10254 0.84722
6 0.24121 0.98264 0.21973 0.96875 0.21387 0.96875 0.20215 0.95833 0.19629 0.95833 0.19434 0.95486 0.17285 0.94792 0.15918 0.93750 0.15332 0.93750 0.14551 0.93055 0.12402 0.92361 0.11230 0.91320 0.10449 0.91320 0.06543 0.88889 0.04394 0.88195 0.02832 0.87153 0.02051 0.87153 0.01074 0.86458 0.00000 0.86285 0.00098 1.00000 0.26953 0.99827 0.27051 0.99305 0.26270 0.99305 0.24902 0.98264 0.24121 0.98264
2 0.10254 0.84722 0.10645 0.85417 0.11133 0.84202 0.11133 0.82812 0.10840 0.82292 0.08887 0.82639 0.08399 0.80729 0.08106 0.80208 0.07324 0.80208 0.06836 0.79340 0.06641 0.78298 0.07031 0.75521 0.08008 0.72396 0.08008 0.71354 0.08789 0.68229 0.08984 0.65798 0.08691 0.64930 0.03027 0.65278 0.02832 0.65625 0.01465 0.65625 0.00977 0.66493 0.01172 0.67882 0.02344 0.69965 0.03711 0.74132 0.04492 0.75521 0.04883 0.76910 0.04883 0.78646 0.05078 0.78993 0.05078 0.81077 0.03906 0.81771 0.03906 0.84548 0.02051 0.85070 0.01660 0.85417 0.01562 0.85938 0.01855 0.86805 0.03027 0.86805 0.03223 0.87153 0.04394 0.87153 0.04590 0.87500 0.05469 0.87327 0.05762 0.86458 0.08106 0.85764 0.09277 0.84722 0.10254 0.84722
