7 0.77148 0.00000 0.77347 0.02647 0.77195 0.03046 0.77441 0.03353 0.77277 0.05211 0.77593 0.09142 0.77365 0.09741 0.76968 0.09835 0.76285 0.11633 0.76752 0.15164 0.77470 0.15177 0.77774 0.14378 0.78171 0.14284 0.78416 0.14591 0.79409 0.14358 0.79701 0.15017 0.80005 0.14218 0.81593 0.13845 0.82130 0.14811 0.82405 0.14564 0.82709 0.13765 0.82568 0.12705 0.82720 0.12306 0.82346 0.09481 0.81733 0.08715 0.81383 0.09162 0.79672 0.09382 0.79391 0.07263 0.79543 0.06864 0.79239 0.01474 0.79391 0.01075 0.79249 0.00000 0.77148 0.00000
7 0.39973 0.11061 0.39821 0.11461 0.40335 0.15344 0.39711 0.16037 0.39226 0.17789 0.39740 0.21673 0.40108 0.22132 0.44552 0.20907 0.44855 0.20107 0.45019 0.18248 0.44785 0.16483 0.44540 0.16177 0.44692 0.15777 0.43833 0.14705 0.43436 0.14798 0.43068 0.14338 0.42881 0.12926 0.43033 0.12527 0.42905 0.10008 0.43162 0.08856 0.42741 0.05678 0.42846 0.04925 0.42478 0.04466 0.41760 0.04453 0.41339 0.01275 0.41331 0.01265 0.38763 0.01868 0.38758 0.01881 0.38991 0.03646 0.38676 0.05905 0.39296 0.09036 0.39833 0.10002 0.39973 0.11061
6 1.00000 0.44173 0.99647 0.41507 0.66427 0.02117 0.47709 0.05057 0.44276 0.21396 0.24008 0.23972 0.23946 0.27627 0.23712 0.27925 0.24803 0.36163 0.25465 0.36007 0.25714 0.37891 0.29942 0.37868 0.30245 0.41195 0.41520 0.39760 0.31899 1.00000 0.53284 1.00000 1.00000 0.89028 1.00000 0.44173
6 0.00000 0.44900 0.18862 0.43868 0.19617 0.44419 0.19485 0.40324 0.22693 0.39814 0.23541 0.36945 0.22801 0.34449 0.21937 0.35137 0.21260 0.33112 0.19827 0.30536 0.19484 0.27947 0.19211 0.24856 0.00000 0.27357 0.00000 0.44900
7 0.77148 0.00000 0.77347 0.02647 0.77195 0.03046 0.77441 0.03353 0.77277 0.05211 0.77593 0.09142 0.77365 0.09741 0.76968 0.09835 0.76285 0.11633 0.76752 0.15164 0.77470 0.15177 0.77774 0.14378 0.78171 0.14284 0.78416 0.14591 0.79409 0.14358 0.79701 0.15017 0.80005 0.14218 0.81593 0.13845 0.82130 0.14811 0.82405 0.14564 0.82709 0.13765 0.82568 0.12705 0.82720 0.12306 0.82346 0.09481 0.81733 0.08715 0.81383 0.09162 0.79672 0.09382 0.79391 0.07263 0.79543 0.06864 0.79239 0.01474 0.79391 0.01075 0.79249 0.00000 0.77148 0.00000
7 0.39973 0.11061 0.39821 0.11461 0.40335 0.15344 0.39711 0.16037 0.39226 0.17789 0.39740 0.21673 0.40108 0.22132 0.44552 0.20907 0.44855 0.20107 0.45019 0.18248 0.44785 0.16483 0.44540 0.16177 0.44692 0.15777 0.43833 0.14705 0.43436 0.14798 0.43068 0.14338 0.42881 0.12926 0.43033 0.12527 0.42905 0.10008 0.43162 0.08856 0.42741 0.05678 0.42846 0.04925 0.42478 0.04466 0.41760 0.04453 0.41339 0.01275 0.41331 0.01265 0.38763 0.01868 0.38758 0.01881 0.38991 0.03646 0.38676 0.05905 0.39296 0.09036 0.39833 0.10002 0.39973 0.11061
6 1.00000 0.44173 0.99647 0.41507 0.66427 0.02117 0.47709 0.05057 0.44276 0.21396 0.24008 0.23972 0.23946 0.27627 0.23712 0.27925 0.24803 0.36163 0.25465 0.36007 0.25714 0.37891 0.29942 0.37868 0.30245 0.41195 0.41520 0.39760 0.31899 1.00000 0.53284 1.00000 1.00000 0.89028 1.00000 0.44173
6 0.00000 0.44900 0.18862 0.43868 0.19617 0.44419 0.19485 0.40324 0.22693 0.39814 0.23541 0.36945 0.22801 0.34449 0.21937 0.35137 0.21260 0.33112 0.19827 0.30536 0.19484 0.27947 0.19211 0.24856 0.00000 0.27357 0.00000 0.44900
7 0.77148 0.00000 0.77347 0.02647 0.77195 0.03046 0.77441 0.03353 0.77277 0.05211 0.77593 0.09142 0.77365 0.09741 0.76968 0.09835 0.76285 0.11633 0.76752 0.15164 0.77470 0.15177 0.77774 0.14378 0.78171 0.14284 0.78416 0.14591 0.79409 0.14358 0.79701 0.15017 0.80005 0.14218 0.81593 0.13845 0.82130 0.14811 0.82405 0.14564 0.82709 0.13765 0.82568 0.12705 0.82720 0.12306 0.82346 0.09481 0.81733 0.08715 0.81383 0.09162 0.79672 0.09382 0.79391 0.07263 0.79543 0.06864 0.79239 0.01474 0.79391 0.01075 0.79249 0.00000 0.77148 0.00000
7 0.39973 0.11061 0.39821 0.11461 0.40335 0.15344 0.39711 0.16037 0.39226 0.17789 0.39740 0.21673 0.40108 0.22132 0.44552 0.20907 0.44855 0.20107 0.45019 0.18248 0.44785 0.16483 0.44540 0.16177 0.44692 0.15777 0.43833 0.14705 0.43436 0.14798 0.43068 0.14338 0.42881 0.12926 0.43033 0.12527 0.42905 0.10008 0.43162 0.08856 0.42741 0.05678 0.42846 0.04925 0.42478 0.04466 0.41760 0.04453 0.41339 0.01275 0.41331 0.01265 0.38763 0.01868 0.38758 0.01881 0.38991 0.03646 0.38676 0.05905 0.39296 0.09036 0.39833 0.10002 0.39973 0.11061
6 1.00000 0.44173 0.99647 0.41507 0.66427 0.02117 0.47709 0.05057 0.44276 0.21396 0.24008 0.23972 0.23946 0.27627 0.23712 0.27925 0.24803 0.36163 0.25465 0.36007 0.25714 0.37891 0.29942 0.37868 0.30245 0.41195 0.41520 0.39760 0.31899 1.00000 0.53284 1.00000 1.00000 0.89028 1.00000 0.44173
6 0.00000 0.44900 0.18862 0.43868 0.19617 0.44419 0.19485 0.40324 0.22693 0.39814 0.23541 0.36945 0.22801 0.34449 0.21937 0.35137 0.21260 0.33112 0.19827 0.30536 0.19484 0.27947 0.19211 0.24856 0.00000 0.27357 0.00000 0.44900
