6 0.00124 0.00000 0.00124 0.05456 0.42783 0.49107 0.56796 0.49656 0.63988 0.43869 0.84326 0.45027 0.84821 0.42381 0.84077 0.42381 0.84201 0.40562 0.80853 0.40562 0.80977 0.38578 0.71428 0.38082 1.00000 0.13942 1.00000 0.00000 0.00124 0.00000
7 0.33399 0.54557 0.33203 0.54297 0.33203 0.51953 0.33008 0.51693 0.33203 0.51432 0.33203 0.46484 0.33008 0.46224 0.33008 0.45182 0.32715 0.44792 0.31738 0.44792 0.31641 0.44401 0.31934 0.44011 0.32129 0.44271 0.33887 0.44271 0.34180 0.43880 0.34180 0.41797 0.34375 0.41536 0.34180 0.41276 0.34180 0.41016 0.33887 0.40625 0.33691 0.40625 0.33106 0.40104 0.28223 0.40104 0.28125 0.40234 0.28125 0.43099 0.28320 0.43359 0.28320 0.43620 0.28613 0.44011 0.29199 0.44011 0.29394 0.44271 0.30371 0.44271 0.30566 0.44011 0.30762 0.44011 0.31055 0.44401 0.31055 0.45182 0.30859 0.45443 0.30859 0.51432 0.31055 0.51693 0.31055 0.52474 0.30859 0.52734 0.30859 0.54036 0.31055 0.54297 0.31055 0.55078 0.31348 0.55469 0.32324 0.55469 0.32422 0.55339 0.32520 0.55208 0.33106 0.55208 0.33399 0.54818 0.33399 0.54557
7 0.66797 0.49609 0.66797 0.49349 0.66601 0.49089 0.66601 0.48307 0.66504 0.48177 0.66113 0.48177 0.65820 0.47786 0.65820 0.47005 0.65723 0.46875 0.65625 0.47005 0.65625 0.47526 0.65332 0.47917 0.65137 0.47136 0.64746 0.47656 0.64160 0.47396 0.63867 0.47786 0.63867 0.49349 0.63672 0.49609 0.63672 0.50130 0.63477 0.50391 0.63477 0.50651 0.63086 0.51172 0.63086 0.53516 0.63281 0.53776 0.63281 0.54818 0.63086 0.55078 0.63086 0.55339 0.63379 0.55469 0.63574 0.55729 0.63965 0.55729 0.64258 0.56120 0.64258 0.56380 0.64551 0.56511 0.64746 0.56771 0.66309 0.56771 0.66406 0.56641 0.66406 0.56120 0.66601 0.55859 0.66601 0.49870 0.66797 0.49609
6 0.00124 0.00000 0.00124 0.05456 0.42783 0.49107 0.56796 0.49656 0.63988 0.43869 0.84326 0.45027 0.84821 0.42381 0.84077 0.42381 0.84201 0.40562 0.80853 0.40562 0.80977 0.38578 0.71428 0.38082 1.00000 0.13942 1.00000 0.00000 0.00124 0.00000
7 0.33399 0.54557 0.33203 0.54297 0.33203 0.51953 0.33008 0.51693 0.33203 0.51432 0.33203 0.46484 0.33008 0.46224 0.33008 0.45182 0.32715 0.44792 0.31738 0.44792 0.31641 0.44401 0.31934 0.44011 0.32129 0.44271 0.33887 0.44271 0.34180 0.43880 0.34180 0.41797 0.34375 0.41536 0.34180 0.41276 0.34180 0.41016 0.33887 0.40625 0.33691 0.40625 0.33106 0.40104 0.28223 0.40104 0.28125 0.40234 0.28125 0.43099 0.28320 0.43359 0.28320 0.43620 0.28613 0.44011 0.29199 0.44011 0.29394 0.44271 0.30371 0.44271 0.30566 0.44011 0.30762 0.44011 0.31055 0.44401 0.31055 0.45182 0.30859 0.45443 0.30859 0.51432 0.31055 0.51693 0.31055 0.52474 0.30859 0.52734 0.30859 0.54036 0.31055 0.54297 0.31055 0.55078 0.31348 0.55469 0.32324 0.55469 0.32422 0.55339 0.32520 0.55208 0.33106 0.55208 0.33399 0.54818 0.33399 0.54557
7 0.66797 0.49609 0.66797 0.49349 0.66601 0.49089 0.66601 0.48307 0.66504 0.48177 0.66113 0.48177 0.65820 0.47786 0.65820 0.47005 0.65723 0.46875 0.65625 0.47005 0.65625 0.47526 0.65332 0.47917 0.65137 0.47136 0.64746 0.47656 0.64160 0.47396 0.63867 0.47786 0.63867 0.49349 0.63672 0.49609 0.63672 0.50130 0.63477 0.50391 0.63477 0.50651 0.63086 0.51172 0.63086 0.53516 0.63281 0.53776 0.63281 0.54818 0.63086 0.55078 0.63086 0.55339 0.63379 0.55469 0.63574 0.55729 0.63965 0.55729 0.64258 0.56120 0.64258 0.56380 0.64551 0.56511 0.64746 0.56771 0.66309 0.56771 0.66406 0.56641 0.66406 0.56120 0.66601 0.55859 0.66601 0.49870 0.66797 0.49609
6 0.00124 0.00000 0.00124 0.05456 0.42783 0.49107 0.56796 0.49656 0.63988 0.43869 0.84326 0.45027 0.84821 0.42381 0.84077 0.42381 0.84201 0.40562 0.80853 0.40562 0.80977 0.38578 0.71428 0.38082 1.00000 0.13942 1.00000 0.00000 0.00124 0.00000
7 0.33399 0.54557 0.33203 0.54297 0.33203 0.51953 0.33008 0.51693 0.33203 0.51432 0.33203 0.46484 0.33008 0.46224 0.33008 0.45182 0.32715 0.44792 0.31738 0.44792 0.31641 0.44401 0.31934 0.44011 0.32129 0.44271 0.33887 0.44271 0.34180 0.43880 0.34180 0.41797 0.34375 0.41536 0.34180 0.41276 0.34180 0.41016 0.33887 0.40625 0.33691 0.40625 0.33106 0.40104 0.28223 0.40104 0.28125 0.40234 0.28125 0.43099 0.28320 0.43359 0.28320 0.43620 0.28613 0.44011 0.29199 0.44011 0.29394 0.44271 0.30371 0.44271 0.30566 0.44011 0.30762 0.44011 0.31055 0.44401 0.31055 0.45182 0.30859 0.45443 0.30859 0.51432 0.31055 0.51693 0.31055 0.52474 0.30859 0.52734 0.30859 0.54036 0.31055 0.54297 0.31055 0.55078 0.31348 0.55469 0.32324 0.55469 0.32422 0.55339 0.32520 0.55208 0.33106 0.55208 0.33399 0.54818 0.33399 0.54557
7 0.66797 0.49609 0.66797 0.49349 0.66601 0.49089 0.66601 0.48307 0.66504 0.48177 0.66113 0.48177 0.65820 0.47786 0.65820 0.47005 0.65723 0.46875 0.65625 0.47005 0.65625 0.47526 0.65332 0.47917 0.65137 0.47136 0.64746 0.47656 0.64160 0.47396 0.63867 0.47786 0.63867 0.49349 0.63672 0.49609 0.63672 0.50130 0.63477 0.50391 0.63477 0.50651 0.63086 0.51172 0.63086 0.53516 0.63281 0.53776 0.63281 0.54818 0.63086 0.55078 0.63086 0.55339 0.63379 0.55469 0.63574 0.55729 0.63965 0.55729 0.64258 0.56120 0.64258 0.56380 0.64551 0.56511 0.64746 0.56771 0.66309 0.56771 0.66406 0.56641 0.66406 0.56120 0.66601 0.55859 0.66601 0.49870 0.66797 0.49609
6 0.00124 0.00000 0.00124 0.05456 0.42783 0.49107 0.56796 0.49656 0.63988 0.43869 0.84326 0.45027 0.84821 0.42381 0.84077 0.42381 0.84201 0.40562 0.80853 0.40562 0.80977 0.38578 0.71428 0.38082 1.00000 0.13942 1.00000 0.00000 0.00124 0.00000
7 0.33399 0.54557 0.33203 0.54297 0.33203 0.51953 0.33008 0.51693 0.33203 0.51432 0.33203 0.46484 0.33008 0.46224 0.33008 0.45182 0.32715 0.44792 0.31738 0.44792 0.31641 0.44401 0.31934 0.44011 0.32129 0.44271 0.33887 0.44271 0.34180 0.43880 0.34180 0.41797 0.34375 0.41536 0.34180 0.41276 0.34180 0.41016 0.33887 0.40625 0.33691 0.40625 0.33106 0.40104 0.28223 0.40104 0.28125 0.40234 0.28125 0.43099 0.28320 0.43359 0.28320 0.43620 0.28613 0.44011 0.29199 0.44011 0.29394 0.44271 0.30371 0.44271 0.30566 0.44011 0.30762 0.44011 0.31055 0.44401 0.31055 0.45182 0.30859 0.45443 0.30859 0.51432 0.31055 0.51693 0.31055 0.52474 0.30859 0.52734 0.30859 0.54036 0.31055 0.54297 0.31055 0.55078 0.31348 0.55469 0.32324 0.55469 0.32422 0.55339 0.32520 0.55208 0.33106 0.55208 0.33399 0.54818 0.33399 0.54557
7 0.66797 0.49609 0.66797 0.49349 0.66601 0.49089 0.66601 0.48307 0.66504 0.48177 0.66113 0.48177 0.65820 0.47786 0.65820 0.47005 0.65723 0.46875 0.65625 0.47005 0.65625 0.47526 0.65332 0.47917 0.65137 0.47136 0.64746 0.47656 0.64160 0.47396 0.63867 0.47786 0.63867 0.49349 0.63672 0.49609 0.63672 0.50130 0.63477 0.50391 0.63477 0.50651 0.63086 0.51172 0.63086 0.53516 0.63281 0.53776 0.63281 0.54818 0.63086 0.55078 0.63086 0.55339 0.63379 0.55469 0.63574 0.55729 0.63965 0.55729 0.64258 0.56120 0.64258 0.56380 0.64551 0.56511 0.64746 0.56771 0.66309 0.56771 0.66406 0.56641 0.66406 0.56120 0.66601 0.55859 0.66601 0.49870 0.66797 0.49609
6 0.00124 0.00000 0.00124 0.05456 0.42783 0.49107 0.56796 0.49656 0.63988 0.43869 0.84326 0.45027 0.84821 0.42381 0.84077 0.42381 0.84201 0.40562 0.80853 0.40562 0.80977 0.38578 0.71428 0.38082 1.00000 0.13942 1.00000 0.00000 0.00124 0.00000
7 0.33399 0.54557 0.33203 0.54297 0.33203 0.51953 0.33008 0.51693 0.33203 0.51432 0.33203 0.46484 0.33008 0.46224 0.33008 0.45182 0.32715 0.44792 0.31738 0.44792 0.31641 0.44401 0.31934 0.44011 0.32129 0.44271 0.33887 0.44271 0.34180 0.43880 0.34180 0.41797 0.34375 0.41536 0.34180 0.41276 0.34180 0.41016 0.33887 0.40625 0.33691 0.40625 0.33106 0.40104 0.28223 0.40104 0.28125 0.40234 0.28125 0.43099 0.28320 0.43359 0.28320 0.43620 0.28613 0.44011 0.29199 0.44011 0.29394 0.44271 0.30371 0.44271 0.30566 0.44011 0.30762 0.44011 0.31055 0.44401 0.31055 0.45182 0.30859 0.45443 0.30859 0.51432 0.31055 0.51693 0.31055 0.52474 0.30859 0.52734 0.30859 0.54036 0.31055 0.54297 0.31055 0.55078 0.31348 0.55469 0.32324 0.55469 0.32422 0.55339 0.32520 0.55208 0.33106 0.55208 0.33399 0.54818 0.33399 0.54557
7 0.66797 0.49609 0.66797 0.49349 0.66601 0.49089 0.66601 0.48307 0.66504 0.48177 0.66113 0.48177 0.65820 0.47786 0.65820 0.47005 0.65723 0.46875 0.65625 0.47005 0.65625 0.47526 0.65332 0.47917 0.65137 0.47136 0.64746 0.47656 0.64160 0.47396 0.63867 0.47786 0.63867 0.49349 0.63672 0.49609 0.63672 0.50130 0.63477 0.50391 0.63477 0.50651 0.63086 0.51172 0.63086 0.53516 0.63281 0.53776 0.63281 0.54818 0.63086 0.55078 0.63086 0.55339 0.63379 0.55469 0.63574 0.55729 0.63965 0.55729 0.64258 0.56120 0.64258 0.56380 0.64551 0.56511 0.64746 0.56771 0.66309 0.56771 0.66406 0.56641 0.66406 0.56120 0.66601 0.55859 0.66601 0.49870 0.66797 0.49609
6 0.00124 0.00000 0.00124 0.05456 0.42783 0.49107 0.56796 0.49656 0.63988 0.43869 0.84326 0.45027 0.84821 0.42381 0.84077 0.42381 0.84201 0.40562 0.80853 0.40562 0.80977 0.38578 0.71428 0.38082 1.00000 0.13942 1.00000 0.00000 0.00124 0.00000
7 0.33399 0.54557 0.33203 0.54297 0.33203 0.51953 0.33008 0.51693 0.33203 0.51432 0.33203 0.46484 0.33008 0.46224 0.33008 0.45182 0.32715 0.44792 0.31738 0.44792 0.31641 0.44401 0.31934 0.44011 0.32129 0.44271 0.33887 0.44271 0.34180 0.43880 0.34180 0.41797 0.34375 0.41536 0.34180 0.41276 0.34180 0.41016 0.33887 0.40625 0.33691 0.40625 0.33106 0.40104 0.28223 0.40104 0.28125 0.40234 0.28125 0.43099 0.28320 0.43359 0.28320 0.43620 0.28613 0.44011 0.29199 0.44011 0.29394 0.44271 0.30371 0.44271 0.30566 0.44011 0.30762 0.44011 0.31055 0.44401 0.31055 0.45182 0.30859 0.45443 0.30859 0.51432 0.31055 0.51693 0.31055 0.52474 0.30859 0.52734 0.30859 0.54036 0.31055 0.54297 0.31055 0.55078 0.31348 0.55469 0.32324 0.55469 0.32422 0.55339 0.32520 0.55208 0.33106 0.55208 0.33399 0.54818 0.33399 0.54557
7 0.66797 0.49609 0.66797 0.49349 0.66601 0.49089 0.66601 0.48307 0.66504 0.48177 0.66113 0.48177 0.65820 0.47786 0.65820 0.47005 0.65723 0.46875 0.65625 0.47005 0.65625 0.47526 0.65332 0.47917 0.65137 0.47136 0.64746 0.47656 0.64160 0.47396 0.63867 0.47786 0.63867 0.49349 0.63672 0.49609 0.63672 0.50130 0.63477 0.50391 0.63477 0.50651 0.63086 0.51172 0.63086 0.53516 0.63281 0.53776 0.63281 0.54818 0.63086 0.55078 0.63086 0.55339 0.63379 0.55469 0.63574 0.55729 0.63965 0.55729 0.64258 0.56120 0.64258 0.56380 0.64551 0.56511 0.64746 0.56771 0.66309 0.56771 0.66406 0.56641 0.66406 0.56120 0.66601 0.55859 0.66601 0.49870 0.66797 0.49609
