7 0.49333 0.00000 0.49599 0.03025 0.49202 0.06359 0.48950 0.06686 0.48686 0.08908 0.47892 0.09310 0.47009 0.10452 0.46525 0.14527 0.46727 0.15518 0.47559 0.15694 0.47811 0.15368 0.47975 0.15782 0.50725 0.15982 0.51387 0.16691 0.52143 0.15712 0.53416 0.12184 0.52722 0.09949 0.51895 0.08825 0.52116 0.06973 0.52456 0.05906 0.53086 0.05090 0.53754 0.04852 0.54889 0.03382 0.55397 0.00515 0.52954 0.00000 0.49333 0.00000
7 0.88265 0.16878 0.88045 0.18730 0.87749 0.19427 0.86703 0.20155 0.85524 0.21995 0.85644 0.22780 0.85336 0.25372 0.85790 0.26038 0.86546 0.25058 0.87082 0.25931 0.88495 0.26609 0.88999 0.25955 0.89831 0.26131 0.89996 0.26545 0.90620 0.26677 0.90904 0.27876 0.91238 0.27757 0.91786 0.26733 0.92094 0.24141 0.92347 0.23814 0.92359 0.21918 0.92113 0.21297 0.91696 0.21209 0.91192 0.21862 0.90820 0.21404 0.90568 0.21730 0.89944 0.21599 0.89698 0.20977 0.90258 0.18058 0.90510 0.17732 0.90730 0.15880 0.91411 0.13745 0.91631 0.11893 0.91883 0.11567 0.92104 0.09715 0.92355 0.09388 0.92529 0.08349 0.90191 0.07856 0.89979 0.09646 0.89726 0.09973 0.89506 0.11825 0.89254 0.12151 0.88946 0.14744 0.88265 0.16878
6 0.94678 1.00000 0.99913 0.55970 0.78195 0.07097 0.58534 0.01430 0.51434 0.16891 0.29839 0.09551 0.29639 0.14824 0.28668 0.14619 0.27619 0.22245 0.28729 0.22479 0.28288 0.26182 0.32618 0.26843 0.32228 0.31317 0.42864 0.36345 0.17835 0.93837 0.47046 1.00000 0.94678 1.00000
6 0.25802 0.19583 0.25496 0.19772 0.24789 0.17345 0.24637 0.15034 0.24514 0.12477 0.24538 0.08686 0.05057 0.02225 0.02856 0.20739 0.19697 0.27072 0.22499 0.23443 0.23975 0.22995 0.25669 0.23099 0.25794 0.20847 0.25802 0.19583
7 0.49333 0.00000 0.49599 0.03025 0.49202 0.06359 0.48950 0.06686 0.48686 0.08908 0.47892 0.09310 0.47009 0.10452 0.46525 0.14527 0.46727 0.15518 0.47559 0.15694 0.47811 0.15368 0.47975 0.15782 0.50725 0.15982 0.51387 0.16691 0.52143 0.15712 0.53416 0.12184 0.52722 0.09949 0.51895 0.08825 0.52116 0.06973 0.52456 0.05906 0.53086 0.05090 0.53754 0.04852 0.54889 0.03382 0.55397 0.00515 0.52954 0.00000 0.49333 0.00000
7 0.88265 0.16878 0.88045 0.18730 0.87749 0.19427 0.86703 0.20155 0.85524 0.21995 0.85644 0.22780 0.85336 0.25372 0.85790 0.26038 0.86546 0.25058 0.87082 0.25931 0.88495 0.26609 0.88999 0.25955 0.89831 0.26131 0.89996 0.26545 0.90620 0.26677 0.90904 0.27876 0.91238 0.27757 0.91786 0.26733 0.92094 0.24141 0.92347 0.23814 0.92359 0.21918 0.92113 0.21297 0.91696 0.21209 0.91192 0.21862 0.90820 0.21404 0.90568 0.21730 0.89944 0.21599 0.89698 0.20977 0.90258 0.18058 0.90510 0.17732 0.90730 0.15880 0.91411 0.13745 0.91631 0.11893 0.91883 0.11567 0.92104 0.09715 0.92355 0.09388 0.92529 0.08349 0.90191 0.07856 0.89979 0.09646 0.89726 0.09973 0.89506 0.11825 0.89254 0.12151 0.88946 0.14744 0.88265 0.16878
6 0.94678 1.00000 0.99913 0.55970 0.78195 0.07097 0.58534 0.01430 0.51434 0.16891 0.29839 0.09551 0.29639 0.14824 0.28668 0.14619 0.27619 0.22245 0.28729 0.22479 0.28288 0.26182 0.32618 0.26843 0.32228 0.31317 0.42864 0.36345 0.17835 0.93837 0.47046 1.00000 0.94678 1.00000
6 0.25802 0.19583 0.25496 0.19772 0.24789 0.17345 0.24637 0.15034 0.24514 0.12477 0.24538 0.08686 0.05057 0.02225 0.02856 0.20739 0.19697 0.27072 0.22499 0.23443 0.23975 0.22995 0.25669 0.23099 0.25794 0.20847 0.25802 0.19583
7 0.49333 0.00000 0.49599 0.03025 0.49202 0.06359 0.48950 0.06686 0.48686 0.08908 0.47892 0.09310 0.47009 0.10452 0.46525 0.14527 0.46727 0.15518 0.47559 0.15694 0.47811 0.15368 0.47975 0.15782 0.50725 0.15982 0.51387 0.16691 0.52143 0.15712 0.53416 0.12184 0.52722 0.09949 0.51895 0.08825 0.52116 0.06973 0.52456 0.05906 0.53086 0.05090 0.53754 0.04852 0.54889 0.03382 0.55397 0.00515 0.52954 0.00000 0.49333 0.00000
7 0.88265 0.16878 0.88045 0.18730 0.87749 0.19427 0.86703 0.20155 0.85524 0.21995 0.85644 0.22780 0.85336 0.25372 0.85790 0.26038 0.86546 0.25058 0.87082 0.25931 0.88495 0.26609 0.88999 0.25955 0.89831 0.26131 0.89996 0.26545 0.90620 0.26677 0.90904 0.27876 0.91238 0.27757 0.91786 0.26733 0.92094 0.24141 0.92347 0.23814 0.92359 0.21918 0.92113 0.21297 0.91696 0.21209 0.91192 0.21862 0.90820 0.21404 0.90568 0.21730 0.89944 0.21599 0.89698 0.20977 0.90258 0.18058 0.90510 0.17732 0.90730 0.15880 0.91411 0.13745 0.91631 0.11893 0.91883 0.11567 0.92104 0.09715 0.92355 0.09388 0.92529 0.08349 0.90191 0.07856 0.89979 0.09646 0.89726 0.09973 0.89506 0.11825 0.89254 0.12151 0.88946 0.14744 0.88265 0.16878
6 0.94678 1.00000 0.99913 0.55970 0.78195 0.07097 0.58534 0.01430 0.51434 0.16891 0.29839 0.09551 0.29639 0.14824 0.28668 0.14619 0.27619 0.22245 0.28729 0.22479 0.28288 0.26182 0.32618 0.26843 0.32228 0.31317 0.42864 0.36345 0.17835 0.93837 0.47046 1.00000 0.94678 1.00000
6 0.25802 0.19583 0.25496 0.19772 0.24789 0.17345 0.24637 0.15034 0.24514 0.12477 0.24538 0.08686 0.05057 0.02225 0.02856 0.20739 0.19697 0.27072 0.22499 0.23443 0.23975 0.22995 0.25669 0.23099 0.25794 0.20847 0.25802 0.19583
7 0.49333 0.00000 0.49599 0.03025 0.49202 0.06359 0.48950 0.06686 0.48686 0.08908 0.47892 0.09310 0.47009 0.10452 0.46525 0.14527 0.46727 0.15518 0.47559 0.15694 0.47811 0.15368 0.47975 0.15782 0.50725 0.15982 0.51387 0.16691 0.52143 0.15712 0.53416 0.12184 0.52722 0.09949 0.51895 0.08825 0.52116 0.06973 0.52456 0.05906 0.53086 0.05090 0.53754 0.04852 0.54889 0.03382 0.55397 0.00515 0.52954 0.00000 0.49333 0.00000
7 0.88265 0.16878 0.88045 0.18730 0.87749 0.19427 0.86703 0.20155 0.85524 0.21995 0.85644 0.22780 0.85336 0.25372 0.85790 0.26038 0.86546 0.25058 0.87082 0.25931 0.88495 0.26609 0.88999 0.25955 0.89831 0.26131 0.89996 0.26545 0.90620 0.26677 0.90904 0.27876 0.91238 0.27757 0.91786 0.26733 0.92094 0.24141 0.92347 0.23814 0.92359 0.21918 0.92113 0.21297 0.91696 0.21209 0.91192 0.21862 0.90820 0.21404 0.90568 0.21730 0.89944 0.21599 0.89698 0.20977 0.90258 0.18058 0.90510 0.17732 0.90730 0.15880 0.91411 0.13745 0.91631 0.11893 0.91883 0.11567 0.92104 0.09715 0.92355 0.09388 0.92529 0.08349 0.90191 0.07856 0.89979 0.09646 0.89726 0.09973 0.89506 0.11825 0.89254 0.12151 0.88946 0.14744 0.88265 0.16878
6 0.94678 1.00000 0.99913 0.55970 0.78195 0.07097 0.58534 0.01430 0.51434 0.16891 0.29839 0.09551 0.29639 0.14824 0.28668 0.14619 0.27619 0.22245 0.28729 0.22479 0.28288 0.26182 0.32618 0.26843 0.32228 0.31317 0.42864 0.36345 0.17835 0.93837 0.47046 1.00000 0.94678 1.00000
6 0.25802 0.19583 0.25496 0.19772 0.24789 0.17345 0.24637 0.15034 0.24514 0.12477 0.24538 0.08686 0.05057 0.02225 0.02856 0.20739 0.19697 0.27072 0.22499 0.23443 0.23975 0.22995 0.25669 0.23099 0.25794 0.20847 0.25802 0.19583
7 0.49333 0.00000 0.49599 0.03025 0.49202 0.06359 0.48950 0.06686 0.48686 0.08908 0.47892 0.09310 0.47009 0.10452 0.46525 0.14527 0.46727 0.15518 0.47559 0.15694 0.47811 0.15368 0.47975 0.15782 0.50725 0.15982 0.51387 0.16691 0.52143 0.15712 0.53416 0.12184 0.52722 0.09949 0.51895 0.08825 0.52116 0.06973 0.52456 0.05906 0.53086 0.05090 0.53754 0.04852 0.54889 0.03382 0.55397 0.00515 0.52954 0.00000 0.49333 0.00000
7 0.88265 0.16878 0.88045 0.18730 0.87749 0.19427 0.86703 0.20155 0.85524 0.21995 0.85644 0.22780 0.85336 0.25372 0.85790 0.26038 0.86546 0.25058 0.87082 0.25931 0.88495 0.26609 0.88999 0.25955 0.89831 0.26131 0.89996 0.26545 0.90620 0.26677 0.90904 0.27876 0.91238 0.27757 0.91786 0.26733 0.92094 0.24141 0.92347 0.23814 0.92359 0.21918 0.92113 0.21297 0.91696 0.21209 0.91192 0.21862 0.90820 0.21404 0.90568 0.21730 0.89944 0.21599 0.89698 0.20977 0.90258 0.18058 0.90510 0.17732 0.90730 0.15880 0.91411 0.13745 0.91631 0.11893 0.91883 0.11567 0.92104 0.09715 0.92355 0.09388 0.92529 0.08349 0.90191 0.07856 0.89979 0.09646 0.89726 0.09973 0.89506 0.11825 0.89254 0.12151 0.88946 0.14744 0.88265 0.16878
6 0.94678 1.00000 0.99913 0.55970 0.78195 0.07097 0.58534 0.01430 0.51434 0.16891 0.29839 0.09551 0.29639 0.14824 0.28668 0.14619 0.27619 0.22245 0.28729 0.22479 0.28288 0.26182 0.32618 0.26843 0.32228 0.31317 0.42864 0.36345 0.17835 0.93837 0.47046 1.00000 0.94678 1.00000
6 0.25802 0.19583 0.25496 0.19772 0.24789 0.17345 0.24637 0.15034 0.24514 0.12477 0.24538 0.08686 0.05057 0.02225 0.02856 0.20739 0.19697 0.27072 0.22499 0.23443 0.23975 0.22995 0.25669 0.23099 0.25794 0.20847 0.25802 0.19583
7 0.49333 0.00000 0.49599 0.03025 0.49202 0.06359 0.48950 0.06686 0.48686 0.08908 0.47892 0.09310 0.47009 0.10452 0.46525 0.14527 0.46727 0.15518 0.47559 0.15694 0.47811 0.15368 0.47975 0.15782 0.50725 0.15982 0.51387 0.16691 0.52143 0.15712 0.53416 0.12184 0.52722 0.09949 0.51895 0.08825 0.52116 0.06973 0.52456 0.05906 0.53086 0.05090 0.53754 0.04852 0.54889 0.03382 0.55397 0.00515 0.52954 0.00000 0.49333 0.00000
7 0.88265 0.16878 0.88045 0.18730 0.87749 0.19427 0.86703 0.20155 0.85524 0.21995 0.85644 0.22780 0.85336 0.25372 0.85790 0.26038 0.86546 0.25058 0.87082 0.25931 0.88495 0.26609 0.88999 0.25955 0.89831 0.26131 0.89996 0.26545 0.90620 0.26677 0.90904 0.27876 0.91238 0.27757 0.91786 0.26733 0.92094 0.24141 0.92347 0.23814 0.92359 0.21918 0.92113 0.21297 0.91696 0.21209 0.91192 0.21862 0.90820 0.21404 0.90568 0.21730 0.89944 0.21599 0.89698 0.20977 0.90258 0.18058 0.90510 0.17732 0.90730 0.15880 0.91411 0.13745 0.91631 0.11893 0.91883 0.11567 0.92104 0.09715 0.92355 0.09388 0.92529 0.08349 0.90191 0.07856 0.89979 0.09646 0.89726 0.09973 0.89506 0.11825 0.89254 0.12151 0.88946 0.14744 0.88265 0.16878
6 0.94678 1.00000 0.99913 0.55970 0.78195 0.07097 0.58534 0.01430 0.51434 0.16891 0.29839 0.09551 0.29639 0.14824 0.28668 0.14619 0.27619 0.22245 0.28729 0.22479 0.28288 0.26182 0.32618 0.26843 0.32228 0.31317 0.42864 0.36345 0.17835 0.93837 0.47046 1.00000 0.94678 1.00000
6 0.25802 0.19583 0.25496 0.19772 0.24789 0.17345 0.24637 0.15034 0.24514 0.12477 0.24538 0.08686 0.05057 0.02225 0.02856 0.20739 0.19697 0.27072 0.22499 0.23443 0.23975 0.22995 0.25669 0.23099 0.25794 0.20847 0.25802 0.19583
