6 0.48689 0.00000 0.35070 0.01269 0.34966 0.01524 0.17868 0.02871 0.17798 0.06816 0.18629 0.09447 0.19894 0.09821 0.21699 0.09900 0.21741 0.13342 0.31187 0.13939 0.03583 1.00000 0.51311 1.00000 1.00000 0.95465 1.00000 0.55584 0.63930 0.00000 0.48689 0.00000
6 0.00000 0.12904 0.13422 0.13132 0.14383 0.10335 0.16174 0.10168 0.16786 0.08634 0.16834 0.06906 0.16507 0.05952 0.15878 0.04533 0.14974 0.03140 0.00000 0.04535 0.00000 0.12904
6 0.48689 0.00000 0.35070 0.01269 0.34966 0.01524 0.17868 0.02871 0.17798 0.06816 0.18629 0.09447 0.19894 0.09821 0.21699 0.09900 0.21741 0.13342 0.31187 0.13939 0.03583 1.00000 0.51311 1.00000 1.00000 0.95465 1.00000 0.55584 0.63930 0.00000 0.48689 0.00000
6 0.00000 0.12904 0.13422 0.13132 0.14383 0.10335 0.16174 0.10168 0.16786 0.08634 0.16834 0.06906 0.16507 0.05952 0.15878 0.04533 0.14974 0.03140 0.00000 0.04535 0.00000 0.12904
6 0.48689 0.00000 0.35070 0.01269 0.34966 0.01524 0.17868 0.02871 0.17798 0.06816 0.18629 0.09447 0.19894 0.09821 0.21699 0.09900 0.21741 0.13342 0.31187 0.13939 0.03583 1.00000 0.51311 1.00000 1.00000 0.95465 1.00000 0.55584 0.63930 0.00000 0.48689 0.00000
6 0.00000 0.12904 0.13422 0.13132 0.14383 0.10335 0.16174 0.10168 0.16786 0.08634 0.16834 0.06906 0.16507 0.05952 0.15878 0.04533 0.14974 0.03140 0.00000 0.04535 0.00000 0.12904
6 0.48689 0.00000 0.35070 0.01269 0.34966 0.01524 0.17868 0.02871 0.17798 0.06816 0.18629 0.09447 0.19894 0.09821 0.21699 0.09900 0.21741 0.13342 0.31187 0.13939 0.03583 1.00000 0.51311 1.00000 1.00000 0.95465 1.00000 0.55584 0.63930 0.00000 0.48689 0.00000
6 0.00000 0.12904 0.13422 0.13132 0.14383 0.10335 0.16174 0.10168 0.16786 0.08634 0.16834 0.06906 0.16507 0.05952 0.15878 0.04533 0.14974 0.03140 0.00000 0.04535 0.00000 0.12904
6 0.48689 0.00000 0.35070 0.01269 0.34966 0.01524 0.17868 0.02871 0.17798 0.06816 0.18629 0.09447 0.19894 0.09821 0.21699 0.09900 0.21741 0.13342 0.31187 0.13939 0.03583 1.00000 0.51311 1.00000 1.00000 0.95465 1.00000 0.55584 0.63930 0.00000 0.48689 0.00000
6 0.00000 0.12904 0.13422 0.13132 0.14383 0.10335 0.16174 0.10168 0.16786 0.08634 0.16834 0.06906 0.16507 0.05952 0.15878 0.04533 0.14974 0.03140 0.00000 0.04535 0.00000 0.12904
6 0.48689 0.00000 0.35070 0.01269 0.34966 0.01524 0.17868 0.02871 0.17798 0.06816 0.18629 0.09447 0.19894 0.09821 0.21699 0.09900 0.21741 0.13342 0.31187 0.13939 0.03583 1.00000 0.51311 1.00000 1.00000 0.95465 1.00000 0.55584 0.63930 0.00000 0.48689 0.00000
6 0.00000 0.12904 0.13422 0.13132 0.14383 0.10335 0.16174 0.10168 0.16786 0.08634 0.16834 0.06906 0.16507 0.05952 0.15878 0.04533 0.14974 0.03140 0.00000 0.04535 0.00000 0.12904
