6 0.30411 1.00000 0.30113 0.99622 0.28517 0.98559 0.28118 0.97850 0.25924 0.96077 0.25525 0.95369 0.21336 0.91824 0.19541 0.90761 0.17746 0.88989 0.17347 0.88989 0.15951 0.87571 0.15552 0.87571 0.11363 0.83672 0.10964 0.83672 0.06975 0.80128 0.06376 0.79064 0.05778 0.79064 0.04781 0.78355 0.03783 0.78355 0.03584 0.78001 0.01988 0.78001 0.01789 0.77646 0.00193 0.77646 0.00000 0.77304 0.00000 1.00000 0.30411 1.00000
2 0.25725 0.84027 0.24927 0.84027 0.24428 0.82432 0.24428 0.81368 0.25226 0.78178 0.25226 0.77469 0.25824 0.75697 0.25824 0.74634 0.26622 0.70735 0.26622 0.68963 0.26323 0.68431 0.20339 0.69140 0.20140 0.69494 0.19342 0.69494 0.18843 0.70735 0.20239 0.73570 0.21436 0.77469 0.22633 0.79950 0.22833 0.81014 0.22833 0.84913 0.21835 0.85621 0.21835 0.88103 0.19940 0.88989 0.19840 0.90229 0.20140 0.90761 0.21536 0.91115 0.22334 0.91824 0.23231 0.91647 0.23730 0.90761 0.26124 0.90052 0.26921 0.89343 0.28118 0.89698 0.28617 0.88811 0.28517 0.86862 0.27321 0.86153 0.26921 0.86507 0.26523 0.86153 0.26223 0.85621 0.26223 0.84913 0.25725 0.84027
6 0.30411 1.00000 0.30113 0.99622 0.28517 0.98559 0.28118 0.97850 0.25924 0.96077 0.25525 0.95369 0.21336 0.91824 0.19541 0.90761 0.17746 0.88989 0.17347 0.88989 0.15951 0.87571 0.15552 0.87571 0.11363 0.83672 0.10964 0.83672 0.06975 0.80128 0.06376 0.79064 0.05778 0.79064 0.04781 0.78355 0.03783 0.78355 0.03584 0.78001 0.01988 0.78001 0.01789 0.77646 0.00193 0.77646 0.00000 0.77304 0.00000 1.00000 0.30411 1.00000
2 0.25725 0.84027 0.24927 0.84027 0.24428 0.82432 0.24428 0.81368 0.25226 0.78178 0.25226 0.77469 0.25824 0.75697 0.25824 0.74634 0.26622 0.70735 0.26622 0.68963 0.26323 0.68431 0.20339 0.69140 0.20140 0.69494 0.19342 0.69494 0.18843 0.70735 0.20239 0.73570 0.21436 0.77469 0.22633 0.79950 0.22833 0.81014 0.22833 0.84913 0.21835 0.85621 0.21835 0.88103 0.19940 0.88989 0.19840 0.90229 0.20140 0.90761 0.21536 0.91115 0.22334 0.91824 0.23231 0.91647 0.23730 0.90761 0.26124 0.90052 0.26921 0.89343 0.28118 0.89698 0.28617 0.88811 0.28517 0.86862 0.27321 0.86153 0.26921 0.86507 0.26523 0.86153 0.26223 0.85621 0.26223 0.84913 0.25725 0.84027
6 0.30411 1.00000 0.30113 0.99622 0.28517 0.98559 0.28118 0.97850 0.25924 0.96077 0.25525 0.95369 0.21336 0.91824 0.19541 0.90761 0.17746 0.88989 0.17347 0.88989 0.15951 0.87571 0.15552 0.87571 0.11363 0.83672 0.10964 0.83672 0.06975 0.80128 0.06376 0.79064 0.05778 0.79064 0.04781 0.78355 0.03783 0.78355 0.03584 0.78001 0.01988 0.78001 0.01789 0.77646 0.00193 0.77646 0.00000 0.77304 0.00000 1.00000 0.30411 1.00000
2 0.25725 0.84027 0.24927 0.84027 0.24428 0.82432 0.24428 0.81368 0.25226 0.78178 0.25226 0.77469 0.25824 0.75697 0.25824 0.74634 0.26622 0.70735 0.26622 0.68963 0.26323 0.68431 0.20339 0.69140 0.20140 0.69494 0.19342 0.69494 0.18843 0.70735 0.20239 0.73570 0.21436 0.77469 0.22633 0.79950 0.22833 0.81014 0.22833 0.84913 0.21835 0.85621 0.21835 0.88103 0.19940 0.88989 0.19840 0.90229 0.20140 0.90761 0.21536 0.91115 0.22334 0.91824 0.23231 0.91647 0.23730 0.90761 0.26124 0.90052 0.26921 0.89343 0.28118 0.89698 0.28617 0.88811 0.28517 0.86862 0.27321 0.86153 0.26921 0.86507 0.26523 0.86153 0.26223 0.85621 0.26223 0.84913 0.25725 0.84027
6 0.30411 1.00000 0.30113 0.99622 0.28517 0.98559 0.28118 0.97850 0.25924 0.96077 0.25525 0.95369 0.21336 0.91824 0.19541 0.90761 0.17746 0.88989 0.17347 0.88989 0.15951 0.87571 0.15552 0.87571 0.11363 0.83672 0.10964 0.83672 0.06975 0.80128 0.06376 0.79064 0.05778 0.79064 0.04781 0.78355 0.03783 0.78355 0.03584 0.78001 0.01988 0.78001 0.01789 0.77646 0.00193 0.77646 0.00000 0.77304 0.00000 1.00000 0.30411 1.00000
2 0.25725 0.84027 0.24927 0.84027 0.24428 0.82432 0.24428 0.81368 0.25226 0.78178 0.25226 0.77469 0.25824 0.75697 0.25824 0.74634 0.26622 0.70735 0.26622 0.68963 0.26323 0.68431 0.20339 0.69140 0.20140 0.69494 0.19342 0.69494 0.18843 0.70735 0.20239 0.73570 0.21436 0.77469 0.22633 0.79950 0.22833 0.81014 0.22833 0.84913 0.21835 0.85621 0.21835 0.88103 0.19940 0.88989 0.19840 0.90229 0.20140 0.90761 0.21536 0.91115 0.22334 0.91824 0.23231 0.91647 0.23730 0.90761 0.26124 0.90052 0.26921 0.89343 0.28118 0.89698 0.28617 0.88811 0.28517 0.86862 0.27321 0.86153 0.26921 0.86507 0.26523 0.86153 0.26223 0.85621 0.26223 0.84913 0.25725 0.84027
6 0.30411 1.00000 0.30113 0.99622 0.28517 0.98559 0.28118 0.97850 0.25924 0.96077 0.25525 0.95369 0.21336 0.91824 0.19541 0.90761 0.17746 0.88989 0.17347 0.88989 0.15951 0.87571 0.15552 0.87571 0.11363 0.83672 0.10964 0.83672 0.06975 0.80128 0.06376 0.79064 0.05778 0.79064 0.04781 0.78355 0.03783 0.78355 0.03584 0.78001 0.01988 0.78001 0.01789 0.77646 0.00193 0.77646 0.00000 0.77304 0.00000 1.00000 0.30411 1.00000
2 0.25725 0.84027 0.24927 0.84027 0.24428 0.82432 0.24428 0.81368 0.25226 0.78178 0.25226 0.77469 0.25824 0.75697 0.25824 0.74634 0.26622 0.70735 0.26622 0.68963 0.26323 0.68431 0.20339 0.69140 0.20140 0.69494 0.19342 0.69494 0.18843 0.70735 0.20239 0.73570 0.21436 0.77469 0.22633 0.79950 0.22833 0.81014 0.22833 0.84913 0.21835 0.85621 0.21835 0.88103 0.19940 0.88989 0.19840 0.90229 0.20140 0.90761 0.21536 0.91115 0.22334 0.91824 0.23231 0.91647 0.23730 0.90761 0.26124 0.90052 0.26921 0.89343 0.28118 0.89698 0.28617 0.88811 0.28517 0.86862 0.27321 0.86153 0.26921 0.86507 0.26523 0.86153 0.26223 0.85621 0.26223 0.84913 0.25725 0.84027
6 0.30411 1.00000 0.30113 0.99622 0.28517 0.98559 0.28118 0.97850 0.25924 0.96077 0.25525 0.95369 0.21336 0.91824 0.19541 0.90761 0.17746 0.88989 0.17347 0.88989 0.15951 0.87571 0.15552 0.87571 0.11363 0.83672 0.10964 0.83672 0.06975 0.80128 0.06376 0.79064 0.05778 0.79064 0.04781 0.78355 0.03783 0.78355 0.03584 0.78001 0.01988 0.78001 0.01789 0.77646 0.00193 0.77646 0.00000 0.77304 0.00000 1.00000 0.30411 1.00000
2 0.25725 0.84027 0.24927 0.84027 0.24428 0.82432 0.24428 0.81368 0.25226 0.78178 0.25226 0.77469 0.25824 0.75697 0.25824 0.74634 0.26622 0.70735 0.26622 0.68963 0.26323 0.68431 0.20339 0.69140 0.20140 0.69494 0.19342 0.69494 0.18843 0.70735 0.20239 0.73570 0.21436 0.77469 0.22633 0.79950 0.22833 0.81014 0.22833 0.84913 0.21835 0.85621 0.21835 0.88103 0.19940 0.88989 0.19840 0.90229 0.20140 0.90761 0.21536 0.91115 0.22334 0.91824 0.23231 0.91647 0.23730 0.90761 0.26124 0.90052 0.26921 0.89343 0.28118 0.89698 0.28617 0.88811 0.28517 0.86862 0.27321 0.86153 0.26921 0.86507 0.26523 0.86153 0.26223 0.85621 0.26223 0.84913 0.25725 0.84027
