5 0.00000 0.81807 0.02679 0.83080 0.09192 0.80594 0.09505 0.78655 0.06433 0.76689 0.06095 0.74285 0.05181 0.74501 0.05099 0.70573 0.06260 0.70095 0.08588 0.64934 0.09088 0.59227 0.06881 0.54310 0.03638 0.54714 0.01221 0.59098 0.00726 0.66696 0.03188 0.71141 0.02950 0.75186 0.01428 0.75850 0.00944 0.77147 0.00000 0.77362 0.00000 0.81807
6 0.00000 0.96578 0.24025 0.98255 0.22395 0.97022 0.21768 0.96978 0.21170 0.96189 0.19720 0.95715 0.18508 0.94511 0.17881 0.94467 0.15638 0.92817 0.15010 0.92773 0.13186 0.91153 0.12349 0.91095 0.08880 0.88613 0.06818 0.87722 0.04784 0.86087 0.04157 0.86043 0.01301 0.83978 0.00673 0.83934 0.00000 0.83336 0.00000 0.96578
5 0.00000 0.81807 0.02679 0.83080 0.09192 0.80594 0.09505 0.78655 0.06433 0.76689 0.06095 0.74285 0.05181 0.74501 0.05099 0.70573 0.06260 0.70095 0.08588 0.64934 0.09088 0.59227 0.06881 0.54310 0.03638 0.54714 0.01221 0.59098 0.00726 0.66696 0.03188 0.71141 0.02950 0.75186 0.01428 0.75850 0.00944 0.77147 0.00000 0.77362 0.00000 0.81807
6 0.00000 0.96578 0.24025 0.98255 0.22395 0.97022 0.21768 0.96978 0.21170 0.96189 0.19720 0.95715 0.18508 0.94511 0.17881 0.94467 0.15638 0.92817 0.15010 0.92773 0.13186 0.91153 0.12349 0.91095 0.08880 0.88613 0.06818 0.87722 0.04784 0.86087 0.04157 0.86043 0.01301 0.83978 0.00673 0.83934 0.00000 0.83336 0.00000 0.96578
5 0.00000 0.81807 0.02679 0.83080 0.09192 0.80594 0.09505 0.78655 0.06433 0.76689 0.06095 0.74285 0.05181 0.74501 0.05099 0.70573 0.06260 0.70095 0.08588 0.64934 0.09088 0.59227 0.06881 0.54310 0.03638 0.54714 0.01221 0.59098 0.00726 0.66696 0.03188 0.71141 0.02950 0.75186 0.01428 0.75850 0.00944 0.77147 0.00000 0.77362 0.00000 0.81807
6 0.00000 0.96578 0.24025 0.98255 0.22395 0.97022 0.21768 0.96978 0.21170 0.96189 0.19720 0.95715 0.18508 0.94511 0.17881 0.94467 0.15638 0.92817 0.15010 0.92773 0.13186 0.91153 0.12349 0.91095 0.08880 0.88613 0.06818 0.87722 0.04784 0.86087 0.04157 0.86043 0.01301 0.83978 0.00673 0.83934 0.00000 0.83336 0.00000 0.96578
5 0.00000 0.81807 0.02679 0.83080 0.09192 0.80594 0.09505 0.78655 0.06433 0.76689 0.06095 0.74285 0.05181 0.74501 0.05099 0.70573 0.06260 0.70095 0.08588 0.64934 0.09088 0.59227 0.06881 0.54310 0.03638 0.54714 0.01221 0.59098 0.00726 0.66696 0.03188 0.71141 0.02950 0.75186 0.01428 0.75850 0.00944 0.77147 0.00000 0.77362 0.00000 0.81807
6 0.00000 0.96578 0.24025 0.98255 0.22395 0.97022 0.21768 0.96978 0.21170 0.96189 0.19720 0.95715 0.18508 0.94511 0.17881 0.94467 0.15638 0.92817 0.15010 0.92773 0.13186 0.91153 0.12349 0.91095 0.08880 0.88613 0.06818 0.87722 0.04784 0.86087 0.04157 0.86043 0.01301 0.83978 0.00673 0.83934 0.00000 0.83336 0.00000 0.96578
5 0.00000 0.81807 0.02679 0.83080 0.09192 0.80594 0.09505 0.78655 0.06433 0.76689 0.06095 0.74285 0.05181 0.74501 0.05099 0.70573 0.06260 0.70095 0.08588 0.64934 0.09088 0.59227 0.06881 0.54310 0.03638 0.54714 0.01221 0.59098 0.00726 0.66696 0.03188 0.71141 0.02950 0.75186 0.01428 0.75850 0.00944 0.77147 0.00000 0.77362 0.00000 0.81807
6 0.00000 0.96578 0.24025 0.98255 0.22395 0.97022 0.21768 0.96978 0.21170 0.96189 0.19720 0.95715 0.18508 0.94511 0.17881 0.94467 0.15638 0.92817 0.15010 0.92773 0.13186 0.91153 0.12349 0.91095 0.08880 0.88613 0.06818 0.87722 0.04784 0.86087 0.04157 0.86043 0.01301 0.83978 0.00673 0.83934 0.00000 0.83336 0.00000 0.96578
