6 0.49672 0.00000 0.00000 0.01155 0.00000 0.10434 0.41898 0.52889 0.58486 0.53449 0.57950 0.53106 0.65933 0.46603 0.91385 0.46957 0.91349 0.44239 0.90589 0.43715 0.90824 0.41404 0.86565 0.41148 0.86407 0.39202 0.75628 0.38743 0.75096 0.38755 0.99586 0.17834 0.99352 0.00000 0.49672 0.00000
7 0.32031 0.44865 0.32237 0.44581 0.32226 0.43743 0.31267 0.42509 0.31057 0.42514 0.30845 0.42239 0.30426 0.42249 0.30220 0.42533 0.25822 0.42636 0.25609 0.42361 0.25191 0.42371 0.25088 0.42513 0.25143 0.46701 0.25458 0.46833 0.25672 0.47108 0.26509 0.47088 0.26722 0.47363 0.27141 0.47353 0.27347 0.47069 0.28184 0.47049 0.28291 0.47186 0.28426 0.57517 0.28221 0.57802 0.28239 0.59197 0.28665 0.59746 0.28775 0.60162 0.31079 0.60109 0.31182 0.59967 0.31138 0.56616 0.30925 0.56342 0.30822 0.48524 0.30183 0.47701 0.30491 0.47275 0.31748 0.47246 0.32057 0.46820 0.32053 0.46540 0.31840 0.46266 0.32248 0.45419 0.32035 0.45144 0.32031 0.44865
7 0.67406 0.50886 0.66892 0.51596 0.66932 0.54667 0.66726 0.54951 0.66741 0.56068 0.66954 0.56342 0.66969 0.57459 0.66763 0.57743 0.66796 0.60256 0.67116 0.60668 0.67325 0.60663 0.67538 0.60937 0.69213 0.60898 0.69316 0.60756 0.69301 0.59639 0.69507 0.59355 0.69401 0.51258 0.69082 0.50846 0.68663 0.50856 0.68343 0.50445 0.68336 0.49886 0.68020 0.49754 0.67921 0.50175 0.67715 0.50459 0.67718 0.50738 0.67406 0.50886
6 0.49672 0.00000 0.00000 0.01155 0.00000 0.10434 0.41898 0.52889 0.58486 0.53449 0.57950 0.53106 0.65933 0.46603 0.91385 0.46957 0.91349 0.44239 0.90589 0.43715 0.90824 0.41404 0.86565 0.41148 0.86407 0.39202 0.75628 0.38743 0.75096 0.38755 0.99586 0.17834 0.99352 0.00000 0.49672 0.00000
7 0.32031 0.44865 0.32237 0.44581 0.32226 0.43743 0.31267 0.42509 0.31057 0.42514 0.30845 0.42239 0.30426 0.42249 0.30220 0.42533 0.25822 0.42636 0.25609 0.42361 0.25191 0.42371 0.25088 0.42513 0.25143 0.46701 0.25458 0.46833 0.25672 0.47108 0.26509 0.47088 0.26722 0.47363 0.27141 0.47353 0.27347 0.47069 0.28184 0.47049 0.28291 0.47186 0.28426 0.57517 0.28221 0.57802 0.28239 0.59197 0.28665 0.59746 0.28775 0.60162 0.31079 0.60109 0.31182 0.59967 0.31138 0.56616 0.30925 0.56342 0.30822 0.48524 0.30183 0.47701 0.30491 0.47275 0.31748 0.47246 0.32057 0.46820 0.32053 0.46540 0.31840 0.46266 0.32248 0.45419 0.32035 0.45144 0.32031 0.44865
7 0.67406 0.50886 0.66892 0.51596 0.66932 0.54667 0.66726 0.54951 0.66741 0.56068 0.66954 0.56342 0.66969 0.57459 0.66763 0.57743 0.66796 0.60256 0.67116 0.60668 0.67325 0.60663 0.67538 0.60937 0.69213 0.60898 0.69316 0.60756 0.69301 0.59639 0.69507 0.59355 0.69401 0.51258 0.69082 0.50846 0.68663 0.50856 0.68343 0.50445 0.68336 0.49886 0.68020 0.49754 0.67921 0.50175 0.67715 0.50459 0.67718 0.50738 0.67406 0.50886
6 0.49672 0.00000 0.00000 0.01155 0.00000 0.10434 0.41898 0.52889 0.58486 0.53449 0.57950 0.53106 0.65933 0.46603 0.91385 0.46957 0.91349 0.44239 0.90589 0.43715 0.90824 0.41404 0.86565 0.41148 0.86407 0.39202 0.75628 0.38743 0.75096 0.38755 0.99586 0.17834 0.99352 0.00000 0.49672 0.00000
7 0.32031 0.44865 0.32237 0.44581 0.32226 0.43743 0.31267 0.42509 0.31057 0.42514 0.30845 0.42239 0.30426 0.42249 0.30220 0.42533 0.25822 0.42636 0.25609 0.42361 0.25191 0.42371 0.25088 0.42513 0.25143 0.46701 0.25458 0.46833 0.25672 0.47108 0.26509 0.47088 0.26722 0.47363 0.27141 0.47353 0.27347 0.47069 0.28184 0.47049 0.28291 0.47186 0.28426 0.57517 0.28221 0.57802 0.28239 0.59197 0.28665 0.59746 0.28775 0.60162 0.31079 0.60109 0.31182 0.59967 0.31138 0.56616 0.30925 0.56342 0.30822 0.48524 0.30183 0.47701 0.30491 0.47275 0.31748 0.47246 0.32057 0.46820 0.32053 0.46540 0.31840 0.46266 0.32248 0.45419 0.32035 0.45144 0.32031 0.44865
7 0.67406 0.50886 0.66892 0.51596 0.66932 0.54667 0.66726 0.54951 0.66741 0.56068 0.66954 0.56342 0.66969 0.57459 0.66763 0.57743 0.66796 0.60256 0.67116 0.60668 0.67325 0.60663 0.67538 0.60937 0.69213 0.60898 0.69316 0.60756 0.69301 0.59639 0.69507 0.59355 0.69401 0.51258 0.69082 0.50846 0.68663 0.50856 0.68343 0.50445 0.68336 0.49886 0.68020 0.49754 0.67921 0.50175 0.67715 0.50459 0.67718 0.50738 0.67406 0.50886
6 0.49672 0.00000 0.00000 0.01155 0.00000 0.10434 0.41898 0.52889 0.58486 0.53449 0.57950 0.53106 0.65933 0.46603 0.91385 0.46957 0.91349 0.44239 0.90589 0.43715 0.90824 0.41404 0.86565 0.41148 0.86407 0.39202 0.75628 0.38743 0.75096 0.38755 0.99586 0.17834 0.99352 0.00000 0.49672 0.00000
7 0.32031 0.44865 0.32237 0.44581 0.32226 0.43743 0.31267 0.42509 0.31057 0.42514 0.30845 0.42239 0.30426 0.42249 0.30220 0.42533 0.25822 0.42636 0.25609 0.42361 0.25191 0.42371 0.25088 0.42513 0.25143 0.46701 0.25458 0.46833 0.25672 0.47108 0.26509 0.47088 0.26722 0.47363 0.27141 0.47353 0.27347 0.47069 0.28184 0.47049 0.28291 0.47186 0.28426 0.57517 0.28221 0.57802 0.28239 0.59197 0.28665 0.59746 0.28775 0.60162 0.31079 0.60109 0.31182 0.59967 0.31138 0.56616 0.30925 0.56342 0.30822 0.48524 0.30183 0.47701 0.30491 0.47275 0.31748 0.47246 0.32057 0.46820 0.32053 0.46540 0.31840 0.46266 0.32248 0.45419 0.32035 0.45144 0.32031 0.44865
7 0.67406 0.50886 0.66892 0.51596 0.66932 0.54667 0.66726 0.54951 0.66741 0.56068 0.66954 0.56342 0.66969 0.57459 0.66763 0.57743 0.66796 0.60256 0.67116 0.60668 0.67325 0.60663 0.67538 0.60937 0.69213 0.60898 0.69316 0.60756 0.69301 0.59639 0.69507 0.59355 0.69401 0.51258 0.69082 0.50846 0.68663 0.50856 0.68343 0.50445 0.68336 0.49886 0.68020 0.49754 0.67921 0.50175 0.67715 0.50459 0.67718 0.50738 0.67406 0.50886
6 0.49672 0.00000 0.00000 0.01155 0.00000 0.10434 0.41898 0.52889 0.58486 0.53449 0.57950 0.53106 0.65933 0.46603 0.91385 0.46957 0.91349 0.44239 0.90589 0.43715 0.90824 0.41404 0.86565 0.41148 0.86407 0.39202 0.75628 0.38743 0.75096 0.38755 0.99586 0.17834 0.99352 0.00000 0.49672 0.00000
7 0.32031 0.44865 0.32237 0.44581 0.32226 0.43743 0.31267 0.42509 0.31057 0.42514 0.30845 0.42239 0.30426 0.42249 0.30220 0.42533 0.25822 0.42636 0.25609 0.42361 0.25191 0.42371 0.25088 0.42513 0.25143 0.46701 0.25458 0.46833 0.25672 0.47108 0.26509 0.47088 0.26722 0.47363 0.27141 0.47353 0.27347 0.47069 0.28184 0.47049 0.28291 0.47186 0.28426 0.57517 0.28221 0.57802 0.28239 0.59197 0.28665 0.59746 0.28775 0.60162 0.31079 0.60109 0.31182 0.59967 0.31138 0.56616 0.30925 0.56342 0.30822 0.48524 0.30183 0.47701 0.30491 0.47275 0.31748 0.47246 0.32057 0.46820 0.32053 0.46540 0.31840 0.46266 0.32248 0.45419 0.32035 0.45144 0.32031 0.44865
7 0.67406 0.50886 0.66892 0.51596 0.66932 0.54667 0.66726 0.54951 0.66741 0.56068 0.66954 0.56342 0.66969 0.57459 0.66763 0.57743 0.66796 0.60256 0.67116 0.60668 0.67325 0.60663 0.67538 0.60937 0.69213 0.60898 0.69316 0.60756 0.69301 0.59639 0.69507 0.59355 0.69401 0.51258 0.69082 0.50846 0.68663 0.50856 0.68343 0.50445 0.68336 0.49886 0.68020 0.49754 0.67921 0.50175 0.67715 0.50459 0.67718 0.50738 0.67406 0.50886
6 0.49672 0.00000 0.00000 0.01155 0.00000 0.10434 0.41898 0.52889 0.58486 0.53449 0.57950 0.53106 0.65933 0.46603 0.91385 0.46957 0.91349 0.44239 0.90589 0.43715 0.90824 0.41404 0.86565 0.41148 0.86407 0.39202 0.75628 0.38743 0.75096 0.38755 0.99586 0.17834 0.99352 0.00000 0.49672 0.00000
7 0.32031 0.44865 0.32237 0.44581 0.32226 0.43743 0.31267 0.42509 0.31057 0.42514 0.30845 0.42239 0.30426 0.42249 0.30220 0.42533 0.25822 0.42636 0.25609 0.42361 0.25191 0.42371 0.25088 0.42513 0.25143 0.46701 0.25458 0.46833 0.25672 0.47108 0.26509 0.47088 0.26722 0.47363 0.27141 0.47353 0.27347 0.47069 0.28184 0.47049 0.28291 0.47186 0.28426 0.57517 0.28221 0.57802 0.28239 0.59197 0.28665 0.59746 0.28775 0.60162 0.31079 0.60109 0.31182 0.59967 0.31138 0.56616 0.30925 0.56342 0.30822 0.48524 0.30183 0.47701 0.30491 0.47275 0.31748 0.47246 0.32057 0.46820 0.32053 0.46540 0.31840 0.46266 0.32248 0.45419 0.32035 0.45144 0.32031 0.44865
7 0.67406 0.50886 0.66892 0.51596 0.66932 0.54667 0.66726 0.54951 0.66741 0.56068 0.66954 0.56342 0.66969 0.57459 0.66763 0.57743 0.66796 0.60256 0.67116 0.60668 0.67325 0.60663 0.67538 0.60937 0.69213 0.60898 0.69316 0.60756 0.69301 0.59639 0.69507 0.59355 0.69401 0.51258 0.69082 0.50846 0.68663 0.50856 0.68343 0.50445 0.68336 0.49886 0.68020 0.49754 0.67921 0.50175 0.67715 0.50459 0.67718 0.50738 0.67406 0.50886
