6 1.00000 0.46509 0.99944 0.45800 0.54378 0.02375 0.49750 0.00601 0.44194 0.00537 0.25458 0.03161 0.21235 0.04105 0.00000 0.10412 0.00000 0.20254 0.21394 0.14275 0.21657 0.17603 0.08997 1.00000 0.51967 1.00000 1.00000 0.93275 1.00000 0.46509
5 0.80650 0.00000 0.80365 0.01913 0.80559 0.08502 0.81924 0.10581 0.84568 0.14067 0.84168 0.18169 0.82497 0.19836 0.78781 0.22330 0.78722 0.24891 0.84529 0.29882 0.93495 0.25644 0.93250 0.22539 0.89722 0.19983 0.88389 0.16900 0.87270 0.16679 0.86934 0.12957 0.89253 0.10955 0.90639 0.05747 0.90948 0.04159 0.90956 0.00000 0.80650 0.00000
6 1.00000 0.46509 0.99944 0.45800 0.54378 0.02375 0.49750 0.00601 0.44194 0.00537 0.25458 0.03161 0.21235 0.04105 0.00000 0.10412 0.00000 0.20254 0.21394 0.14275 0.21657 0.17603 0.08997 1.00000 0.51967 1.00000 1.00000 0.93275 1.00000 0.46509
5 0.80650 0.00000 0.80365 0.01913 0.80559 0.08502 0.81924 0.10581 0.84568 0.14067 0.84168 0.18169 0.82497 0.19836 0.78781 0.22330 0.78722 0.24891 0.84529 0.29882 0.93495 0.25644 0.93250 0.22539 0.89722 0.19983 0.88389 0.16900 0.87270 0.16679 0.86934 0.12957 0.89253 0.10955 0.90639 0.05747 0.90948 0.04159 0.90956 0.00000 0.80650 0.00000
6 1.00000 0.46509 0.99944 0.45800 0.54378 0.02375 0.49750 0.00601 0.44194 0.00537 0.25458 0.03161 0.21235 0.04105 0.00000 0.10412 0.00000 0.20254 0.21394 0.14275 0.21657 0.17603 0.08997 1.00000 0.51967 1.00000 1.00000 0.93275 1.00000 0.46509
5 0.80650 0.00000 0.80365 0.01913 0.80559 0.08502 0.81924 0.10581 0.84568 0.14067 0.84168 0.18169 0.82497 0.19836 0.78781 0.22330 0.78722 0.24891 0.84529 0.29882 0.93495 0.25644 0.93250 0.22539 0.89722 0.19983 0.88389 0.16900 0.87270 0.16679 0.86934 0.12957 0.89253 0.10955 0.90639 0.05747 0.90948 0.04159 0.90956 0.00000 0.80650 0.00000
6 1.00000 0.46509 0.99944 0.45800 0.54378 0.02375 0.49750 0.00601 0.44194 0.00537 0.25458 0.03161 0.21235 0.04105 0.00000 0.10412 0.00000 0.20254 0.21394 0.14275 0.21657 0.17603 0.08997 1.00000 0.51967 1.00000 1.00000 0.93275 1.00000 0.46509
5 0.80650 0.00000 0.80365 0.01913 0.80559 0.08502 0.81924 0.10581 0.84568 0.14067 0.84168 0.18169 0.82497 0.19836 0.78781 0.22330 0.78722 0.24891 0.84529 0.29882 0.93495 0.25644 0.93250 0.22539 0.89722 0.19983 0.88389 0.16900 0.87270 0.16679 0.86934 0.12957 0.89253 0.10955 0.90639 0.05747 0.90948 0.04159 0.90956 0.00000 0.80650 0.00000
6 1.00000 0.46509 0.99944 0.45800 0.54378 0.02375 0.49750 0.00601 0.44194 0.00537 0.25458 0.03161 0.21235 0.04105 0.00000 0.10412 0.00000 0.20254 0.21394 0.14275 0.21657 0.17603 0.08997 1.00000 0.51967 1.00000 1.00000 0.93275 1.00000 0.46509
5 0.80650 0.00000 0.80365 0.01913 0.80559 0.08502 0.81924 0.10581 0.84568 0.14067 0.84168 0.18169 0.82497 0.19836 0.78781 0.22330 0.78722 0.24891 0.84529 0.29882 0.93495 0.25644 0.93250 0.22539 0.89722 0.19983 0.88389 0.16900 0.87270 0.16679 0.86934 0.12957 0.89253 0.10955 0.90639 0.05747 0.90948 0.04159 0.90956 0.00000 0.80650 0.00000
6 1.00000 0.46509 0.99944 0.45800 0.54378 0.02375 0.49750 0.00601 0.44194 0.00537 0.25458 0.03161 0.21235 0.04105 0.00000 0.10412 0.00000 0.20254 0.21394 0.14275 0.21657 0.17603 0.08997 1.00000 0.51967 1.00000 1.00000 0.93275 1.00000 0.46509
5 0.80650 0.00000 0.80365 0.01913 0.80559 0.08502 0.81924 0.10581 0.84568 0.14067 0.84168 0.18169 0.82497 0.19836 0.78781 0.22330 0.78722 0.24891 0.84529 0.29882 0.93495 0.25644 0.93250 0.22539 0.89722 0.19983 0.88389 0.16900 0.87270 0.16679 0.86934 0.12957 0.89253 0.10955 0.90639 0.05747 0.90948 0.04159 0.90956 0.00000 0.80650 0.00000
