6 0.00000 0.25324 0.20016 0.24273 0.20993 0.21718 0.22631 0.20493 0.23053 0.19227 0.22416 0.16697 0.22085 0.16033 0.21226 0.14019 0.20500 0.11983 0.00000 0.13395 0.00000 0.25324
6 0.47704 0.00000 0.45518 0.00358 0.42519 0.10639 0.27257 0.12337 0.30505 0.24836 0.38933 0.25319 0.18974 1.00000 0.52296 1.00000 1.00000 0.92198 1.00000 0.45927 0.99857 0.44370 0.79442 0.16566 0.66611 0.00000 0.47704 0.00000
7 0.42358 0.04795 0.41959 0.00940 0.38565 0.01495 0.39225 0.05756 0.38188 0.06150 0.38213 0.09849 0.42682 0.09679 0.43165 0.06009 0.42358 0.04795
7 0.71840 0.00000 0.71921 0.01664 0.70925 0.02251 0.71281 0.06370 0.76381 0.06882 0.76431 0.01937 0.73943 0.01670 0.73940 0.00000 0.71840 0.00000
6 0.00000 0.25324 0.20016 0.24273 0.20993 0.21718 0.22631 0.20493 0.23053 0.19227 0.22416 0.16697 0.22085 0.16033 0.21226 0.14019 0.20500 0.11983 0.00000 0.13395 0.00000 0.25324
6 0.47704 0.00000 0.45518 0.00358 0.42519 0.10639 0.27257 0.12337 0.30505 0.24836 0.38933 0.25319 0.18974 1.00000 0.52296 1.00000 1.00000 0.92198 1.00000 0.45927 0.99857 0.44370 0.79442 0.16566 0.66611 0.00000 0.47704 0.00000
7 0.42358 0.04795 0.41959 0.00940 0.38565 0.01495 0.39225 0.05756 0.38188 0.06150 0.38213 0.09849 0.42682 0.09679 0.43165 0.06009 0.42358 0.04795
7 0.71840 0.00000 0.71921 0.01664 0.70925 0.02251 0.71281 0.06370 0.76381 0.06882 0.76431 0.01937 0.73943 0.01670 0.73940 0.00000 0.71840 0.00000
6 0.00000 0.25324 0.20016 0.24273 0.20993 0.21718 0.22631 0.20493 0.23053 0.19227 0.22416 0.16697 0.22085 0.16033 0.21226 0.14019 0.20500 0.11983 0.00000 0.13395 0.00000 0.25324
6 0.47704 0.00000 0.45518 0.00358 0.42519 0.10639 0.27257 0.12337 0.30505 0.24836 0.38933 0.25319 0.18974 1.00000 0.52296 1.00000 1.00000 0.92198 1.00000 0.45927 0.99857 0.44370 0.79442 0.16566 0.66611 0.00000 0.47704 0.00000
7 0.42358 0.04795 0.41959 0.00940 0.38565 0.01495 0.39225 0.05756 0.38188 0.06150 0.38213 0.09849 0.42682 0.09679 0.43165 0.06009 0.42358 0.04795
7 0.71840 0.00000 0.71921 0.01664 0.70925 0.02251 0.71281 0.06370 0.76381 0.06882 0.76431 0.01937 0.73943 0.01670 0.73940 0.00000 0.71840 0.00000
6 0.00000 0.25324 0.20016 0.24273 0.20993 0.21718 0.22631 0.20493 0.23053 0.19227 0.22416 0.16697 0.22085 0.16033 0.21226 0.14019 0.20500 0.11983 0.00000 0.13395 0.00000 0.25324
6 0.47704 0.00000 0.45518 0.00358 0.42519 0.10639 0.27257 0.12337 0.30505 0.24836 0.38933 0.25319 0.18974 1.00000 0.52296 1.00000 1.00000 0.92198 1.00000 0.45927 0.99857 0.44370 0.79442 0.16566 0.66611 0.00000 0.47704 0.00000
7 0.42358 0.04795 0.41959 0.00940 0.38565 0.01495 0.39225 0.05756 0.38188 0.06150 0.38213 0.09849 0.42682 0.09679 0.43165 0.06009 0.42358 0.04795
7 0.71840 0.00000 0.71921 0.01664 0.70925 0.02251 0.71281 0.06370 0.76381 0.06882 0.76431 0.01937 0.73943 0.01670 0.73940 0.00000 0.71840 0.00000
6 0.00000 0.25324 0.20016 0.24273 0.20993 0.21718 0.22631 0.20493 0.23053 0.19227 0.22416 0.16697 0.22085 0.16033 0.21226 0.14019 0.20500 0.11983 0.00000 0.13395 0.00000 0.25324
6 0.47704 0.00000 0.45518 0.00358 0.42519 0.10639 0.27257 0.12337 0.30505 0.24836 0.38933 0.25319 0.18974 1.00000 0.52296 1.00000 1.00000 0.92198 1.00000 0.45927 0.99857 0.44370 0.79442 0.16566 0.66611 0.00000 0.47704 0.00000
7 0.42358 0.04795 0.41959 0.00940 0.38565 0.01495 0.39225 0.05756 0.38188 0.06150 0.38213 0.09849 0.42682 0.09679 0.43165 0.06009 0.42358 0.04795
7 0.71840 0.00000 0.71921 0.01664 0.70925 0.02251 0.71281 0.06370 0.76381 0.06882 0.76431 0.01937 0.73943 0.01670 0.73940 0.00000 0.71840 0.00000
6 0.00000 0.25324 0.20016 0.24273 0.20993 0.21718 0.22631 0.20493 0.23053 0.19227 0.22416 0.16697 0.22085 0.16033 0.21226 0.14019 0.20500 0.11983 0.00000 0.13395 0.00000 0.25324
6 0.47704 0.00000 0.45518 0.00358 0.42519 0.10639 0.27257 0.12337 0.30505 0.24836 0.38933 0.25319 0.18974 1.00000 0.52296 1.00000 1.00000 0.92198 1.00000 0.45927 0.99857 0.44370 0.79442 0.16566 0.66611 0.00000 0.47704 0.00000
7 0.42358 0.04795 0.41959 0.00940 0.38565 0.01495 0.39225 0.05756 0.38188 0.06150 0.38213 0.09849 0.42682 0.09679 0.43165 0.06009 0.42358 0.04795
7 0.71840 0.00000 0.71921 0.01664 0.70925 0.02251 0.71281 0.06370 0.76381 0.06882 0.76431 0.01937 0.73943 0.01670 0.73940 0.00000 0.71840 0.00000
