7 0.82884 0.19608 0.83040 0.20674 0.83434 0.20701 0.83659 0.20014 0.84021 0.15820 0.83563 0.14909 0.82967 0.17504 0.82884 0.19608
7 0.79488 0.15503 0.78896 0.15462 0.78617 0.17552 0.78406 0.17889 0.78351 0.19291 0.78626 0.19838 0.78928 0.19684 0.78956 0.18982 0.79377 0.18309 0.79511 0.17439 0.80638 0.18924 0.80808 0.19639 0.81321 0.19147 0.81362 0.18095 0.81573 0.17759 0.81390 0.17394 0.81445 0.15991 0.81656 0.15655 0.82033 0.11110 0.82243 0.10773 0.82900 0.04138 0.83111 0.03802 0.83092 0.02241 0.81385 0.02122 0.80121 0.14493 0.80382 0.15390 0.81051 0.15964 0.79918 0.17116 0.79524 0.17088 0.79488 0.15503
6 0.98101 1.00000 0.99668 0.60182 0.72104 0.03912 0.55022 0.02720 0.49102 0.15902 0.30752 0.13449 0.30238 0.16460 0.30121 0.22781 0.30375 0.23033 0.30695 0.24931 0.33727 0.24908 0.33983 0.28442 0.43520 0.30514 0.17021 0.97766 0.49017 1.00000 0.98101 1.00000
6 0.26547 0.13155 0.01532 0.09321 0.00998 0.22886 0.24156 0.27053 0.26332 0.25329 0.27279 0.24692 0.28648 0.23381 0.27970 0.20521 0.26547 0.13155
7 0.46197 0.00000 0.45600 0.10661 0.44420 0.12456 0.44418 0.13864 0.48704 0.15009 0.50236 0.12299 0.49911 0.09834 0.49560 0.09341 0.50079 0.00000 0.46197 0.00000
7 0.82884 0.19608 0.83040 0.20674 0.83434 0.20701 0.83659 0.20014 0.84021 0.15820 0.83563 0.14909 0.82967 0.17504 0.82884 0.19608
7 0.79488 0.15503 0.78896 0.15462 0.78617 0.17552 0.78406 0.17889 0.78351 0.19291 0.78626 0.19838 0.78928 0.19684 0.78956 0.18982 0.79377 0.18309 0.79511 0.17439 0.80638 0.18924 0.80808 0.19639 0.81321 0.19147 0.81362 0.18095 0.81573 0.17759 0.81390 0.17394 0.81445 0.15991 0.81656 0.15655 0.82033 0.11110 0.82243 0.10773 0.82900 0.04138 0.83111 0.03802 0.83092 0.02241 0.81385 0.02122 0.80121 0.14493 0.80382 0.15390 0.81051 0.15964 0.79918 0.17116 0.79524 0.17088 0.79488 0.15503
6 0.98101 1.00000 0.99668 0.60182 0.72104 0.03912 0.55022 0.02720 0.49102 0.15902 0.30752 0.13449 0.30238 0.16460 0.30121 0.22781 0.30375 0.23033 0.30695 0.24931 0.33727 0.24908 0.33983 0.28442 0.43520 0.30514 0.17021 0.97766 0.49017 1.00000 0.98101 1.00000
6 0.26547 0.13155 0.01532 0.09321 0.00998 0.22886 0.24156 0.27053 0.26332 0.25329 0.27279 0.24692 0.28648 0.23381 0.27970 0.20521 0.26547 0.13155
7 0.46197 0.00000 0.45600 0.10661 0.44420 0.12456 0.44418 0.13864 0.48704 0.15009 0.50236 0.12299 0.49911 0.09834 0.49560 0.09341 0.50079 0.00000 0.46197 0.00000
7 0.82884 0.19608 0.83040 0.20674 0.83434 0.20701 0.83659 0.20014 0.84021 0.15820 0.83563 0.14909 0.82967 0.17504 0.82884 0.19608
7 0.79488 0.15503 0.78896 0.15462 0.78617 0.17552 0.78406 0.17889 0.78351 0.19291 0.78626 0.19838 0.78928 0.19684 0.78956 0.18982 0.79377 0.18309 0.79511 0.17439 0.80638 0.18924 0.80808 0.19639 0.81321 0.19147 0.81362 0.18095 0.81573 0.17759 0.81390 0.17394 0.81445 0.15991 0.81656 0.15655 0.82033 0.11110 0.82243 0.10773 0.82900 0.04138 0.83111 0.03802 0.83092 0.02241 0.81385 0.02122 0.80121 0.14493 0.80382 0.15390 0.81051 0.15964 0.79918 0.17116 0.79524 0.17088 0.79488 0.15503
6 0.98101 1.00000 0.99668 0.60182 0.72104 0.03912 0.55022 0.02720 0.49102 0.15902 0.30752 0.13449 0.30238 0.16460 0.30121 0.22781 0.30375 0.23033 0.30695 0.24931 0.33727 0.24908 0.33983 0.28442 0.43520 0.30514 0.17021 0.97766 0.49017 1.00000 0.98101 1.00000
6 0.26547 0.13155 0.01532 0.09321 0.00998 0.22886 0.24156 0.27053 0.26332 0.25329 0.27279 0.24692 0.28648 0.23381 0.27970 0.20521 0.26547 0.13155
7 0.46197 0.00000 0.45600 0.10661 0.44420 0.12456 0.44418 0.13864 0.48704 0.15009 0.50236 0.12299 0.49911 0.09834 0.49560 0.09341 0.50079 0.00000 0.46197 0.00000
