2 1.00000 0.64062 0.98535 0.63889 0.98340 0.63542 0.94238 0.63542 0.93750 0.64062 0.93359 0.65452 0.95313 0.72396 0.96289 0.78298 0.96680 0.78993 0.97656 0.82812 0.97656 0.83854 0.97852 0.84202 0.97852 0.85243 0.97656 0.85590 0.97656 0.91146 0.97363 0.92014 0.95215 0.92361 0.94629 0.94097 0.94434 0.93750 0.90723 0.93750 0.90430 0.94618 0.90430 0.96354 0.91309 0.97570 0.92285 0.99653 0.92871 1.00000 1.00000 0.99827 1.00000 0.64062
6 0.79036 0.78704 0.71745 0.64583 0.66667 0.56945 0.58724 0.50695 0.52083 0.48611 0.44792 0.46296 0.37240 0.44907 0.31120 0.44907 0.12891 0.44445 0.09115 0.55787 0.13281 0.56713 0.27474 0.57407 0.29036 0.58333 0.29427 0.60880 0.26953 0.66204 0.23307 0.76852 0.15365 0.99305 0.90755 0.99537 0.86589 0.91435 0.79036 0.78704
2 1.00000 0.64062 0.98535 0.63889 0.98340 0.63542 0.94238 0.63542 0.93750 0.64062 0.93359 0.65452 0.95313 0.72396 0.96289 0.78298 0.96680 0.78993 0.97656 0.82812 0.97656 0.83854 0.97852 0.84202 0.97852 0.85243 0.97656 0.85590 0.97656 0.91146 0.97363 0.92014 0.95215 0.92361 0.94629 0.94097 0.94434 0.93750 0.90723 0.93750 0.90430 0.94618 0.90430 0.96354 0.91309 0.97570 0.92285 0.99653 0.92871 1.00000 1.00000 0.99827 1.00000 0.64062
6 0.79036 0.78704 0.71745 0.64583 0.66667 0.56945 0.58724 0.50695 0.52083 0.48611 0.44792 0.46296 0.37240 0.44907 0.31120 0.44907 0.12891 0.44445 0.09115 0.55787 0.13281 0.56713 0.27474 0.57407 0.29036 0.58333 0.29427 0.60880 0.26953 0.66204 0.23307 0.76852 0.15365 0.99305 0.90755 0.99537 0.86589 0.91435 0.79036 0.78704
2 1.00000 0.64062 0.98535 0.63889 0.98340 0.63542 0.94238 0.63542 0.93750 0.64062 0.93359 0.65452 0.95313 0.72396 0.96289 0.78298 0.96680 0.78993 0.97656 0.82812 0.97656 0.83854 0.97852 0.84202 0.97852 0.85243 0.97656 0.85590 0.97656 0.91146 0.97363 0.92014 0.95215 0.92361 0.94629 0.94097 0.94434 0.93750 0.90723 0.93750 0.90430 0.94618 0.90430 0.96354 0.91309 0.97570 0.92285 0.99653 0.92871 1.00000 1.00000 0.99827 1.00000 0.64062
6 0.79036 0.78704 0.71745 0.64583 0.66667 0.56945 0.58724 0.50695 0.52083 0.48611 0.44792 0.46296 0.37240 0.44907 0.31120 0.44907 0.12891 0.44445 0.09115 0.55787 0.13281 0.56713 0.27474 0.57407 0.29036 0.58333 0.29427 0.60880 0.26953 0.66204 0.23307 0.76852 0.15365 0.99305 0.90755 0.99537 0.86589 0.91435 0.79036 0.78704
2 1.00000 0.64062 0.98535 0.63889 0.98340 0.63542 0.94238 0.63542 0.93750 0.64062 0.93359 0.65452 0.95313 0.72396 0.96289 0.78298 0.96680 0.78993 0.97656 0.82812 0.97656 0.83854 0.97852 0.84202 0.97852 0.85243 0.97656 0.85590 0.97656 0.91146 0.97363 0.92014 0.95215 0.92361 0.94629 0.94097 0.94434 0.93750 0.90723 0.93750 0.90430 0.94618 0.90430 0.96354 0.91309 0.97570 0.92285 0.99653 0.92871 1.00000 1.00000 0.99827 1.00000 0.64062
6 0.79036 0.78704 0.71745 0.64583 0.66667 0.56945 0.58724 0.50695 0.52083 0.48611 0.44792 0.46296 0.37240 0.44907 0.31120 0.44907 0.12891 0.44445 0.09115 0.55787 0.13281 0.56713 0.27474 0.57407 0.29036 0.58333 0.29427 0.60880 0.26953 0.66204 0.23307 0.76852 0.15365 0.99305 0.90755 0.99537 0.86589 0.91435 0.79036 0.78704
2 1.00000 0.64062 0.98535 0.63889 0.98340 0.63542 0.94238 0.63542 0.93750 0.64062 0.93359 0.65452 0.95313 0.72396 0.96289 0.78298 0.96680 0.78993 0.97656 0.82812 0.97656 0.83854 0.97852 0.84202 0.97852 0.85243 0.97656 0.85590 0.97656 0.91146 0.97363 0.92014 0.95215 0.92361 0.94629 0.94097 0.94434 0.93750 0.90723 0.93750 0.90430 0.94618 0.90430 0.96354 0.91309 0.97570 0.92285 0.99653 0.92871 1.00000 1.00000 0.99827 1.00000 0.64062
6 0.79036 0.78704 0.71745 0.64583 0.66667 0.56945 0.58724 0.50695 0.52083 0.48611 0.44792 0.46296 0.37240 0.44907 0.31120 0.44907 0.12891 0.44445 0.09115 0.55787 0.13281 0.56713 0.27474 0.57407 0.29036 0.58333 0.29427 0.60880 0.26953 0.66204 0.23307 0.76852 0.15365 0.99305 0.90755 0.99537 0.86589 0.91435 0.79036 0.78704
2 1.00000 0.64062 0.98535 0.63889 0.98340 0.63542 0.94238 0.63542 0.93750 0.64062 0.93359 0.65452 0.95313 0.72396 0.96289 0.78298 0.96680 0.78993 0.97656 0.82812 0.97656 0.83854 0.97852 0.84202 0.97852 0.85243 0.97656 0.85590 0.97656 0.91146 0.97363 0.92014 0.95215 0.92361 0.94629 0.94097 0.94434 0.93750 0.90723 0.93750 0.90430 0.94618 0.90430 0.96354 0.91309 0.97570 0.92285 0.99653 0.92871 1.00000 1.00000 0.99827 1.00000 0.64062
6 0.79036 0.78704 0.71745 0.64583 0.66667 0.56945 0.58724 0.50695 0.52083 0.48611 0.44792 0.46296 0.37240 0.44907 0.31120 0.44907 0.12891 0.44445 0.09115 0.55787 0.13281 0.56713 0.27474 0.57407 0.29036 0.58333 0.29427 0.60880 0.26953 0.66204 0.23307 0.76852 0.15365 0.99305 0.90755 0.99537 0.86589 0.91435 0.79036 0.78704
