6 1.00000 0.45927 0.99846 0.44256 0.79477 0.16064 0.68200 0.01732 0.63187 0.00351 0.53609 0.00677 0.50581 0.04786 0.45663 0.20698 0.28289 0.22832 0.30274 0.38910 0.41489 0.38766 0.26593 1.00000 0.52296 1.00000 1.00000 0.92198 1.00000 0.45927
6 0.00000 0.41184 0.19260 0.40389 0.21842 0.36289 0.23099 0.35984 0.23414 0.33944 0.21474 0.31080 0.19696 0.23916 0.00000 0.24800 0.00000 0.41184
7 0.41934 0.14376 0.40825 0.16493 0.40965 0.18019 0.40786 0.18435 0.41282 0.21451 0.43976 0.21204 0.44226 0.21550 0.45261 0.20994 0.45511 0.21340 0.46351 0.19848 0.46891 0.16275 0.44683 0.13540 0.45185 0.11909 0.45079 0.10765 0.45100 0.04818 0.43846 0.00631 0.40962 0.01103 0.40809 0.02173 0.40914 0.03317 0.40591 0.04531 0.40767 0.06438 0.41372 0.08275 0.41934 0.14376
7 0.80397 0.00000 0.80500 0.01995 0.80321 0.02411 0.80602 0.05462 0.80423 0.05879 0.80705 0.08930 0.80526 0.09346 0.80845 0.10455 0.80612 0.11461 0.79755 0.11601 0.79272 0.12261 0.79129 0.13058 0.79480 0.16872 0.80068 0.17356 0.80570 0.15726 0.80820 0.16072 0.81890 0.15897 0.82175 0.16625 0.82603 0.16555 0.83070 0.14543 0.83319 0.14889 0.83962 0.14784 0.84655 0.16412 0.85243 0.16897 0.85585 0.14712 0.85304 0.11661 0.85020 0.10934 0.84646 0.10414 0.84074 0.11282 0.83003 0.11457 0.82629 0.10938 0.82386 0.05945 0.82565 0.05529 0.82389 0.03621 0.82606 0.01263 0.82490 0.00000 0.80397 0.00000
6 1.00000 0.45927 0.99846 0.44256 0.79477 0.16064 0.68200 0.01732 0.63187 0.00351 0.53609 0.00677 0.50581 0.04786 0.45663 0.20698 0.28289 0.22832 0.30274 0.38910 0.41489 0.38766 0.26593 1.00000 0.52296 1.00000 1.00000 0.92198 1.00000 0.45927
6 0.00000 0.41184 0.19260 0.40389 0.21842 0.36289 0.23099 0.35984 0.23414 0.33944 0.21474 0.31080 0.19696 0.23916 0.00000 0.24800 0.00000 0.41184
7 0.41934 0.14376 0.40825 0.16493 0.40965 0.18019 0.40786 0.18435 0.41282 0.21451 0.43976 0.21204 0.44226 0.21550 0.45261 0.20994 0.45511 0.21340 0.46351 0.19848 0.46891 0.16275 0.44683 0.13540 0.45185 0.11909 0.45079 0.10765 0.45100 0.04818 0.43846 0.00631 0.40962 0.01103 0.40809 0.02173 0.40914 0.03317 0.40591 0.04531 0.40767 0.06438 0.41372 0.08275 0.41934 0.14376
7 0.80397 0.00000 0.80500 0.01995 0.80321 0.02411 0.80602 0.05462 0.80423 0.05879 0.80705 0.08930 0.80526 0.09346 0.80845 0.10455 0.80612 0.11461 0.79755 0.11601 0.79272 0.12261 0.79129 0.13058 0.79480 0.16872 0.80068 0.17356 0.80570 0.15726 0.80820 0.16072 0.81890 0.15897 0.82175 0.16625 0.82603 0.16555 0.83070 0.14543 0.83319 0.14889 0.83962 0.14784 0.84655 0.16412 0.85243 0.16897 0.85585 0.14712 0.85304 0.11661 0.85020 0.10934 0.84646 0.10414 0.84074 0.11282 0.83003 0.11457 0.82629 0.10938 0.82386 0.05945 0.82565 0.05529 0.82389 0.03621 0.82606 0.01263 0.82490 0.00000 0.80397 0.00000
6 1.00000 0.45927 0.99846 0.44256 0.79477 0.16064 0.68200 0.01732 0.63187 0.00351 0.53609 0.00677 0.50581 0.04786 0.45663 0.20698 0.28289 0.22832 0.30274 0.38910 0.41489 0.38766 0.26593 1.00000 0.52296 1.00000 1.00000 0.92198 1.00000 0.45927
6 0.00000 0.41184 0.19260 0.40389 0.21842 0.36289 0.23099 0.35984 0.23414 0.33944 0.21474 0.31080 0.19696 0.23916 0.00000 0.24800 0.00000 0.41184
7 0.41934 0.14376 0.40825 0.16493 0.40965 0.18019 0.40786 0.18435 0.41282 0.21451 0.43976 0.21204 0.44226 0.21550 0.45261 0.20994 0.45511 0.21340 0.46351 0.19848 0.46891 0.16275 0.44683 0.13540 0.45185 0.11909 0.45079 0.10765 0.45100 0.04818 0.43846 0.00631 0.40962 0.01103 0.40809 0.02173 0.40914 0.03317 0.40591 0.04531 0.40767 0.06438 0.41372 0.08275 0.41934 0.14376
7 0.80397 0.00000 0.80500 0.01995 0.80321 0.02411 0.80602 0.05462 0.80423 0.05879 0.80705 0.08930 0.80526 0.09346 0.80845 0.10455 0.80612 0.11461 0.79755 0.11601 0.79272 0.12261 0.79129 0.13058 0.79480 0.16872 0.80068 0.17356 0.80570 0.15726 0.80820 0.16072 0.81890 0.15897 0.82175 0.16625 0.82603 0.16555 0.83070 0.14543 0.83319 0.14889 0.83962 0.14784 0.84655 0.16412 0.85243 0.16897 0.85585 0.14712 0.85304 0.11661 0.85020 0.10934 0.84646 0.10414 0.84074 0.11282 0.83003 0.11457 0.82629 0.10938 0.82386 0.05945 0.82565 0.05529 0.82389 0.03621 0.82606 0.01263 0.82490 0.00000 0.80397 0.00000
