6 1.00000 0.85880 0.63021 0.36343 0.58333 0.31250 0.51302 0.28241 0.45313 0.27315 0.28776 0.28009 0.14193 0.29398 0.11458 0.37500 0.23438 0.35880 0.26693 0.36574 0.27213 0.37732 0.26953 0.39583 0.26172 0.42593 0.22135 0.52083 0.02734 1.00000 1.00000 1.00000 1.00000 0.85880
2 0.81152 0.49305 0.82520 0.50695 0.82617 0.49132 0.83008 0.48438 0.83008 0.46702 0.82715 0.46180 0.80176 0.44792 0.79883 0.43229 0.79394 0.42361 0.78223 0.42361 0.77930 0.41840 0.77930 0.40452 0.77734 0.40104 0.77734 0.38715 0.79687 0.31771 0.80078 0.28993 0.80469 0.27952 0.81055 0.24827 0.80859 0.23090 0.80371 0.22570 0.77051 0.22917 0.76855 0.23264 0.74512 0.23264 0.74316 0.23611 0.72559 0.23611 0.72363 0.23958 0.71582 0.23958 0.71289 0.24479 0.71484 0.26562 0.72656 0.28993 0.72852 0.30035 0.73242 0.30729 0.73242 0.31423 0.73633 0.32118 0.73633 0.32812 0.74023 0.33160 0.75586 0.37327 0.75781 0.38368 0.75781 0.42882 0.74707 0.43403 0.74414 0.43923 0.74414 0.46007 0.74121 0.46528 0.72363 0.46528 0.72070 0.47048 0.72070 0.48438 0.72949 0.49653 0.73926 0.50000 0.75098 0.51736 0.75781 0.51562 0.76465 0.50000 0.80176 0.49653 0.80371 0.49305 0.81152 0.49305
6 1.00000 0.85880 0.63021 0.36343 0.58333 0.31250 0.51302 0.28241 0.45313 0.27315 0.28776 0.28009 0.14193 0.29398 0.11458 0.37500 0.23438 0.35880 0.26693 0.36574 0.27213 0.37732 0.26953 0.39583 0.26172 0.42593 0.22135 0.52083 0.02734 1.00000 1.00000 1.00000 1.00000 0.85880
2 0.81152 0.49305 0.82520 0.50695 0.82617 0.49132 0.83008 0.48438 0.83008 0.46702 0.82715 0.46180 0.80176 0.44792 0.79883 0.43229 0.79394 0.42361 0.78223 0.42361 0.77930 0.41840 0.77930 0.40452 0.77734 0.40104 0.77734 0.38715 0.79687 0.31771 0.80078 0.28993 0.80469 0.27952 0.81055 0.24827 0.80859 0.23090 0.80371 0.22570 0.77051 0.22917 0.76855 0.23264 0.74512 0.23264 0.74316 0.23611 0.72559 0.23611 0.72363 0.23958 0.71582 0.23958 0.71289 0.24479 0.71484 0.26562 0.72656 0.28993 0.72852 0.30035 0.73242 0.30729 0.73242 0.31423 0.73633 0.32118 0.73633 0.32812 0.74023 0.33160 0.75586 0.37327 0.75781 0.38368 0.75781 0.42882 0.74707 0.43403 0.74414 0.43923 0.74414 0.46007 0.74121 0.46528 0.72363 0.46528 0.72070 0.47048 0.72070 0.48438 0.72949 0.49653 0.73926 0.50000 0.75098 0.51736 0.75781 0.51562 0.76465 0.50000 0.80176 0.49653 0.80371 0.49305 0.81152 0.49305
6 1.00000 0.85880 0.63021 0.36343 0.58333 0.31250 0.51302 0.28241 0.45313 0.27315 0.28776 0.28009 0.14193 0.29398 0.11458 0.37500 0.23438 0.35880 0.26693 0.36574 0.27213 0.37732 0.26953 0.39583 0.26172 0.42593 0.22135 0.52083 0.02734 1.00000 1.00000 1.00000 1.00000 0.85880
2 0.81152 0.49305 0.82520 0.50695 0.82617 0.49132 0.83008 0.48438 0.83008 0.46702 0.82715 0.46180 0.80176 0.44792 0.79883 0.43229 0.79394 0.42361 0.78223 0.42361 0.77930 0.41840 0.77930 0.40452 0.77734 0.40104 0.77734 0.38715 0.79687 0.31771 0.80078 0.28993 0.80469 0.27952 0.81055 0.24827 0.80859 0.23090 0.80371 0.22570 0.77051 0.22917 0.76855 0.23264 0.74512 0.23264 0.74316 0.23611 0.72559 0.23611 0.72363 0.23958 0.71582 0.23958 0.71289 0.24479 0.71484 0.26562 0.72656 0.28993 0.72852 0.30035 0.73242 0.30729 0.73242 0.31423 0.73633 0.32118 0.73633 0.32812 0.74023 0.33160 0.75586 0.37327 0.75781 0.38368 0.75781 0.42882 0.74707 0.43403 0.74414 0.43923 0.74414 0.46007 0.74121 0.46528 0.72363 0.46528 0.72070 0.47048 0.72070 0.48438 0.72949 0.49653 0.73926 0.50000 0.75098 0.51736 0.75781 0.51562 0.76465 0.50000 0.80176 0.49653 0.80371 0.49305 0.81152 0.49305
6 1.00000 0.85880 0.63021 0.36343 0.58333 0.31250 0.51302 0.28241 0.45313 0.27315 0.28776 0.28009 0.14193 0.29398 0.11458 0.37500 0.23438 0.35880 0.26693 0.36574 0.27213 0.37732 0.26953 0.39583 0.26172 0.42593 0.22135 0.52083 0.02734 1.00000 1.00000 1.00000 1.00000 0.85880
2 0.81152 0.49305 0.82520 0.50695 0.82617 0.49132 0.83008 0.48438 0.83008 0.46702 0.82715 0.46180 0.80176 0.44792 0.79883 0.43229 0.79394 0.42361 0.78223 0.42361 0.77930 0.41840 0.77930 0.40452 0.77734 0.40104 0.77734 0.38715 0.79687 0.31771 0.80078 0.28993 0.80469 0.27952 0.81055 0.24827 0.80859 0.23090 0.80371 0.22570 0.77051 0.22917 0.76855 0.23264 0.74512 0.23264 0.74316 0.23611 0.72559 0.23611 0.72363 0.23958 0.71582 0.23958 0.71289 0.24479 0.71484 0.26562 0.72656 0.28993 0.72852 0.30035 0.73242 0.30729 0.73242 0.31423 0.73633 0.32118 0.73633 0.32812 0.74023 0.33160 0.75586 0.37327 0.75781 0.38368 0.75781 0.42882 0.74707 0.43403 0.74414 0.43923 0.74414 0.46007 0.74121 0.46528 0.72363 0.46528 0.72070 0.47048 0.72070 0.48438 0.72949 0.49653 0.73926 0.50000 0.75098 0.51736 0.75781 0.51562 0.76465 0.50000 0.80176 0.49653 0.80371 0.49305 0.81152 0.49305
6 1.00000 0.85880 0.63021 0.36343 0.58333 0.31250 0.51302 0.28241 0.45313 0.27315 0.28776 0.28009 0.14193 0.29398 0.11458 0.37500 0.23438 0.35880 0.26693 0.36574 0.27213 0.37732 0.26953 0.39583 0.26172 0.42593 0.22135 0.52083 0.02734 1.00000 1.00000 1.00000 1.00000 0.85880
2 0.81152 0.49305 0.82520 0.50695 0.82617 0.49132 0.83008 0.48438 0.83008 0.46702 0.82715 0.46180 0.80176 0.44792 0.79883 0.43229 0.79394 0.42361 0.78223 0.42361 0.77930 0.41840 0.77930 0.40452 0.77734 0.40104 0.77734 0.38715 0.79687 0.31771 0.80078 0.28993 0.80469 0.27952 0.81055 0.24827 0.80859 0.23090 0.80371 0.22570 0.77051 0.22917 0.76855 0.23264 0.74512 0.23264 0.74316 0.23611 0.72559 0.23611 0.72363 0.23958 0.71582 0.23958 0.71289 0.24479 0.71484 0.26562 0.72656 0.28993 0.72852 0.30035 0.73242 0.30729 0.73242 0.31423 0.73633 0.32118 0.73633 0.32812 0.74023 0.33160 0.75586 0.37327 0.75781 0.38368 0.75781 0.42882 0.74707 0.43403 0.74414 0.43923 0.74414 0.46007 0.74121 0.46528 0.72363 0.46528 0.72070 0.47048 0.72070 0.48438 0.72949 0.49653 0.73926 0.50000 0.75098 0.51736 0.75781 0.51562 0.76465 0.50000 0.80176 0.49653 0.80371 0.49305 0.81152 0.49305
6 1.00000 0.85880 0.63021 0.36343 0.58333 0.31250 0.51302 0.28241 0.45313 0.27315 0.28776 0.28009 0.14193 0.29398 0.11458 0.37500 0.23438 0.35880 0.26693 0.36574 0.27213 0.37732 0.26953 0.39583 0.26172 0.42593 0.22135 0.52083 0.02734 1.00000 1.00000 1.00000 1.00000 0.85880
2 0.81152 0.49305 0.82520 0.50695 0.82617 0.49132 0.83008 0.48438 0.83008 0.46702 0.82715 0.46180 0.80176 0.44792 0.79883 0.43229 0.79394 0.42361 0.78223 0.42361 0.77930 0.41840 0.77930 0.40452 0.77734 0.40104 0.77734 0.38715 0.79687 0.31771 0.80078 0.28993 0.80469 0.27952 0.81055 0.24827 0.80859 0.23090 0.80371 0.22570 0.77051 0.22917 0.76855 0.23264 0.74512 0.23264 0.74316 0.23611 0.72559 0.23611 0.72363 0.23958 0.71582 0.23958 0.71289 0.24479 0.71484 0.26562 0.72656 0.28993 0.72852 0.30035 0.73242 0.30729 0.73242 0.31423 0.73633 0.32118 0.73633 0.32812 0.74023 0.33160 0.75586 0.37327 0.75781 0.38368 0.75781 0.42882 0.74707 0.43403 0.74414 0.43923 0.74414 0.46007 0.74121 0.46528 0.72363 0.46528 0.72070 0.47048 0.72070 0.48438 0.72949 0.49653 0.73926 0.50000 0.75098 0.51736 0.75781 0.51562 0.76465 0.50000 0.80176 0.49653 0.80371 0.49305 0.81152 0.49305
