4 0.88454 0.57820 0.90039 0.54296 0.90352 0.51604 0.89960 0.48310 0.89418 0.47299 0.89331 0.46567 0.87461 0.44148 0.85685 0.43397 0.83833 0.43788 0.82523 0.45189 0.81468 0.47851 0.81199 0.50909 0.81840 0.54525 0.83011 0.57280 0.84133 0.58731 0.85168 0.59451 0.85385 0.61281 0.85142 0.61895 0.84319 0.62068 0.83757 0.64438 0.82317 0.64742 0.81911 0.65766 0.81998 0.66497 0.82833 0.68197 0.86610 0.72465 0.90806 0.71392 0.91711 0.71014 0.92322 0.69947 0.92191 0.68849 0.91606 0.67472 0.92136 0.66610 0.92006 0.65512 0.90429 0.63781 0.89313 0.63266 0.88684 0.61523 0.87406 0.61417 0.87020 0.59060 0.88454 0.57820
7 0.32638 0.61154 0.32887 0.61477 0.34007 0.69119 0.32279 0.69671 0.31381 0.70986 0.30857 0.72785 0.31437 0.73225 0.32260 0.73052 0.34373 0.74857 0.34784 0.74770 0.36573 0.77394 0.37889 0.76929 0.38175 0.76681 0.38862 0.74473 0.38850 0.72599 0.38601 0.72277 0.38209 0.68983 0.37835 0.68499 0.36270 0.68641 0.36551 0.67457 0.34181 0.51074 0.31999 0.51346 0.31550 0.52004 0.32638 0.61154
7 0.39183 0.47017 0.38722 0.45801 0.37282 0.46105 0.36627 0.46806 0.36975 0.49734 0.37224 0.50057 0.38301 0.57333 0.38843 0.58344 0.38437 0.59368 0.37982 0.59089 0.37533 0.59746 0.37794 0.61942 0.37632 0.62352 0.38255 0.63158 0.41628 0.62259 0.42894 0.60491 0.42546 0.57563 0.42010 0.57488 0.41891 0.58264 0.40532 0.58363 0.40607 0.57221 0.40216 0.53928 0.39967 0.53605 0.39955 0.51732 0.39282 0.49623 0.39444 0.49213 0.39183 0.47017
6 0.25260 0.67400 0.25016 0.68014 0.25321 0.70576 0.25570 0.70899 0.25452 0.71674 0.26287 0.73374 0.26373 0.74106 0.26748 0.74590 0.28475 0.74038 0.30364 0.73076 0.31500 0.70211 0.33471 0.69045 0.33204 0.65912 0.32911 0.65223 0.29905 0.65670 0.29743 0.66079 0.28920 0.66253 0.28465 0.65973 0.28303 0.66383 0.25628 0.66947 0.25260 0.67400
6 0.20766 0.80166 0.21091 0.79347 0.21004 0.78615 0.21572 0.77182 0.21983 0.77096 0.22676 0.75824 0.23867 0.75198 0.24185 0.73442 0.23837 0.70514 0.22591 0.68901 0.22005 0.67524 0.21425 0.67084 0.18339 0.67735 0.17603 0.68640 0.15751 0.69031 0.15589 0.69441 0.09827 0.70656 0.09534 0.69968 0.08506 0.70184 0.08256 0.69862 0.07888 0.70315 0.03155 0.71313 0.02993 0.71723 0.01995 0.72021 0.03160 0.81817 0.03962 0.81648 0.04125 0.81238 0.15648 0.78807 0.16607 0.80668 0.16570 0.81239 0.20766 0.80166
6 1.00000 0.49381 0.96400 0.50140 0.95079 0.49669 0.90552 0.50624 0.90482 0.52702 0.89877 0.54705 0.89845 0.56213 0.88984 0.56957 0.88255 0.58800 0.88504 0.59122 0.88678 0.60586 0.89594 0.62081 0.93915 0.61170 0.93909 0.60233 0.94152 0.59619 0.94402 0.59941 0.95181 0.59402 0.96958 0.60152 0.99839 0.59545 1.00000 0.59754 1.00000 0.49381
6 1.00000 0.86821 0.99474 0.86634 0.97523 0.84419 0.97112 0.84506 0.96320 0.83172 0.95161 0.82291 0.94288 0.81163 0.94450 0.80753 0.94282 0.80226 0.93914 0.80679 0.92961 0.79754 0.92587 0.79270 0.92706 0.78495 0.92332 0.78011 0.92213 0.78787 0.91920 0.78098 0.91509 0.78185 0.87109 0.73110 0.85288 0.71994 0.81468 0.67360 0.80926 0.66348 0.81207 0.65164 0.81038 0.64636 0.83421 0.63384 0.83864 0.61789 0.84681 0.60679 0.84550 0.59581 0.83971 0.59141 0.83055 0.57646 0.82133 0.55214 0.81385 0.54246 0.81298 0.53514 0.80924 0.53030 0.79689 0.53291 0.79440 0.52968 0.75574 0.54159 0.74252 0.53687 0.56600 0.57787 0.56438 0.58196 0.55983 0.57917 0.55820 0.58327 0.46561 0.60280 0.46399 0.60689 0.45121 0.60584 0.44179 0.61533 0.43723 0.61254 0.43193 0.62116 0.42208 0.62699 0.41884 0.63518 0.37974 0.64343 0.37362 0.65409 0.37537 0.66873 0.38858 0.67345 0.39543 0.71327 0.39835 0.72016 0.39143 0.73288 0.39111 0.74795 0.37694 0.78846 0.37176 0.81581 0.36484 0.82853 0.36084 0.84813 0.35554 0.85675 0.34062 0.90867 0.33369 0.92139 0.33294 0.93280 0.33050 0.93895 0.32433 0.94025 0.32190 0.94639 0.32483 0.95327 0.32202 0.96512 0.31434 0.98925 0.30848 1.00000 0.52954 1.00000 1.00000 0.90075 1.00000 0.86821
4 0.88454 0.57820 0.90039 0.54296 0.90352 0.51604 0.89960 0.48310 0.89418 0.47299 0.89331 0.46567 0.87461 0.44148 0.85685 0.43397 0.83833 0.43788 0.82523 0.45189 0.81468 0.47851 0.81199 0.50909 0.81840 0.54525 0.83011 0.57280 0.84133 0.58731 0.85168 0.59451 0.85385 0.61281 0.85142 0.61895 0.84319 0.62068 0.83757 0.64438 0.82317 0.64742 0.81911 0.65766 0.81998 0.66497 0.82833 0.68197 0.86610 0.72465 0.90806 0.71392 0.91711 0.71014 0.92322 0.69947 0.92191 0.68849 0.91606 0.67472 0.92136 0.66610 0.92006 0.65512 0.90429 0.63781 0.89313 0.63266 0.88684 0.61523 0.87406 0.61417 0.87020 0.59060 0.88454 0.57820
7 0.32638 0.61154 0.32887 0.61477 0.34007 0.69119 0.32279 0.69671 0.31381 0.70986 0.30857 0.72785 0.31437 0.73225 0.32260 0.73052 0.34373 0.74857 0.34784 0.74770 0.36573 0.77394 0.37889 0.76929 0.38175 0.76681 0.38862 0.74473 0.38850 0.72599 0.38601 0.72277 0.38209 0.68983 0.37835 0.68499 0.36270 0.68641 0.36551 0.67457 0.34181 0.51074 0.31999 0.51346 0.31550 0.52004 0.32638 0.61154
7 0.39183 0.47017 0.38722 0.45801 0.37282 0.46105 0.36627 0.46806 0.36975 0.49734 0.37224 0.50057 0.38301 0.57333 0.38843 0.58344 0.38437 0.59368 0.37982 0.59089 0.37533 0.59746 0.37794 0.61942 0.37632 0.62352 0.38255 0.63158 0.41628 0.62259 0.42894 0.60491 0.42546 0.57563 0.42010 0.57488 0.41891 0.58264 0.40532 0.58363 0.40607 0.57221 0.40216 0.53928 0.39967 0.53605 0.39955 0.51732 0.39282 0.49623 0.39444 0.49213 0.39183 0.47017
6 0.25260 0.67400 0.25016 0.68014 0.25321 0.70576 0.25570 0.70899 0.25452 0.71674 0.26287 0.73374 0.26373 0.74106 0.26748 0.74590 0.28475 0.74038 0.30364 0.73076 0.31500 0.70211 0.33471 0.69045 0.33204 0.65912 0.32911 0.65223 0.29905 0.65670 0.29743 0.66079 0.28920 0.66253 0.28465 0.65973 0.28303 0.66383 0.25628 0.66947 0.25260 0.67400
6 0.20766 0.80166 0.21091 0.79347 0.21004 0.78615 0.21572 0.77182 0.21983 0.77096 0.22676 0.75824 0.23867 0.75198 0.24185 0.73442 0.23837 0.70514 0.22591 0.68901 0.22005 0.67524 0.21425 0.67084 0.18339 0.67735 0.17603 0.68640 0.15751 0.69031 0.15589 0.69441 0.09827 0.70656 0.09534 0.69968 0.08506 0.70184 0.08256 0.69862 0.07888 0.70315 0.03155 0.71313 0.02993 0.71723 0.01995 0.72021 0.03160 0.81817 0.03962 0.81648 0.04125 0.81238 0.15648 0.78807 0.16607 0.80668 0.16570 0.81239 0.20766 0.80166
6 1.00000 0.49381 0.96400 0.50140 0.95079 0.49669 0.90552 0.50624 0.90482 0.52702 0.89877 0.54705 0.89845 0.56213 0.88984 0.56957 0.88255 0.58800 0.88504 0.59122 0.88678 0.60586 0.89594 0.62081 0.93915 0.61170 0.93909 0.60233 0.94152 0.59619 0.94402 0.59941 0.95181 0.59402 0.96958 0.60152 0.99839 0.59545 1.00000 0.59754 1.00000 0.49381
6 1.00000 0.86821 0.99474 0.86634 0.97523 0.84419 0.97112 0.84506 0.96320 0.83172 0.95161 0.82291 0.94288 0.81163 0.94450 0.80753 0.94282 0.80226 0.93914 0.80679 0.92961 0.79754 0.92587 0.79270 0.92706 0.78495 0.92332 0.78011 0.92213 0.78787 0.91920 0.78098 0.91509 0.78185 0.87109 0.73110 0.85288 0.71994 0.81468 0.67360 0.80926 0.66348 0.81207 0.65164 0.81038 0.64636 0.83421 0.63384 0.83864 0.61789 0.84681 0.60679 0.84550 0.59581 0.83971 0.59141 0.83055 0.57646 0.82133 0.55214 0.81385 0.54246 0.81298 0.53514 0.80924 0.53030 0.79689 0.53291 0.79440 0.52968 0.75574 0.54159 0.74252 0.53687 0.56600 0.57787 0.56438 0.58196 0.55983 0.57917 0.55820 0.58327 0.46561 0.60280 0.46399 0.60689 0.45121 0.60584 0.44179 0.61533 0.43723 0.61254 0.43193 0.62116 0.42208 0.62699 0.41884 0.63518 0.37974 0.64343 0.37362 0.65409 0.37537 0.66873 0.38858 0.67345 0.39543 0.71327 0.39835 0.72016 0.39143 0.73288 0.39111 0.74795 0.37694 0.78846 0.37176 0.81581 0.36484 0.82853 0.36084 0.84813 0.35554 0.85675 0.34062 0.90867 0.33369 0.92139 0.33294 0.93280 0.33050 0.93895 0.32433 0.94025 0.32190 0.94639 0.32483 0.95327 0.32202 0.96512 0.31434 0.98925 0.30848 1.00000 0.52954 1.00000 1.00000 0.90075 1.00000 0.86821
4 0.88454 0.57820 0.90039 0.54296 0.90352 0.51604 0.89960 0.48310 0.89418 0.47299 0.89331 0.46567 0.87461 0.44148 0.85685 0.43397 0.83833 0.43788 0.82523 0.45189 0.81468 0.47851 0.81199 0.50909 0.81840 0.54525 0.83011 0.57280 0.84133 0.58731 0.85168 0.59451 0.85385 0.61281 0.85142 0.61895 0.84319 0.62068 0.83757 0.64438 0.82317 0.64742 0.81911 0.65766 0.81998 0.66497 0.82833 0.68197 0.86610 0.72465 0.90806 0.71392 0.91711 0.71014 0.92322 0.69947 0.92191 0.68849 0.91606 0.67472 0.92136 0.66610 0.92006 0.65512 0.90429 0.63781 0.89313 0.63266 0.88684 0.61523 0.87406 0.61417 0.87020 0.59060 0.88454 0.57820
7 0.32638 0.61154 0.32887 0.61477 0.34007 0.69119 0.32279 0.69671 0.31381 0.70986 0.30857 0.72785 0.31437 0.73225 0.32260 0.73052 0.34373 0.74857 0.34784 0.74770 0.36573 0.77394 0.37889 0.76929 0.38175 0.76681 0.38862 0.74473 0.38850 0.72599 0.38601 0.72277 0.38209 0.68983 0.37835 0.68499 0.36270 0.68641 0.36551 0.67457 0.34181 0.51074 0.31999 0.51346 0.31550 0.52004 0.32638 0.61154
7 0.39183 0.47017 0.38722 0.45801 0.37282 0.46105 0.36627 0.46806 0.36975 0.49734 0.37224 0.50057 0.38301 0.57333 0.38843 0.58344 0.38437 0.59368 0.37982 0.59089 0.37533 0.59746 0.37794 0.61942 0.37632 0.62352 0.38255 0.63158 0.41628 0.62259 0.42894 0.60491 0.42546 0.57563 0.42010 0.57488 0.41891 0.58264 0.40532 0.58363 0.40607 0.57221 0.40216 0.53928 0.39967 0.53605 0.39955 0.51732 0.39282 0.49623 0.39444 0.49213 0.39183 0.47017
6 0.25260 0.67400 0.25016 0.68014 0.25321 0.70576 0.25570 0.70899 0.25452 0.71674 0.26287 0.73374 0.26373 0.74106 0.26748 0.74590 0.28475 0.74038 0.30364 0.73076 0.31500 0.70211 0.33471 0.69045 0.33204 0.65912 0.32911 0.65223 0.29905 0.65670 0.29743 0.66079 0.28920 0.66253 0.28465 0.65973 0.28303 0.66383 0.25628 0.66947 0.25260 0.67400
6 0.20766 0.80166 0.21091 0.79347 0.21004 0.78615 0.21572 0.77182 0.21983 0.77096 0.22676 0.75824 0.23867 0.75198 0.24185 0.73442 0.23837 0.70514 0.22591 0.68901 0.22005 0.67524 0.21425 0.67084 0.18339 0.67735 0.17603 0.68640 0.15751 0.69031 0.15589 0.69441 0.09827 0.70656 0.09534 0.69968 0.08506 0.70184 0.08256 0.69862 0.07888 0.70315 0.03155 0.71313 0.02993 0.71723 0.01995 0.72021 0.03160 0.81817 0.03962 0.81648 0.04125 0.81238 0.15648 0.78807 0.16607 0.80668 0.16570 0.81239 0.20766 0.80166
6 1.00000 0.49381 0.96400 0.50140 0.95079 0.49669 0.90552 0.50624 0.90482 0.52702 0.89877 0.54705 0.89845 0.56213 0.88984 0.56957 0.88255 0.58800 0.88504 0.59122 0.88678 0.60586 0.89594 0.62081 0.93915 0.61170 0.93909 0.60233 0.94152 0.59619 0.94402 0.59941 0.95181 0.59402 0.96958 0.60152 0.99839 0.59545 1.00000 0.59754 1.00000 0.49381
6 1.00000 0.86821 0.99474 0.86634 0.97523 0.84419 0.97112 0.84506 0.96320 0.83172 0.95161 0.82291 0.94288 0.81163 0.94450 0.80753 0.94282 0.80226 0.93914 0.80679 0.92961 0.79754 0.92587 0.79270 0.92706 0.78495 0.92332 0.78011 0.92213 0.78787 0.91920 0.78098 0.91509 0.78185 0.87109 0.73110 0.85288 0.71994 0.81468 0.67360 0.80926 0.66348 0.81207 0.65164 0.81038 0.64636 0.83421 0.63384 0.83864 0.61789 0.84681 0.60679 0.84550 0.59581 0.83971 0.59141 0.83055 0.57646 0.82133 0.55214 0.81385 0.54246 0.81298 0.53514 0.80924 0.53030 0.79689 0.53291 0.79440 0.52968 0.75574 0.54159 0.74252 0.53687 0.56600 0.57787 0.56438 0.58196 0.55983 0.57917 0.55820 0.58327 0.46561 0.60280 0.46399 0.60689 0.45121 0.60584 0.44179 0.61533 0.43723 0.61254 0.43193 0.62116 0.42208 0.62699 0.41884 0.63518 0.37974 0.64343 0.37362 0.65409 0.37537 0.66873 0.38858 0.67345 0.39543 0.71327 0.39835 0.72016 0.39143 0.73288 0.39111 0.74795 0.37694 0.78846 0.37176 0.81581 0.36484 0.82853 0.36084 0.84813 0.35554 0.85675 0.34062 0.90867 0.33369 0.92139 0.33294 0.93280 0.33050 0.93895 0.32433 0.94025 0.32190 0.94639 0.32483 0.95327 0.32202 0.96512 0.31434 0.98925 0.30848 1.00000 0.52954 1.00000 1.00000 0.90075 1.00000 0.86821
4 0.88454 0.57820 0.90039 0.54296 0.90352 0.51604 0.89960 0.48310 0.89418 0.47299 0.89331 0.46567 0.87461 0.44148 0.85685 0.43397 0.83833 0.43788 0.82523 0.45189 0.81468 0.47851 0.81199 0.50909 0.81840 0.54525 0.83011 0.57280 0.84133 0.58731 0.85168 0.59451 0.85385 0.61281 0.85142 0.61895 0.84319 0.62068 0.83757 0.64438 0.82317 0.64742 0.81911 0.65766 0.81998 0.66497 0.82833 0.68197 0.86610 0.72465 0.90806 0.71392 0.91711 0.71014 0.92322 0.69947 0.92191 0.68849 0.91606 0.67472 0.92136 0.66610 0.92006 0.65512 0.90429 0.63781 0.89313 0.63266 0.88684 0.61523 0.87406 0.61417 0.87020 0.59060 0.88454 0.57820
7 0.32638 0.61154 0.32887 0.61477 0.34007 0.69119 0.32279 0.69671 0.31381 0.70986 0.30857 0.72785 0.31437 0.73225 0.32260 0.73052 0.34373 0.74857 0.34784 0.74770 0.36573 0.77394 0.37889 0.76929 0.38175 0.76681 0.38862 0.74473 0.38850 0.72599 0.38601 0.72277 0.38209 0.68983 0.37835 0.68499 0.36270 0.68641 0.36551 0.67457 0.34181 0.51074 0.31999 0.51346 0.31550 0.52004 0.32638 0.61154
7 0.39183 0.47017 0.38722 0.45801 0.37282 0.46105 0.36627 0.46806 0.36975 0.49734 0.37224 0.50057 0.38301 0.57333 0.38843 0.58344 0.38437 0.59368 0.37982 0.59089 0.37533 0.59746 0.37794 0.61942 0.37632 0.62352 0.38255 0.63158 0.41628 0.62259 0.42894 0.60491 0.42546 0.57563 0.42010 0.57488 0.41891 0.58264 0.40532 0.58363 0.40607 0.57221 0.40216 0.53928 0.39967 0.53605 0.39955 0.51732 0.39282 0.49623 0.39444 0.49213 0.39183 0.47017
6 0.25260 0.67400 0.25016 0.68014 0.25321 0.70576 0.25570 0.70899 0.25452 0.71674 0.26287 0.73374 0.26373 0.74106 0.26748 0.74590 0.28475 0.74038 0.30364 0.73076 0.31500 0.70211 0.33471 0.69045 0.33204 0.65912 0.32911 0.65223 0.29905 0.65670 0.29743 0.66079 0.28920 0.66253 0.28465 0.65973 0.28303 0.66383 0.25628 0.66947 0.25260 0.67400
6 0.20766 0.80166 0.21091 0.79347 0.21004 0.78615 0.21572 0.77182 0.21983 0.77096 0.22676 0.75824 0.23867 0.75198 0.24185 0.73442 0.23837 0.70514 0.22591 0.68901 0.22005 0.67524 0.21425 0.67084 0.18339 0.67735 0.17603 0.68640 0.15751 0.69031 0.15589 0.69441 0.09827 0.70656 0.09534 0.69968 0.08506 0.70184 0.08256 0.69862 0.07888 0.70315 0.03155 0.71313 0.02993 0.71723 0.01995 0.72021 0.03160 0.81817 0.03962 0.81648 0.04125 0.81238 0.15648 0.78807 0.16607 0.80668 0.16570 0.81239 0.20766 0.80166
6 1.00000 0.49381 0.96400 0.50140 0.95079 0.49669 0.90552 0.50624 0.90482 0.52702 0.89877 0.54705 0.89845 0.56213 0.88984 0.56957 0.88255 0.58800 0.88504 0.59122 0.88678 0.60586 0.89594 0.62081 0.93915 0.61170 0.93909 0.60233 0.94152 0.59619 0.94402 0.59941 0.95181 0.59402 0.96958 0.60152 0.99839 0.59545 1.00000 0.59754 1.00000 0.49381
6 1.00000 0.86821 0.99474 0.86634 0.97523 0.84419 0.97112 0.84506 0.96320 0.83172 0.95161 0.82291 0.94288 0.81163 0.94450 0.80753 0.94282 0.80226 0.93914 0.80679 0.92961 0.79754 0.92587 0.79270 0.92706 0.78495 0.92332 0.78011 0.92213 0.78787 0.91920 0.78098 0.91509 0.78185 0.87109 0.73110 0.85288 0.71994 0.81468 0.67360 0.80926 0.66348 0.81207 0.65164 0.81038 0.64636 0.83421 0.63384 0.83864 0.61789 0.84681 0.60679 0.84550 0.59581 0.83971 0.59141 0.83055 0.57646 0.82133 0.55214 0.81385 0.54246 0.81298 0.53514 0.80924 0.53030 0.79689 0.53291 0.79440 0.52968 0.75574 0.54159 0.74252 0.53687 0.56600 0.57787 0.56438 0.58196 0.55983 0.57917 0.55820 0.58327 0.46561 0.60280 0.46399 0.60689 0.45121 0.60584 0.44179 0.61533 0.43723 0.61254 0.43193 0.62116 0.42208 0.62699 0.41884 0.63518 0.37974 0.64343 0.37362 0.65409 0.37537 0.66873 0.38858 0.67345 0.39543 0.71327 0.39835 0.72016 0.39143 0.73288 0.39111 0.74795 0.37694 0.78846 0.37176 0.81581 0.36484 0.82853 0.36084 0.84813 0.35554 0.85675 0.34062 0.90867 0.33369 0.92139 0.33294 0.93280 0.33050 0.93895 0.32433 0.94025 0.32190 0.94639 0.32483 0.95327 0.32202 0.96512 0.31434 0.98925 0.30848 1.00000 0.52954 1.00000 1.00000 0.90075 1.00000 0.86821
4 0.88454 0.57820 0.90039 0.54296 0.90352 0.51604 0.89960 0.48310 0.89418 0.47299 0.89331 0.46567 0.87461 0.44148 0.85685 0.43397 0.83833 0.43788 0.82523 0.45189 0.81468 0.47851 0.81199 0.50909 0.81840 0.54525 0.83011 0.57280 0.84133 0.58731 0.85168 0.59451 0.85385 0.61281 0.85142 0.61895 0.84319 0.62068 0.83757 0.64438 0.82317 0.64742 0.81911 0.65766 0.81998 0.66497 0.82833 0.68197 0.86610 0.72465 0.90806 0.71392 0.91711 0.71014 0.92322 0.69947 0.92191 0.68849 0.91606 0.67472 0.92136 0.66610 0.92006 0.65512 0.90429 0.63781 0.89313 0.63266 0.88684 0.61523 0.87406 0.61417 0.87020 0.59060 0.88454 0.57820
7 0.32638 0.61154 0.32887 0.61477 0.34007 0.69119 0.32279 0.69671 0.31381 0.70986 0.30857 0.72785 0.31437 0.73225 0.32260 0.73052 0.34373 0.74857 0.34784 0.74770 0.36573 0.77394 0.37889 0.76929 0.38175 0.76681 0.38862 0.74473 0.38850 0.72599 0.38601 0.72277 0.38209 0.68983 0.37835 0.68499 0.36270 0.68641 0.36551 0.67457 0.34181 0.51074 0.31999 0.51346 0.31550 0.52004 0.32638 0.61154
7 0.39183 0.47017 0.38722 0.45801 0.37282 0.46105 0.36627 0.46806 0.36975 0.49734 0.37224 0.50057 0.38301 0.57333 0.38843 0.58344 0.38437 0.59368 0.37982 0.59089 0.37533 0.59746 0.37794 0.61942 0.37632 0.62352 0.38255 0.63158 0.41628 0.62259 0.42894 0.60491 0.42546 0.57563 0.42010 0.57488 0.41891 0.58264 0.40532 0.58363 0.40607 0.57221 0.40216 0.53928 0.39967 0.53605 0.39955 0.51732 0.39282 0.49623 0.39444 0.49213 0.39183 0.47017
6 0.25260 0.67400 0.25016 0.68014 0.25321 0.70576 0.25570 0.70899 0.25452 0.71674 0.26287 0.73374 0.26373 0.74106 0.26748 0.74590 0.28475 0.74038 0.30364 0.73076 0.31500 0.70211 0.33471 0.69045 0.33204 0.65912 0.32911 0.65223 0.29905 0.65670 0.29743 0.66079 0.28920 0.66253 0.28465 0.65973 0.28303 0.66383 0.25628 0.66947 0.25260 0.67400
6 0.20766 0.80166 0.21091 0.79347 0.21004 0.78615 0.21572 0.77182 0.21983 0.77096 0.22676 0.75824 0.23867 0.75198 0.24185 0.73442 0.23837 0.70514 0.22591 0.68901 0.22005 0.67524 0.21425 0.67084 0.18339 0.67735 0.17603 0.68640 0.15751 0.69031 0.15589 0.69441 0.09827 0.70656 0.09534 0.69968 0.08506 0.70184 0.08256 0.69862 0.07888 0.70315 0.03155 0.71313 0.02993 0.71723 0.01995 0.72021 0.03160 0.81817 0.03962 0.81648 0.04125 0.81238 0.15648 0.78807 0.16607 0.80668 0.16570 0.81239 0.20766 0.80166
6 1.00000 0.49381 0.96400 0.50140 0.95079 0.49669 0.90552 0.50624 0.90482 0.52702 0.89877 0.54705 0.89845 0.56213 0.88984 0.56957 0.88255 0.58800 0.88504 0.59122 0.88678 0.60586 0.89594 0.62081 0.93915 0.61170 0.93909 0.60233 0.94152 0.59619 0.94402 0.59941 0.95181 0.59402 0.96958 0.60152 0.99839 0.59545 1.00000 0.59754 1.00000 0.49381
6 1.00000 0.86821 0.99474 0.86634 0.97523 0.84419 0.97112 0.84506 0.96320 0.83172 0.95161 0.82291 0.94288 0.81163 0.94450 0.80753 0.94282 0.80226 0.93914 0.80679 0.92961 0.79754 0.92587 0.79270 0.92706 0.78495 0.92332 0.78011 0.92213 0.78787 0.91920 0.78098 0.91509 0.78185 0.87109 0.73110 0.85288 0.71994 0.81468 0.67360 0.80926 0.66348 0.81207 0.65164 0.81038 0.64636 0.83421 0.63384 0.83864 0.61789 0.84681 0.60679 0.84550 0.59581 0.83971 0.59141 0.83055 0.57646 0.82133 0.55214 0.81385 0.54246 0.81298 0.53514 0.80924 0.53030 0.79689 0.53291 0.79440 0.52968 0.75574 0.54159 0.74252 0.53687 0.56600 0.57787 0.56438 0.58196 0.55983 0.57917 0.55820 0.58327 0.46561 0.60280 0.46399 0.60689 0.45121 0.60584 0.44179 0.61533 0.43723 0.61254 0.43193 0.62116 0.42208 0.62699 0.41884 0.63518 0.37974 0.64343 0.37362 0.65409 0.37537 0.66873 0.38858 0.67345 0.39543 0.71327 0.39835 0.72016 0.39143 0.73288 0.39111 0.74795 0.37694 0.78846 0.37176 0.81581 0.36484 0.82853 0.36084 0.84813 0.35554 0.85675 0.34062 0.90867 0.33369 0.92139 0.33294 0.93280 0.33050 0.93895 0.32433 0.94025 0.32190 0.94639 0.32483 0.95327 0.32202 0.96512 0.31434 0.98925 0.30848 1.00000 0.52954 1.00000 1.00000 0.90075 1.00000 0.86821
4 0.88454 0.57820 0.90039 0.54296 0.90352 0.51604 0.89960 0.48310 0.89418 0.47299 0.89331 0.46567 0.87461 0.44148 0.85685 0.43397 0.83833 0.43788 0.82523 0.45189 0.81468 0.47851 0.81199 0.50909 0.81840 0.54525 0.83011 0.57280 0.84133 0.58731 0.85168 0.59451 0.85385 0.61281 0.85142 0.61895 0.84319 0.62068 0.83757 0.64438 0.82317 0.64742 0.81911 0.65766 0.81998 0.66497 0.82833 0.68197 0.86610 0.72465 0.90806 0.71392 0.91711 0.71014 0.92322 0.69947 0.92191 0.68849 0.91606 0.67472 0.92136 0.66610 0.92006 0.65512 0.90429 0.63781 0.89313 0.63266 0.88684 0.61523 0.87406 0.61417 0.87020 0.59060 0.88454 0.57820
7 0.32638 0.61154 0.32887 0.61477 0.34007 0.69119 0.32279 0.69671 0.31381 0.70986 0.30857 0.72785 0.31437 0.73225 0.32260 0.73052 0.34373 0.74857 0.34784 0.74770 0.36573 0.77394 0.37889 0.76929 0.38175 0.76681 0.38862 0.74473 0.38850 0.72599 0.38601 0.72277 0.38209 0.68983 0.37835 0.68499 0.36270 0.68641 0.36551 0.67457 0.34181 0.51074 0.31999 0.51346 0.31550 0.52004 0.32638 0.61154
7 0.39183 0.47017 0.38722 0.45801 0.37282 0.46105 0.36627 0.46806 0.36975 0.49734 0.37224 0.50057 0.38301 0.57333 0.38843 0.58344 0.38437 0.59368 0.37982 0.59089 0.37533 0.59746 0.37794 0.61942 0.37632 0.62352 0.38255 0.63158 0.41628 0.62259 0.42894 0.60491 0.42546 0.57563 0.42010 0.57488 0.41891 0.58264 0.40532 0.58363 0.40607 0.57221 0.40216 0.53928 0.39967 0.53605 0.39955 0.51732 0.39282 0.49623 0.39444 0.49213 0.39183 0.47017
6 0.25260 0.67400 0.25016 0.68014 0.25321 0.70576 0.25570 0.70899 0.25452 0.71674 0.26287 0.73374 0.26373 0.74106 0.26748 0.74590 0.28475 0.74038 0.30364 0.73076 0.31500 0.70211 0.33471 0.69045 0.33204 0.65912 0.32911 0.65223 0.29905 0.65670 0.29743 0.66079 0.28920 0.66253 0.28465 0.65973 0.28303 0.66383 0.25628 0.66947 0.25260 0.67400
6 0.20766 0.80166 0.21091 0.79347 0.21004 0.78615 0.21572 0.77182 0.21983 0.77096 0.22676 0.75824 0.23867 0.75198 0.24185 0.73442 0.23837 0.70514 0.22591 0.68901 0.22005 0.67524 0.21425 0.67084 0.18339 0.67735 0.17603 0.68640 0.15751 0.69031 0.15589 0.69441 0.09827 0.70656 0.09534 0.69968 0.08506 0.70184 0.08256 0.69862 0.07888 0.70315 0.03155 0.71313 0.02993 0.71723 0.01995 0.72021 0.03160 0.81817 0.03962 0.81648 0.04125 0.81238 0.15648 0.78807 0.16607 0.80668 0.16570 0.81239 0.20766 0.80166
6 1.00000 0.49381 0.96400 0.50140 0.95079 0.49669 0.90552 0.50624 0.90482 0.52702 0.89877 0.54705 0.89845 0.56213 0.88984 0.56957 0.88255 0.58800 0.88504 0.59122 0.88678 0.60586 0.89594 0.62081 0.93915 0.61170 0.93909 0.60233 0.94152 0.59619 0.94402 0.59941 0.95181 0.59402 0.96958 0.60152 0.99839 0.59545 1.00000 0.59754 1.00000 0.49381
6 1.00000 0.86821 0.99474 0.86634 0.97523 0.84419 0.97112 0.84506 0.96320 0.83172 0.95161 0.82291 0.94288 0.81163 0.94450 0.80753 0.94282 0.80226 0.93914 0.80679 0.92961 0.79754 0.92587 0.79270 0.92706 0.78495 0.92332 0.78011 0.92213 0.78787 0.91920 0.78098 0.91509 0.78185 0.87109 0.73110 0.85288 0.71994 0.81468 0.67360 0.80926 0.66348 0.81207 0.65164 0.81038 0.64636 0.83421 0.63384 0.83864 0.61789 0.84681 0.60679 0.84550 0.59581 0.83971 0.59141 0.83055 0.57646 0.82133 0.55214 0.81385 0.54246 0.81298 0.53514 0.80924 0.53030 0.79689 0.53291 0.79440 0.52968 0.75574 0.54159 0.74252 0.53687 0.56600 0.57787 0.56438 0.58196 0.55983 0.57917 0.55820 0.58327 0.46561 0.60280 0.46399 0.60689 0.45121 0.60584 0.44179 0.61533 0.43723 0.61254 0.43193 0.62116 0.42208 0.62699 0.41884 0.63518 0.37974 0.64343 0.37362 0.65409 0.37537 0.66873 0.38858 0.67345 0.39543 0.71327 0.39835 0.72016 0.39143 0.73288 0.39111 0.74795 0.37694 0.78846 0.37176 0.81581 0.36484 0.82853 0.36084 0.84813 0.35554 0.85675 0.34062 0.90867 0.33369 0.92139 0.33294 0.93280 0.33050 0.93895 0.32433 0.94025 0.32190 0.94639 0.32483 0.95327 0.32202 0.96512 0.31434 0.98925 0.30848 1.00000 0.52954 1.00000 1.00000 0.90075 1.00000 0.86821
