6 0.20719 0.10009 0.20505 0.03098 0.01240 0.01544 0.00887 0.15019 0.16916 0.16104 0.19201 0.15824 0.20227 0.13773 0.21684 0.13175 0.21752 0.10582 0.20719 0.10009
6 1.00000 0.08280 0.77094 0.07285 0.76899 0.12887 0.75047 0.16520 0.73743 0.19372 1.00000 0.20541 1.00000 0.08280
6 0.98720 1.00000 0.98850 0.95039 0.96250 0.88668 0.67087 0.20471 0.71403 0.20177 0.69014 0.07874 0.22806 0.03438 0.23423 0.14189 0.25973 0.14781 0.26459 0.16581 0.33583 0.18232 0.19966 0.98559 0.36372 0.99396 0.49345 1.00000 0.98720 1.00000
3 0.68949 0.22260 0.69099 0.24491 0.70559 0.28452 0.71193 0.28111 0.74524 0.28266 0.74931 0.28656 0.75476 0.27754 0.75771 0.24431 0.74868 0.23091 0.73886 0.20821 0.73370 0.20611 0.73448 0.17649 0.73784 0.16737 0.74201 0.16757 0.75697 0.15343 0.76469 0.13711 0.76934 0.11879 0.77041 0.07805 0.76852 0.07055 0.75552 0.04955 0.74938 0.04555 0.73480 0.04487 0.71993 0.05531 0.71231 0.06793 0.70330 0.09346 0.70233 0.13050 0.70610 0.14550 0.71504 0.16261 0.71920 0.16280 0.72416 0.17230 0.72199 0.17591 0.72150 0.19442 0.71595 0.20714 0.70971 0.20685 0.70525 0.21777 0.69484 0.21729 0.68949 0.22260
5 0.85424 0.50807 0.83967 0.50739 0.83749 0.51100 0.82916 0.51061 0.82143 0.52694 0.82501 0.54936 0.83702 0.56845 0.84685 0.59116 0.84855 0.60607 0.85559 0.61566 0.87254 0.60533 0.92251 0.60765 0.92648 0.61525 0.93272 0.61554 0.93817 0.60653 0.93885 0.58060 0.92515 0.54660 0.91513 0.53130 0.91334 0.52009 0.90838 0.51059 0.90113 0.50840 0.90191 0.47877 0.91143 0.47366 0.93084 0.44861 0.94145 0.44168 0.95116 0.42916 0.95799 0.40723 0.96293 0.37779 0.96738 0.36688 0.96787 0.34836 0.95625 0.31445 0.95645 0.30705 0.95148 0.29754 0.90171 0.28781 0.86742 0.32330 0.85979 0.33592 0.85960 0.34332 0.85040 0.37627 0.84725 0.41691 0.86095 0.45091 0.86274 0.46212 0.86979 0.47172 0.88020 0.47220 0.88099 0.48151 0.87882 0.48512 0.87852 0.49623 0.87298 0.50895 0.86257 0.50846 0.86039 0.51207 0.85424 0.50807
6 0.20719 0.10009 0.20505 0.03098 0.01240 0.01544 0.00887 0.15019 0.16916 0.16104 0.19201 0.15824 0.20227 0.13773 0.21684 0.13175 0.21752 0.10582 0.20719 0.10009
6 1.00000 0.08280 0.77094 0.07285 0.76899 0.12887 0.75047 0.16520 0.73743 0.19372 1.00000 0.20541 1.00000 0.08280
6 0.98720 1.00000 0.98850 0.95039 0.96250 0.88668 0.67087 0.20471 0.71403 0.20177 0.69014 0.07874 0.22806 0.03438 0.23423 0.14189 0.25973 0.14781 0.26459 0.16581 0.33583 0.18232 0.19966 0.98559 0.36372 0.99396 0.49345 1.00000 0.98720 1.00000
3 0.68949 0.22260 0.69099 0.24491 0.70559 0.28452 0.71193 0.28111 0.74524 0.28266 0.74931 0.28656 0.75476 0.27754 0.75771 0.24431 0.74868 0.23091 0.73886 0.20821 0.73370 0.20611 0.73448 0.17649 0.73784 0.16737 0.74201 0.16757 0.75697 0.15343 0.76469 0.13711 0.76934 0.11879 0.77041 0.07805 0.76852 0.07055 0.75552 0.04955 0.74938 0.04555 0.73480 0.04487 0.71993 0.05531 0.71231 0.06793 0.70330 0.09346 0.70233 0.13050 0.70610 0.14550 0.71504 0.16261 0.71920 0.16280 0.72416 0.17230 0.72199 0.17591 0.72150 0.19442 0.71595 0.20714 0.70971 0.20685 0.70525 0.21777 0.69484 0.21729 0.68949 0.22260
5 0.85424 0.50807 0.83967 0.50739 0.83749 0.51100 0.82916 0.51061 0.82143 0.52694 0.82501 0.54936 0.83702 0.56845 0.84685 0.59116 0.84855 0.60607 0.85559 0.61566 0.87254 0.60533 0.92251 0.60765 0.92648 0.61525 0.93272 0.61554 0.93817 0.60653 0.93885 0.58060 0.92515 0.54660 0.91513 0.53130 0.91334 0.52009 0.90838 0.51059 0.90113 0.50840 0.90191 0.47877 0.91143 0.47366 0.93084 0.44861 0.94145 0.44168 0.95116 0.42916 0.95799 0.40723 0.96293 0.37779 0.96738 0.36688 0.96787 0.34836 0.95625 0.31445 0.95645 0.30705 0.95148 0.29754 0.90171 0.28781 0.86742 0.32330 0.85979 0.33592 0.85960 0.34332 0.85040 0.37627 0.84725 0.41691 0.86095 0.45091 0.86274 0.46212 0.86979 0.47172 0.88020 0.47220 0.88099 0.48151 0.87882 0.48512 0.87852 0.49623 0.87298 0.50895 0.86257 0.50846 0.86039 0.51207 0.85424 0.50807
6 0.20719 0.10009 0.20505 0.03098 0.01240 0.01544 0.00887 0.15019 0.16916 0.16104 0.19201 0.15824 0.20227 0.13773 0.21684 0.13175 0.21752 0.10582 0.20719 0.10009
6 1.00000 0.08280 0.77094 0.07285 0.76899 0.12887 0.75047 0.16520 0.73743 0.19372 1.00000 0.20541 1.00000 0.08280
6 0.98720 1.00000 0.98850 0.95039 0.96250 0.88668 0.67087 0.20471 0.71403 0.20177 0.69014 0.07874 0.22806 0.03438 0.23423 0.14189 0.25973 0.14781 0.26459 0.16581 0.33583 0.18232 0.19966 0.98559 0.36372 0.99396 0.49345 1.00000 0.98720 1.00000
3 0.68949 0.22260 0.69099 0.24491 0.70559 0.28452 0.71193 0.28111 0.74524 0.28266 0.74931 0.28656 0.75476 0.27754 0.75771 0.24431 0.74868 0.23091 0.73886 0.20821 0.73370 0.20611 0.73448 0.17649 0.73784 0.16737 0.74201 0.16757 0.75697 0.15343 0.76469 0.13711 0.76934 0.11879 0.77041 0.07805 0.76852 0.07055 0.75552 0.04955 0.74938 0.04555 0.73480 0.04487 0.71993 0.05531 0.71231 0.06793 0.70330 0.09346 0.70233 0.13050 0.70610 0.14550 0.71504 0.16261 0.71920 0.16280 0.72416 0.17230 0.72199 0.17591 0.72150 0.19442 0.71595 0.20714 0.70971 0.20685 0.70525 0.21777 0.69484 0.21729 0.68949 0.22260
5 0.85424 0.50807 0.83967 0.50739 0.83749 0.51100 0.82916 0.51061 0.82143 0.52694 0.82501 0.54936 0.83702 0.56845 0.84685 0.59116 0.84855 0.60607 0.85559 0.61566 0.87254 0.60533 0.92251 0.60765 0.92648 0.61525 0.93272 0.61554 0.93817 0.60653 0.93885 0.58060 0.92515 0.54660 0.91513 0.53130 0.91334 0.52009 0.90838 0.51059 0.90113 0.50840 0.90191 0.47877 0.91143 0.47366 0.93084 0.44861 0.94145 0.44168 0.95116 0.42916 0.95799 0.40723 0.96293 0.37779 0.96738 0.36688 0.96787 0.34836 0.95625 0.31445 0.95645 0.30705 0.95148 0.29754 0.90171 0.28781 0.86742 0.32330 0.85979 0.33592 0.85960 0.34332 0.85040 0.37627 0.84725 0.41691 0.86095 0.45091 0.86274 0.46212 0.86979 0.47172 0.88020 0.47220 0.88099 0.48151 0.87882 0.48512 0.87852 0.49623 0.87298 0.50895 0.86257 0.50846 0.86039 0.51207 0.85424 0.50807
6 0.20719 0.10009 0.20505 0.03098 0.01240 0.01544 0.00887 0.15019 0.16916 0.16104 0.19201 0.15824 0.20227 0.13773 0.21684 0.13175 0.21752 0.10582 0.20719 0.10009
6 1.00000 0.08280 0.77094 0.07285 0.76899 0.12887 0.75047 0.16520 0.73743 0.19372 1.00000 0.20541 1.00000 0.08280
6 0.98720 1.00000 0.98850 0.95039 0.96250 0.88668 0.67087 0.20471 0.71403 0.20177 0.69014 0.07874 0.22806 0.03438 0.23423 0.14189 0.25973 0.14781 0.26459 0.16581 0.33583 0.18232 0.19966 0.98559 0.36372 0.99396 0.49345 1.00000 0.98720 1.00000
3 0.68949 0.22260 0.69099 0.24491 0.70559 0.28452 0.71193 0.28111 0.74524 0.28266 0.74931 0.28656 0.75476 0.27754 0.75771 0.24431 0.74868 0.23091 0.73886 0.20821 0.73370 0.20611 0.73448 0.17649 0.73784 0.16737 0.74201 0.16757 0.75697 0.15343 0.76469 0.13711 0.76934 0.11879 0.77041 0.07805 0.76852 0.07055 0.75552 0.04955 0.74938 0.04555 0.73480 0.04487 0.71993 0.05531 0.71231 0.06793 0.70330 0.09346 0.70233 0.13050 0.70610 0.14550 0.71504 0.16261 0.71920 0.16280 0.72416 0.17230 0.72199 0.17591 0.72150 0.19442 0.71595 0.20714 0.70971 0.20685 0.70525 0.21777 0.69484 0.21729 0.68949 0.22260
5 0.85424 0.50807 0.83967 0.50739 0.83749 0.51100 0.82916 0.51061 0.82143 0.52694 0.82501 0.54936 0.83702 0.56845 0.84685 0.59116 0.84855 0.60607 0.85559 0.61566 0.87254 0.60533 0.92251 0.60765 0.92648 0.61525 0.93272 0.61554 0.93817 0.60653 0.93885 0.58060 0.92515 0.54660 0.91513 0.53130 0.91334 0.52009 0.90838 0.51059 0.90113 0.50840 0.90191 0.47877 0.91143 0.47366 0.93084 0.44861 0.94145 0.44168 0.95116 0.42916 0.95799 0.40723 0.96293 0.37779 0.96738 0.36688 0.96787 0.34836 0.95625 0.31445 0.95645 0.30705 0.95148 0.29754 0.90171 0.28781 0.86742 0.32330 0.85979 0.33592 0.85960 0.34332 0.85040 0.37627 0.84725 0.41691 0.86095 0.45091 0.86274 0.46212 0.86979 0.47172 0.88020 0.47220 0.88099 0.48151 0.87882 0.48512 0.87852 0.49623 0.87298 0.50895 0.86257 0.50846 0.86039 0.51207 0.85424 0.50807
6 0.20719 0.10009 0.20505 0.03098 0.01240 0.01544 0.00887 0.15019 0.16916 0.16104 0.19201 0.15824 0.20227 0.13773 0.21684 0.13175 0.21752 0.10582 0.20719 0.10009
6 1.00000 0.08280 0.77094 0.07285 0.76899 0.12887 0.75047 0.16520 0.73743 0.19372 1.00000 0.20541 1.00000 0.08280
6 0.98720 1.00000 0.98850 0.95039 0.96250 0.88668 0.67087 0.20471 0.71403 0.20177 0.69014 0.07874 0.22806 0.03438 0.23423 0.14189 0.25973 0.14781 0.26459 0.16581 0.33583 0.18232 0.19966 0.98559 0.36372 0.99396 0.49345 1.00000 0.98720 1.00000
3 0.68949 0.22260 0.69099 0.24491 0.70559 0.28452 0.71193 0.28111 0.74524 0.28266 0.74931 0.28656 0.75476 0.27754 0.75771 0.24431 0.74868 0.23091 0.73886 0.20821 0.73370 0.20611 0.73448 0.17649 0.73784 0.16737 0.74201 0.16757 0.75697 0.15343 0.76469 0.13711 0.76934 0.11879 0.77041 0.07805 0.76852 0.07055 0.75552 0.04955 0.74938 0.04555 0.73480 0.04487 0.71993 0.05531 0.71231 0.06793 0.70330 0.09346 0.70233 0.13050 0.70610 0.14550 0.71504 0.16261 0.71920 0.16280 0.72416 0.17230 0.72199 0.17591 0.72150 0.19442 0.71595 0.20714 0.70971 0.20685 0.70525 0.21777 0.69484 0.21729 0.68949 0.22260
5 0.85424 0.50807 0.83967 0.50739 0.83749 0.51100 0.82916 0.51061 0.82143 0.52694 0.82501 0.54936 0.83702 0.56845 0.84685 0.59116 0.84855 0.60607 0.85559 0.61566 0.87254 0.60533 0.92251 0.60765 0.92648 0.61525 0.93272 0.61554 0.93817 0.60653 0.93885 0.58060 0.92515 0.54660 0.91513 0.53130 0.91334 0.52009 0.90838 0.51059 0.90113 0.50840 0.90191 0.47877 0.91143 0.47366 0.93084 0.44861 0.94145 0.44168 0.95116 0.42916 0.95799 0.40723 0.96293 0.37779 0.96738 0.36688 0.96787 0.34836 0.95625 0.31445 0.95645 0.30705 0.95148 0.29754 0.90171 0.28781 0.86742 0.32330 0.85979 0.33592 0.85960 0.34332 0.85040 0.37627 0.84725 0.41691 0.86095 0.45091 0.86274 0.46212 0.86979 0.47172 0.88020 0.47220 0.88099 0.48151 0.87882 0.48512 0.87852 0.49623 0.87298 0.50895 0.86257 0.50846 0.86039 0.51207 0.85424 0.50807
6 0.20719 0.10009 0.20505 0.03098 0.01240 0.01544 0.00887 0.15019 0.16916 0.16104 0.19201 0.15824 0.20227 0.13773 0.21684 0.13175 0.21752 0.10582 0.20719 0.10009
6 1.00000 0.08280 0.77094 0.07285 0.76899 0.12887 0.75047 0.16520 0.73743 0.19372 1.00000 0.20541 1.00000 0.08280
6 0.98720 1.00000 0.98850 0.95039 0.96250 0.88668 0.67087 0.20471 0.71403 0.20177 0.69014 0.07874 0.22806 0.03438 0.23423 0.14189 0.25973 0.14781 0.26459 0.16581 0.33583 0.18232 0.19966 0.98559 0.36372 0.99396 0.49345 1.00000 0.98720 1.00000
3 0.68949 0.22260 0.69099 0.24491 0.70559 0.28452 0.71193 0.28111 0.74524 0.28266 0.74931 0.28656 0.75476 0.27754 0.75771 0.24431 0.74868 0.23091 0.73886 0.20821 0.73370 0.20611 0.73448 0.17649 0.73784 0.16737 0.74201 0.16757 0.75697 0.15343 0.76469 0.13711 0.76934 0.11879 0.77041 0.07805 0.76852 0.07055 0.75552 0.04955 0.74938 0.04555 0.73480 0.04487 0.71993 0.05531 0.71231 0.06793 0.70330 0.09346 0.70233 0.13050 0.70610 0.14550 0.71504 0.16261 0.71920 0.16280 0.72416 0.17230 0.72199 0.17591 0.72150 0.19442 0.71595 0.20714 0.70971 0.20685 0.70525 0.21777 0.69484 0.21729 0.68949 0.22260
5 0.85424 0.50807 0.83967 0.50739 0.83749 0.51100 0.82916 0.51061 0.82143 0.52694 0.82501 0.54936 0.83702 0.56845 0.84685 0.59116 0.84855 0.60607 0.85559 0.61566 0.87254 0.60533 0.92251 0.60765 0.92648 0.61525 0.93272 0.61554 0.93817 0.60653 0.93885 0.58060 0.92515 0.54660 0.91513 0.53130 0.91334 0.52009 0.90838 0.51059 0.90113 0.50840 0.90191 0.47877 0.91143 0.47366 0.93084 0.44861 0.94145 0.44168 0.95116 0.42916 0.95799 0.40723 0.96293 0.37779 0.96738 0.36688 0.96787 0.34836 0.95625 0.31445 0.95645 0.30705 0.95148 0.29754 0.90171 0.28781 0.86742 0.32330 0.85979 0.33592 0.85960 0.34332 0.85040 0.37627 0.84725 0.41691 0.86095 0.45091 0.86274 0.46212 0.86979 0.47172 0.88020 0.47220 0.88099 0.48151 0.87882 0.48512 0.87852 0.49623 0.87298 0.50895 0.86257 0.50846 0.86039 0.51207 0.85424 0.50807
