7 0.34309 0.61149 0.35010 0.61070 0.35233 0.60749 0.35177 0.60211 0.34307 0.59913 0.35006 0.58598 0.35967 0.43905 0.35714 0.43339 0.33948 0.43092 0.33416 0.43547 0.32596 0.58967 0.33159 0.60635 0.33383 0.60313 0.34309 0.61149
7 0.38126 0.44207 0.37768 0.48746 0.37937 0.49123 0.37772 0.51218 0.37913 0.51944 0.37381 0.52399 0.37016 0.51995 0.36680 0.52478 0.36460 0.55271 0.36713 0.55836 0.39965 0.56115 0.41226 0.55232 0.41446 0.52439 0.41193 0.51874 0.40156 0.52435 0.39679 0.52191 0.40124 0.49076 0.39955 0.48700 0.40337 0.41339 0.40084 0.40774 0.38318 0.40527 0.37958 0.43830 0.38126 0.44207
4 0.79934 0.68948 0.79681 0.68384 0.79791 0.66987 0.80126 0.66504 0.81556 0.65998 0.83458 0.63264 0.83961 0.61922 0.84237 0.58430 0.83644 0.55875 0.82689 0.54153 0.81201 0.52886 0.79407 0.52987 0.78147 0.53870 0.77139 0.55318 0.76385 0.57330 0.76110 0.60823 0.76223 0.61898 0.76674 0.63726 0.77602 0.65798 0.78248 0.66418 0.78110 0.68164 0.77774 0.68646 0.76765 0.68858 0.76599 0.69717 0.76263 0.70200 0.74889 0.70007 0.74329 0.70812 0.74246 0.71859 0.74923 0.74602 0.77227 0.78102 0.81461 0.78518 0.81965 0.78412 0.82525 0.77608 0.82608 0.76561 0.82298 0.75458 0.82718 0.75164 0.82997 0.74144 0.82602 0.72853 0.81535 0.71291 0.81142 0.71236 0.80889 0.70671 0.80887 0.69435 0.79934 0.68948
6 0.24858 0.58943 0.25223 0.59347 0.25085 0.61093 0.25338 0.61658 0.26628 0.61662 0.27160 0.61207 0.28982 0.60756 0.30717 0.58880 0.32119 0.58724 0.32455 0.58241 0.32592 0.56495 0.32339 0.55930 0.27236 0.55216 0.27012 0.55537 0.25442 0.55318 0.25106 0.55800 0.24858 0.58943
6 0.00000 0.59844 0.04899 0.60385 0.17573 0.61983 0.17797 0.61661 0.20741 0.62074 0.22001 0.61191 0.22787 0.61301 0.23401 0.59798 0.23539 0.58052 0.23370 0.57675 0.23453 0.56628 0.22328 0.54529 0.21347 0.54391 0.21123 0.54713 0.12879 0.53559 0.12655 0.53880 0.10496 0.53578 0.09962 0.52797 0.09542 0.53092 0.09177 0.52687 0.08196 0.52550 0.07972 0.52872 0.06626 0.52330 0.06178 0.52974 0.01467 0.52314 0.01243 0.52636 0.00289 0.52149 0.00000 0.52275 0.00000 0.59844
6 0.87634 0.61906 0.84493 0.61466 0.84326 0.62326 0.83458 0.63264 0.82284 0.65571 0.80800 0.66775 0.80662 0.68521 0.81953 0.69761 0.81731 0.71319 0.82292 0.71750 0.84367 0.71864 0.85068 0.71786 0.85208 0.71276 0.85740 0.70821 0.88123 0.70801 0.88346 0.70479 0.90729 0.70460 0.90953 0.70138 0.93309 0.70468 0.93477 0.70845 0.94066 0.70927 0.94290 0.70605 0.94459 0.70982 0.94683 0.70661 0.97823 0.71100 0.98161 0.71854 0.98547 0.71907 0.99089 0.65039 0.97338 0.64677 0.96804 0.63896 0.89541 0.62879 0.89373 0.62503 0.88756 0.62770 0.87634 0.61906
6 0.89586 1.00000 0.86080 0.94170 0.85770 0.93068 0.84310 0.91451 0.83888 0.90509 0.85290 0.90352 0.85455 0.88257 0.85202 0.87692 0.84024 0.87527 0.83687 0.86774 0.83575 0.86935 0.83296 0.87955 0.83549 0.88520 0.84503 0.89007 0.84448 0.89705 0.83663 0.89595 0.83298 0.89191 0.83157 0.88465 0.82568 0.88382 0.82315 0.87818 0.82228 0.86393 0.81920 0.86527 0.81471 0.85934 0.81695 0.85613 0.81638 0.85075 0.81022 0.85341 0.80600 0.84400 0.80739 0.83890 0.79279 0.82273 0.77564 0.78855 0.76104 0.77239 0.74109 0.73605 0.74133 0.70784 0.75336 0.69364 0.76121 0.69474 0.76821 0.68160 0.77213 0.68215 0.77549 0.67732 0.77659 0.66335 0.76760 0.65150 0.76450 0.64048 0.76392 0.62274 0.75660 0.60230 0.71931 0.59708 0.71707 0.60030 0.70529 0.59865 0.69995 0.59084 0.68845 0.58570 0.68621 0.58891 0.57040 0.57270 0.56817 0.57592 0.56031 0.57482 0.55863 0.57105 0.55246 0.57372 0.45039 0.55943 0.44816 0.56265 0.42067 0.55880 0.41816 0.56551 0.41031 0.56441 0.40163 0.57379 0.36630 0.56884 0.36210 0.57178 0.36070 0.57688 0.36716 0.58308 0.37055 0.60298 0.37420 0.60702 0.36776 0.61318 0.36694 0.62365 0.37031 0.63119 0.36360 0.64084 0.36304 0.64782 0.34710 0.67384 0.34180 0.69075 0.32613 0.71327 0.32558 0.72025 0.31466 0.73284 0.29593 0.76906 0.29284 0.77039 0.27802 0.79479 0.27747 0.80178 0.27215 0.80633 0.25284 0.83717 0.25229 0.84415 0.19578 0.93157 0.18472 0.95861 0.48033 1.00000 0.89586 1.00000
7 0.34309 0.61149 0.35010 0.61070 0.35233 0.60749 0.35177 0.60211 0.34307 0.59913 0.35006 0.58598 0.35967 0.43905 0.35714 0.43339 0.33948 0.43092 0.33416 0.43547 0.32596 0.58967 0.33159 0.60635 0.33383 0.60313 0.34309 0.61149
7 0.38126 0.44207 0.37768 0.48746 0.37937 0.49123 0.37772 0.51218 0.37913 0.51944 0.37381 0.52399 0.37016 0.51995 0.36680 0.52478 0.36460 0.55271 0.36713 0.55836 0.39965 0.56115 0.41226 0.55232 0.41446 0.52439 0.41193 0.51874 0.40156 0.52435 0.39679 0.52191 0.40124 0.49076 0.39955 0.48700 0.40337 0.41339 0.40084 0.40774 0.38318 0.40527 0.37958 0.43830 0.38126 0.44207
4 0.79934 0.68948 0.79681 0.68384 0.79791 0.66987 0.80126 0.66504 0.81556 0.65998 0.83458 0.63264 0.83961 0.61922 0.84237 0.58430 0.83644 0.55875 0.82689 0.54153 0.81201 0.52886 0.79407 0.52987 0.78147 0.53870 0.77139 0.55318 0.76385 0.57330 0.76110 0.60823 0.76223 0.61898 0.76674 0.63726 0.77602 0.65798 0.78248 0.66418 0.78110 0.68164 0.77774 0.68646 0.76765 0.68858 0.76599 0.69717 0.76263 0.70200 0.74889 0.70007 0.74329 0.70812 0.74246 0.71859 0.74923 0.74602 0.77227 0.78102 0.81461 0.78518 0.81965 0.78412 0.82525 0.77608 0.82608 0.76561 0.82298 0.75458 0.82718 0.75164 0.82997 0.74144 0.82602 0.72853 0.81535 0.71291 0.81142 0.71236 0.80889 0.70671 0.80887 0.69435 0.79934 0.68948
6 0.24858 0.58943 0.25223 0.59347 0.25085 0.61093 0.25338 0.61658 0.26628 0.61662 0.27160 0.61207 0.28982 0.60756 0.30717 0.58880 0.32119 0.58724 0.32455 0.58241 0.32592 0.56495 0.32339 0.55930 0.27236 0.55216 0.27012 0.55537 0.25442 0.55318 0.25106 0.55800 0.24858 0.58943
6 0.00000 0.59844 0.04899 0.60385 0.17573 0.61983 0.17797 0.61661 0.20741 0.62074 0.22001 0.61191 0.22787 0.61301 0.23401 0.59798 0.23539 0.58052 0.23370 0.57675 0.23453 0.56628 0.22328 0.54529 0.21347 0.54391 0.21123 0.54713 0.12879 0.53559 0.12655 0.53880 0.10496 0.53578 0.09962 0.52797 0.09542 0.53092 0.09177 0.52687 0.08196 0.52550 0.07972 0.52872 0.06626 0.52330 0.06178 0.52974 0.01467 0.52314 0.01243 0.52636 0.00289 0.52149 0.00000 0.52275 0.00000 0.59844
6 0.87634 0.61906 0.84493 0.61466 0.84326 0.62326 0.83458 0.63264 0.82284 0.65571 0.80800 0.66775 0.80662 0.68521 0.81953 0.69761 0.81731 0.71319 0.82292 0.71750 0.84367 0.71864 0.85068 0.71786 0.85208 0.71276 0.85740 0.70821 0.88123 0.70801 0.88346 0.70479 0.90729 0.70460 0.90953 0.70138 0.93309 0.70468 0.93477 0.70845 0.94066 0.70927 0.94290 0.70605 0.94459 0.70982 0.94683 0.70661 0.97823 0.71100 0.98161 0.71854 0.98547 0.71907 0.99089 0.65039 0.97338 0.64677 0.96804 0.63896 0.89541 0.62879 0.89373 0.62503 0.88756 0.62770 0.87634 0.61906
6 0.89586 1.00000 0.86080 0.94170 0.85770 0.93068 0.84310 0.91451 0.83888 0.90509 0.85290 0.90352 0.85455 0.88257 0.85202 0.87692 0.84024 0.87527 0.83687 0.86774 0.83575 0.86935 0.83296 0.87955 0.83549 0.88520 0.84503 0.89007 0.84448 0.89705 0.83663 0.89595 0.83298 0.89191 0.83157 0.88465 0.82568 0.88382 0.82315 0.87818 0.82228 0.86393 0.81920 0.86527 0.81471 0.85934 0.81695 0.85613 0.81638 0.85075 0.81022 0.85341 0.80600 0.84400 0.80739 0.83890 0.79279 0.82273 0.77564 0.78855 0.76104 0.77239 0.74109 0.73605 0.74133 0.70784 0.75336 0.69364 0.76121 0.69474 0.76821 0.68160 0.77213 0.68215 0.77549 0.67732 0.77659 0.66335 0.76760 0.65150 0.76450 0.64048 0.76392 0.62274 0.75660 0.60230 0.71931 0.59708 0.71707 0.60030 0.70529 0.59865 0.69995 0.59084 0.68845 0.58570 0.68621 0.58891 0.57040 0.57270 0.56817 0.57592 0.56031 0.57482 0.55863 0.57105 0.55246 0.57372 0.45039 0.55943 0.44816 0.56265 0.42067 0.55880 0.41816 0.56551 0.41031 0.56441 0.40163 0.57379 0.36630 0.56884 0.36210 0.57178 0.36070 0.57688 0.36716 0.58308 0.37055 0.60298 0.37420 0.60702 0.36776 0.61318 0.36694 0.62365 0.37031 0.63119 0.36360 0.64084 0.36304 0.64782 0.34710 0.67384 0.34180 0.69075 0.32613 0.71327 0.32558 0.72025 0.31466 0.73284 0.29593 0.76906 0.29284 0.77039 0.27802 0.79479 0.27747 0.80178 0.27215 0.80633 0.25284 0.83717 0.25229 0.84415 0.19578 0.93157 0.18472 0.95861 0.48033 1.00000 0.89586 1.00000
