5 0.00000 0.77444 0.07041 0.75955 0.07104 0.73538 0.03985 0.72100 0.04127 0.70125 0.02769 0.69617 0.03086 0.65743 0.04291 0.65725 0.06630 0.60825 0.07234 0.55142 0.05501 0.51289 0.02418 0.51213 0.00000 0.54963 0.00000 0.63211 0.01320 0.66168 0.00739 0.69856 0.00000 0.70086 0.00000 0.77444
6 0.00000 0.92198 0.24633 0.96227 0.24101 0.95554 0.21274 0.94036 0.18706 0.91857 0.16626 0.90813 0.14805 0.89108 0.13278 0.88506 0.12010 0.87244 0.11230 0.87116 0.10515 0.86296 0.07135 0.84336 0.05119 0.82599 0.00991 0.80165 0.00000 0.79324 0.00000 0.92198
5 0.00000 0.77444 0.07041 0.75955 0.07104 0.73538 0.03985 0.72100 0.04127 0.70125 0.02769 0.69617 0.03086 0.65743 0.04291 0.65725 0.06630 0.60825 0.07234 0.55142 0.05501 0.51289 0.02418 0.51213 0.00000 0.54963 0.00000 0.63211 0.01320 0.66168 0.00739 0.69856 0.00000 0.70086 0.00000 0.77444
6 0.00000 0.92198 0.24633 0.96227 0.24101 0.95554 0.21274 0.94036 0.18706 0.91857 0.16626 0.90813 0.14805 0.89108 0.13278 0.88506 0.12010 0.87244 0.11230 0.87116 0.10515 0.86296 0.07135 0.84336 0.05119 0.82599 0.00991 0.80165 0.00000 0.79324 0.00000 0.92198
5 0.00000 0.77444 0.07041 0.75955 0.07104 0.73538 0.03985 0.72100 0.04127 0.70125 0.02769 0.69617 0.03086 0.65743 0.04291 0.65725 0.06630 0.60825 0.07234 0.55142 0.05501 0.51289 0.02418 0.51213 0.00000 0.54963 0.00000 0.63211 0.01320 0.66168 0.00739 0.69856 0.00000 0.70086 0.00000 0.77444
6 0.00000 0.92198 0.24633 0.96227 0.24101 0.95554 0.21274 0.94036 0.18706 0.91857 0.16626 0.90813 0.14805 0.89108 0.13278 0.88506 0.12010 0.87244 0.11230 0.87116 0.10515 0.86296 0.07135 0.84336 0.05119 0.82599 0.00991 0.80165 0.00000 0.79324 0.00000 0.92198
5 0.00000 0.77444 0.07041 0.75955 0.07104 0.73538 0.03985 0.72100 0.04127 0.70125 0.02769 0.69617 0.03086 0.65743 0.04291 0.65725 0.06630 0.60825 0.07234 0.55142 0.05501 0.51289 0.02418 0.51213 0.00000 0.54963 0.00000 0.63211 0.01320 0.66168 0.00739 0.69856 0.00000 0.70086 0.00000 0.77444
6 0.00000 0.92198 0.24633 0.96227 0.24101 0.95554 0.21274 0.94036 0.18706 0.91857 0.16626 0.90813 0.14805 0.89108 0.13278 0.88506 0.12010 0.87244 0.11230 0.87116 0.10515 0.86296 0.07135 0.84336 0.05119 0.82599 0.00991 0.80165 0.00000 0.79324 0.00000 0.92198
5 0.00000 0.77444 0.07041 0.75955 0.07104 0.73538 0.03985 0.72100 0.04127 0.70125 0.02769 0.69617 0.03086 0.65743 0.04291 0.65725 0.06630 0.60825 0.07234 0.55142 0.05501 0.51289 0.02418 0.51213 0.00000 0.54963 0.00000 0.63211 0.01320 0.66168 0.00739 0.69856 0.00000 0.70086 0.00000 0.77444
6 0.00000 0.92198 0.24633 0.96227 0.24101 0.95554 0.21274 0.94036 0.18706 0.91857 0.16626 0.90813 0.14805 0.89108 0.13278 0.88506 0.12010 0.87244 0.11230 0.87116 0.10515 0.86296 0.07135 0.84336 0.05119 0.82599 0.00991 0.80165 0.00000 0.79324 0.00000 0.92198
5 0.00000 0.77444 0.07041 0.75955 0.07104 0.73538 0.03985 0.72100 0.04127 0.70125 0.02769 0.69617 0.03086 0.65743 0.04291 0.65725 0.06630 0.60825 0.07234 0.55142 0.05501 0.51289 0.02418 0.51213 0.00000 0.54963 0.00000 0.63211 0.01320 0.66168 0.00739 0.69856 0.00000 0.70086 0.00000 0.77444
6 0.00000 0.92198 0.24633 0.96227 0.24101 0.95554 0.21274 0.94036 0.18706 0.91857 0.16626 0.90813 0.14805 0.89108 0.13278 0.88506 0.12010 0.87244 0.11230 0.87116 0.10515 0.86296 0.07135 0.84336 0.05119 0.82599 0.00991 0.80165 0.00000 0.79324 0.00000 0.92198
