6 1.00000 0.98090 0.98340 0.95486 0.97754 0.95139 0.96973 0.93750 0.96387 0.93403 0.96191 0.92708 0.95410 0.92014 0.95117 0.91146 0.95215 0.90625 0.94824 0.90972 0.94238 0.89930 0.93848 0.89930 0.91211 0.86285 0.91406 0.85590 0.91211 0.84896 0.92187 0.83854 0.91894 0.83333 0.89746 0.83333 0.89355 0.83680 0.88965 0.82986 0.88574 0.82986 0.88184 0.82292 0.87598 0.81945 0.83887 0.76736 0.82324 0.75347 0.81152 0.73264 0.80762 0.73264 0.79980 0.71875 0.79199 0.71180 0.78906 0.70312 0.77832 0.68750 0.77246 0.68055 0.76855 0.68055 0.76465 0.67361 0.75879 0.67014 0.75684 0.66320 0.73535 0.64236 0.70996 0.60764 0.70410 0.60417 0.69824 0.59028 0.69238 0.58333 0.68848 0.58333 0.68066 0.57292 0.67676 0.56250 0.65723 0.53472 0.65332 0.53472 0.65039 0.52952 0.65234 0.52604 0.65039 0.51562 0.65625 0.51215 0.65625 0.50173 0.64941 0.49653 0.64160 0.49653 0.63770 0.50347 0.63574 0.50347 0.63379 0.49653 0.44238 0.50347 0.43457 0.51042 0.43164 0.51910 0.42578 0.52604 0.42187 0.53646 0.42187 0.54340 0.40820 0.57118 0.40625 0.58160 0.39062 0.60938 0.38867 0.61979 0.35742 0.67535 0.33399 0.73090 0.32422 0.74827 0.31836 0.76562 0.28906 0.82118 0.27539 0.85590 0.26172 0.88021 0.25781 0.89410 0.24609 0.91493 0.23047 0.95312 0.22461 0.96007 0.22070 0.97396 0.21289 0.98785 0.21387 0.99653 0.26660 0.99653 0.26855 0.99305 0.27441 0.99653 1.00000 0.99479 1.00000 0.98090
6 0.68359 0.52604 0.69043 0.52430 0.69336 0.51910 0.69336 0.50868 0.68262 0.50000 0.63477 0.50173 0.64355 0.52083 0.64941 0.52430 0.65723 0.53820 0.66894 0.54514 0.67187 0.54340 0.67871 0.53820 0.68457 0.53820 0.68555 0.52952 0.68359 0.52604
6 0.86035 0.53820 0.86230 0.53472 0.87402 0.53472 0.87598 0.53820 0.87793 0.53472 0.99902 0.53472 1.00000 0.49479 0.97754 0.49305 0.97559 0.48958 0.96777 0.48958 0.96582 0.49305 0.95410 0.49305 0.95215 0.48958 0.94824 0.49305 0.94434 0.48958 0.94043 0.49305 0.93652 0.48958 0.93262 0.49305 0.92871 0.48958 0.92285 0.49305 0.91699 0.48958 0.91113 0.49653 0.75098 0.50000 0.74902 0.50347 0.71777 0.50347 0.71289 0.50868 0.71289 0.51910 0.71680 0.52604 0.71875 0.53646 0.72363 0.54167 0.80078 0.53993 0.84863 0.53820 0.85059 0.53472 0.85840 0.53472 0.86035 0.53820
6 0.09863 0.56250 0.16699 0.55903 0.16894 0.55555 0.21387 0.55555 0.21680 0.55035 0.21680 0.53993 0.22266 0.51910 0.19824 0.51736 0.19629 0.52083 0.15137 0.52083 0.14941 0.52430 0.14746 0.52083 0.14551 0.52430 0.02832 0.52430 0.02637 0.52778 0.00000 0.52952 0.00098 0.56945 0.03711 0.56771 0.08887 0.56597 0.09082 0.56250 0.09668 0.56597 0.09863 0.56250
4 0.72363 0.54167 0.71680 0.53646 0.71680 0.52952 0.70899 0.51562 0.70899 0.50868 0.71777 0.50347 0.72852 0.48438 0.73047 0.45312 0.72852 0.44271 0.71777 0.42361 0.70215 0.41667 0.68652 0.43055 0.67969 0.44965 0.67969 0.47743 0.68359 0.49132 0.69727 0.51215 0.69434 0.52430 0.68750 0.52604 0.68750 0.53646 0.68457 0.54167 0.67871 0.54167 0.67578 0.54688 0.67578 0.55382 0.68066 0.56597 0.69434 0.58333 0.71680 0.58160 0.72559 0.57986 0.72852 0.57465 0.72852 0.55035 0.72363 0.54167
7 0.40234 0.40452 0.38770 0.40278 0.38672 0.47048 0.38867 0.47396 0.38867 0.50868 0.39160 0.51389 0.39844 0.51215 0.40430 0.50868 0.40430 0.42882 0.40234 0.42535 0.40234 0.40452
7 0.42578 0.45312 0.42383 0.44965 0.42383 0.40452 0.42187 0.40104 0.42187 0.39062 0.41894 0.38542 0.40723 0.38889 0.40625 0.45660 0.40820 0.46702 0.41211 0.47396 0.41016 0.48090 0.41016 0.50173 0.42773 0.50173 0.43066 0.50000 0.43164 0.49479 0.42383 0.47396 0.42578 0.45312
6 1.00000 0.98090 0.98340 0.95486 0.97754 0.95139 0.96973 0.93750 0.96387 0.93403 0.96191 0.92708 0.95410 0.92014 0.95117 0.91146 0.95215 0.90625 0.94824 0.90972 0.94238 0.89930 0.93848 0.89930 0.91211 0.86285 0.91406 0.85590 0.91211 0.84896 0.92187 0.83854 0.91894 0.83333 0.89746 0.83333 0.89355 0.83680 0.88965 0.82986 0.88574 0.82986 0.88184 0.82292 0.87598 0.81945 0.83887 0.76736 0.82324 0.75347 0.81152 0.73264 0.80762 0.73264 0.79980 0.71875 0.79199 0.71180 0.78906 0.70312 0.77832 0.68750 0.77246 0.68055 0.76855 0.68055 0.76465 0.67361 0.75879 0.67014 0.75684 0.66320 0.73535 0.64236 0.70996 0.60764 0.70410 0.60417 0.69824 0.59028 0.69238 0.58333 0.68848 0.58333 0.68066 0.57292 0.67676 0.56250 0.65723 0.53472 0.65332 0.53472 0.65039 0.52952 0.65234 0.52604 0.65039 0.51562 0.65625 0.51215 0.65625 0.50173 0.64941 0.49653 0.64160 0.49653 0.63770 0.50347 0.63574 0.50347 0.63379 0.49653 0.44238 0.50347 0.43457 0.51042 0.43164 0.51910 0.42578 0.52604 0.42187 0.53646 0.42187 0.54340 0.40820 0.57118 0.40625 0.58160 0.39062 0.60938 0.38867 0.61979 0.35742 0.67535 0.33399 0.73090 0.32422 0.74827 0.31836 0.76562 0.28906 0.82118 0.27539 0.85590 0.26172 0.88021 0.25781 0.89410 0.24609 0.91493 0.23047 0.95312 0.22461 0.96007 0.22070 0.97396 0.21289 0.98785 0.21387 0.99653 0.26660 0.99653 0.26855 0.99305 0.27441 0.99653 1.00000 0.99479 1.00000 0.98090
6 0.68359 0.52604 0.69043 0.52430 0.69336 0.51910 0.69336 0.50868 0.68262 0.50000 0.63477 0.50173 0.64355 0.52083 0.64941 0.52430 0.65723 0.53820 0.66894 0.54514 0.67187 0.54340 0.67871 0.53820 0.68457 0.53820 0.68555 0.52952 0.68359 0.52604
6 0.86035 0.53820 0.86230 0.53472 0.87402 0.53472 0.87598 0.53820 0.87793 0.53472 0.99902 0.53472 1.00000 0.49479 0.97754 0.49305 0.97559 0.48958 0.96777 0.48958 0.96582 0.49305 0.95410 0.49305 0.95215 0.48958 0.94824 0.49305 0.94434 0.48958 0.94043 0.49305 0.93652 0.48958 0.93262 0.49305 0.92871 0.48958 0.92285 0.49305 0.91699 0.48958 0.91113 0.49653 0.75098 0.50000 0.74902 0.50347 0.71777 0.50347 0.71289 0.50868 0.71289 0.51910 0.71680 0.52604 0.71875 0.53646 0.72363 0.54167 0.80078 0.53993 0.84863 0.53820 0.85059 0.53472 0.85840 0.53472 0.86035 0.53820
6 0.09863 0.56250 0.16699 0.55903 0.16894 0.55555 0.21387 0.55555 0.21680 0.55035 0.21680 0.53993 0.22266 0.51910 0.19824 0.51736 0.19629 0.52083 0.15137 0.52083 0.14941 0.52430 0.14746 0.52083 0.14551 0.52430 0.02832 0.52430 0.02637 0.52778 0.00000 0.52952 0.00098 0.56945 0.03711 0.56771 0.08887 0.56597 0.09082 0.56250 0.09668 0.56597 0.09863 0.56250
4 0.72363 0.54167 0.71680 0.53646 0.71680 0.52952 0.70899 0.51562 0.70899 0.50868 0.71777 0.50347 0.72852 0.48438 0.73047 0.45312 0.72852 0.44271 0.71777 0.42361 0.70215 0.41667 0.68652 0.43055 0.67969 0.44965 0.67969 0.47743 0.68359 0.49132 0.69727 0.51215 0.69434 0.52430 0.68750 0.52604 0.68750 0.53646 0.68457 0.54167 0.67871 0.54167 0.67578 0.54688 0.67578 0.55382 0.68066 0.56597 0.69434 0.58333 0.71680 0.58160 0.72559 0.57986 0.72852 0.57465 0.72852 0.55035 0.72363 0.54167
7 0.40234 0.40452 0.38770 0.40278 0.38672 0.47048 0.38867 0.47396 0.38867 0.50868 0.39160 0.51389 0.39844 0.51215 0.40430 0.50868 0.40430 0.42882 0.40234 0.42535 0.40234 0.40452
7 0.42578 0.45312 0.42383 0.44965 0.42383 0.40452 0.42187 0.40104 0.42187 0.39062 0.41894 0.38542 0.40723 0.38889 0.40625 0.45660 0.40820 0.46702 0.41211 0.47396 0.41016 0.48090 0.41016 0.50173 0.42773 0.50173 0.43066 0.50000 0.43164 0.49479 0.42383 0.47396 0.42578 0.45312
6 1.00000 0.98090 0.98340 0.95486 0.97754 0.95139 0.96973 0.93750 0.96387 0.93403 0.96191 0.92708 0.95410 0.92014 0.95117 0.91146 0.95215 0.90625 0.94824 0.90972 0.94238 0.89930 0.93848 0.89930 0.91211 0.86285 0.91406 0.85590 0.91211 0.84896 0.92187 0.83854 0.91894 0.83333 0.89746 0.83333 0.89355 0.83680 0.88965 0.82986 0.88574 0.82986 0.88184 0.82292 0.87598 0.81945 0.83887 0.76736 0.82324 0.75347 0.81152 0.73264 0.80762 0.73264 0.79980 0.71875 0.79199 0.71180 0.78906 0.70312 0.77832 0.68750 0.77246 0.68055 0.76855 0.68055 0.76465 0.67361 0.75879 0.67014 0.75684 0.66320 0.73535 0.64236 0.70996 0.60764 0.70410 0.60417 0.69824 0.59028 0.69238 0.58333 0.68848 0.58333 0.68066 0.57292 0.67676 0.56250 0.65723 0.53472 0.65332 0.53472 0.65039 0.52952 0.65234 0.52604 0.65039 0.51562 0.65625 0.51215 0.65625 0.50173 0.64941 0.49653 0.64160 0.49653 0.63770 0.50347 0.63574 0.50347 0.63379 0.49653 0.44238 0.50347 0.43457 0.51042 0.43164 0.51910 0.42578 0.52604 0.42187 0.53646 0.42187 0.54340 0.40820 0.57118 0.40625 0.58160 0.39062 0.60938 0.38867 0.61979 0.35742 0.67535 0.33399 0.73090 0.32422 0.74827 0.31836 0.76562 0.28906 0.82118 0.27539 0.85590 0.26172 0.88021 0.25781 0.89410 0.24609 0.91493 0.23047 0.95312 0.22461 0.96007 0.22070 0.97396 0.21289 0.98785 0.21387 0.99653 0.26660 0.99653 0.26855 0.99305 0.27441 0.99653 1.00000 0.99479 1.00000 0.98090
6 0.68359 0.52604 0.69043 0.52430 0.69336 0.51910 0.69336 0.50868 0.68262 0.50000 0.63477 0.50173 0.64355 0.52083 0.64941 0.52430 0.65723 0.53820 0.66894 0.54514 0.67187 0.54340 0.67871 0.53820 0.68457 0.53820 0.68555 0.52952 0.68359 0.52604
6 0.86035 0.53820 0.86230 0.53472 0.87402 0.53472 0.87598 0.53820 0.87793 0.53472 0.99902 0.53472 1.00000 0.49479 0.97754 0.49305 0.97559 0.48958 0.96777 0.48958 0.96582 0.49305 0.95410 0.49305 0.95215 0.48958 0.94824 0.49305 0.94434 0.48958 0.94043 0.49305 0.93652 0.48958 0.93262 0.49305 0.92871 0.48958 0.92285 0.49305 0.91699 0.48958 0.91113 0.49653 0.75098 0.50000 0.74902 0.50347 0.71777 0.50347 0.71289 0.50868 0.71289 0.51910 0.71680 0.52604 0.71875 0.53646 0.72363 0.54167 0.80078 0.53993 0.84863 0.53820 0.85059 0.53472 0.85840 0.53472 0.86035 0.53820
6 0.09863 0.56250 0.16699 0.55903 0.16894 0.55555 0.21387 0.55555 0.21680 0.55035 0.21680 0.53993 0.22266 0.51910 0.19824 0.51736 0.19629 0.52083 0.15137 0.52083 0.14941 0.52430 0.14746 0.52083 0.14551 0.52430 0.02832 0.52430 0.02637 0.52778 0.00000 0.52952 0.00098 0.56945 0.03711 0.56771 0.08887 0.56597 0.09082 0.56250 0.09668 0.56597 0.09863 0.56250
4 0.72363 0.54167 0.71680 0.53646 0.71680 0.52952 0.70899 0.51562 0.70899 0.50868 0.71777 0.50347 0.72852 0.48438 0.73047 0.45312 0.72852 0.44271 0.71777 0.42361 0.70215 0.41667 0.68652 0.43055 0.67969 0.44965 0.67969 0.47743 0.68359 0.49132 0.69727 0.51215 0.69434 0.52430 0.68750 0.52604 0.68750 0.53646 0.68457 0.54167 0.67871 0.54167 0.67578 0.54688 0.67578 0.55382 0.68066 0.56597 0.69434 0.58333 0.71680 0.58160 0.72559 0.57986 0.72852 0.57465 0.72852 0.55035 0.72363 0.54167
7 0.40234 0.40452 0.38770 0.40278 0.38672 0.47048 0.38867 0.47396 0.38867 0.50868 0.39160 0.51389 0.39844 0.51215 0.40430 0.50868 0.40430 0.42882 0.40234 0.42535 0.40234 0.40452
7 0.42578 0.45312 0.42383 0.44965 0.42383 0.40452 0.42187 0.40104 0.42187 0.39062 0.41894 0.38542 0.40723 0.38889 0.40625 0.45660 0.40820 0.46702 0.41211 0.47396 0.41016 0.48090 0.41016 0.50173 0.42773 0.50173 0.43066 0.50000 0.43164 0.49479 0.42383 0.47396 0.42578 0.45312
6 1.00000 0.98090 0.98340 0.95486 0.97754 0.95139 0.96973 0.93750 0.96387 0.93403 0.96191 0.92708 0.95410 0.92014 0.95117 0.91146 0.95215 0.90625 0.94824 0.90972 0.94238 0.89930 0.93848 0.89930 0.91211 0.86285 0.91406 0.85590 0.91211 0.84896 0.92187 0.83854 0.91894 0.83333 0.89746 0.83333 0.89355 0.83680 0.88965 0.82986 0.88574 0.82986 0.88184 0.82292 0.87598 0.81945 0.83887 0.76736 0.82324 0.75347 0.81152 0.73264 0.80762 0.73264 0.79980 0.71875 0.79199 0.71180 0.78906 0.70312 0.77832 0.68750 0.77246 0.68055 0.76855 0.68055 0.76465 0.67361 0.75879 0.67014 0.75684 0.66320 0.73535 0.64236 0.70996 0.60764 0.70410 0.60417 0.69824 0.59028 0.69238 0.58333 0.68848 0.58333 0.68066 0.57292 0.67676 0.56250 0.65723 0.53472 0.65332 0.53472 0.65039 0.52952 0.65234 0.52604 0.65039 0.51562 0.65625 0.51215 0.65625 0.50173 0.64941 0.49653 0.64160 0.49653 0.63770 0.50347 0.63574 0.50347 0.63379 0.49653 0.44238 0.50347 0.43457 0.51042 0.43164 0.51910 0.42578 0.52604 0.42187 0.53646 0.42187 0.54340 0.40820 0.57118 0.40625 0.58160 0.39062 0.60938 0.38867 0.61979 0.35742 0.67535 0.33399 0.73090 0.32422 0.74827 0.31836 0.76562 0.28906 0.82118 0.27539 0.85590 0.26172 0.88021 0.25781 0.89410 0.24609 0.91493 0.23047 0.95312 0.22461 0.96007 0.22070 0.97396 0.21289 0.98785 0.21387 0.99653 0.26660 0.99653 0.26855 0.99305 0.27441 0.99653 1.00000 0.99479 1.00000 0.98090
6 0.68359 0.52604 0.69043 0.52430 0.69336 0.51910 0.69336 0.50868 0.68262 0.50000 0.63477 0.50173 0.64355 0.52083 0.64941 0.52430 0.65723 0.53820 0.66894 0.54514 0.67187 0.54340 0.67871 0.53820 0.68457 0.53820 0.68555 0.52952 0.68359 0.52604
6 0.86035 0.53820 0.86230 0.53472 0.87402 0.53472 0.87598 0.53820 0.87793 0.53472 0.99902 0.53472 1.00000 0.49479 0.97754 0.49305 0.97559 0.48958 0.96777 0.48958 0.96582 0.49305 0.95410 0.49305 0.95215 0.48958 0.94824 0.49305 0.94434 0.48958 0.94043 0.49305 0.93652 0.48958 0.93262 0.49305 0.92871 0.48958 0.92285 0.49305 0.91699 0.48958 0.91113 0.49653 0.75098 0.50000 0.74902 0.50347 0.71777 0.50347 0.71289 0.50868 0.71289 0.51910 0.71680 0.52604 0.71875 0.53646 0.72363 0.54167 0.80078 0.53993 0.84863 0.53820 0.85059 0.53472 0.85840 0.53472 0.86035 0.53820
6 0.09863 0.56250 0.16699 0.55903 0.16894 0.55555 0.21387 0.55555 0.21680 0.55035 0.21680 0.53993 0.22266 0.51910 0.19824 0.51736 0.19629 0.52083 0.15137 0.52083 0.14941 0.52430 0.14746 0.52083 0.14551 0.52430 0.02832 0.52430 0.02637 0.52778 0.00000 0.52952 0.00098 0.56945 0.03711 0.56771 0.08887 0.56597 0.09082 0.56250 0.09668 0.56597 0.09863 0.56250
4 0.72363 0.54167 0.71680 0.53646 0.71680 0.52952 0.70899 0.51562 0.70899 0.50868 0.71777 0.50347 0.72852 0.48438 0.73047 0.45312 0.72852 0.44271 0.71777 0.42361 0.70215 0.41667 0.68652 0.43055 0.67969 0.44965 0.67969 0.47743 0.68359 0.49132 0.69727 0.51215 0.69434 0.52430 0.68750 0.52604 0.68750 0.53646 0.68457 0.54167 0.67871 0.54167 0.67578 0.54688 0.67578 0.55382 0.68066 0.56597 0.69434 0.58333 0.71680 0.58160 0.72559 0.57986 0.72852 0.57465 0.72852 0.55035 0.72363 0.54167
7 0.40234 0.40452 0.38770 0.40278 0.38672 0.47048 0.38867 0.47396 0.38867 0.50868 0.39160 0.51389 0.39844 0.51215 0.40430 0.50868 0.40430 0.42882 0.40234 0.42535 0.40234 0.40452
7 0.42578 0.45312 0.42383 0.44965 0.42383 0.40452 0.42187 0.40104 0.42187 0.39062 0.41894 0.38542 0.40723 0.38889 0.40625 0.45660 0.40820 0.46702 0.41211 0.47396 0.41016 0.48090 0.41016 0.50173 0.42773 0.50173 0.43066 0.50000 0.43164 0.49479 0.42383 0.47396 0.42578 0.45312
6 1.00000 0.98090 0.98340 0.95486 0.97754 0.95139 0.96973 0.93750 0.96387 0.93403 0.96191 0.92708 0.95410 0.92014 0.95117 0.91146 0.95215 0.90625 0.94824 0.90972 0.94238 0.89930 0.93848 0.89930 0.91211 0.86285 0.91406 0.85590 0.91211 0.84896 0.92187 0.83854 0.91894 0.83333 0.89746 0.83333 0.89355 0.83680 0.88965 0.82986 0.88574 0.82986 0.88184 0.82292 0.87598 0.81945 0.83887 0.76736 0.82324 0.75347 0.81152 0.73264 0.80762 0.73264 0.79980 0.71875 0.79199 0.71180 0.78906 0.70312 0.77832 0.68750 0.77246 0.68055 0.76855 0.68055 0.76465 0.67361 0.75879 0.67014 0.75684 0.66320 0.73535 0.64236 0.70996 0.60764 0.70410 0.60417 0.69824 0.59028 0.69238 0.58333 0.68848 0.58333 0.68066 0.57292 0.67676 0.56250 0.65723 0.53472 0.65332 0.53472 0.65039 0.52952 0.65234 0.52604 0.65039 0.51562 0.65625 0.51215 0.65625 0.50173 0.64941 0.49653 0.64160 0.49653 0.63770 0.50347 0.63574 0.50347 0.63379 0.49653 0.44238 0.50347 0.43457 0.51042 0.43164 0.51910 0.42578 0.52604 0.42187 0.53646 0.42187 0.54340 0.40820 0.57118 0.40625 0.58160 0.39062 0.60938 0.38867 0.61979 0.35742 0.67535 0.33399 0.73090 0.32422 0.74827 0.31836 0.76562 0.28906 0.82118 0.27539 0.85590 0.26172 0.88021 0.25781 0.89410 0.24609 0.91493 0.23047 0.95312 0.22461 0.96007 0.22070 0.97396 0.21289 0.98785 0.21387 0.99653 0.26660 0.99653 0.26855 0.99305 0.27441 0.99653 1.00000 0.99479 1.00000 0.98090
6 0.68359 0.52604 0.69043 0.52430 0.69336 0.51910 0.69336 0.50868 0.68262 0.50000 0.63477 0.50173 0.64355 0.52083 0.64941 0.52430 0.65723 0.53820 0.66894 0.54514 0.67187 0.54340 0.67871 0.53820 0.68457 0.53820 0.68555 0.52952 0.68359 0.52604
6 0.86035 0.53820 0.86230 0.53472 0.87402 0.53472 0.87598 0.53820 0.87793 0.53472 0.99902 0.53472 1.00000 0.49479 0.97754 0.49305 0.97559 0.48958 0.96777 0.48958 0.96582 0.49305 0.95410 0.49305 0.95215 0.48958 0.94824 0.49305 0.94434 0.48958 0.94043 0.49305 0.93652 0.48958 0.93262 0.49305 0.92871 0.48958 0.92285 0.49305 0.91699 0.48958 0.91113 0.49653 0.75098 0.50000 0.74902 0.50347 0.71777 0.50347 0.71289 0.50868 0.71289 0.51910 0.71680 0.52604 0.71875 0.53646 0.72363 0.54167 0.80078 0.53993 0.84863 0.53820 0.85059 0.53472 0.85840 0.53472 0.86035 0.53820
6 0.09863 0.56250 0.16699 0.55903 0.16894 0.55555 0.21387 0.55555 0.21680 0.55035 0.21680 0.53993 0.22266 0.51910 0.19824 0.51736 0.19629 0.52083 0.15137 0.52083 0.14941 0.52430 0.14746 0.52083 0.14551 0.52430 0.02832 0.52430 0.02637 0.52778 0.00000 0.52952 0.00098 0.56945 0.03711 0.56771 0.08887 0.56597 0.09082 0.56250 0.09668 0.56597 0.09863 0.56250
4 0.72363 0.54167 0.71680 0.53646 0.71680 0.52952 0.70899 0.51562 0.70899 0.50868 0.71777 0.50347 0.72852 0.48438 0.73047 0.45312 0.72852 0.44271 0.71777 0.42361 0.70215 0.41667 0.68652 0.43055 0.67969 0.44965 0.67969 0.47743 0.68359 0.49132 0.69727 0.51215 0.69434 0.52430 0.68750 0.52604 0.68750 0.53646 0.68457 0.54167 0.67871 0.54167 0.67578 0.54688 0.67578 0.55382 0.68066 0.56597 0.69434 0.58333 0.71680 0.58160 0.72559 0.57986 0.72852 0.57465 0.72852 0.55035 0.72363 0.54167
7 0.40234 0.40452 0.38770 0.40278 0.38672 0.47048 0.38867 0.47396 0.38867 0.50868 0.39160 0.51389 0.39844 0.51215 0.40430 0.50868 0.40430 0.42882 0.40234 0.42535 0.40234 0.40452
7 0.42578 0.45312 0.42383 0.44965 0.42383 0.40452 0.42187 0.40104 0.42187 0.39062 0.41894 0.38542 0.40723 0.38889 0.40625 0.45660 0.40820 0.46702 0.41211 0.47396 0.41016 0.48090 0.41016 0.50173 0.42773 0.50173 0.43066 0.50000 0.43164 0.49479 0.42383 0.47396 0.42578 0.45312
6 1.00000 0.98090 0.98340 0.95486 0.97754 0.95139 0.96973 0.93750 0.96387 0.93403 0.96191 0.92708 0.95410 0.92014 0.95117 0.91146 0.95215 0.90625 0.94824 0.90972 0.94238 0.89930 0.93848 0.89930 0.91211 0.86285 0.91406 0.85590 0.91211 0.84896 0.92187 0.83854 0.91894 0.83333 0.89746 0.83333 0.89355 0.83680 0.88965 0.82986 0.88574 0.82986 0.88184 0.82292 0.87598 0.81945 0.83887 0.76736 0.82324 0.75347 0.81152 0.73264 0.80762 0.73264 0.79980 0.71875 0.79199 0.71180 0.78906 0.70312 0.77832 0.68750 0.77246 0.68055 0.76855 0.68055 0.76465 0.67361 0.75879 0.67014 0.75684 0.66320 0.73535 0.64236 0.70996 0.60764 0.70410 0.60417 0.69824 0.59028 0.69238 0.58333 0.68848 0.58333 0.68066 0.57292 0.67676 0.56250 0.65723 0.53472 0.65332 0.53472 0.65039 0.52952 0.65234 0.52604 0.65039 0.51562 0.65625 0.51215 0.65625 0.50173 0.64941 0.49653 0.64160 0.49653 0.63770 0.50347 0.63574 0.50347 0.63379 0.49653 0.44238 0.50347 0.43457 0.51042 0.43164 0.51910 0.42578 0.52604 0.42187 0.53646 0.42187 0.54340 0.40820 0.57118 0.40625 0.58160 0.39062 0.60938 0.38867 0.61979 0.35742 0.67535 0.33399 0.73090 0.32422 0.74827 0.31836 0.76562 0.28906 0.82118 0.27539 0.85590 0.26172 0.88021 0.25781 0.89410 0.24609 0.91493 0.23047 0.95312 0.22461 0.96007 0.22070 0.97396 0.21289 0.98785 0.21387 0.99653 0.26660 0.99653 0.26855 0.99305 0.27441 0.99653 1.00000 0.99479 1.00000 0.98090
6 0.68359 0.52604 0.69043 0.52430 0.69336 0.51910 0.69336 0.50868 0.68262 0.50000 0.63477 0.50173 0.64355 0.52083 0.64941 0.52430 0.65723 0.53820 0.66894 0.54514 0.67187 0.54340 0.67871 0.53820 0.68457 0.53820 0.68555 0.52952 0.68359 0.52604
6 0.86035 0.53820 0.86230 0.53472 0.87402 0.53472 0.87598 0.53820 0.87793 0.53472 0.99902 0.53472 1.00000 0.49479 0.97754 0.49305 0.97559 0.48958 0.96777 0.48958 0.96582 0.49305 0.95410 0.49305 0.95215 0.48958 0.94824 0.49305 0.94434 0.48958 0.94043 0.49305 0.93652 0.48958 0.93262 0.49305 0.92871 0.48958 0.92285 0.49305 0.91699 0.48958 0.91113 0.49653 0.75098 0.50000 0.74902 0.50347 0.71777 0.50347 0.71289 0.50868 0.71289 0.51910 0.71680 0.52604 0.71875 0.53646 0.72363 0.54167 0.80078 0.53993 0.84863 0.53820 0.85059 0.53472 0.85840 0.53472 0.86035 0.53820
6 0.09863 0.56250 0.16699 0.55903 0.16894 0.55555 0.21387 0.55555 0.21680 0.55035 0.21680 0.53993 0.22266 0.51910 0.19824 0.51736 0.19629 0.52083 0.15137 0.52083 0.14941 0.52430 0.14746 0.52083 0.14551 0.52430 0.02832 0.52430 0.02637 0.52778 0.00000 0.52952 0.00098 0.56945 0.03711 0.56771 0.08887 0.56597 0.09082 0.56250 0.09668 0.56597 0.09863 0.56250
4 0.72363 0.54167 0.71680 0.53646 0.71680 0.52952 0.70899 0.51562 0.70899 0.50868 0.71777 0.50347 0.72852 0.48438 0.73047 0.45312 0.72852 0.44271 0.71777 0.42361 0.70215 0.41667 0.68652 0.43055 0.67969 0.44965 0.67969 0.47743 0.68359 0.49132 0.69727 0.51215 0.69434 0.52430 0.68750 0.52604 0.68750 0.53646 0.68457 0.54167 0.67871 0.54167 0.67578 0.54688 0.67578 0.55382 0.68066 0.56597 0.69434 0.58333 0.71680 0.58160 0.72559 0.57986 0.72852 0.57465 0.72852 0.55035 0.72363 0.54167
7 0.40234 0.40452 0.38770 0.40278 0.38672 0.47048 0.38867 0.47396 0.38867 0.50868 0.39160 0.51389 0.39844 0.51215 0.40430 0.50868 0.40430 0.42882 0.40234 0.42535 0.40234 0.40452
7 0.42578 0.45312 0.42383 0.44965 0.42383 0.40452 0.42187 0.40104 0.42187 0.39062 0.41894 0.38542 0.40723 0.38889 0.40625 0.45660 0.40820 0.46702 0.41211 0.47396 0.41016 0.48090 0.41016 0.50173 0.42773 0.50173 0.43066 0.50000 0.43164 0.49479 0.42383 0.47396 0.42578 0.45312
