6 0.24206 1.00000 0.22999 0.99177 0.19961 0.98172 0.18536 0.97130 0.17730 0.97148 0.16103 0.96111 0.11443 0.94426 0.10627 0.93728 0.10023 0.93742 0.08396 0.92704 0.06980 0.92379 0.06165 0.91680 0.04749 0.91355 0.03323 0.90312 0.00895 0.89652 0.00506 0.89206 0.00648 1.00000 0.24206 1.00000
5 0.03679 0.79075 0.03482 0.75870 0.05011 0.74459 0.06660 0.70386 0.06779 0.63780 0.04668 0.60070 0.01170 0.60793 0.00163 0.63029 0.00313 0.74467 0.01426 0.76376 0.01117 0.80327 0.00393 0.80590 0.00504 0.89014 0.00717 0.89139 0.08198 0.85480 0.08377 0.83367 0.04946 0.81338 0.04919 0.79229 0.03679 0.79075
6 0.24206 1.00000 0.22999 0.99177 0.19961 0.98172 0.18536 0.97130 0.17730 0.97148 0.16103 0.96111 0.11443 0.94426 0.10627 0.93728 0.10023 0.93742 0.08396 0.92704 0.06980 0.92379 0.06165 0.91680 0.04749 0.91355 0.03323 0.90312 0.00895 0.89652 0.00506 0.89206 0.00648 1.00000 0.24206 1.00000
5 0.03679 0.79075 0.03482 0.75870 0.05011 0.74459 0.06660 0.70386 0.06779 0.63780 0.04668 0.60070 0.01170 0.60793 0.00163 0.63029 0.00313 0.74467 0.01426 0.76376 0.01117 0.80327 0.00393 0.80590 0.00504 0.89014 0.00717 0.89139 0.08198 0.85480 0.08377 0.83367 0.04946 0.81338 0.04919 0.79229 0.03679 0.79075
6 0.24206 1.00000 0.22999 0.99177 0.19961 0.98172 0.18536 0.97130 0.17730 0.97148 0.16103 0.96111 0.11443 0.94426 0.10627 0.93728 0.10023 0.93742 0.08396 0.92704 0.06980 0.92379 0.06165 0.91680 0.04749 0.91355 0.03323 0.90312 0.00895 0.89652 0.00506 0.89206 0.00648 1.00000 0.24206 1.00000
5 0.03679 0.79075 0.03482 0.75870 0.05011 0.74459 0.06660 0.70386 0.06779 0.63780 0.04668 0.60070 0.01170 0.60793 0.00163 0.63029 0.00313 0.74467 0.01426 0.76376 0.01117 0.80327 0.00393 0.80590 0.00504 0.89014 0.00717 0.89139 0.08198 0.85480 0.08377 0.83367 0.04946 0.81338 0.04919 0.79229 0.03679 0.79075
6 0.24206 1.00000 0.22999 0.99177 0.19961 0.98172 0.18536 0.97130 0.17730 0.97148 0.16103 0.96111 0.11443 0.94426 0.10627 0.93728 0.10023 0.93742 0.08396 0.92704 0.06980 0.92379 0.06165 0.91680 0.04749 0.91355 0.03323 0.90312 0.00895 0.89652 0.00506 0.89206 0.00648 1.00000 0.24206 1.00000
5 0.03679 0.79075 0.03482 0.75870 0.05011 0.74459 0.06660 0.70386 0.06779 0.63780 0.04668 0.60070 0.01170 0.60793 0.00163 0.63029 0.00313 0.74467 0.01426 0.76376 0.01117 0.80327 0.00393 0.80590 0.00504 0.89014 0.00717 0.89139 0.08198 0.85480 0.08377 0.83367 0.04946 0.81338 0.04919 0.79229 0.03679 0.79075
6 0.24206 1.00000 0.22999 0.99177 0.19961 0.98172 0.18536 0.97130 0.17730 0.97148 0.16103 0.96111 0.11443 0.94426 0.10627 0.93728 0.10023 0.93742 0.08396 0.92704 0.06980 0.92379 0.06165 0.91680 0.04749 0.91355 0.03323 0.90312 0.00895 0.89652 0.00506 0.89206 0.00648 1.00000 0.24206 1.00000
5 0.03679 0.79075 0.03482 0.75870 0.05011 0.74459 0.06660 0.70386 0.06779 0.63780 0.04668 0.60070 0.01170 0.60793 0.00163 0.63029 0.00313 0.74467 0.01426 0.76376 0.01117 0.80327 0.00393 0.80590 0.00504 0.89014 0.00717 0.89139 0.08198 0.85480 0.08377 0.83367 0.04946 0.81338 0.04919 0.79229 0.03679 0.79075
6 0.24206 1.00000 0.22999 0.99177 0.19961 0.98172 0.18536 0.97130 0.17730 0.97148 0.16103 0.96111 0.11443 0.94426 0.10627 0.93728 0.10023 0.93742 0.08396 0.92704 0.06980 0.92379 0.06165 0.91680 0.04749 0.91355 0.03323 0.90312 0.00895 0.89652 0.00506 0.89206 0.00648 1.00000 0.24206 1.00000
5 0.03679 0.79075 0.03482 0.75870 0.05011 0.74459 0.06660 0.70386 0.06779 0.63780 0.04668 0.60070 0.01170 0.60793 0.00163 0.63029 0.00313 0.74467 0.01426 0.76376 0.01117 0.80327 0.00393 0.80590 0.00504 0.89014 0.00717 0.89139 0.08198 0.85480 0.08377 0.83367 0.04946 0.81338 0.04919 0.79229 0.03679 0.79075
