6 0.94152 1.00000 0.99004 0.63355 0.97830 0.58530 0.87043 0.28906 0.84411 0.24257 0.77215 0.17461 0.69134 0.12728 0.58768 0.08845 0.44197 0.05895 0.05701 0.01107 0.03891 0.14777 0.33001 0.18545 0.36641 0.21162 0.36551 0.22045 0.36324 0.23659 0.00000 0.77359 0.00000 0.88290 0.54711 1.00000 0.94152 1.00000
5 0.05848 0.00000 0.05752 0.00720 0.05754 0.00825 0.10355 0.01239 0.12271 0.00257 0.12274 0.00000 0.05848 0.00000
6 0.94152 1.00000 0.99004 0.63355 0.97830 0.58530 0.87043 0.28906 0.84411 0.24257 0.77215 0.17461 0.69134 0.12728 0.58768 0.08845 0.44197 0.05895 0.05701 0.01107 0.03891 0.14777 0.33001 0.18545 0.36641 0.21162 0.36551 0.22045 0.36324 0.23659 0.00000 0.77359 0.00000 0.88290 0.54711 1.00000 0.94152 1.00000
5 0.05848 0.00000 0.05752 0.00720 0.05754 0.00825 0.10355 0.01239 0.12271 0.00257 0.12274 0.00000 0.05848 0.00000
6 0.94152 1.00000 0.99004 0.63355 0.97830 0.58530 0.87043 0.28906 0.84411 0.24257 0.77215 0.17461 0.69134 0.12728 0.58768 0.08845 0.44197 0.05895 0.05701 0.01107 0.03891 0.14777 0.33001 0.18545 0.36641 0.21162 0.36551 0.22045 0.36324 0.23659 0.00000 0.77359 0.00000 0.88290 0.54711 1.00000 0.94152 1.00000
5 0.05848 0.00000 0.05752 0.00720 0.05754 0.00825 0.10355 0.01239 0.12271 0.00257 0.12274 0.00000 0.05848 0.00000
6 0.94152 1.00000 0.99004 0.63355 0.97830 0.58530 0.87043 0.28906 0.84411 0.24257 0.77215 0.17461 0.69134 0.12728 0.58768 0.08845 0.44197 0.05895 0.05701 0.01107 0.03891 0.14777 0.33001 0.18545 0.36641 0.21162 0.36551 0.22045 0.36324 0.23659 0.00000 0.77359 0.00000 0.88290 0.54711 1.00000 0.94152 1.00000
5 0.05848 0.00000 0.05752 0.00720 0.05754 0.00825 0.10355 0.01239 0.12271 0.00257 0.12274 0.00000 0.05848 0.00000
6 0.94152 1.00000 0.99004 0.63355 0.97830 0.58530 0.87043 0.28906 0.84411 0.24257 0.77215 0.17461 0.69134 0.12728 0.58768 0.08845 0.44197 0.05895 0.05701 0.01107 0.03891 0.14777 0.33001 0.18545 0.36641 0.21162 0.36551 0.22045 0.36324 0.23659 0.00000 0.77359 0.00000 0.88290 0.54711 1.00000 0.94152 1.00000
5 0.05848 0.00000 0.05752 0.00720 0.05754 0.00825 0.10355 0.01239 0.12271 0.00257 0.12274 0.00000 0.05848 0.00000
6 0.94152 1.00000 0.99004 0.63355 0.97830 0.58530 0.87043 0.28906 0.84411 0.24257 0.77215 0.17461 0.69134 0.12728 0.58768 0.08845 0.44197 0.05895 0.05701 0.01107 0.03891 0.14777 0.33001 0.18545 0.36641 0.21162 0.36551 0.22045 0.36324 0.23659 0.00000 0.77359 0.00000 0.88290 0.54711 1.00000 0.94152 1.00000
5 0.05848 0.00000 0.05752 0.00720 0.05754 0.00825 0.10355 0.01239 0.12271 0.00257 0.12274 0.00000 0.05848 0.00000
