6 0.22785 1.00000 0.22431 0.99708 0.21574 0.99748 0.19818 0.98301 0.19175 0.98331 0.16123 0.96562 0.15480 0.96592 0.14164 0.95507 0.13521 0.95537 0.10030 0.93407 0.09387 0.93437 0.08724 0.92704 0.06560 0.92040 0.05896 0.91307 0.04386 0.90995 0.03723 0.90261 0.02426 0.89939 0.01763 0.89206 0.01120 0.89236 0.00996 0.89134 0.01280 1.00000 0.22785 1.00000
5 0.05767 0.79522 0.05601 0.75001 0.06858 0.74439 0.08878 0.68810 0.08628 0.62867 0.05930 0.58800 0.03077 0.59603 0.00697 0.64075 0.00472 0.69160 0.00525 0.71198 0.03304 0.76030 0.03423 0.80554 0.01798 0.81468 0.01279 0.83253 0.00844 0.83356 0.00978 0.88479 0.02875 0.89637 0.10526 0.84920 0.10385 0.83165 0.07529 0.82040 0.07082 0.79377 0.05767 0.79522
6 0.22785 1.00000 0.22431 0.99708 0.21574 0.99748 0.19818 0.98301 0.19175 0.98331 0.16123 0.96562 0.15480 0.96592 0.14164 0.95507 0.13521 0.95537 0.10030 0.93407 0.09387 0.93437 0.08724 0.92704 0.06560 0.92040 0.05896 0.91307 0.04386 0.90995 0.03723 0.90261 0.02426 0.89939 0.01763 0.89206 0.01120 0.89236 0.00996 0.89134 0.01280 1.00000 0.22785 1.00000
5 0.05767 0.79522 0.05601 0.75001 0.06858 0.74439 0.08878 0.68810 0.08628 0.62867 0.05930 0.58800 0.03077 0.59603 0.00697 0.64075 0.00472 0.69160 0.00525 0.71198 0.03304 0.76030 0.03423 0.80554 0.01798 0.81468 0.01279 0.83253 0.00844 0.83356 0.00978 0.88479 0.02875 0.89637 0.10526 0.84920 0.10385 0.83165 0.07529 0.82040 0.07082 0.79377 0.05767 0.79522
6 0.22785 1.00000 0.22431 0.99708 0.21574 0.99748 0.19818 0.98301 0.19175 0.98331 0.16123 0.96562 0.15480 0.96592 0.14164 0.95507 0.13521 0.95537 0.10030 0.93407 0.09387 0.93437 0.08724 0.92704 0.06560 0.92040 0.05896 0.91307 0.04386 0.90995 0.03723 0.90261 0.02426 0.89939 0.01763 0.89206 0.01120 0.89236 0.00996 0.89134 0.01280 1.00000 0.22785 1.00000
5 0.05767 0.79522 0.05601 0.75001 0.06858 0.74439 0.08878 0.68810 0.08628 0.62867 0.05930 0.58800 0.03077 0.59603 0.00697 0.64075 0.00472 0.69160 0.00525 0.71198 0.03304 0.76030 0.03423 0.80554 0.01798 0.81468 0.01279 0.83253 0.00844 0.83356 0.00978 0.88479 0.02875 0.89637 0.10526 0.84920 0.10385 0.83165 0.07529 0.82040 0.07082 0.79377 0.05767 0.79522
6 0.22785 1.00000 0.22431 0.99708 0.21574 0.99748 0.19818 0.98301 0.19175 0.98331 0.16123 0.96562 0.15480 0.96592 0.14164 0.95507 0.13521 0.95537 0.10030 0.93407 0.09387 0.93437 0.08724 0.92704 0.06560 0.92040 0.05896 0.91307 0.04386 0.90995 0.03723 0.90261 0.02426 0.89939 0.01763 0.89206 0.01120 0.89236 0.00996 0.89134 0.01280 1.00000 0.22785 1.00000
5 0.05767 0.79522 0.05601 0.75001 0.06858 0.74439 0.08878 0.68810 0.08628 0.62867 0.05930 0.58800 0.03077 0.59603 0.00697 0.64075 0.00472 0.69160 0.00525 0.71198 0.03304 0.76030 0.03423 0.80554 0.01798 0.81468 0.01279 0.83253 0.00844 0.83356 0.00978 0.88479 0.02875 0.89637 0.10526 0.84920 0.10385 0.83165 0.07529 0.82040 0.07082 0.79377 0.05767 0.79522
6 0.22785 1.00000 0.22431 0.99708 0.21574 0.99748 0.19818 0.98301 0.19175 0.98331 0.16123 0.96562 0.15480 0.96592 0.14164 0.95507 0.13521 0.95537 0.10030 0.93407 0.09387 0.93437 0.08724 0.92704 0.06560 0.92040 0.05896 0.91307 0.04386 0.90995 0.03723 0.90261 0.02426 0.89939 0.01763 0.89206 0.01120 0.89236 0.00996 0.89134 0.01280 1.00000 0.22785 1.00000
5 0.05767 0.79522 0.05601 0.75001 0.06858 0.74439 0.08878 0.68810 0.08628 0.62867 0.05930 0.58800 0.03077 0.59603 0.00697 0.64075 0.00472 0.69160 0.00525 0.71198 0.03304 0.76030 0.03423 0.80554 0.01798 0.81468 0.01279 0.83253 0.00844 0.83356 0.00978 0.88479 0.02875 0.89637 0.10526 0.84920 0.10385 0.83165 0.07529 0.82040 0.07082 0.79377 0.05767 0.79522
6 0.22785 1.00000 0.22431 0.99708 0.21574 0.99748 0.19818 0.98301 0.19175 0.98331 0.16123 0.96562 0.15480 0.96592 0.14164 0.95507 0.13521 0.95537 0.10030 0.93407 0.09387 0.93437 0.08724 0.92704 0.06560 0.92040 0.05896 0.91307 0.04386 0.90995 0.03723 0.90261 0.02426 0.89939 0.01763 0.89206 0.01120 0.89236 0.00996 0.89134 0.01280 1.00000 0.22785 1.00000
5 0.05767 0.79522 0.05601 0.75001 0.06858 0.74439 0.08878 0.68810 0.08628 0.62867 0.05930 0.58800 0.03077 0.59603 0.00697 0.64075 0.00472 0.69160 0.00525 0.71198 0.03304 0.76030 0.03423 0.80554 0.01798 0.81468 0.01279 0.83253 0.00844 0.83356 0.00978 0.88479 0.02875 0.89637 0.10526 0.84920 0.10385 0.83165 0.07529 0.82040 0.07082 0.79377 0.05767 0.79522
