6 0.98101 1.00000 0.98118 0.99575 0.97350 0.98051 0.96560 0.97267 0.96194 0.96148 0.95009 0.94971 0.93867 0.92704 0.93458 0.92675 0.92287 0.91136 0.91431 0.89435 0.92359 0.89318 0.92687 0.88794 0.92635 0.87514 0.91816 0.87457 0.91707 0.87631 0.92102 0.88023 0.91569 0.88533 0.90546 0.88462 0.90179 0.87343 0.88980 0.86530 0.86858 0.83100 0.86449 0.83072 0.85673 0.81924 0.85307 0.80805 0.83755 0.78509 0.83156 0.78102 0.82570 0.77332 0.82394 0.76591 0.81795 0.76184 0.79658 0.73119 0.79292 0.71999 0.78692 0.71593 0.76365 0.68149 0.75371 0.67351 0.73629 0.64677 0.72444 0.63501 0.70717 0.60463 0.69518 0.59650 0.69247 0.58720 0.67805 0.56250 0.67001 0.55829 0.66225 0.54681 0.66201 0.52674 0.66449 0.51598 0.65564 0.50625 0.64745 0.50568 0.64526 0.50917 0.64131 0.50525 0.59834 0.50225 0.59615 0.50574 0.53271 0.50131 0.53052 0.50480 0.52657 0.50088 0.51839 0.50031 0.51620 0.50380 0.45481 0.49952 0.45043 0.50650 0.44852 0.50273 0.44429 0.50607 0.43829 0.50201 0.43501 0.50725 0.43472 0.51452 0.41473 0.55323 0.40773 0.57462 0.39460 0.59557 0.37884 0.63093 0.36366 0.65175 0.34148 0.69395 0.33448 0.71534 0.26356 0.84892 0.26109 0.85969 0.25014 0.87715 0.22548 0.93012 0.21687 0.94045 0.19906 0.97968 0.49017 1.00000 0.98101 1.00000
6 0.64826 0.51120 0.64988 0.52225 0.66634 0.54710 0.67219 0.55480 0.68338 0.55740 0.69485 0.55273 0.70032 0.54400 0.70703 0.52989 0.70732 0.52261 0.70446 0.51695 0.70037 0.51666 0.69657 0.50911 0.67610 0.50768 0.67391 0.51117 0.66587 0.50696 0.66368 0.51045 0.64826 0.51120
6 0.90748 0.52018 0.88088 0.51832 0.87869 0.52182 0.79479 0.51596 0.79260 0.51945 0.78251 0.51511 0.78032 0.51860 0.73530 0.51545 0.72559 0.52754 0.73116 0.54251 0.73087 0.54978 0.73972 0.55951 0.79293 0.56323 0.79674 0.57079 0.79988 0.56918 0.85009 0.57086 0.85228 0.56737 0.85418 0.57115 0.86032 0.57158 0.86470 0.56459 0.89130 0.56645 0.89349 0.56295 0.92828 0.56538 0.93822 0.57337 0.99764 0.57752 0.99973 0.52431 0.93628 0.51855 0.93409 0.52204 0.91976 0.52104 0.91757 0.52453 0.90939 0.52396 0.90748 0.52018
6 0.00000 0.53598 0.01935 0.53657 0.03477 0.53582 0.03696 0.53233 0.03887 0.53611 0.04105 0.53261 0.10245 0.53690 0.10463 0.53341 0.14147 0.53598 0.14366 0.53248 0.21338 0.53371 0.21666 0.52846 0.21723 0.51392 0.22395 0.49981 0.21700 0.49386 0.21481 0.49735 0.21291 0.49357 0.20472 0.49300 0.20253 0.49649 0.19244 0.49214 0.19025 0.49563 0.15956 0.49349 0.15737 0.49698 0.15342 0.49306 0.15123 0.49655 0.05709 0.48998 0.05491 0.49348 0.00000 0.49088 0.00000 0.53598
4 0.71827 0.42677 0.70557 0.43682 0.69557 0.45617 0.69443 0.48526 0.69604 0.49631 0.70256 0.51317 0.70951 0.51912 0.70894 0.53366 0.70565 0.53891 0.70156 0.53862 0.70018 0.54764 0.69689 0.55288 0.69076 0.55245 0.68747 0.55769 0.68718 0.56496 0.68894 0.57237 0.70336 0.59708 0.73720 0.59762 0.74187 0.58336 0.74258 0.56518 0.73373 0.55545 0.72164 0.52361 0.73107 0.51880 0.74311 0.49959 0.74792 0.48170 0.74849 0.46716 0.74687 0.45611 0.73845 0.43546 0.72850 0.42748 0.71827 0.42677
7 0.39446 0.52083 0.39760 0.51922 0.39599 0.50817 0.40555 0.49973 0.40898 0.49085 0.40969 0.47267 0.40779 0.46889 0.41065 0.39618 0.40779 0.39051 0.39347 0.38951 0.39028 0.49684 0.39218 0.50062 0.39161 0.51516 0.39446 0.52083
7 0.43368 0.48893 0.42840 0.46669 0.42978 0.37929 0.42693 0.37362 0.41874 0.37304 0.41137 0.37800 0.41012 0.46177 0.41379 0.47296 0.41102 0.49099 0.41388 0.49666 0.42930 0.49591 0.43368 0.48893
6 0.98101 1.00000 0.98118 0.99575 0.97350 0.98051 0.96560 0.97267 0.96194 0.96148 0.95009 0.94971 0.93867 0.92704 0.93458 0.92675 0.92287 0.91136 0.91431 0.89435 0.92359 0.89318 0.92687 0.88794 0.92635 0.87514 0.91816 0.87457 0.91707 0.87631 0.92102 0.88023 0.91569 0.88533 0.90546 0.88462 0.90179 0.87343 0.88980 0.86530 0.86858 0.83100 0.86449 0.83072 0.85673 0.81924 0.85307 0.80805 0.83755 0.78509 0.83156 0.78102 0.82570 0.77332 0.82394 0.76591 0.81795 0.76184 0.79658 0.73119 0.79292 0.71999 0.78692 0.71593 0.76365 0.68149 0.75371 0.67351 0.73629 0.64677 0.72444 0.63501 0.70717 0.60463 0.69518 0.59650 0.69247 0.58720 0.67805 0.56250 0.67001 0.55829 0.66225 0.54681 0.66201 0.52674 0.66449 0.51598 0.65564 0.50625 0.64745 0.50568 0.64526 0.50917 0.64131 0.50525 0.59834 0.50225 0.59615 0.50574 0.53271 0.50131 0.53052 0.50480 0.52657 0.50088 0.51839 0.50031 0.51620 0.50380 0.45481 0.49952 0.45043 0.50650 0.44852 0.50273 0.44429 0.50607 0.43829 0.50201 0.43501 0.50725 0.43472 0.51452 0.41473 0.55323 0.40773 0.57462 0.39460 0.59557 0.37884 0.63093 0.36366 0.65175 0.34148 0.69395 0.33448 0.71534 0.26356 0.84892 0.26109 0.85969 0.25014 0.87715 0.22548 0.93012 0.21687 0.94045 0.19906 0.97968 0.49017 1.00000 0.98101 1.00000
6 0.64826 0.51120 0.64988 0.52225 0.66634 0.54710 0.67219 0.55480 0.68338 0.55740 0.69485 0.55273 0.70032 0.54400 0.70703 0.52989 0.70732 0.52261 0.70446 0.51695 0.70037 0.51666 0.69657 0.50911 0.67610 0.50768 0.67391 0.51117 0.66587 0.50696 0.66368 0.51045 0.64826 0.51120
6 0.90748 0.52018 0.88088 0.51832 0.87869 0.52182 0.79479 0.51596 0.79260 0.51945 0.78251 0.51511 0.78032 0.51860 0.73530 0.51545 0.72559 0.52754 0.73116 0.54251 0.73087 0.54978 0.73972 0.55951 0.79293 0.56323 0.79674 0.57079 0.79988 0.56918 0.85009 0.57086 0.85228 0.56737 0.85418 0.57115 0.86032 0.57158 0.86470 0.56459 0.89130 0.56645 0.89349 0.56295 0.92828 0.56538 0.93822 0.57337 0.99764 0.57752 0.99973 0.52431 0.93628 0.51855 0.93409 0.52204 0.91976 0.52104 0.91757 0.52453 0.90939 0.52396 0.90748 0.52018
6 0.00000 0.53598 0.01935 0.53657 0.03477 0.53582 0.03696 0.53233 0.03887 0.53611 0.04105 0.53261 0.10245 0.53690 0.10463 0.53341 0.14147 0.53598 0.14366 0.53248 0.21338 0.53371 0.21666 0.52846 0.21723 0.51392 0.22395 0.49981 0.21700 0.49386 0.21481 0.49735 0.21291 0.49357 0.20472 0.49300 0.20253 0.49649 0.19244 0.49214 0.19025 0.49563 0.15956 0.49349 0.15737 0.49698 0.15342 0.49306 0.15123 0.49655 0.05709 0.48998 0.05491 0.49348 0.00000 0.49088 0.00000 0.53598
4 0.71827 0.42677 0.70557 0.43682 0.69557 0.45617 0.69443 0.48526 0.69604 0.49631 0.70256 0.51317 0.70951 0.51912 0.70894 0.53366 0.70565 0.53891 0.70156 0.53862 0.70018 0.54764 0.69689 0.55288 0.69076 0.55245 0.68747 0.55769 0.68718 0.56496 0.68894 0.57237 0.70336 0.59708 0.73720 0.59762 0.74187 0.58336 0.74258 0.56518 0.73373 0.55545 0.72164 0.52361 0.73107 0.51880 0.74311 0.49959 0.74792 0.48170 0.74849 0.46716 0.74687 0.45611 0.73845 0.43546 0.72850 0.42748 0.71827 0.42677
7 0.39446 0.52083 0.39760 0.51922 0.39599 0.50817 0.40555 0.49973 0.40898 0.49085 0.40969 0.47267 0.40779 0.46889 0.41065 0.39618 0.40779 0.39051 0.39347 0.38951 0.39028 0.49684 0.39218 0.50062 0.39161 0.51516 0.39446 0.52083
7 0.43368 0.48893 0.42840 0.46669 0.42978 0.37929 0.42693 0.37362 0.41874 0.37304 0.41137 0.37800 0.41012 0.46177 0.41379 0.47296 0.41102 0.49099 0.41388 0.49666 0.42930 0.49591 0.43368 0.48893
6 0.98101 1.00000 0.98118 0.99575 0.97350 0.98051 0.96560 0.97267 0.96194 0.96148 0.95009 0.94971 0.93867 0.92704 0.93458 0.92675 0.92287 0.91136 0.91431 0.89435 0.92359 0.89318 0.92687 0.88794 0.92635 0.87514 0.91816 0.87457 0.91707 0.87631 0.92102 0.88023 0.91569 0.88533 0.90546 0.88462 0.90179 0.87343 0.88980 0.86530 0.86858 0.83100 0.86449 0.83072 0.85673 0.81924 0.85307 0.80805 0.83755 0.78509 0.83156 0.78102 0.82570 0.77332 0.82394 0.76591 0.81795 0.76184 0.79658 0.73119 0.79292 0.71999 0.78692 0.71593 0.76365 0.68149 0.75371 0.67351 0.73629 0.64677 0.72444 0.63501 0.70717 0.60463 0.69518 0.59650 0.69247 0.58720 0.67805 0.56250 0.67001 0.55829 0.66225 0.54681 0.66201 0.52674 0.66449 0.51598 0.65564 0.50625 0.64745 0.50568 0.64526 0.50917 0.64131 0.50525 0.59834 0.50225 0.59615 0.50574 0.53271 0.50131 0.53052 0.50480 0.52657 0.50088 0.51839 0.50031 0.51620 0.50380 0.45481 0.49952 0.45043 0.50650 0.44852 0.50273 0.44429 0.50607 0.43829 0.50201 0.43501 0.50725 0.43472 0.51452 0.41473 0.55323 0.40773 0.57462 0.39460 0.59557 0.37884 0.63093 0.36366 0.65175 0.34148 0.69395 0.33448 0.71534 0.26356 0.84892 0.26109 0.85969 0.25014 0.87715 0.22548 0.93012 0.21687 0.94045 0.19906 0.97968 0.49017 1.00000 0.98101 1.00000
6 0.64826 0.51120 0.64988 0.52225 0.66634 0.54710 0.67219 0.55480 0.68338 0.55740 0.69485 0.55273 0.70032 0.54400 0.70703 0.52989 0.70732 0.52261 0.70446 0.51695 0.70037 0.51666 0.69657 0.50911 0.67610 0.50768 0.67391 0.51117 0.66587 0.50696 0.66368 0.51045 0.64826 0.51120
6 0.90748 0.52018 0.88088 0.51832 0.87869 0.52182 0.79479 0.51596 0.79260 0.51945 0.78251 0.51511 0.78032 0.51860 0.73530 0.51545 0.72559 0.52754 0.73116 0.54251 0.73087 0.54978 0.73972 0.55951 0.79293 0.56323 0.79674 0.57079 0.79988 0.56918 0.85009 0.57086 0.85228 0.56737 0.85418 0.57115 0.86032 0.57158 0.86470 0.56459 0.89130 0.56645 0.89349 0.56295 0.92828 0.56538 0.93822 0.57337 0.99764 0.57752 0.99973 0.52431 0.93628 0.51855 0.93409 0.52204 0.91976 0.52104 0.91757 0.52453 0.90939 0.52396 0.90748 0.52018
6 0.00000 0.53598 0.01935 0.53657 0.03477 0.53582 0.03696 0.53233 0.03887 0.53611 0.04105 0.53261 0.10245 0.53690 0.10463 0.53341 0.14147 0.53598 0.14366 0.53248 0.21338 0.53371 0.21666 0.52846 0.21723 0.51392 0.22395 0.49981 0.21700 0.49386 0.21481 0.49735 0.21291 0.49357 0.20472 0.49300 0.20253 0.49649 0.19244 0.49214 0.19025 0.49563 0.15956 0.49349 0.15737 0.49698 0.15342 0.49306 0.15123 0.49655 0.05709 0.48998 0.05491 0.49348 0.00000 0.49088 0.00000 0.53598
4 0.71827 0.42677 0.70557 0.43682 0.69557 0.45617 0.69443 0.48526 0.69604 0.49631 0.70256 0.51317 0.70951 0.51912 0.70894 0.53366 0.70565 0.53891 0.70156 0.53862 0.70018 0.54764 0.69689 0.55288 0.69076 0.55245 0.68747 0.55769 0.68718 0.56496 0.68894 0.57237 0.70336 0.59708 0.73720 0.59762 0.74187 0.58336 0.74258 0.56518 0.73373 0.55545 0.72164 0.52361 0.73107 0.51880 0.74311 0.49959 0.74792 0.48170 0.74849 0.46716 0.74687 0.45611 0.73845 0.43546 0.72850 0.42748 0.71827 0.42677
7 0.39446 0.52083 0.39760 0.51922 0.39599 0.50817 0.40555 0.49973 0.40898 0.49085 0.40969 0.47267 0.40779 0.46889 0.41065 0.39618 0.40779 0.39051 0.39347 0.38951 0.39028 0.49684 0.39218 0.50062 0.39161 0.51516 0.39446 0.52083
7 0.43368 0.48893 0.42840 0.46669 0.42978 0.37929 0.42693 0.37362 0.41874 0.37304 0.41137 0.37800 0.41012 0.46177 0.41379 0.47296 0.41102 0.49099 0.41388 0.49666 0.42930 0.49591 0.43368 0.48893
6 0.98101 1.00000 0.98118 0.99575 0.97350 0.98051 0.96560 0.97267 0.96194 0.96148 0.95009 0.94971 0.93867 0.92704 0.93458 0.92675 0.92287 0.91136 0.91431 0.89435 0.92359 0.89318 0.92687 0.88794 0.92635 0.87514 0.91816 0.87457 0.91707 0.87631 0.92102 0.88023 0.91569 0.88533 0.90546 0.88462 0.90179 0.87343 0.88980 0.86530 0.86858 0.83100 0.86449 0.83072 0.85673 0.81924 0.85307 0.80805 0.83755 0.78509 0.83156 0.78102 0.82570 0.77332 0.82394 0.76591 0.81795 0.76184 0.79658 0.73119 0.79292 0.71999 0.78692 0.71593 0.76365 0.68149 0.75371 0.67351 0.73629 0.64677 0.72444 0.63501 0.70717 0.60463 0.69518 0.59650 0.69247 0.58720 0.67805 0.56250 0.67001 0.55829 0.66225 0.54681 0.66201 0.52674 0.66449 0.51598 0.65564 0.50625 0.64745 0.50568 0.64526 0.50917 0.64131 0.50525 0.59834 0.50225 0.59615 0.50574 0.53271 0.50131 0.53052 0.50480 0.52657 0.50088 0.51839 0.50031 0.51620 0.50380 0.45481 0.49952 0.45043 0.50650 0.44852 0.50273 0.44429 0.50607 0.43829 0.50201 0.43501 0.50725 0.43472 0.51452 0.41473 0.55323 0.40773 0.57462 0.39460 0.59557 0.37884 0.63093 0.36366 0.65175 0.34148 0.69395 0.33448 0.71534 0.26356 0.84892 0.26109 0.85969 0.25014 0.87715 0.22548 0.93012 0.21687 0.94045 0.19906 0.97968 0.49017 1.00000 0.98101 1.00000
6 0.64826 0.51120 0.64988 0.52225 0.66634 0.54710 0.67219 0.55480 0.68338 0.55740 0.69485 0.55273 0.70032 0.54400 0.70703 0.52989 0.70732 0.52261 0.70446 0.51695 0.70037 0.51666 0.69657 0.50911 0.67610 0.50768 0.67391 0.51117 0.66587 0.50696 0.66368 0.51045 0.64826 0.51120
6 0.90748 0.52018 0.88088 0.51832 0.87869 0.52182 0.79479 0.51596 0.79260 0.51945 0.78251 0.51511 0.78032 0.51860 0.73530 0.51545 0.72559 0.52754 0.73116 0.54251 0.73087 0.54978 0.73972 0.55951 0.79293 0.56323 0.79674 0.57079 0.79988 0.56918 0.85009 0.57086 0.85228 0.56737 0.85418 0.57115 0.86032 0.57158 0.86470 0.56459 0.89130 0.56645 0.89349 0.56295 0.92828 0.56538 0.93822 0.57337 0.99764 0.57752 0.99973 0.52431 0.93628 0.51855 0.93409 0.52204 0.91976 0.52104 0.91757 0.52453 0.90939 0.52396 0.90748 0.52018
6 0.00000 0.53598 0.01935 0.53657 0.03477 0.53582 0.03696 0.53233 0.03887 0.53611 0.04105 0.53261 0.10245 0.53690 0.10463 0.53341 0.14147 0.53598 0.14366 0.53248 0.21338 0.53371 0.21666 0.52846 0.21723 0.51392 0.22395 0.49981 0.21700 0.49386 0.21481 0.49735 0.21291 0.49357 0.20472 0.49300 0.20253 0.49649 0.19244 0.49214 0.19025 0.49563 0.15956 0.49349 0.15737 0.49698 0.15342 0.49306 0.15123 0.49655 0.05709 0.48998 0.05491 0.49348 0.00000 0.49088 0.00000 0.53598
4 0.71827 0.42677 0.70557 0.43682 0.69557 0.45617 0.69443 0.48526 0.69604 0.49631 0.70256 0.51317 0.70951 0.51912 0.70894 0.53366 0.70565 0.53891 0.70156 0.53862 0.70018 0.54764 0.69689 0.55288 0.69076 0.55245 0.68747 0.55769 0.68718 0.56496 0.68894 0.57237 0.70336 0.59708 0.73720 0.59762 0.74187 0.58336 0.74258 0.56518 0.73373 0.55545 0.72164 0.52361 0.73107 0.51880 0.74311 0.49959 0.74792 0.48170 0.74849 0.46716 0.74687 0.45611 0.73845 0.43546 0.72850 0.42748 0.71827 0.42677
7 0.39446 0.52083 0.39760 0.51922 0.39599 0.50817 0.40555 0.49973 0.40898 0.49085 0.40969 0.47267 0.40779 0.46889 0.41065 0.39618 0.40779 0.39051 0.39347 0.38951 0.39028 0.49684 0.39218 0.50062 0.39161 0.51516 0.39446 0.52083
7 0.43368 0.48893 0.42840 0.46669 0.42978 0.37929 0.42693 0.37362 0.41874 0.37304 0.41137 0.37800 0.41012 0.46177 0.41379 0.47296 0.41102 0.49099 0.41388 0.49666 0.42930 0.49591 0.43368 0.48893
6 0.98101 1.00000 0.98118 0.99575 0.97350 0.98051 0.96560 0.97267 0.96194 0.96148 0.95009 0.94971 0.93867 0.92704 0.93458 0.92675 0.92287 0.91136 0.91431 0.89435 0.92359 0.89318 0.92687 0.88794 0.92635 0.87514 0.91816 0.87457 0.91707 0.87631 0.92102 0.88023 0.91569 0.88533 0.90546 0.88462 0.90179 0.87343 0.88980 0.86530 0.86858 0.83100 0.86449 0.83072 0.85673 0.81924 0.85307 0.80805 0.83755 0.78509 0.83156 0.78102 0.82570 0.77332 0.82394 0.76591 0.81795 0.76184 0.79658 0.73119 0.79292 0.71999 0.78692 0.71593 0.76365 0.68149 0.75371 0.67351 0.73629 0.64677 0.72444 0.63501 0.70717 0.60463 0.69518 0.59650 0.69247 0.58720 0.67805 0.56250 0.67001 0.55829 0.66225 0.54681 0.66201 0.52674 0.66449 0.51598 0.65564 0.50625 0.64745 0.50568 0.64526 0.50917 0.64131 0.50525 0.59834 0.50225 0.59615 0.50574 0.53271 0.50131 0.53052 0.50480 0.52657 0.50088 0.51839 0.50031 0.51620 0.50380 0.45481 0.49952 0.45043 0.50650 0.44852 0.50273 0.44429 0.50607 0.43829 0.50201 0.43501 0.50725 0.43472 0.51452 0.41473 0.55323 0.40773 0.57462 0.39460 0.59557 0.37884 0.63093 0.36366 0.65175 0.34148 0.69395 0.33448 0.71534 0.26356 0.84892 0.26109 0.85969 0.25014 0.87715 0.22548 0.93012 0.21687 0.94045 0.19906 0.97968 0.49017 1.00000 0.98101 1.00000
6 0.64826 0.51120 0.64988 0.52225 0.66634 0.54710 0.67219 0.55480 0.68338 0.55740 0.69485 0.55273 0.70032 0.54400 0.70703 0.52989 0.70732 0.52261 0.70446 0.51695 0.70037 0.51666 0.69657 0.50911 0.67610 0.50768 0.67391 0.51117 0.66587 0.50696 0.66368 0.51045 0.64826 0.51120
6 0.90748 0.52018 0.88088 0.51832 0.87869 0.52182 0.79479 0.51596 0.79260 0.51945 0.78251 0.51511 0.78032 0.51860 0.73530 0.51545 0.72559 0.52754 0.73116 0.54251 0.73087 0.54978 0.73972 0.55951 0.79293 0.56323 0.79674 0.57079 0.79988 0.56918 0.85009 0.57086 0.85228 0.56737 0.85418 0.57115 0.86032 0.57158 0.86470 0.56459 0.89130 0.56645 0.89349 0.56295 0.92828 0.56538 0.93822 0.57337 0.99764 0.57752 0.99973 0.52431 0.93628 0.51855 0.93409 0.52204 0.91976 0.52104 0.91757 0.52453 0.90939 0.52396 0.90748 0.52018
6 0.00000 0.53598 0.01935 0.53657 0.03477 0.53582 0.03696 0.53233 0.03887 0.53611 0.04105 0.53261 0.10245 0.53690 0.10463 0.53341 0.14147 0.53598 0.14366 0.53248 0.21338 0.53371 0.21666 0.52846 0.21723 0.51392 0.22395 0.49981 0.21700 0.49386 0.21481 0.49735 0.21291 0.49357 0.20472 0.49300 0.20253 0.49649 0.19244 0.49214 0.19025 0.49563 0.15956 0.49349 0.15737 0.49698 0.15342 0.49306 0.15123 0.49655 0.05709 0.48998 0.05491 0.49348 0.00000 0.49088 0.00000 0.53598
4 0.71827 0.42677 0.70557 0.43682 0.69557 0.45617 0.69443 0.48526 0.69604 0.49631 0.70256 0.51317 0.70951 0.51912 0.70894 0.53366 0.70565 0.53891 0.70156 0.53862 0.70018 0.54764 0.69689 0.55288 0.69076 0.55245 0.68747 0.55769 0.68718 0.56496 0.68894 0.57237 0.70336 0.59708 0.73720 0.59762 0.74187 0.58336 0.74258 0.56518 0.73373 0.55545 0.72164 0.52361 0.73107 0.51880 0.74311 0.49959 0.74792 0.48170 0.74849 0.46716 0.74687 0.45611 0.73845 0.43546 0.72850 0.42748 0.71827 0.42677
7 0.39446 0.52083 0.39760 0.51922 0.39599 0.50817 0.40555 0.49973 0.40898 0.49085 0.40969 0.47267 0.40779 0.46889 0.41065 0.39618 0.40779 0.39051 0.39347 0.38951 0.39028 0.49684 0.39218 0.50062 0.39161 0.51516 0.39446 0.52083
7 0.43368 0.48893 0.42840 0.46669 0.42978 0.37929 0.42693 0.37362 0.41874 0.37304 0.41137 0.37800 0.41012 0.46177 0.41379 0.47296 0.41102 0.49099 0.41388 0.49666 0.42930 0.49591 0.43368 0.48893
6 0.98101 1.00000 0.98118 0.99575 0.97350 0.98051 0.96560 0.97267 0.96194 0.96148 0.95009 0.94971 0.93867 0.92704 0.93458 0.92675 0.92287 0.91136 0.91431 0.89435 0.92359 0.89318 0.92687 0.88794 0.92635 0.87514 0.91816 0.87457 0.91707 0.87631 0.92102 0.88023 0.91569 0.88533 0.90546 0.88462 0.90179 0.87343 0.88980 0.86530 0.86858 0.83100 0.86449 0.83072 0.85673 0.81924 0.85307 0.80805 0.83755 0.78509 0.83156 0.78102 0.82570 0.77332 0.82394 0.76591 0.81795 0.76184 0.79658 0.73119 0.79292 0.71999 0.78692 0.71593 0.76365 0.68149 0.75371 0.67351 0.73629 0.64677 0.72444 0.63501 0.70717 0.60463 0.69518 0.59650 0.69247 0.58720 0.67805 0.56250 0.67001 0.55829 0.66225 0.54681 0.66201 0.52674 0.66449 0.51598 0.65564 0.50625 0.64745 0.50568 0.64526 0.50917 0.64131 0.50525 0.59834 0.50225 0.59615 0.50574 0.53271 0.50131 0.53052 0.50480 0.52657 0.50088 0.51839 0.50031 0.51620 0.50380 0.45481 0.49952 0.45043 0.50650 0.44852 0.50273 0.44429 0.50607 0.43829 0.50201 0.43501 0.50725 0.43472 0.51452 0.41473 0.55323 0.40773 0.57462 0.39460 0.59557 0.37884 0.63093 0.36366 0.65175 0.34148 0.69395 0.33448 0.71534 0.26356 0.84892 0.26109 0.85969 0.25014 0.87715 0.22548 0.93012 0.21687 0.94045 0.19906 0.97968 0.49017 1.00000 0.98101 1.00000
6 0.64826 0.51120 0.64988 0.52225 0.66634 0.54710 0.67219 0.55480 0.68338 0.55740 0.69485 0.55273 0.70032 0.54400 0.70703 0.52989 0.70732 0.52261 0.70446 0.51695 0.70037 0.51666 0.69657 0.50911 0.67610 0.50768 0.67391 0.51117 0.66587 0.50696 0.66368 0.51045 0.64826 0.51120
6 0.90748 0.52018 0.88088 0.51832 0.87869 0.52182 0.79479 0.51596 0.79260 0.51945 0.78251 0.51511 0.78032 0.51860 0.73530 0.51545 0.72559 0.52754 0.73116 0.54251 0.73087 0.54978 0.73972 0.55951 0.79293 0.56323 0.79674 0.57079 0.79988 0.56918 0.85009 0.57086 0.85228 0.56737 0.85418 0.57115 0.86032 0.57158 0.86470 0.56459 0.89130 0.56645 0.89349 0.56295 0.92828 0.56538 0.93822 0.57337 0.99764 0.57752 0.99973 0.52431 0.93628 0.51855 0.93409 0.52204 0.91976 0.52104 0.91757 0.52453 0.90939 0.52396 0.90748 0.52018
6 0.00000 0.53598 0.01935 0.53657 0.03477 0.53582 0.03696 0.53233 0.03887 0.53611 0.04105 0.53261 0.10245 0.53690 0.10463 0.53341 0.14147 0.53598 0.14366 0.53248 0.21338 0.53371 0.21666 0.52846 0.21723 0.51392 0.22395 0.49981 0.21700 0.49386 0.21481 0.49735 0.21291 0.49357 0.20472 0.49300 0.20253 0.49649 0.19244 0.49214 0.19025 0.49563 0.15956 0.49349 0.15737 0.49698 0.15342 0.49306 0.15123 0.49655 0.05709 0.48998 0.05491 0.49348 0.00000 0.49088 0.00000 0.53598
4 0.71827 0.42677 0.70557 0.43682 0.69557 0.45617 0.69443 0.48526 0.69604 0.49631 0.70256 0.51317 0.70951 0.51912 0.70894 0.53366 0.70565 0.53891 0.70156 0.53862 0.70018 0.54764 0.69689 0.55288 0.69076 0.55245 0.68747 0.55769 0.68718 0.56496 0.68894 0.57237 0.70336 0.59708 0.73720 0.59762 0.74187 0.58336 0.74258 0.56518 0.73373 0.55545 0.72164 0.52361 0.73107 0.51880 0.74311 0.49959 0.74792 0.48170 0.74849 0.46716 0.74687 0.45611 0.73845 0.43546 0.72850 0.42748 0.71827 0.42677
7 0.39446 0.52083 0.39760 0.51922 0.39599 0.50817 0.40555 0.49973 0.40898 0.49085 0.40969 0.47267 0.40779 0.46889 0.41065 0.39618 0.40779 0.39051 0.39347 0.38951 0.39028 0.49684 0.39218 0.50062 0.39161 0.51516 0.39446 0.52083
7 0.43368 0.48893 0.42840 0.46669 0.42978 0.37929 0.42693 0.37362 0.41874 0.37304 0.41137 0.37800 0.41012 0.46177 0.41379 0.47296 0.41102 0.49099 0.41388 0.49666 0.42930 0.49591 0.43368 0.48893
