6 0.97497 1.00000 0.97817 0.93905 0.80669 0.75375 0.70065 0.66938 0.01933 0.10855 0.00000 0.47674 0.00000 0.94981 0.50180 1.00000 0.97497 1.00000
1 0.16462 0.00000 0.15652 0.03057 0.15554 0.06704 0.16569 0.10387 0.17061 0.11555 0.17812 0.12279 0.17925 0.13131 0.18178 0.15844 0.16806 0.15796 0.16538 0.17350 0.14271 0.18053 0.14171 0.19955 0.18198 0.22241 0.24310 0.21610 0.24122 0.18447 0.21807 0.18231 0.21533 0.14790 0.19935 0.15361 0.19729 0.12832 0.21335 0.11298 0.22260 0.09324 0.22743 0.07619 0.22926 0.04136 0.22681 0.01313 0.22124 0.00000 0.16462 0.00000
6 0.97497 1.00000 0.97817 0.93905 0.80669 0.75375 0.70065 0.66938 0.01933 0.10855 0.00000 0.47674 0.00000 0.94981 0.50180 1.00000 0.97497 1.00000
1 0.16462 0.00000 0.15652 0.03057 0.15554 0.06704 0.16569 0.10387 0.17061 0.11555 0.17812 0.12279 0.17925 0.13131 0.18178 0.15844 0.16806 0.15796 0.16538 0.17350 0.14271 0.18053 0.14171 0.19955 0.18198 0.22241 0.24310 0.21610 0.24122 0.18447 0.21807 0.18231 0.21533 0.14790 0.19935 0.15361 0.19729 0.12832 0.21335 0.11298 0.22260 0.09324 0.22743 0.07619 0.22926 0.04136 0.22681 0.01313 0.22124 0.00000 0.16462 0.00000
6 0.97497 1.00000 0.97817 0.93905 0.80669 0.75375 0.70065 0.66938 0.01933 0.10855 0.00000 0.47674 0.00000 0.94981 0.50180 1.00000 0.97497 1.00000
1 0.16462 0.00000 0.15652 0.03057 0.15554 0.06704 0.16569 0.10387 0.17061 0.11555 0.17812 0.12279 0.17925 0.13131 0.18178 0.15844 0.16806 0.15796 0.16538 0.17350 0.14271 0.18053 0.14171 0.19955 0.18198 0.22241 0.24310 0.21610 0.24122 0.18447 0.21807 0.18231 0.21533 0.14790 0.19935 0.15361 0.19729 0.12832 0.21335 0.11298 0.22260 0.09324 0.22743 0.07619 0.22926 0.04136 0.22681 0.01313 0.22124 0.00000 0.16462 0.00000
6 0.97497 1.00000 0.97817 0.93905 0.80669 0.75375 0.70065 0.66938 0.01933 0.10855 0.00000 0.47674 0.00000 0.94981 0.50180 1.00000 0.97497 1.00000
1 0.16462 0.00000 0.15652 0.03057 0.15554 0.06704 0.16569 0.10387 0.17061 0.11555 0.17812 0.12279 0.17925 0.13131 0.18178 0.15844 0.16806 0.15796 0.16538 0.17350 0.14271 0.18053 0.14171 0.19955 0.18198 0.22241 0.24310 0.21610 0.24122 0.18447 0.21807 0.18231 0.21533 0.14790 0.19935 0.15361 0.19729 0.12832 0.21335 0.11298 0.22260 0.09324 0.22743 0.07619 0.22926 0.04136 0.22681 0.01313 0.22124 0.00000 0.16462 0.00000
6 0.97497 1.00000 0.97817 0.93905 0.80669 0.75375 0.70065 0.66938 0.01933 0.10855 0.00000 0.47674 0.00000 0.94981 0.50180 1.00000 0.97497 1.00000
1 0.16462 0.00000 0.15652 0.03057 0.15554 0.06704 0.16569 0.10387 0.17061 0.11555 0.17812 0.12279 0.17925 0.13131 0.18178 0.15844 0.16806 0.15796 0.16538 0.17350 0.14271 0.18053 0.14171 0.19955 0.18198 0.22241 0.24310 0.21610 0.24122 0.18447 0.21807 0.18231 0.21533 0.14790 0.19935 0.15361 0.19729 0.12832 0.21335 0.11298 0.22260 0.09324 0.22743 0.07619 0.22926 0.04136 0.22681 0.01313 0.22124 0.00000 0.16462 0.00000
6 0.97497 1.00000 0.97817 0.93905 0.80669 0.75375 0.70065 0.66938 0.01933 0.10855 0.00000 0.47674 0.00000 0.94981 0.50180 1.00000 0.97497 1.00000
1 0.16462 0.00000 0.15652 0.03057 0.15554 0.06704 0.16569 0.10387 0.17061 0.11555 0.17812 0.12279 0.17925 0.13131 0.18178 0.15844 0.16806 0.15796 0.16538 0.17350 0.14271 0.18053 0.14171 0.19955 0.18198 0.22241 0.24310 0.21610 0.24122 0.18447 0.21807 0.18231 0.21533 0.14790 0.19935 0.15361 0.19729 0.12832 0.21335 0.11298 0.22260 0.09324 0.22743 0.07619 0.22926 0.04136 0.22681 0.01313 0.22124 0.00000 0.16462 0.00000
