6 1.00000 0.44758 0.98481 0.31984 0.85911 0.26236 0.65998 0.22092 0.31418 0.13798 0.14256 0.08159 0.00000 0.10159 0.00000 0.41663 0.21237 0.67705 0.32083 0.79792 0.32656 0.95397 0.29790 1.00000 0.52954 1.00000 1.00000 0.90075 1.00000 0.44758
5 0.38948 0.12661 0.39063 0.14272 0.43662 0.14597 0.47260 0.11657 0.46969 0.10632 0.44520 0.10131 0.44030 0.07704 0.42909 0.07941 0.42195 0.05161 0.43340 0.04882 0.43640 0.00780 0.43633 0.00720 0.38422 0.01819 0.38718 0.03166 0.40672 0.06178 0.41567 0.08905 0.40754 0.10440 0.41219 0.11773 0.38948 0.12661
6 0.07321 0.71248 0.07269 0.71259 0.07317 0.71661 0.07369 0.71650 0.07321 0.71248
6 1.00000 0.44758 0.98481 0.31984 0.85911 0.26236 0.65998 0.22092 0.31418 0.13798 0.14256 0.08159 0.00000 0.10159 0.00000 0.41663 0.21237 0.67705 0.32083 0.79792 0.32656 0.95397 0.29790 1.00000 0.52954 1.00000 1.00000 0.90075 1.00000 0.44758
5 0.38948 0.12661 0.39063 0.14272 0.43662 0.14597 0.47260 0.11657 0.46969 0.10632 0.44520 0.10131 0.44030 0.07704 0.42909 0.07941 0.42195 0.05161 0.43340 0.04882 0.43640 0.00780 0.43633 0.00720 0.38422 0.01819 0.38718 0.03166 0.40672 0.06178 0.41567 0.08905 0.40754 0.10440 0.41219 0.11773 0.38948 0.12661
6 0.07321 0.71248 0.07269 0.71259 0.07317 0.71661 0.07369 0.71650 0.07321 0.71248
6 1.00000 0.44758 0.98481 0.31984 0.85911 0.26236 0.65998 0.22092 0.31418 0.13798 0.14256 0.08159 0.00000 0.10159 0.00000 0.41663 0.21237 0.67705 0.32083 0.79792 0.32656 0.95397 0.29790 1.00000 0.52954 1.00000 1.00000 0.90075 1.00000 0.44758
5 0.38948 0.12661 0.39063 0.14272 0.43662 0.14597 0.47260 0.11657 0.46969 0.10632 0.44520 0.10131 0.44030 0.07704 0.42909 0.07941 0.42195 0.05161 0.43340 0.04882 0.43640 0.00780 0.43633 0.00720 0.38422 0.01819 0.38718 0.03166 0.40672 0.06178 0.41567 0.08905 0.40754 0.10440 0.41219 0.11773 0.38948 0.12661
6 0.07321 0.71248 0.07269 0.71259 0.07317 0.71661 0.07369 0.71650 0.07321 0.71248
6 1.00000 0.44758 0.98481 0.31984 0.85911 0.26236 0.65998 0.22092 0.31418 0.13798 0.14256 0.08159 0.00000 0.10159 0.00000 0.41663 0.21237 0.67705 0.32083 0.79792 0.32656 0.95397 0.29790 1.00000 0.52954 1.00000 1.00000 0.90075 1.00000 0.44758
5 0.38948 0.12661 0.39063 0.14272 0.43662 0.14597 0.47260 0.11657 0.46969 0.10632 0.44520 0.10131 0.44030 0.07704 0.42909 0.07941 0.42195 0.05161 0.43340 0.04882 0.43640 0.00780 0.43633 0.00720 0.38422 0.01819 0.38718 0.03166 0.40672 0.06178 0.41567 0.08905 0.40754 0.10440 0.41219 0.11773 0.38948 0.12661
6 0.07321 0.71248 0.07269 0.71259 0.07317 0.71661 0.07369 0.71650 0.07321 0.71248
6 1.00000 0.44758 0.98481 0.31984 0.85911 0.26236 0.65998 0.22092 0.31418 0.13798 0.14256 0.08159 0.00000 0.10159 0.00000 0.41663 0.21237 0.67705 0.32083 0.79792 0.32656 0.95397 0.29790 1.00000 0.52954 1.00000 1.00000 0.90075 1.00000 0.44758
5 0.38948 0.12661 0.39063 0.14272 0.43662 0.14597 0.47260 0.11657 0.46969 0.10632 0.44520 0.10131 0.44030 0.07704 0.42909 0.07941 0.42195 0.05161 0.43340 0.04882 0.43640 0.00780 0.43633 0.00720 0.38422 0.01819 0.38718 0.03166 0.40672 0.06178 0.41567 0.08905 0.40754 0.10440 0.41219 0.11773 0.38948 0.12661
6 0.07321 0.71248 0.07269 0.71259 0.07317 0.71661 0.07369 0.71650 0.07321 0.71248
6 1.00000 0.44758 0.98481 0.31984 0.85911 0.26236 0.65998 0.22092 0.31418 0.13798 0.14256 0.08159 0.00000 0.10159 0.00000 0.41663 0.21237 0.67705 0.32083 0.79792 0.32656 0.95397 0.29790 1.00000 0.52954 1.00000 1.00000 0.90075 1.00000 0.44758
5 0.38948 0.12661 0.39063 0.14272 0.43662 0.14597 0.47260 0.11657 0.46969 0.10632 0.44520 0.10131 0.44030 0.07704 0.42909 0.07941 0.42195 0.05161 0.43340 0.04882 0.43640 0.00780 0.43633 0.00720 0.38422 0.01819 0.38718 0.03166 0.40672 0.06178 0.41567 0.08905 0.40754 0.10440 0.41219 0.11773 0.38948 0.12661
6 0.07321 0.71248 0.07269 0.71259 0.07317 0.71661 0.07369 0.71650 0.07321 0.71248
