6 1.00000 0.81943 0.10298 0.02703 0.00000 0.03422 0.00000 0.51744 0.01899 1.00000 0.50983 1.00000 1.00000 0.96578 1.00000 0.81943
1 0.30848 0.12001 0.28267 0.13383 0.27977 0.16288 0.31953 0.19496 0.38368 0.17727 0.38529 0.14950 0.36805 0.15288 0.36159 0.11579 0.34474 0.12486 0.33995 0.09761 0.34965 0.06785 0.36403 0.05479 0.36759 0.03530 0.37199 0.00825 0.28504 0.01432 0.28747 0.03252 0.29727 0.05828 0.31414 0.07514 0.31849 0.09500 0.32057 0.10410 0.30848 0.12001
6 1.00000 0.81943 0.10298 0.02703 0.00000 0.03422 0.00000 0.51744 0.01899 1.00000 0.50983 1.00000 1.00000 0.96578 1.00000 0.81943
1 0.30848 0.12001 0.28267 0.13383 0.27977 0.16288 0.31953 0.19496 0.38368 0.17727 0.38529 0.14950 0.36805 0.15288 0.36159 0.11579 0.34474 0.12486 0.33995 0.09761 0.34965 0.06785 0.36403 0.05479 0.36759 0.03530 0.37199 0.00825 0.28504 0.01432 0.28747 0.03252 0.29727 0.05828 0.31414 0.07514 0.31849 0.09500 0.32057 0.10410 0.30848 0.12001
6 1.00000 0.81943 0.10298 0.02703 0.00000 0.03422 0.00000 0.51744 0.01899 1.00000 0.50983 1.00000 1.00000 0.96578 1.00000 0.81943
1 0.30848 0.12001 0.28267 0.13383 0.27977 0.16288 0.31953 0.19496 0.38368 0.17727 0.38529 0.14950 0.36805 0.15288 0.36159 0.11579 0.34474 0.12486 0.33995 0.09761 0.34965 0.06785 0.36403 0.05479 0.36759 0.03530 0.37199 0.00825 0.28504 0.01432 0.28747 0.03252 0.29727 0.05828 0.31414 0.07514 0.31849 0.09500 0.32057 0.10410 0.30848 0.12001
6 1.00000 0.81943 0.10298 0.02703 0.00000 0.03422 0.00000 0.51744 0.01899 1.00000 0.50983 1.00000 1.00000 0.96578 1.00000 0.81943
1 0.30848 0.12001 0.28267 0.13383 0.27977 0.16288 0.31953 0.19496 0.38368 0.17727 0.38529 0.14950 0.36805 0.15288 0.36159 0.11579 0.34474 0.12486 0.33995 0.09761 0.34965 0.06785 0.36403 0.05479 0.36759 0.03530 0.37199 0.00825 0.28504 0.01432 0.28747 0.03252 0.29727 0.05828 0.31414 0.07514 0.31849 0.09500 0.32057 0.10410 0.30848 0.12001
6 1.00000 0.81943 0.10298 0.02703 0.00000 0.03422 0.00000 0.51744 0.01899 1.00000 0.50983 1.00000 1.00000 0.96578 1.00000 0.81943
1 0.30848 0.12001 0.28267 0.13383 0.27977 0.16288 0.31953 0.19496 0.38368 0.17727 0.38529 0.14950 0.36805 0.15288 0.36159 0.11579 0.34474 0.12486 0.33995 0.09761 0.34965 0.06785 0.36403 0.05479 0.36759 0.03530 0.37199 0.00825 0.28504 0.01432 0.28747 0.03252 0.29727 0.05828 0.31414 0.07514 0.31849 0.09500 0.32057 0.10410 0.30848 0.12001
6 1.00000 0.81943 0.10298 0.02703 0.00000 0.03422 0.00000 0.51744 0.01899 1.00000 0.50983 1.00000 1.00000 0.96578 1.00000 0.81943
1 0.30848 0.12001 0.28267 0.13383 0.27977 0.16288 0.31953 0.19496 0.38368 0.17727 0.38529 0.14950 0.36805 0.15288 0.36159 0.11579 0.34474 0.12486 0.33995 0.09761 0.34965 0.06785 0.36403 0.05479 0.36759 0.03530 0.37199 0.00825 0.28504 0.01432 0.28747 0.03252 0.29727 0.05828 0.31414 0.07514 0.31849 0.09500 0.32057 0.10410 0.30848 0.12001
