7 0.33265 0.45171 0.32474 0.60235 0.30549 0.60892 0.30110 0.61546 0.29716 0.61500 0.29584 0.62013 0.29844 0.62572 0.30434 0.62641 0.30781 0.63386 0.31938 0.63873 0.32175 0.64782 0.32893 0.65923 0.32847 0.66623 0.33628 0.68300 0.34328 0.68205 0.35842 0.66267 0.36164 0.61370 0.35904 0.60811 0.34833 0.60510 0.35017 0.57712 0.35237 0.57385 0.35086 0.56663 0.35352 0.55636 0.35178 0.55263 0.35648 0.45096 0.33595 0.44681 0.33265 0.45171
7 0.39603 0.45205 0.39823 0.44878 0.39984 0.42430 0.39723 0.41871 0.38150 0.41687 0.37821 0.42178 0.37522 0.46725 0.37696 0.47098 0.37466 0.50595 0.37640 0.50968 0.37699 0.53090 0.37369 0.53580 0.36606 0.53139 0.36253 0.53979 0.36161 0.55378 0.36550 0.57009 0.36769 0.56682 0.38035 0.57006 0.39718 0.57026 0.40157 0.56372 0.40551 0.56418 0.40880 0.55928 0.41064 0.53129 0.40780 0.52920 0.40341 0.53574 0.39555 0.53482 0.39294 0.52923 0.39537 0.52246 0.39904 0.46650 0.39603 0.45205
4 0.79506 0.66597 0.80513 0.66362 0.81148 0.65731 0.82576 0.63607 0.83326 0.61227 0.83337 0.58056 0.83035 0.56611 0.82080 0.54561 0.80773 0.53351 0.78807 0.53122 0.77778 0.53707 0.76131 0.56159 0.75623 0.57862 0.75416 0.61010 0.75543 0.62082 0.76343 0.64995 0.77627 0.66555 0.77558 0.67604 0.77293 0.68630 0.76396 0.68702 0.75692 0.70382 0.74316 0.70222 0.73986 0.70712 0.73871 0.72461 0.74172 0.73906 0.74630 0.74488 0.75128 0.75956 0.76586 0.77888 0.81414 0.78275 0.81853 0.77621 0.82014 0.75173 0.82477 0.74169 0.81521 0.72119 0.80584 0.71305 0.80324 0.70746 0.80370 0.70046 0.79935 0.69114 0.79346 0.69046 0.79085 0.68487 0.79177 0.67087 0.79506 0.66597
6 0.25493 0.56425 0.25164 0.56916 0.24980 0.59714 0.25409 0.62231 0.25669 0.62791 0.26959 0.62764 0.27508 0.61947 0.29081 0.62130 0.29346 0.61104 0.30156 0.60846 0.31208 0.59911 0.32191 0.60026 0.32461 0.57414 0.32178 0.57205 0.32027 0.56482 0.29252 0.56511 0.29032 0.56838 0.25493 0.56425
6 0.00000 0.61728 0.09038 0.62615 0.09258 0.62288 0.20072 0.63548 0.20291 0.63221 0.21078 0.63313 0.21714 0.62682 0.23113 0.62493 0.23489 0.61303 0.23695 0.58155 0.23174 0.57037 0.22873 0.55591 0.22416 0.55010 0.21826 0.54941 0.21606 0.55268 0.18461 0.54901 0.17825 0.55532 0.15662 0.55280 0.15443 0.55607 0.10527 0.55034 0.09983 0.54266 0.04281 0.53601 0.04062 0.53928 0.03079 0.53813 0.02905 0.53441 0.00000 0.53102 0.00000 0.61728
6 0.89398 1.00000 0.89213 0.99803 0.88345 0.97939 0.87604 0.97148 0.86736 0.95284 0.83866 0.90720 0.83432 0.89789 0.83651 0.89462 0.83587 0.88926 0.82998 0.88857 0.81713 0.87297 0.81389 0.86202 0.79584 0.83525 0.77824 0.80147 0.75822 0.77447 0.74954 0.75583 0.74040 0.74420 0.73478 0.72415 0.73021 0.71833 0.72696 0.70738 0.72130 0.70320 0.71262 0.68456 0.70868 0.68410 0.70850 0.67175 0.71180 0.66684 0.72556 0.66845 0.72684 0.67917 0.73690 0.67682 0.73394 0.64651 0.73133 0.64092 0.71976 0.63605 0.70610 0.60273 0.69257 0.59763 0.68910 0.59018 0.66550 0.58743 0.66330 0.59070 0.66157 0.58697 0.65544 0.58978 0.61022 0.58451 0.60802 0.58778 0.44680 0.56899 0.44460 0.57226 0.43893 0.56807 0.43674 0.57134 0.42887 0.57043 0.42448 0.57696 0.41684 0.57255 0.41465 0.57582 0.40678 0.57490 0.39649 0.58075 0.37880 0.57869 0.37660 0.58196 0.36504 0.57709 0.36174 0.58199 0.36238 0.58735 0.37221 0.58850 0.37637 0.58546 0.38181 0.59314 0.38574 0.59360 0.38638 0.59896 0.38355 0.59687 0.37170 0.61135 0.37055 0.62884 0.37206 0.63606 0.36304 0.65264 0.35773 0.67316 0.34698 0.68601 0.33971 0.70631 0.31971 0.73923 0.30365 0.77260 0.29071 0.78871 0.29025 0.79571 0.28563 0.80575 0.26760 0.83889 0.24784 0.86831 0.24079 0.88511 0.22958 0.90495 0.22542 0.90800 0.19452 0.96631 0.48361 1.00000 0.89398 1.00000
6 0.71849 0.62533 0.72589 0.63324 0.72740 0.64046 0.73307 0.64465 0.73544 0.65374 0.73411 0.65887 0.71838 0.65704 0.71509 0.66194 0.71683 0.66567 0.71614 0.67616 0.71394 0.67943 0.71655 0.68502 0.72222 0.68921 0.75674 0.69146 0.76003 0.68656 0.77206 0.68444 0.77408 0.66881 0.76974 0.65950 0.75950 0.64949 0.75694 0.62805 0.74936 0.60778 0.72576 0.60503 0.72357 0.60830 0.70871 0.60833 0.71524 0.61438 0.71849 0.62533
6 0.83587 0.61786 0.81345 0.65754 0.79374 0.67111 0.79282 0.68510 0.80132 0.69137 0.80653 0.70255 0.82029 0.70416 0.82249 0.70089 0.87841 0.70917 0.98745 0.72015 0.99262 0.64137 0.86906 0.62525 0.86733 0.62152 0.85553 0.62015 0.85379 0.61642 0.84963 0.61946 0.83587 0.61786
7 0.33265 0.45171 0.32474 0.60235 0.30549 0.60892 0.30110 0.61546 0.29716 0.61500 0.29584 0.62013 0.29844 0.62572 0.30434 0.62641 0.30781 0.63386 0.31938 0.63873 0.32175 0.64782 0.32893 0.65923 0.32847 0.66623 0.33628 0.68300 0.34328 0.68205 0.35842 0.66267 0.36164 0.61370 0.35904 0.60811 0.34833 0.60510 0.35017 0.57712 0.35237 0.57385 0.35086 0.56663 0.35352 0.55636 0.35178 0.55263 0.35648 0.45096 0.33595 0.44681 0.33265 0.45171
7 0.39603 0.45205 0.39823 0.44878 0.39984 0.42430 0.39723 0.41871 0.38150 0.41687 0.37821 0.42178 0.37522 0.46725 0.37696 0.47098 0.37466 0.50595 0.37640 0.50968 0.37699 0.53090 0.37369 0.53580 0.36606 0.53139 0.36253 0.53979 0.36161 0.55378 0.36550 0.57009 0.36769 0.56682 0.38035 0.57006 0.39718 0.57026 0.40157 0.56372 0.40551 0.56418 0.40880 0.55928 0.41064 0.53129 0.40780 0.52920 0.40341 0.53574 0.39555 0.53482 0.39294 0.52923 0.39537 0.52246 0.39904 0.46650 0.39603 0.45205
4 0.79506 0.66597 0.80513 0.66362 0.81148 0.65731 0.82576 0.63607 0.83326 0.61227 0.83337 0.58056 0.83035 0.56611 0.82080 0.54561 0.80773 0.53351 0.78807 0.53122 0.77778 0.53707 0.76131 0.56159 0.75623 0.57862 0.75416 0.61010 0.75543 0.62082 0.76343 0.64995 0.77627 0.66555 0.77558 0.67604 0.77293 0.68630 0.76396 0.68702 0.75692 0.70382 0.74316 0.70222 0.73986 0.70712 0.73871 0.72461 0.74172 0.73906 0.74630 0.74488 0.75128 0.75956 0.76586 0.77888 0.81414 0.78275 0.81853 0.77621 0.82014 0.75173 0.82477 0.74169 0.81521 0.72119 0.80584 0.71305 0.80324 0.70746 0.80370 0.70046 0.79935 0.69114 0.79346 0.69046 0.79085 0.68487 0.79177 0.67087 0.79506 0.66597
6 0.25493 0.56425 0.25164 0.56916 0.24980 0.59714 0.25409 0.62231 0.25669 0.62791 0.26959 0.62764 0.27508 0.61947 0.29081 0.62130 0.29346 0.61104 0.30156 0.60846 0.31208 0.59911 0.32191 0.60026 0.32461 0.57414 0.32178 0.57205 0.32027 0.56482 0.29252 0.56511 0.29032 0.56838 0.25493 0.56425
6 0.00000 0.61728 0.09038 0.62615 0.09258 0.62288 0.20072 0.63548 0.20291 0.63221 0.21078 0.63313 0.21714 0.62682 0.23113 0.62493 0.23489 0.61303 0.23695 0.58155 0.23174 0.57037 0.22873 0.55591 0.22416 0.55010 0.21826 0.54941 0.21606 0.55268 0.18461 0.54901 0.17825 0.55532 0.15662 0.55280 0.15443 0.55607 0.10527 0.55034 0.09983 0.54266 0.04281 0.53601 0.04062 0.53928 0.03079 0.53813 0.02905 0.53441 0.00000 0.53102 0.00000 0.61728
6 0.89398 1.00000 0.89213 0.99803 0.88345 0.97939 0.87604 0.97148 0.86736 0.95284 0.83866 0.90720 0.83432 0.89789 0.83651 0.89462 0.83587 0.88926 0.82998 0.88857 0.81713 0.87297 0.81389 0.86202 0.79584 0.83525 0.77824 0.80147 0.75822 0.77447 0.74954 0.75583 0.74040 0.74420 0.73478 0.72415 0.73021 0.71833 0.72696 0.70738 0.72130 0.70320 0.71262 0.68456 0.70868 0.68410 0.70850 0.67175 0.71180 0.66684 0.72556 0.66845 0.72684 0.67917 0.73690 0.67682 0.73394 0.64651 0.73133 0.64092 0.71976 0.63605 0.70610 0.60273 0.69257 0.59763 0.68910 0.59018 0.66550 0.58743 0.66330 0.59070 0.66157 0.58697 0.65544 0.58978 0.61022 0.58451 0.60802 0.58778 0.44680 0.56899 0.44460 0.57226 0.43893 0.56807 0.43674 0.57134 0.42887 0.57043 0.42448 0.57696 0.41684 0.57255 0.41465 0.57582 0.40678 0.57490 0.39649 0.58075 0.37880 0.57869 0.37660 0.58196 0.36504 0.57709 0.36174 0.58199 0.36238 0.58735 0.37221 0.58850 0.37637 0.58546 0.38181 0.59314 0.38574 0.59360 0.38638 0.59896 0.38355 0.59687 0.37170 0.61135 0.37055 0.62884 0.37206 0.63606 0.36304 0.65264 0.35773 0.67316 0.34698 0.68601 0.33971 0.70631 0.31971 0.73923 0.30365 0.77260 0.29071 0.78871 0.29025 0.79571 0.28563 0.80575 0.26760 0.83889 0.24784 0.86831 0.24079 0.88511 0.22958 0.90495 0.22542 0.90800 0.19452 0.96631 0.48361 1.00000 0.89398 1.00000
6 0.71849 0.62533 0.72589 0.63324 0.72740 0.64046 0.73307 0.64465 0.73544 0.65374 0.73411 0.65887 0.71838 0.65704 0.71509 0.66194 0.71683 0.66567 0.71614 0.67616 0.71394 0.67943 0.71655 0.68502 0.72222 0.68921 0.75674 0.69146 0.76003 0.68656 0.77206 0.68444 0.77408 0.66881 0.76974 0.65950 0.75950 0.64949 0.75694 0.62805 0.74936 0.60778 0.72576 0.60503 0.72357 0.60830 0.70871 0.60833 0.71524 0.61438 0.71849 0.62533
6 0.83587 0.61786 0.81345 0.65754 0.79374 0.67111 0.79282 0.68510 0.80132 0.69137 0.80653 0.70255 0.82029 0.70416 0.82249 0.70089 0.87841 0.70917 0.98745 0.72015 0.99262 0.64137 0.86906 0.62525 0.86733 0.62152 0.85553 0.62015 0.85379 0.61642 0.84963 0.61946 0.83587 0.61786
7 0.33265 0.45171 0.32474 0.60235 0.30549 0.60892 0.30110 0.61546 0.29716 0.61500 0.29584 0.62013 0.29844 0.62572 0.30434 0.62641 0.30781 0.63386 0.31938 0.63873 0.32175 0.64782 0.32893 0.65923 0.32847 0.66623 0.33628 0.68300 0.34328 0.68205 0.35842 0.66267 0.36164 0.61370 0.35904 0.60811 0.34833 0.60510 0.35017 0.57712 0.35237 0.57385 0.35086 0.56663 0.35352 0.55636 0.35178 0.55263 0.35648 0.45096 0.33595 0.44681 0.33265 0.45171
7 0.39603 0.45205 0.39823 0.44878 0.39984 0.42430 0.39723 0.41871 0.38150 0.41687 0.37821 0.42178 0.37522 0.46725 0.37696 0.47098 0.37466 0.50595 0.37640 0.50968 0.37699 0.53090 0.37369 0.53580 0.36606 0.53139 0.36253 0.53979 0.36161 0.55378 0.36550 0.57009 0.36769 0.56682 0.38035 0.57006 0.39718 0.57026 0.40157 0.56372 0.40551 0.56418 0.40880 0.55928 0.41064 0.53129 0.40780 0.52920 0.40341 0.53574 0.39555 0.53482 0.39294 0.52923 0.39537 0.52246 0.39904 0.46650 0.39603 0.45205
4 0.79506 0.66597 0.80513 0.66362 0.81148 0.65731 0.82576 0.63607 0.83326 0.61227 0.83337 0.58056 0.83035 0.56611 0.82080 0.54561 0.80773 0.53351 0.78807 0.53122 0.77778 0.53707 0.76131 0.56159 0.75623 0.57862 0.75416 0.61010 0.75543 0.62082 0.76343 0.64995 0.77627 0.66555 0.77558 0.67604 0.77293 0.68630 0.76396 0.68702 0.75692 0.70382 0.74316 0.70222 0.73986 0.70712 0.73871 0.72461 0.74172 0.73906 0.74630 0.74488 0.75128 0.75956 0.76586 0.77888 0.81414 0.78275 0.81853 0.77621 0.82014 0.75173 0.82477 0.74169 0.81521 0.72119 0.80584 0.71305 0.80324 0.70746 0.80370 0.70046 0.79935 0.69114 0.79346 0.69046 0.79085 0.68487 0.79177 0.67087 0.79506 0.66597
6 0.25493 0.56425 0.25164 0.56916 0.24980 0.59714 0.25409 0.62231 0.25669 0.62791 0.26959 0.62764 0.27508 0.61947 0.29081 0.62130 0.29346 0.61104 0.30156 0.60846 0.31208 0.59911 0.32191 0.60026 0.32461 0.57414 0.32178 0.57205 0.32027 0.56482 0.29252 0.56511 0.29032 0.56838 0.25493 0.56425
6 0.00000 0.61728 0.09038 0.62615 0.09258 0.62288 0.20072 0.63548 0.20291 0.63221 0.21078 0.63313 0.21714 0.62682 0.23113 0.62493 0.23489 0.61303 0.23695 0.58155 0.23174 0.57037 0.22873 0.55591 0.22416 0.55010 0.21826 0.54941 0.21606 0.55268 0.18461 0.54901 0.17825 0.55532 0.15662 0.55280 0.15443 0.55607 0.10527 0.55034 0.09983 0.54266 0.04281 0.53601 0.04062 0.53928 0.03079 0.53813 0.02905 0.53441 0.00000 0.53102 0.00000 0.61728
6 0.89398 1.00000 0.89213 0.99803 0.88345 0.97939 0.87604 0.97148 0.86736 0.95284 0.83866 0.90720 0.83432 0.89789 0.83651 0.89462 0.83587 0.88926 0.82998 0.88857 0.81713 0.87297 0.81389 0.86202 0.79584 0.83525 0.77824 0.80147 0.75822 0.77447 0.74954 0.75583 0.74040 0.74420 0.73478 0.72415 0.73021 0.71833 0.72696 0.70738 0.72130 0.70320 0.71262 0.68456 0.70868 0.68410 0.70850 0.67175 0.71180 0.66684 0.72556 0.66845 0.72684 0.67917 0.73690 0.67682 0.73394 0.64651 0.73133 0.64092 0.71976 0.63605 0.70610 0.60273 0.69257 0.59763 0.68910 0.59018 0.66550 0.58743 0.66330 0.59070 0.66157 0.58697 0.65544 0.58978 0.61022 0.58451 0.60802 0.58778 0.44680 0.56899 0.44460 0.57226 0.43893 0.56807 0.43674 0.57134 0.42887 0.57043 0.42448 0.57696 0.41684 0.57255 0.41465 0.57582 0.40678 0.57490 0.39649 0.58075 0.37880 0.57869 0.37660 0.58196 0.36504 0.57709 0.36174 0.58199 0.36238 0.58735 0.37221 0.58850 0.37637 0.58546 0.38181 0.59314 0.38574 0.59360 0.38638 0.59896 0.38355 0.59687 0.37170 0.61135 0.37055 0.62884 0.37206 0.63606 0.36304 0.65264 0.35773 0.67316 0.34698 0.68601 0.33971 0.70631 0.31971 0.73923 0.30365 0.77260 0.29071 0.78871 0.29025 0.79571 0.28563 0.80575 0.26760 0.83889 0.24784 0.86831 0.24079 0.88511 0.22958 0.90495 0.22542 0.90800 0.19452 0.96631 0.48361 1.00000 0.89398 1.00000
6 0.71849 0.62533 0.72589 0.63324 0.72740 0.64046 0.73307 0.64465 0.73544 0.65374 0.73411 0.65887 0.71838 0.65704 0.71509 0.66194 0.71683 0.66567 0.71614 0.67616 0.71394 0.67943 0.71655 0.68502 0.72222 0.68921 0.75674 0.69146 0.76003 0.68656 0.77206 0.68444 0.77408 0.66881 0.76974 0.65950 0.75950 0.64949 0.75694 0.62805 0.74936 0.60778 0.72576 0.60503 0.72357 0.60830 0.70871 0.60833 0.71524 0.61438 0.71849 0.62533
6 0.83587 0.61786 0.81345 0.65754 0.79374 0.67111 0.79282 0.68510 0.80132 0.69137 0.80653 0.70255 0.82029 0.70416 0.82249 0.70089 0.87841 0.70917 0.98745 0.72015 0.99262 0.64137 0.86906 0.62525 0.86733 0.62152 0.85553 0.62015 0.85379 0.61642 0.84963 0.61946 0.83587 0.61786
7 0.33265 0.45171 0.32474 0.60235 0.30549 0.60892 0.30110 0.61546 0.29716 0.61500 0.29584 0.62013 0.29844 0.62572 0.30434 0.62641 0.30781 0.63386 0.31938 0.63873 0.32175 0.64782 0.32893 0.65923 0.32847 0.66623 0.33628 0.68300 0.34328 0.68205 0.35842 0.66267 0.36164 0.61370 0.35904 0.60811 0.34833 0.60510 0.35017 0.57712 0.35237 0.57385 0.35086 0.56663 0.35352 0.55636 0.35178 0.55263 0.35648 0.45096 0.33595 0.44681 0.33265 0.45171
7 0.39603 0.45205 0.39823 0.44878 0.39984 0.42430 0.39723 0.41871 0.38150 0.41687 0.37821 0.42178 0.37522 0.46725 0.37696 0.47098 0.37466 0.50595 0.37640 0.50968 0.37699 0.53090 0.37369 0.53580 0.36606 0.53139 0.36253 0.53979 0.36161 0.55378 0.36550 0.57009 0.36769 0.56682 0.38035 0.57006 0.39718 0.57026 0.40157 0.56372 0.40551 0.56418 0.40880 0.55928 0.41064 0.53129 0.40780 0.52920 0.40341 0.53574 0.39555 0.53482 0.39294 0.52923 0.39537 0.52246 0.39904 0.46650 0.39603 0.45205
4 0.79506 0.66597 0.80513 0.66362 0.81148 0.65731 0.82576 0.63607 0.83326 0.61227 0.83337 0.58056 0.83035 0.56611 0.82080 0.54561 0.80773 0.53351 0.78807 0.53122 0.77778 0.53707 0.76131 0.56159 0.75623 0.57862 0.75416 0.61010 0.75543 0.62082 0.76343 0.64995 0.77627 0.66555 0.77558 0.67604 0.77293 0.68630 0.76396 0.68702 0.75692 0.70382 0.74316 0.70222 0.73986 0.70712 0.73871 0.72461 0.74172 0.73906 0.74630 0.74488 0.75128 0.75956 0.76586 0.77888 0.81414 0.78275 0.81853 0.77621 0.82014 0.75173 0.82477 0.74169 0.81521 0.72119 0.80584 0.71305 0.80324 0.70746 0.80370 0.70046 0.79935 0.69114 0.79346 0.69046 0.79085 0.68487 0.79177 0.67087 0.79506 0.66597
6 0.25493 0.56425 0.25164 0.56916 0.24980 0.59714 0.25409 0.62231 0.25669 0.62791 0.26959 0.62764 0.27508 0.61947 0.29081 0.62130 0.29346 0.61104 0.30156 0.60846 0.31208 0.59911 0.32191 0.60026 0.32461 0.57414 0.32178 0.57205 0.32027 0.56482 0.29252 0.56511 0.29032 0.56838 0.25493 0.56425
6 0.00000 0.61728 0.09038 0.62615 0.09258 0.62288 0.20072 0.63548 0.20291 0.63221 0.21078 0.63313 0.21714 0.62682 0.23113 0.62493 0.23489 0.61303 0.23695 0.58155 0.23174 0.57037 0.22873 0.55591 0.22416 0.55010 0.21826 0.54941 0.21606 0.55268 0.18461 0.54901 0.17825 0.55532 0.15662 0.55280 0.15443 0.55607 0.10527 0.55034 0.09983 0.54266 0.04281 0.53601 0.04062 0.53928 0.03079 0.53813 0.02905 0.53441 0.00000 0.53102 0.00000 0.61728
6 0.89398 1.00000 0.89213 0.99803 0.88345 0.97939 0.87604 0.97148 0.86736 0.95284 0.83866 0.90720 0.83432 0.89789 0.83651 0.89462 0.83587 0.88926 0.82998 0.88857 0.81713 0.87297 0.81389 0.86202 0.79584 0.83525 0.77824 0.80147 0.75822 0.77447 0.74954 0.75583 0.74040 0.74420 0.73478 0.72415 0.73021 0.71833 0.72696 0.70738 0.72130 0.70320 0.71262 0.68456 0.70868 0.68410 0.70850 0.67175 0.71180 0.66684 0.72556 0.66845 0.72684 0.67917 0.73690 0.67682 0.73394 0.64651 0.73133 0.64092 0.71976 0.63605 0.70610 0.60273 0.69257 0.59763 0.68910 0.59018 0.66550 0.58743 0.66330 0.59070 0.66157 0.58697 0.65544 0.58978 0.61022 0.58451 0.60802 0.58778 0.44680 0.56899 0.44460 0.57226 0.43893 0.56807 0.43674 0.57134 0.42887 0.57043 0.42448 0.57696 0.41684 0.57255 0.41465 0.57582 0.40678 0.57490 0.39649 0.58075 0.37880 0.57869 0.37660 0.58196 0.36504 0.57709 0.36174 0.58199 0.36238 0.58735 0.37221 0.58850 0.37637 0.58546 0.38181 0.59314 0.38574 0.59360 0.38638 0.59896 0.38355 0.59687 0.37170 0.61135 0.37055 0.62884 0.37206 0.63606 0.36304 0.65264 0.35773 0.67316 0.34698 0.68601 0.33971 0.70631 0.31971 0.73923 0.30365 0.77260 0.29071 0.78871 0.29025 0.79571 0.28563 0.80575 0.26760 0.83889 0.24784 0.86831 0.24079 0.88511 0.22958 0.90495 0.22542 0.90800 0.19452 0.96631 0.48361 1.00000 0.89398 1.00000
6 0.71849 0.62533 0.72589 0.63324 0.72740 0.64046 0.73307 0.64465 0.73544 0.65374 0.73411 0.65887 0.71838 0.65704 0.71509 0.66194 0.71683 0.66567 0.71614 0.67616 0.71394 0.67943 0.71655 0.68502 0.72222 0.68921 0.75674 0.69146 0.76003 0.68656 0.77206 0.68444 0.77408 0.66881 0.76974 0.65950 0.75950 0.64949 0.75694 0.62805 0.74936 0.60778 0.72576 0.60503 0.72357 0.60830 0.70871 0.60833 0.71524 0.61438 0.71849 0.62533
6 0.83587 0.61786 0.81345 0.65754 0.79374 0.67111 0.79282 0.68510 0.80132 0.69137 0.80653 0.70255 0.82029 0.70416 0.82249 0.70089 0.87841 0.70917 0.98745 0.72015 0.99262 0.64137 0.86906 0.62525 0.86733 0.62152 0.85553 0.62015 0.85379 0.61642 0.84963 0.61946 0.83587 0.61786
7 0.33265 0.45171 0.32474 0.60235 0.30549 0.60892 0.30110 0.61546 0.29716 0.61500 0.29584 0.62013 0.29844 0.62572 0.30434 0.62641 0.30781 0.63386 0.31938 0.63873 0.32175 0.64782 0.32893 0.65923 0.32847 0.66623 0.33628 0.68300 0.34328 0.68205 0.35842 0.66267 0.36164 0.61370 0.35904 0.60811 0.34833 0.60510 0.35017 0.57712 0.35237 0.57385 0.35086 0.56663 0.35352 0.55636 0.35178 0.55263 0.35648 0.45096 0.33595 0.44681 0.33265 0.45171
7 0.39603 0.45205 0.39823 0.44878 0.39984 0.42430 0.39723 0.41871 0.38150 0.41687 0.37821 0.42178 0.37522 0.46725 0.37696 0.47098 0.37466 0.50595 0.37640 0.50968 0.37699 0.53090 0.37369 0.53580 0.36606 0.53139 0.36253 0.53979 0.36161 0.55378 0.36550 0.57009 0.36769 0.56682 0.38035 0.57006 0.39718 0.57026 0.40157 0.56372 0.40551 0.56418 0.40880 0.55928 0.41064 0.53129 0.40780 0.52920 0.40341 0.53574 0.39555 0.53482 0.39294 0.52923 0.39537 0.52246 0.39904 0.46650 0.39603 0.45205
4 0.79506 0.66597 0.80513 0.66362 0.81148 0.65731 0.82576 0.63607 0.83326 0.61227 0.83337 0.58056 0.83035 0.56611 0.82080 0.54561 0.80773 0.53351 0.78807 0.53122 0.77778 0.53707 0.76131 0.56159 0.75623 0.57862 0.75416 0.61010 0.75543 0.62082 0.76343 0.64995 0.77627 0.66555 0.77558 0.67604 0.77293 0.68630 0.76396 0.68702 0.75692 0.70382 0.74316 0.70222 0.73986 0.70712 0.73871 0.72461 0.74172 0.73906 0.74630 0.74488 0.75128 0.75956 0.76586 0.77888 0.81414 0.78275 0.81853 0.77621 0.82014 0.75173 0.82477 0.74169 0.81521 0.72119 0.80584 0.71305 0.80324 0.70746 0.80370 0.70046 0.79935 0.69114 0.79346 0.69046 0.79085 0.68487 0.79177 0.67087 0.79506 0.66597
6 0.25493 0.56425 0.25164 0.56916 0.24980 0.59714 0.25409 0.62231 0.25669 0.62791 0.26959 0.62764 0.27508 0.61947 0.29081 0.62130 0.29346 0.61104 0.30156 0.60846 0.31208 0.59911 0.32191 0.60026 0.32461 0.57414 0.32178 0.57205 0.32027 0.56482 0.29252 0.56511 0.29032 0.56838 0.25493 0.56425
6 0.00000 0.61728 0.09038 0.62615 0.09258 0.62288 0.20072 0.63548 0.20291 0.63221 0.21078 0.63313 0.21714 0.62682 0.23113 0.62493 0.23489 0.61303 0.23695 0.58155 0.23174 0.57037 0.22873 0.55591 0.22416 0.55010 0.21826 0.54941 0.21606 0.55268 0.18461 0.54901 0.17825 0.55532 0.15662 0.55280 0.15443 0.55607 0.10527 0.55034 0.09983 0.54266 0.04281 0.53601 0.04062 0.53928 0.03079 0.53813 0.02905 0.53441 0.00000 0.53102 0.00000 0.61728
6 0.89398 1.00000 0.89213 0.99803 0.88345 0.97939 0.87604 0.97148 0.86736 0.95284 0.83866 0.90720 0.83432 0.89789 0.83651 0.89462 0.83587 0.88926 0.82998 0.88857 0.81713 0.87297 0.81389 0.86202 0.79584 0.83525 0.77824 0.80147 0.75822 0.77447 0.74954 0.75583 0.74040 0.74420 0.73478 0.72415 0.73021 0.71833 0.72696 0.70738 0.72130 0.70320 0.71262 0.68456 0.70868 0.68410 0.70850 0.67175 0.71180 0.66684 0.72556 0.66845 0.72684 0.67917 0.73690 0.67682 0.73394 0.64651 0.73133 0.64092 0.71976 0.63605 0.70610 0.60273 0.69257 0.59763 0.68910 0.59018 0.66550 0.58743 0.66330 0.59070 0.66157 0.58697 0.65544 0.58978 0.61022 0.58451 0.60802 0.58778 0.44680 0.56899 0.44460 0.57226 0.43893 0.56807 0.43674 0.57134 0.42887 0.57043 0.42448 0.57696 0.41684 0.57255 0.41465 0.57582 0.40678 0.57490 0.39649 0.58075 0.37880 0.57869 0.37660 0.58196 0.36504 0.57709 0.36174 0.58199 0.36238 0.58735 0.37221 0.58850 0.37637 0.58546 0.38181 0.59314 0.38574 0.59360 0.38638 0.59896 0.38355 0.59687 0.37170 0.61135 0.37055 0.62884 0.37206 0.63606 0.36304 0.65264 0.35773 0.67316 0.34698 0.68601 0.33971 0.70631 0.31971 0.73923 0.30365 0.77260 0.29071 0.78871 0.29025 0.79571 0.28563 0.80575 0.26760 0.83889 0.24784 0.86831 0.24079 0.88511 0.22958 0.90495 0.22542 0.90800 0.19452 0.96631 0.48361 1.00000 0.89398 1.00000
6 0.71849 0.62533 0.72589 0.63324 0.72740 0.64046 0.73307 0.64465 0.73544 0.65374 0.73411 0.65887 0.71838 0.65704 0.71509 0.66194 0.71683 0.66567 0.71614 0.67616 0.71394 0.67943 0.71655 0.68502 0.72222 0.68921 0.75674 0.69146 0.76003 0.68656 0.77206 0.68444 0.77408 0.66881 0.76974 0.65950 0.75950 0.64949 0.75694 0.62805 0.74936 0.60778 0.72576 0.60503 0.72357 0.60830 0.70871 0.60833 0.71524 0.61438 0.71849 0.62533
6 0.83587 0.61786 0.81345 0.65754 0.79374 0.67111 0.79282 0.68510 0.80132 0.69137 0.80653 0.70255 0.82029 0.70416 0.82249 0.70089 0.87841 0.70917 0.98745 0.72015 0.99262 0.64137 0.86906 0.62525 0.86733 0.62152 0.85553 0.62015 0.85379 0.61642 0.84963 0.61946 0.83587 0.61786
7 0.33265 0.45171 0.32474 0.60235 0.30549 0.60892 0.30110 0.61546 0.29716 0.61500 0.29584 0.62013 0.29844 0.62572 0.30434 0.62641 0.30781 0.63386 0.31938 0.63873 0.32175 0.64782 0.32893 0.65923 0.32847 0.66623 0.33628 0.68300 0.34328 0.68205 0.35842 0.66267 0.36164 0.61370 0.35904 0.60811 0.34833 0.60510 0.35017 0.57712 0.35237 0.57385 0.35086 0.56663 0.35352 0.55636 0.35178 0.55263 0.35648 0.45096 0.33595 0.44681 0.33265 0.45171
7 0.39603 0.45205 0.39823 0.44878 0.39984 0.42430 0.39723 0.41871 0.38150 0.41687 0.37821 0.42178 0.37522 0.46725 0.37696 0.47098 0.37466 0.50595 0.37640 0.50968 0.37699 0.53090 0.37369 0.53580 0.36606 0.53139 0.36253 0.53979 0.36161 0.55378 0.36550 0.57009 0.36769 0.56682 0.38035 0.57006 0.39718 0.57026 0.40157 0.56372 0.40551 0.56418 0.40880 0.55928 0.41064 0.53129 0.40780 0.52920 0.40341 0.53574 0.39555 0.53482 0.39294 0.52923 0.39537 0.52246 0.39904 0.46650 0.39603 0.45205
4 0.79506 0.66597 0.80513 0.66362 0.81148 0.65731 0.82576 0.63607 0.83326 0.61227 0.83337 0.58056 0.83035 0.56611 0.82080 0.54561 0.80773 0.53351 0.78807 0.53122 0.77778 0.53707 0.76131 0.56159 0.75623 0.57862 0.75416 0.61010 0.75543 0.62082 0.76343 0.64995 0.77627 0.66555 0.77558 0.67604 0.77293 0.68630 0.76396 0.68702 0.75692 0.70382 0.74316 0.70222 0.73986 0.70712 0.73871 0.72461 0.74172 0.73906 0.74630 0.74488 0.75128 0.75956 0.76586 0.77888 0.81414 0.78275 0.81853 0.77621 0.82014 0.75173 0.82477 0.74169 0.81521 0.72119 0.80584 0.71305 0.80324 0.70746 0.80370 0.70046 0.79935 0.69114 0.79346 0.69046 0.79085 0.68487 0.79177 0.67087 0.79506 0.66597
6 0.25493 0.56425 0.25164 0.56916 0.24980 0.59714 0.25409 0.62231 0.25669 0.62791 0.26959 0.62764 0.27508 0.61947 0.29081 0.62130 0.29346 0.61104 0.30156 0.60846 0.31208 0.59911 0.32191 0.60026 0.32461 0.57414 0.32178 0.57205 0.32027 0.56482 0.29252 0.56511 0.29032 0.56838 0.25493 0.56425
6 0.00000 0.61728 0.09038 0.62615 0.09258 0.62288 0.20072 0.63548 0.20291 0.63221 0.21078 0.63313 0.21714 0.62682 0.23113 0.62493 0.23489 0.61303 0.23695 0.58155 0.23174 0.57037 0.22873 0.55591 0.22416 0.55010 0.21826 0.54941 0.21606 0.55268 0.18461 0.54901 0.17825 0.55532 0.15662 0.55280 0.15443 0.55607 0.10527 0.55034 0.09983 0.54266 0.04281 0.53601 0.04062 0.53928 0.03079 0.53813 0.02905 0.53441 0.00000 0.53102 0.00000 0.61728
6 0.89398 1.00000 0.89213 0.99803 0.88345 0.97939 0.87604 0.97148 0.86736 0.95284 0.83866 0.90720 0.83432 0.89789 0.83651 0.89462 0.83587 0.88926 0.82998 0.88857 0.81713 0.87297 0.81389 0.86202 0.79584 0.83525 0.77824 0.80147 0.75822 0.77447 0.74954 0.75583 0.74040 0.74420 0.73478 0.72415 0.73021 0.71833 0.72696 0.70738 0.72130 0.70320 0.71262 0.68456 0.70868 0.68410 0.70850 0.67175 0.71180 0.66684 0.72556 0.66845 0.72684 0.67917 0.73690 0.67682 0.73394 0.64651 0.73133 0.64092 0.71976 0.63605 0.70610 0.60273 0.69257 0.59763 0.68910 0.59018 0.66550 0.58743 0.66330 0.59070 0.66157 0.58697 0.65544 0.58978 0.61022 0.58451 0.60802 0.58778 0.44680 0.56899 0.44460 0.57226 0.43893 0.56807 0.43674 0.57134 0.42887 0.57043 0.42448 0.57696 0.41684 0.57255 0.41465 0.57582 0.40678 0.57490 0.39649 0.58075 0.37880 0.57869 0.37660 0.58196 0.36504 0.57709 0.36174 0.58199 0.36238 0.58735 0.37221 0.58850 0.37637 0.58546 0.38181 0.59314 0.38574 0.59360 0.38638 0.59896 0.38355 0.59687 0.37170 0.61135 0.37055 0.62884 0.37206 0.63606 0.36304 0.65264 0.35773 0.67316 0.34698 0.68601 0.33971 0.70631 0.31971 0.73923 0.30365 0.77260 0.29071 0.78871 0.29025 0.79571 0.28563 0.80575 0.26760 0.83889 0.24784 0.86831 0.24079 0.88511 0.22958 0.90495 0.22542 0.90800 0.19452 0.96631 0.48361 1.00000 0.89398 1.00000
6 0.71849 0.62533 0.72589 0.63324 0.72740 0.64046 0.73307 0.64465 0.73544 0.65374 0.73411 0.65887 0.71838 0.65704 0.71509 0.66194 0.71683 0.66567 0.71614 0.67616 0.71394 0.67943 0.71655 0.68502 0.72222 0.68921 0.75674 0.69146 0.76003 0.68656 0.77206 0.68444 0.77408 0.66881 0.76974 0.65950 0.75950 0.64949 0.75694 0.62805 0.74936 0.60778 0.72576 0.60503 0.72357 0.60830 0.70871 0.60833 0.71524 0.61438 0.71849 0.62533
6 0.83587 0.61786 0.81345 0.65754 0.79374 0.67111 0.79282 0.68510 0.80132 0.69137 0.80653 0.70255 0.82029 0.70416 0.82249 0.70089 0.87841 0.70917 0.98745 0.72015 0.99262 0.64137 0.86906 0.62525 0.86733 0.62152 0.85553 0.62015 0.85379 0.61642 0.84963 0.61946 0.83587 0.61786
