6 1.00000 0.50056 0.73312 0.03666 0.53718 0.02393 0.47426 0.18686 0.26116 0.15886 0.26259 0.19450 0.25401 0.20978 0.25401 0.29379 0.25972 0.28870 0.26116 0.31670 0.30263 0.32688 0.30406 0.36507 0.41562 0.37271 0.21627 1.00000 1.00000 1.00000 1.00000 0.50056
6 0.00000 0.32652 0.19394 0.34980 0.19250 0.35743 0.20252 0.32179 0.23398 0.30397 0.23541 0.28106 0.23112 0.26324 0.22397 0.26069 0.21968 0.24542 0.20824 0.21996 0.20824 0.19196 0.20252 0.17413 0.00000 0.15258 0.00000 0.32652
7 0.84682 0.00000 0.84682 0.00675 0.84468 0.01057 0.84468 0.03348 0.84253 0.03730 0.84253 0.05639 0.84039 0.06021 0.84039 0.09076 0.83824 0.09458 0.83824 0.11367 0.83610 0.11749 0.83610 0.14804 0.83395 0.15568 0.82108 0.17477 0.81894 0.19768 0.82215 0.21105 0.82859 0.20341 0.83503 0.20341 0.83717 0.20723 0.84361 0.20341 0.84575 0.21105 0.85219 0.20723 0.87150 0.20723 0.87471 0.21678 0.87686 0.21678 0.88115 0.20532 0.88330 0.16332 0.87793 0.15377 0.87364 0.15759 0.85541 0.15568 0.85755 0.12131 0.85970 0.11749 0.85970 0.09458 0.86399 0.07166 0.86613 0.02202 0.86828 0.01820 0.86828 0.00000 0.84682 0.00000
7 0.44329 0.00000 0.43707 0.02584 0.43922 0.05639 0.44351 0.07166 0.44136 0.07930 0.44136 0.12513 0.43600 0.12704 0.42849 0.14040 0.42849 0.18623 0.43171 0.19196 0.43278 0.19005 0.47354 0.18623 0.47354 0.16713 0.47783 0.15186 0.47569 0.14422 0.47783 0.13277 0.47140 0.12513 0.47140 0.09839 0.47354 0.09458 0.47354 0.05639 0.47783 0.05639 0.47783 0.04111 0.47569 0.04111 0.47461 0.05066 0.47354 0.03348 0.47140 0.02966 0.47140 0.00000 0.44329 0.00000
6 1.00000 0.50056 0.73312 0.03666 0.53718 0.02393 0.47426 0.18686 0.26116 0.15886 0.26259 0.19450 0.25401 0.20978 0.25401 0.29379 0.25972 0.28870 0.26116 0.31670 0.30263 0.32688 0.30406 0.36507 0.41562 0.37271 0.21627 1.00000 1.00000 1.00000 1.00000 0.50056
6 0.00000 0.32652 0.19394 0.34980 0.19250 0.35743 0.20252 0.32179 0.23398 0.30397 0.23541 0.28106 0.23112 0.26324 0.22397 0.26069 0.21968 0.24542 0.20824 0.21996 0.20824 0.19196 0.20252 0.17413 0.00000 0.15258 0.00000 0.32652
7 0.84682 0.00000 0.84682 0.00675 0.84468 0.01057 0.84468 0.03348 0.84253 0.03730 0.84253 0.05639 0.84039 0.06021 0.84039 0.09076 0.83824 0.09458 0.83824 0.11367 0.83610 0.11749 0.83610 0.14804 0.83395 0.15568 0.82108 0.17477 0.81894 0.19768 0.82215 0.21105 0.82859 0.20341 0.83503 0.20341 0.83717 0.20723 0.84361 0.20341 0.84575 0.21105 0.85219 0.20723 0.87150 0.20723 0.87471 0.21678 0.87686 0.21678 0.88115 0.20532 0.88330 0.16332 0.87793 0.15377 0.87364 0.15759 0.85541 0.15568 0.85755 0.12131 0.85970 0.11749 0.85970 0.09458 0.86399 0.07166 0.86613 0.02202 0.86828 0.01820 0.86828 0.00000 0.84682 0.00000
7 0.44329 0.00000 0.43707 0.02584 0.43922 0.05639 0.44351 0.07166 0.44136 0.07930 0.44136 0.12513 0.43600 0.12704 0.42849 0.14040 0.42849 0.18623 0.43171 0.19196 0.43278 0.19005 0.47354 0.18623 0.47354 0.16713 0.47783 0.15186 0.47569 0.14422 0.47783 0.13277 0.47140 0.12513 0.47140 0.09839 0.47354 0.09458 0.47354 0.05639 0.47783 0.05639 0.47783 0.04111 0.47569 0.04111 0.47461 0.05066 0.47354 0.03348 0.47140 0.02966 0.47140 0.00000 0.44329 0.00000
6 1.00000 0.50056 0.73312 0.03666 0.53718 0.02393 0.47426 0.18686 0.26116 0.15886 0.26259 0.19450 0.25401 0.20978 0.25401 0.29379 0.25972 0.28870 0.26116 0.31670 0.30263 0.32688 0.30406 0.36507 0.41562 0.37271 0.21627 1.00000 1.00000 1.00000 1.00000 0.50056
6 0.00000 0.32652 0.19394 0.34980 0.19250 0.35743 0.20252 0.32179 0.23398 0.30397 0.23541 0.28106 0.23112 0.26324 0.22397 0.26069 0.21968 0.24542 0.20824 0.21996 0.20824 0.19196 0.20252 0.17413 0.00000 0.15258 0.00000 0.32652
7 0.84682 0.00000 0.84682 0.00675 0.84468 0.01057 0.84468 0.03348 0.84253 0.03730 0.84253 0.05639 0.84039 0.06021 0.84039 0.09076 0.83824 0.09458 0.83824 0.11367 0.83610 0.11749 0.83610 0.14804 0.83395 0.15568 0.82108 0.17477 0.81894 0.19768 0.82215 0.21105 0.82859 0.20341 0.83503 0.20341 0.83717 0.20723 0.84361 0.20341 0.84575 0.21105 0.85219 0.20723 0.87150 0.20723 0.87471 0.21678 0.87686 0.21678 0.88115 0.20532 0.88330 0.16332 0.87793 0.15377 0.87364 0.15759 0.85541 0.15568 0.85755 0.12131 0.85970 0.11749 0.85970 0.09458 0.86399 0.07166 0.86613 0.02202 0.86828 0.01820 0.86828 0.00000 0.84682 0.00000
7 0.44329 0.00000 0.43707 0.02584 0.43922 0.05639 0.44351 0.07166 0.44136 0.07930 0.44136 0.12513 0.43600 0.12704 0.42849 0.14040 0.42849 0.18623 0.43171 0.19196 0.43278 0.19005 0.47354 0.18623 0.47354 0.16713 0.47783 0.15186 0.47569 0.14422 0.47783 0.13277 0.47140 0.12513 0.47140 0.09839 0.47354 0.09458 0.47354 0.05639 0.47783 0.05639 0.47783 0.04111 0.47569 0.04111 0.47461 0.05066 0.47354 0.03348 0.47140 0.02966 0.47140 0.00000 0.44329 0.00000
6 1.00000 0.50056 0.73312 0.03666 0.53718 0.02393 0.47426 0.18686 0.26116 0.15886 0.26259 0.19450 0.25401 0.20978 0.25401 0.29379 0.25972 0.28870 0.26116 0.31670 0.30263 0.32688 0.30406 0.36507 0.41562 0.37271 0.21627 1.00000 1.00000 1.00000 1.00000 0.50056
6 0.00000 0.32652 0.19394 0.34980 0.19250 0.35743 0.20252 0.32179 0.23398 0.30397 0.23541 0.28106 0.23112 0.26324 0.22397 0.26069 0.21968 0.24542 0.20824 0.21996 0.20824 0.19196 0.20252 0.17413 0.00000 0.15258 0.00000 0.32652
7 0.84682 0.00000 0.84682 0.00675 0.84468 0.01057 0.84468 0.03348 0.84253 0.03730 0.84253 0.05639 0.84039 0.06021 0.84039 0.09076 0.83824 0.09458 0.83824 0.11367 0.83610 0.11749 0.83610 0.14804 0.83395 0.15568 0.82108 0.17477 0.81894 0.19768 0.82215 0.21105 0.82859 0.20341 0.83503 0.20341 0.83717 0.20723 0.84361 0.20341 0.84575 0.21105 0.85219 0.20723 0.87150 0.20723 0.87471 0.21678 0.87686 0.21678 0.88115 0.20532 0.88330 0.16332 0.87793 0.15377 0.87364 0.15759 0.85541 0.15568 0.85755 0.12131 0.85970 0.11749 0.85970 0.09458 0.86399 0.07166 0.86613 0.02202 0.86828 0.01820 0.86828 0.00000 0.84682 0.00000
7 0.44329 0.00000 0.43707 0.02584 0.43922 0.05639 0.44351 0.07166 0.44136 0.07930 0.44136 0.12513 0.43600 0.12704 0.42849 0.14040 0.42849 0.18623 0.43171 0.19196 0.43278 0.19005 0.47354 0.18623 0.47354 0.16713 0.47783 0.15186 0.47569 0.14422 0.47783 0.13277 0.47140 0.12513 0.47140 0.09839 0.47354 0.09458 0.47354 0.05639 0.47783 0.05639 0.47783 0.04111 0.47569 0.04111 0.47461 0.05066 0.47354 0.03348 0.47140 0.02966 0.47140 0.00000 0.44329 0.00000
6 1.00000 0.50056 0.73312 0.03666 0.53718 0.02393 0.47426 0.18686 0.26116 0.15886 0.26259 0.19450 0.25401 0.20978 0.25401 0.29379 0.25972 0.28870 0.26116 0.31670 0.30263 0.32688 0.30406 0.36507 0.41562 0.37271 0.21627 1.00000 1.00000 1.00000 1.00000 0.50056
6 0.00000 0.32652 0.19394 0.34980 0.19250 0.35743 0.20252 0.32179 0.23398 0.30397 0.23541 0.28106 0.23112 0.26324 0.22397 0.26069 0.21968 0.24542 0.20824 0.21996 0.20824 0.19196 0.20252 0.17413 0.00000 0.15258 0.00000 0.32652
7 0.84682 0.00000 0.84682 0.00675 0.84468 0.01057 0.84468 0.03348 0.84253 0.03730 0.84253 0.05639 0.84039 0.06021 0.84039 0.09076 0.83824 0.09458 0.83824 0.11367 0.83610 0.11749 0.83610 0.14804 0.83395 0.15568 0.82108 0.17477 0.81894 0.19768 0.82215 0.21105 0.82859 0.20341 0.83503 0.20341 0.83717 0.20723 0.84361 0.20341 0.84575 0.21105 0.85219 0.20723 0.87150 0.20723 0.87471 0.21678 0.87686 0.21678 0.88115 0.20532 0.88330 0.16332 0.87793 0.15377 0.87364 0.15759 0.85541 0.15568 0.85755 0.12131 0.85970 0.11749 0.85970 0.09458 0.86399 0.07166 0.86613 0.02202 0.86828 0.01820 0.86828 0.00000 0.84682 0.00000
7 0.44329 0.00000 0.43707 0.02584 0.43922 0.05639 0.44351 0.07166 0.44136 0.07930 0.44136 0.12513 0.43600 0.12704 0.42849 0.14040 0.42849 0.18623 0.43171 0.19196 0.43278 0.19005 0.47354 0.18623 0.47354 0.16713 0.47783 0.15186 0.47569 0.14422 0.47783 0.13277 0.47140 0.12513 0.47140 0.09839 0.47354 0.09458 0.47354 0.05639 0.47783 0.05639 0.47783 0.04111 0.47569 0.04111 0.47461 0.05066 0.47354 0.03348 0.47140 0.02966 0.47140 0.00000 0.44329 0.00000
6 1.00000 0.50056 0.73312 0.03666 0.53718 0.02393 0.47426 0.18686 0.26116 0.15886 0.26259 0.19450 0.25401 0.20978 0.25401 0.29379 0.25972 0.28870 0.26116 0.31670 0.30263 0.32688 0.30406 0.36507 0.41562 0.37271 0.21627 1.00000 1.00000 1.00000 1.00000 0.50056
6 0.00000 0.32652 0.19394 0.34980 0.19250 0.35743 0.20252 0.32179 0.23398 0.30397 0.23541 0.28106 0.23112 0.26324 0.22397 0.26069 0.21968 0.24542 0.20824 0.21996 0.20824 0.19196 0.20252 0.17413 0.00000 0.15258 0.00000 0.32652
7 0.84682 0.00000 0.84682 0.00675 0.84468 0.01057 0.84468 0.03348 0.84253 0.03730 0.84253 0.05639 0.84039 0.06021 0.84039 0.09076 0.83824 0.09458 0.83824 0.11367 0.83610 0.11749 0.83610 0.14804 0.83395 0.15568 0.82108 0.17477 0.81894 0.19768 0.82215 0.21105 0.82859 0.20341 0.83503 0.20341 0.83717 0.20723 0.84361 0.20341 0.84575 0.21105 0.85219 0.20723 0.87150 0.20723 0.87471 0.21678 0.87686 0.21678 0.88115 0.20532 0.88330 0.16332 0.87793 0.15377 0.87364 0.15759 0.85541 0.15568 0.85755 0.12131 0.85970 0.11749 0.85970 0.09458 0.86399 0.07166 0.86613 0.02202 0.86828 0.01820 0.86828 0.00000 0.84682 0.00000
7 0.44329 0.00000 0.43707 0.02584 0.43922 0.05639 0.44351 0.07166 0.44136 0.07930 0.44136 0.12513 0.43600 0.12704 0.42849 0.14040 0.42849 0.18623 0.43171 0.19196 0.43278 0.19005 0.47354 0.18623 0.47354 0.16713 0.47783 0.15186 0.47569 0.14422 0.47783 0.13277 0.47140 0.12513 0.47140 0.09839 0.47354 0.09458 0.47354 0.05639 0.47783 0.05639 0.47783 0.04111 0.47569 0.04111 0.47461 0.05066 0.47354 0.03348 0.47140 0.02966 0.47140 0.00000 0.44329 0.00000
