6 0.28418 0.93403 0.28027 0.93403 0.25879 0.91320 0.24902 0.90972 0.24121 0.89930 0.23730 0.89930 0.22363 0.88542 0.21973 0.88542 0.20410 0.86805 0.20020 0.86805 0.18848 0.85764 0.18262 0.84722 0.16309 0.82986 0.15332 0.82639 0.14355 0.81597 0.12402 0.80555 0.11426 0.79514 0.09863 0.78820 0.08887 0.77778 0.07520 0.77083 0.06738 0.76042 0.05957 0.75695 0.04590 0.74305 0.03223 0.73611 0.02832 0.72917 0.02441 0.72917 0.00879 0.71528 0.00488 0.70833 0.00000 0.71007 0.00098 0.99653 0.35547 0.99827 0.35742 0.99479 0.35254 0.98958 0.34863 0.98958 0.28418 0.93403
5 0.24528 0.81110 0.23090 0.81522 0.22441 0.83006 0.20169 0.83006 0.19845 0.85479 0.24389 0.88281 0.30602 0.85396 0.30694 0.83500 0.27773 0.81687 0.27773 0.79626 0.26429 0.79379 0.26475 0.75999 0.27542 0.75175 0.29350 0.70147 0.29350 0.63388 0.26846 0.60420 0.24481 0.60997 0.22256 0.65201 0.22117 0.71796 0.24528 0.76577 0.24528 0.81110
6 0.28418 0.93403 0.28027 0.93403 0.25879 0.91320 0.24902 0.90972 0.24121 0.89930 0.23730 0.89930 0.22363 0.88542 0.21973 0.88542 0.20410 0.86805 0.20020 0.86805 0.18848 0.85764 0.18262 0.84722 0.16309 0.82986 0.15332 0.82639 0.14355 0.81597 0.12402 0.80555 0.11426 0.79514 0.09863 0.78820 0.08887 0.77778 0.07520 0.77083 0.06738 0.76042 0.05957 0.75695 0.04590 0.74305 0.03223 0.73611 0.02832 0.72917 0.02441 0.72917 0.00879 0.71528 0.00488 0.70833 0.00000 0.71007 0.00098 0.99653 0.35547 0.99827 0.35742 0.99479 0.35254 0.98958 0.34863 0.98958 0.28418 0.93403
5 0.24528 0.81110 0.23090 0.81522 0.22441 0.83006 0.20169 0.83006 0.19845 0.85479 0.24389 0.88281 0.30602 0.85396 0.30694 0.83500 0.27773 0.81687 0.27773 0.79626 0.26429 0.79379 0.26475 0.75999 0.27542 0.75175 0.29350 0.70147 0.29350 0.63388 0.26846 0.60420 0.24481 0.60997 0.22256 0.65201 0.22117 0.71796 0.24528 0.76577 0.24528 0.81110
6 0.28418 0.93403 0.28027 0.93403 0.25879 0.91320 0.24902 0.90972 0.24121 0.89930 0.23730 0.89930 0.22363 0.88542 0.21973 0.88542 0.20410 0.86805 0.20020 0.86805 0.18848 0.85764 0.18262 0.84722 0.16309 0.82986 0.15332 0.82639 0.14355 0.81597 0.12402 0.80555 0.11426 0.79514 0.09863 0.78820 0.08887 0.77778 0.07520 0.77083 0.06738 0.76042 0.05957 0.75695 0.04590 0.74305 0.03223 0.73611 0.02832 0.72917 0.02441 0.72917 0.00879 0.71528 0.00488 0.70833 0.00000 0.71007 0.00098 0.99653 0.35547 0.99827 0.35742 0.99479 0.35254 0.98958 0.34863 0.98958 0.28418 0.93403
5 0.24528 0.81110 0.23090 0.81522 0.22441 0.83006 0.20169 0.83006 0.19845 0.85479 0.24389 0.88281 0.30602 0.85396 0.30694 0.83500 0.27773 0.81687 0.27773 0.79626 0.26429 0.79379 0.26475 0.75999 0.27542 0.75175 0.29350 0.70147 0.29350 0.63388 0.26846 0.60420 0.24481 0.60997 0.22256 0.65201 0.22117 0.71796 0.24528 0.76577 0.24528 0.81110
6 0.28418 0.93403 0.28027 0.93403 0.25879 0.91320 0.24902 0.90972 0.24121 0.89930 0.23730 0.89930 0.22363 0.88542 0.21973 0.88542 0.20410 0.86805 0.20020 0.86805 0.18848 0.85764 0.18262 0.84722 0.16309 0.82986 0.15332 0.82639 0.14355 0.81597 0.12402 0.80555 0.11426 0.79514 0.09863 0.78820 0.08887 0.77778 0.07520 0.77083 0.06738 0.76042 0.05957 0.75695 0.04590 0.74305 0.03223 0.73611 0.02832 0.72917 0.02441 0.72917 0.00879 0.71528 0.00488 0.70833 0.00000 0.71007 0.00098 0.99653 0.35547 0.99827 0.35742 0.99479 0.35254 0.98958 0.34863 0.98958 0.28418 0.93403
5 0.24528 0.81110 0.23090 0.81522 0.22441 0.83006 0.20169 0.83006 0.19845 0.85479 0.24389 0.88281 0.30602 0.85396 0.30694 0.83500 0.27773 0.81687 0.27773 0.79626 0.26429 0.79379 0.26475 0.75999 0.27542 0.75175 0.29350 0.70147 0.29350 0.63388 0.26846 0.60420 0.24481 0.60997 0.22256 0.65201 0.22117 0.71796 0.24528 0.76577 0.24528 0.81110
6 0.28418 0.93403 0.28027 0.93403 0.25879 0.91320 0.24902 0.90972 0.24121 0.89930 0.23730 0.89930 0.22363 0.88542 0.21973 0.88542 0.20410 0.86805 0.20020 0.86805 0.18848 0.85764 0.18262 0.84722 0.16309 0.82986 0.15332 0.82639 0.14355 0.81597 0.12402 0.80555 0.11426 0.79514 0.09863 0.78820 0.08887 0.77778 0.07520 0.77083 0.06738 0.76042 0.05957 0.75695 0.04590 0.74305 0.03223 0.73611 0.02832 0.72917 0.02441 0.72917 0.00879 0.71528 0.00488 0.70833 0.00000 0.71007 0.00098 0.99653 0.35547 0.99827 0.35742 0.99479 0.35254 0.98958 0.34863 0.98958 0.28418 0.93403
5 0.24528 0.81110 0.23090 0.81522 0.22441 0.83006 0.20169 0.83006 0.19845 0.85479 0.24389 0.88281 0.30602 0.85396 0.30694 0.83500 0.27773 0.81687 0.27773 0.79626 0.26429 0.79379 0.26475 0.75999 0.27542 0.75175 0.29350 0.70147 0.29350 0.63388 0.26846 0.60420 0.24481 0.60997 0.22256 0.65201 0.22117 0.71796 0.24528 0.76577 0.24528 0.81110
6 0.28418 0.93403 0.28027 0.93403 0.25879 0.91320 0.24902 0.90972 0.24121 0.89930 0.23730 0.89930 0.22363 0.88542 0.21973 0.88542 0.20410 0.86805 0.20020 0.86805 0.18848 0.85764 0.18262 0.84722 0.16309 0.82986 0.15332 0.82639 0.14355 0.81597 0.12402 0.80555 0.11426 0.79514 0.09863 0.78820 0.08887 0.77778 0.07520 0.77083 0.06738 0.76042 0.05957 0.75695 0.04590 0.74305 0.03223 0.73611 0.02832 0.72917 0.02441 0.72917 0.00879 0.71528 0.00488 0.70833 0.00000 0.71007 0.00098 0.99653 0.35547 0.99827 0.35742 0.99479 0.35254 0.98958 0.34863 0.98958 0.28418 0.93403
5 0.24528 0.81110 0.23090 0.81522 0.22441 0.83006 0.20169 0.83006 0.19845 0.85479 0.24389 0.88281 0.30602 0.85396 0.30694 0.83500 0.27773 0.81687 0.27773 0.79626 0.26429 0.79379 0.26475 0.75999 0.27542 0.75175 0.29350 0.70147 0.29350 0.63388 0.26846 0.60420 0.24481 0.60997 0.22256 0.65201 0.22117 0.71796 0.24528 0.76577 0.24528 0.81110
