7 0.80238 0.17731 0.80447 0.18849 0.80866 0.18849 0.81075 0.18104 0.81285 0.13631 0.80761 0.12699 0.80238 0.15495 0.80238 0.17731
7 0.77876 0.00000 0.77095 0.12512 0.77409 0.13444 0.78143 0.14004 0.76990 0.15308 0.76571 0.15308 0.76467 0.13631 0.75838 0.13631 0.75628 0.15867 0.75419 0.16240 0.75419 0.17731 0.75733 0.18290 0.76048 0.18104 0.76048 0.17358 0.76467 0.16613 0.76571 0.15681 0.77828 0.17172 0.78038 0.17918 0.78562 0.17358 0.78562 0.16240 0.78771 0.15867 0.78562 0.15495 0.78562 0.14004 0.78771 0.13631 0.78980 0.08785 0.79190 0.08412 0.79609 0.01330 0.79818 0.00957 0.79770 0.00000 0.77876 0.00000
6 1.00000 0.60014 0.68156 0.01889 0.50000 0.01889 0.44274 0.16302 0.24721 0.15060 0.24302 0.18290 0.24441 0.25000 0.24721 0.25248 0.25140 0.27237 0.28352 0.26988 0.28771 0.30716 0.38967 0.32207 0.15569 1.00000 1.00000 1.00000 1.00000 0.60014
6 0.00000 0.27970 0.18296 0.29970 0.20531 0.27982 0.21509 0.27237 0.22905 0.25746 0.22067 0.22763 0.20251 0.15060 0.00000 0.13379 0.00000 0.27970
7 0.40526 0.00000 0.40343 0.11004 0.39168 0.12995 0.39224 0.14489 0.43815 0.15385 0.45326 0.12398 0.44879 0.09810 0.44487 0.09312 0.44637 0.00000 0.40526 0.00000
7 0.80238 0.17731 0.80447 0.18849 0.80866 0.18849 0.81075 0.18104 0.81285 0.13631 0.80761 0.12699 0.80238 0.15495 0.80238 0.17731
7 0.77876 0.00000 0.77095 0.12512 0.77409 0.13444 0.78143 0.14004 0.76990 0.15308 0.76571 0.15308 0.76467 0.13631 0.75838 0.13631 0.75628 0.15867 0.75419 0.16240 0.75419 0.17731 0.75733 0.18290 0.76048 0.18104 0.76048 0.17358 0.76467 0.16613 0.76571 0.15681 0.77828 0.17172 0.78038 0.17918 0.78562 0.17358 0.78562 0.16240 0.78771 0.15867 0.78562 0.15495 0.78562 0.14004 0.78771 0.13631 0.78980 0.08785 0.79190 0.08412 0.79609 0.01330 0.79818 0.00957 0.79770 0.00000 0.77876 0.00000
6 1.00000 0.60014 0.68156 0.01889 0.50000 0.01889 0.44274 0.16302 0.24721 0.15060 0.24302 0.18290 0.24441 0.25000 0.24721 0.25248 0.25140 0.27237 0.28352 0.26988 0.28771 0.30716 0.38967 0.32207 0.15569 1.00000 1.00000 1.00000 1.00000 0.60014
6 0.00000 0.27970 0.18296 0.29970 0.20531 0.27982 0.21509 0.27237 0.22905 0.25746 0.22067 0.22763 0.20251 0.15060 0.00000 0.13379 0.00000 0.27970
7 0.40526 0.00000 0.40343 0.11004 0.39168 0.12995 0.39224 0.14489 0.43815 0.15385 0.45326 0.12398 0.44879 0.09810 0.44487 0.09312 0.44637 0.00000 0.40526 0.00000
