6 0.03070 0.00000 0.00000 0.13524 0.00000 1.00000 1.00000 1.00000 1.00000 0.82181 0.40087 0.00000 0.03070 0.00000
1 0.58753 0.00000 0.58030 0.02436 0.58030 0.05589 0.58546 0.08844 0.59475 0.10657 0.61226 0.13770 0.61263 0.16880 0.60268 0.17201 0.56771 0.18710 0.56692 0.20899 0.60087 0.24596 0.67328 0.23632 0.67192 0.21140 0.64703 0.19693 0.64658 0.16236 0.63345 0.16719 0.63240 0.14270 0.64501 0.11895 0.66412 0.10796 0.67633 0.06729 0.68244 0.03746 0.68028 0.00000 0.58753 0.00000
6 0.03070 0.00000 0.00000 0.13524 0.00000 1.00000 1.00000 1.00000 1.00000 0.82181 0.40087 0.00000 0.03070 0.00000
1 0.58753 0.00000 0.58030 0.02436 0.58030 0.05589 0.58546 0.08844 0.59475 0.10657 0.61226 0.13770 0.61263 0.16880 0.60268 0.17201 0.56771 0.18710 0.56692 0.20899 0.60087 0.24596 0.67328 0.23632 0.67192 0.21140 0.64703 0.19693 0.64658 0.16236 0.63345 0.16719 0.63240 0.14270 0.64501 0.11895 0.66412 0.10796 0.67633 0.06729 0.68244 0.03746 0.68028 0.00000 0.58753 0.00000
6 0.03070 0.00000 0.00000 0.13524 0.00000 1.00000 1.00000 1.00000 1.00000 0.82181 0.40087 0.00000 0.03070 0.00000
1 0.58753 0.00000 0.58030 0.02436 0.58030 0.05589 0.58546 0.08844 0.59475 0.10657 0.61226 0.13770 0.61263 0.16880 0.60268 0.17201 0.56771 0.18710 0.56692 0.20899 0.60087 0.24596 0.67328 0.23632 0.67192 0.21140 0.64703 0.19693 0.64658 0.16236 0.63345 0.16719 0.63240 0.14270 0.64501 0.11895 0.66412 0.10796 0.67633 0.06729 0.68244 0.03746 0.68028 0.00000 0.58753 0.00000
6 0.03070 0.00000 0.00000 0.13524 0.00000 1.00000 1.00000 1.00000 1.00000 0.82181 0.40087 0.00000 0.03070 0.00000
1 0.58753 0.00000 0.58030 0.02436 0.58030 0.05589 0.58546 0.08844 0.59475 0.10657 0.61226 0.13770 0.61263 0.16880 0.60268 0.17201 0.56771 0.18710 0.56692 0.20899 0.60087 0.24596 0.67328 0.23632 0.67192 0.21140 0.64703 0.19693 0.64658 0.16236 0.63345 0.16719 0.63240 0.14270 0.64501 0.11895 0.66412 0.10796 0.67633 0.06729 0.68244 0.03746 0.68028 0.00000 0.58753 0.00000
6 0.03070 0.00000 0.00000 0.13524 0.00000 1.00000 1.00000 1.00000 1.00000 0.82181 0.40087 0.00000 0.03070 0.00000
1 0.58753 0.00000 0.58030 0.02436 0.58030 0.05589 0.58546 0.08844 0.59475 0.10657 0.61226 0.13770 0.61263 0.16880 0.60268 0.17201 0.56771 0.18710 0.56692 0.20899 0.60087 0.24596 0.67328 0.23632 0.67192 0.21140 0.64703 0.19693 0.64658 0.16236 0.63345 0.16719 0.63240 0.14270 0.64501 0.11895 0.66412 0.10796 0.67633 0.06729 0.68244 0.03746 0.68028 0.00000 0.58753 0.00000
6 0.03070 0.00000 0.00000 0.13524 0.00000 1.00000 1.00000 1.00000 1.00000 0.82181 0.40087 0.00000 0.03070 0.00000
1 0.58753 0.00000 0.58030 0.02436 0.58030 0.05589 0.58546 0.08844 0.59475 0.10657 0.61226 0.13770 0.61263 0.16880 0.60268 0.17201 0.56771 0.18710 0.56692 0.20899 0.60087 0.24596 0.67328 0.23632 0.67192 0.21140 0.64703 0.19693 0.64658 0.16236 0.63345 0.16719 0.63240 0.14270 0.64501 0.11895 0.66412 0.10796 0.67633 0.06729 0.68244 0.03746 0.68028 0.00000 0.58753 0.00000
