6 1.00000 0.94936 0.93579 0.89277 0.77134 0.76292 0.00000 0.19945 0.00000 0.50581 0.00648 1.00000 0.50328 1.00000 1.00000 0.98845 1.00000 0.94936
1 0.12995 0.27506 0.17386 0.29416 0.23767 0.28004 0.23351 0.24703 0.20903 0.24760 0.20377 0.21177 0.18736 0.21971 0.18345 0.19339 0.19928 0.17531 0.20764 0.15343 0.21154 0.13492 0.21106 0.09809 0.20653 0.06871 0.19058 0.03777 0.18220 0.03060 0.16664 0.02928 0.14352 0.04557 0.13384 0.09566 0.13533 0.13411 0.14855 0.17157 0.15452 0.18324 0.16292 0.18993 0.16470 0.19875 0.16923 0.22695 0.15478 0.22812 0.15303 0.24479 0.12968 0.25495 0.12995 0.27506
6 1.00000 0.94936 0.93579 0.89277 0.77134 0.76292 0.00000 0.19945 0.00000 0.50581 0.00648 1.00000 0.50328 1.00000 1.00000 0.98845 1.00000 0.94936
1 0.12995 0.27506 0.17386 0.29416 0.23767 0.28004 0.23351 0.24703 0.20903 0.24760 0.20377 0.21177 0.18736 0.21971 0.18345 0.19339 0.19928 0.17531 0.20764 0.15343 0.21154 0.13492 0.21106 0.09809 0.20653 0.06871 0.19058 0.03777 0.18220 0.03060 0.16664 0.02928 0.14352 0.04557 0.13384 0.09566 0.13533 0.13411 0.14855 0.17157 0.15452 0.18324 0.16292 0.18993 0.16470 0.19875 0.16923 0.22695 0.15478 0.22812 0.15303 0.24479 0.12968 0.25495 0.12995 0.27506
6 1.00000 0.94936 0.93579 0.89277 0.77134 0.76292 0.00000 0.19945 0.00000 0.50581 0.00648 1.00000 0.50328 1.00000 1.00000 0.98845 1.00000 0.94936
1 0.12995 0.27506 0.17386 0.29416 0.23767 0.28004 0.23351 0.24703 0.20903 0.24760 0.20377 0.21177 0.18736 0.21971 0.18345 0.19339 0.19928 0.17531 0.20764 0.15343 0.21154 0.13492 0.21106 0.09809 0.20653 0.06871 0.19058 0.03777 0.18220 0.03060 0.16664 0.02928 0.14352 0.04557 0.13384 0.09566 0.13533 0.13411 0.14855 0.17157 0.15452 0.18324 0.16292 0.18993 0.16470 0.19875 0.16923 0.22695 0.15478 0.22812 0.15303 0.24479 0.12968 0.25495 0.12995 0.27506
6 1.00000 0.94936 0.93579 0.89277 0.77134 0.76292 0.00000 0.19945 0.00000 0.50581 0.00648 1.00000 0.50328 1.00000 1.00000 0.98845 1.00000 0.94936
1 0.12995 0.27506 0.17386 0.29416 0.23767 0.28004 0.23351 0.24703 0.20903 0.24760 0.20377 0.21177 0.18736 0.21971 0.18345 0.19339 0.19928 0.17531 0.20764 0.15343 0.21154 0.13492 0.21106 0.09809 0.20653 0.06871 0.19058 0.03777 0.18220 0.03060 0.16664 0.02928 0.14352 0.04557 0.13384 0.09566 0.13533 0.13411 0.14855 0.17157 0.15452 0.18324 0.16292 0.18993 0.16470 0.19875 0.16923 0.22695 0.15478 0.22812 0.15303 0.24479 0.12968 0.25495 0.12995 0.27506
6 1.00000 0.94936 0.93579 0.89277 0.77134 0.76292 0.00000 0.19945 0.00000 0.50581 0.00648 1.00000 0.50328 1.00000 1.00000 0.98845 1.00000 0.94936
1 0.12995 0.27506 0.17386 0.29416 0.23767 0.28004 0.23351 0.24703 0.20903 0.24760 0.20377 0.21177 0.18736 0.21971 0.18345 0.19339 0.19928 0.17531 0.20764 0.15343 0.21154 0.13492 0.21106 0.09809 0.20653 0.06871 0.19058 0.03777 0.18220 0.03060 0.16664 0.02928 0.14352 0.04557 0.13384 0.09566 0.13533 0.13411 0.14855 0.17157 0.15452 0.18324 0.16292 0.18993 0.16470 0.19875 0.16923 0.22695 0.15478 0.22812 0.15303 0.24479 0.12968 0.25495 0.12995 0.27506
6 1.00000 0.94936 0.93579 0.89277 0.77134 0.76292 0.00000 0.19945 0.00000 0.50581 0.00648 1.00000 0.50328 1.00000 1.00000 0.98845 1.00000 0.94936
1 0.12995 0.27506 0.17386 0.29416 0.23767 0.28004 0.23351 0.24703 0.20903 0.24760 0.20377 0.21177 0.18736 0.21971 0.18345 0.19339 0.19928 0.17531 0.20764 0.15343 0.21154 0.13492 0.21106 0.09809 0.20653 0.06871 0.19058 0.03777 0.18220 0.03060 0.16664 0.02928 0.14352 0.04557 0.13384 0.09566 0.13533 0.13411 0.14855 0.17157 0.15452 0.18324 0.16292 0.18993 0.16470 0.19875 0.16923 0.22695 0.15478 0.22812 0.15303 0.24479 0.12968 0.25495 0.12995 0.27506
