6 1.00000 0.47092 0.99497 0.39435 0.85260 0.31123 0.66257 0.25861 0.34831 0.17489 0.07163 0.09729 0.00000 0.10772 0.00000 0.43985 0.22170 0.66235 0.29618 0.76162 0.32162 0.82876 0.30448 0.90786 0.25193 1.00000 0.51639 1.00000 1.00000 0.94364 1.00000 0.47092
5 0.36672 0.14075 0.34482 0.14714 0.34511 0.16248 0.38842 0.16960 0.42389 0.14497 0.42165 0.13503 0.39874 0.12813 0.39532 0.10475 0.38460 0.10600 0.37923 0.07909 0.38684 0.07436 0.39238 0.03621 0.39060 0.01084 0.34254 0.01644 0.34472 0.04109 0.34735 0.05716 0.36433 0.08736 0.37144 0.11394 0.36299 0.12773 0.36672 0.14075
6 1.00000 0.47092 0.99497 0.39435 0.85260 0.31123 0.66257 0.25861 0.34831 0.17489 0.07163 0.09729 0.00000 0.10772 0.00000 0.43985 0.22170 0.66235 0.29618 0.76162 0.32162 0.82876 0.30448 0.90786 0.25193 1.00000 0.51639 1.00000 1.00000 0.94364 1.00000 0.47092
5 0.36672 0.14075 0.34482 0.14714 0.34511 0.16248 0.38842 0.16960 0.42389 0.14497 0.42165 0.13503 0.39874 0.12813 0.39532 0.10475 0.38460 0.10600 0.37923 0.07909 0.38684 0.07436 0.39238 0.03621 0.39060 0.01084 0.34254 0.01644 0.34472 0.04109 0.34735 0.05716 0.36433 0.08736 0.37144 0.11394 0.36299 0.12773 0.36672 0.14075
6 1.00000 0.47092 0.99497 0.39435 0.85260 0.31123 0.66257 0.25861 0.34831 0.17489 0.07163 0.09729 0.00000 0.10772 0.00000 0.43985 0.22170 0.66235 0.29618 0.76162 0.32162 0.82876 0.30448 0.90786 0.25193 1.00000 0.51639 1.00000 1.00000 0.94364 1.00000 0.47092
5 0.36672 0.14075 0.34482 0.14714 0.34511 0.16248 0.38842 0.16960 0.42389 0.14497 0.42165 0.13503 0.39874 0.12813 0.39532 0.10475 0.38460 0.10600 0.37923 0.07909 0.38684 0.07436 0.39238 0.03621 0.39060 0.01084 0.34254 0.01644 0.34472 0.04109 0.34735 0.05716 0.36433 0.08736 0.37144 0.11394 0.36299 0.12773 0.36672 0.14075
6 1.00000 0.47092 0.99497 0.39435 0.85260 0.31123 0.66257 0.25861 0.34831 0.17489 0.07163 0.09729 0.00000 0.10772 0.00000 0.43985 0.22170 0.66235 0.29618 0.76162 0.32162 0.82876 0.30448 0.90786 0.25193 1.00000 0.51639 1.00000 1.00000 0.94364 1.00000 0.47092
5 0.36672 0.14075 0.34482 0.14714 0.34511 0.16248 0.38842 0.16960 0.42389 0.14497 0.42165 0.13503 0.39874 0.12813 0.39532 0.10475 0.38460 0.10600 0.37923 0.07909 0.38684 0.07436 0.39238 0.03621 0.39060 0.01084 0.34254 0.01644 0.34472 0.04109 0.34735 0.05716 0.36433 0.08736 0.37144 0.11394 0.36299 0.12773 0.36672 0.14075
6 1.00000 0.47092 0.99497 0.39435 0.85260 0.31123 0.66257 0.25861 0.34831 0.17489 0.07163 0.09729 0.00000 0.10772 0.00000 0.43985 0.22170 0.66235 0.29618 0.76162 0.32162 0.82876 0.30448 0.90786 0.25193 1.00000 0.51639 1.00000 1.00000 0.94364 1.00000 0.47092
5 0.36672 0.14075 0.34482 0.14714 0.34511 0.16248 0.38842 0.16960 0.42389 0.14497 0.42165 0.13503 0.39874 0.12813 0.39532 0.10475 0.38460 0.10600 0.37923 0.07909 0.38684 0.07436 0.39238 0.03621 0.39060 0.01084 0.34254 0.01644 0.34472 0.04109 0.34735 0.05716 0.36433 0.08736 0.37144 0.11394 0.36299 0.12773 0.36672 0.14075
6 1.00000 0.47092 0.99497 0.39435 0.85260 0.31123 0.66257 0.25861 0.34831 0.17489 0.07163 0.09729 0.00000 0.10772 0.00000 0.43985 0.22170 0.66235 0.29618 0.76162 0.32162 0.82876 0.30448 0.90786 0.25193 1.00000 0.51639 1.00000 1.00000 0.94364 1.00000 0.47092
5 0.36672 0.14075 0.34482 0.14714 0.34511 0.16248 0.38842 0.16960 0.42389 0.14497 0.42165 0.13503 0.39874 0.12813 0.39532 0.10475 0.38460 0.10600 0.37923 0.07909 0.38684 0.07436 0.39238 0.03621 0.39060 0.01084 0.34254 0.01644 0.34472 0.04109 0.34735 0.05716 0.36433 0.08736 0.37144 0.11394 0.36299 0.12773 0.36672 0.14075
