2 0.62034 0.28166 0.61470 0.26818 0.61449 0.25262 0.62277 0.21741 0.62267 0.20963 0.62897 0.19003 0.63080 0.16275 0.63496 0.14709 0.63461 0.11987 0.62907 0.11416 0.62475 0.11815 0.56367 0.12735 0.55834 0.13720 0.56296 0.15655 0.57191 0.17190 0.58334 0.21054 0.59457 0.23363 0.59925 0.25686 0.59966 0.28798 0.58888 0.29990 0.58914 0.31935 0.57933 0.32152 0.56968 0.33536 0.57308 0.34501 0.58406 0.34864 0.59956 0.36385 0.60281 0.36183 0.60809 0.34809 0.62339 0.34773 0.62552 0.34379 0.63645 0.34354 0.63858 0.33960 0.64732 0.33939 0.65398 0.34702 0.65713 0.33722 0.65570 0.31196 0.63812 0.30459 0.62689 0.28151 0.62034 0.28166
6 1.00000 0.78630 0.93239 0.71664 0.73892 0.51883 0.51730 0.28536 0.44643 0.21438 0.41258 0.18923 0.33514 0.17287 0.24628 0.17494 0.14578 0.17727 0.06430 0.18695 0.00000 0.19700 0.00000 0.27565 0.06099 0.26743 0.09591 0.26403 0.12223 0.27120 0.12691 0.29443 0.11205 0.49450 0.06464 1.00000 0.50328 1.00000 1.00000 0.98845 1.00000 0.78630
2 0.62034 0.28166 0.61470 0.26818 0.61449 0.25262 0.62277 0.21741 0.62267 0.20963 0.62897 0.19003 0.63080 0.16275 0.63496 0.14709 0.63461 0.11987 0.62907 0.11416 0.62475 0.11815 0.56367 0.12735 0.55834 0.13720 0.56296 0.15655 0.57191 0.17190 0.58334 0.21054 0.59457 0.23363 0.59925 0.25686 0.59966 0.28798 0.58888 0.29990 0.58914 0.31935 0.57933 0.32152 0.56968 0.33536 0.57308 0.34501 0.58406 0.34864 0.59956 0.36385 0.60281 0.36183 0.60809 0.34809 0.62339 0.34773 0.62552 0.34379 0.63645 0.34354 0.63858 0.33960 0.64732 0.33939 0.65398 0.34702 0.65713 0.33722 0.65570 0.31196 0.63812 0.30459 0.62689 0.28151 0.62034 0.28166
6 1.00000 0.78630 0.93239 0.71664 0.73892 0.51883 0.51730 0.28536 0.44643 0.21438 0.41258 0.18923 0.33514 0.17287 0.24628 0.17494 0.14578 0.17727 0.06430 0.18695 0.00000 0.19700 0.00000 0.27565 0.06099 0.26743 0.09591 0.26403 0.12223 0.27120 0.12691 0.29443 0.11205 0.49450 0.06464 1.00000 0.50328 1.00000 1.00000 0.98845 1.00000 0.78630
2 0.62034 0.28166 0.61470 0.26818 0.61449 0.25262 0.62277 0.21741 0.62267 0.20963 0.62897 0.19003 0.63080 0.16275 0.63496 0.14709 0.63461 0.11987 0.62907 0.11416 0.62475 0.11815 0.56367 0.12735 0.55834 0.13720 0.56296 0.15655 0.57191 0.17190 0.58334 0.21054 0.59457 0.23363 0.59925 0.25686 0.59966 0.28798 0.58888 0.29990 0.58914 0.31935 0.57933 0.32152 0.56968 0.33536 0.57308 0.34501 0.58406 0.34864 0.59956 0.36385 0.60281 0.36183 0.60809 0.34809 0.62339 0.34773 0.62552 0.34379 0.63645 0.34354 0.63858 0.33960 0.64732 0.33939 0.65398 0.34702 0.65713 0.33722 0.65570 0.31196 0.63812 0.30459 0.62689 0.28151 0.62034 0.28166
6 1.00000 0.78630 0.93239 0.71664 0.73892 0.51883 0.51730 0.28536 0.44643 0.21438 0.41258 0.18923 0.33514 0.17287 0.24628 0.17494 0.14578 0.17727 0.06430 0.18695 0.00000 0.19700 0.00000 0.27565 0.06099 0.26743 0.09591 0.26403 0.12223 0.27120 0.12691 0.29443 0.11205 0.49450 0.06464 1.00000 0.50328 1.00000 1.00000 0.98845 1.00000 0.78630
2 0.62034 0.28166 0.61470 0.26818 0.61449 0.25262 0.62277 0.21741 0.62267 0.20963 0.62897 0.19003 0.63080 0.16275 0.63496 0.14709 0.63461 0.11987 0.62907 0.11416 0.62475 0.11815 0.56367 0.12735 0.55834 0.13720 0.56296 0.15655 0.57191 0.17190 0.58334 0.21054 0.59457 0.23363 0.59925 0.25686 0.59966 0.28798 0.58888 0.29990 0.58914 0.31935 0.57933 0.32152 0.56968 0.33536 0.57308 0.34501 0.58406 0.34864 0.59956 0.36385 0.60281 0.36183 0.60809 0.34809 0.62339 0.34773 0.62552 0.34379 0.63645 0.34354 0.63858 0.33960 0.64732 0.33939 0.65398 0.34702 0.65713 0.33722 0.65570 0.31196 0.63812 0.30459 0.62689 0.28151 0.62034 0.28166
6 1.00000 0.78630 0.93239 0.71664 0.73892 0.51883 0.51730 0.28536 0.44643 0.21438 0.41258 0.18923 0.33514 0.17287 0.24628 0.17494 0.14578 0.17727 0.06430 0.18695 0.00000 0.19700 0.00000 0.27565 0.06099 0.26743 0.09591 0.26403 0.12223 0.27120 0.12691 0.29443 0.11205 0.49450 0.06464 1.00000 0.50328 1.00000 1.00000 0.98845 1.00000 0.78630
2 0.62034 0.28166 0.61470 0.26818 0.61449 0.25262 0.62277 0.21741 0.62267 0.20963 0.62897 0.19003 0.63080 0.16275 0.63496 0.14709 0.63461 0.11987 0.62907 0.11416 0.62475 0.11815 0.56367 0.12735 0.55834 0.13720 0.56296 0.15655 0.57191 0.17190 0.58334 0.21054 0.59457 0.23363 0.59925 0.25686 0.59966 0.28798 0.58888 0.29990 0.58914 0.31935 0.57933 0.32152 0.56968 0.33536 0.57308 0.34501 0.58406 0.34864 0.59956 0.36385 0.60281 0.36183 0.60809 0.34809 0.62339 0.34773 0.62552 0.34379 0.63645 0.34354 0.63858 0.33960 0.64732 0.33939 0.65398 0.34702 0.65713 0.33722 0.65570 0.31196 0.63812 0.30459 0.62689 0.28151 0.62034 0.28166
6 1.00000 0.78630 0.93239 0.71664 0.73892 0.51883 0.51730 0.28536 0.44643 0.21438 0.41258 0.18923 0.33514 0.17287 0.24628 0.17494 0.14578 0.17727 0.06430 0.18695 0.00000 0.19700 0.00000 0.27565 0.06099 0.26743 0.09591 0.26403 0.12223 0.27120 0.12691 0.29443 0.11205 0.49450 0.06464 1.00000 0.50328 1.00000 1.00000 0.98845 1.00000 0.78630
2 0.62034 0.28166 0.61470 0.26818 0.61449 0.25262 0.62277 0.21741 0.62267 0.20963 0.62897 0.19003 0.63080 0.16275 0.63496 0.14709 0.63461 0.11987 0.62907 0.11416 0.62475 0.11815 0.56367 0.12735 0.55834 0.13720 0.56296 0.15655 0.57191 0.17190 0.58334 0.21054 0.59457 0.23363 0.59925 0.25686 0.59966 0.28798 0.58888 0.29990 0.58914 0.31935 0.57933 0.32152 0.56968 0.33536 0.57308 0.34501 0.58406 0.34864 0.59956 0.36385 0.60281 0.36183 0.60809 0.34809 0.62339 0.34773 0.62552 0.34379 0.63645 0.34354 0.63858 0.33960 0.64732 0.33939 0.65398 0.34702 0.65713 0.33722 0.65570 0.31196 0.63812 0.30459 0.62689 0.28151 0.62034 0.28166
6 1.00000 0.78630 0.93239 0.71664 0.73892 0.51883 0.51730 0.28536 0.44643 0.21438 0.41258 0.18923 0.33514 0.17287 0.24628 0.17494 0.14578 0.17727 0.06430 0.18695 0.00000 0.19700 0.00000 0.27565 0.06099 0.26743 0.09591 0.26403 0.12223 0.27120 0.12691 0.29443 0.11205 0.49450 0.06464 1.00000 0.50328 1.00000 1.00000 0.98845 1.00000 0.78630
