6 0.98682 1.00000 0.98574 0.99859 0.97558 0.97913 0.96928 0.97504 0.95912 0.95558 0.93637 0.92793 0.92834 0.90857 0.92611 0.91227 0.91574 0.90039 0.91066 0.89066 0.91503 0.88707 0.91411 0.88132 0.90762 0.88482 0.89929 0.87684 0.89735 0.86915 0.88486 0.85718 0.85611 0.81406 0.84981 0.80997 0.83762 0.78662 0.78601 0.71966 0.78205 0.70808 0.77575 0.70398 0.75523 0.67265 0.75097 0.67245 0.73248 0.64500 0.70962 0.62116 0.69540 0.59391 0.68494 0.58582 0.65832 0.54281 0.64582 0.53084 0.64288 0.52120 0.64560 0.49854 0.63626 0.48861 0.62773 0.48822 0.62550 0.49191 0.62134 0.48792 0.61068 0.48743 0.60845 0.49112 0.54236 0.48805 0.54013 0.49174 0.52947 0.49124 0.52744 0.48735 0.52308 0.49095 0.45699 0.48787 0.45476 0.49157 0.43994 0.48708 0.43770 0.49077 0.41852 0.48988 0.41202 0.49338 0.38587 0.55482 0.38567 0.56241 0.38111 0.57359 0.37228 0.58457 0.36082 0.61443 0.33628 0.65506 0.32939 0.67373 0.31823 0.69220 0.30222 0.73323 0.26399 0.80741 0.25030 0.84095 0.23914 0.85942 0.23672 0.87070 0.22333 0.89287 0.21867 0.90784 0.18267 0.97833 0.17978 0.98541 0.49345 1.00000 0.98682 1.00000
6 0.63282 0.49795 0.63272 0.50174 0.65212 0.53493 0.66471 0.54311 0.67222 0.54156 0.67760 0.53991 0.68531 0.53077 0.68551 0.52319 0.69211 0.51590 0.69129 0.50637 0.67667 0.49429 0.65748 0.49340 0.65525 0.49709 0.64895 0.49300 0.64023 0.50019 0.63819 0.49630 0.63282 0.49795
6 1.00000 0.49794 0.96049 0.49610 0.95826 0.49980 0.94344 0.49531 0.94121 0.49900 0.92842 0.49841 0.92618 0.50210 0.75341 0.49786 0.75118 0.50155 0.72133 0.50017 0.71697 0.50376 0.71352 0.51310 0.71749 0.52468 0.71729 0.53226 0.73080 0.54618 0.74785 0.54698 0.75009 0.54328 0.84602 0.54774 0.84825 0.54405 0.85241 0.54804 0.85677 0.54445 0.92926 0.54782 0.93758 0.55580 0.94083 0.55405 0.99886 0.55530 1.00000 0.51162 1.00000 0.49794
6 0.00000 0.53498 0.03737 0.53671 0.03960 0.53302 0.04802 0.53721 0.05026 0.53352 0.11431 0.53270 0.11654 0.52900 0.17197 0.53158 0.17420 0.52789 0.18486 0.52838 0.18821 0.52284 0.18850 0.51146 0.19306 0.50028 0.19326 0.49270 0.13895 0.48827 0.13672 0.49196 0.13469 0.48807 0.13246 0.49177 0.09409 0.48998 0.09185 0.49368 0.00000 0.49153 0.00000 0.53498
7 0.37620 0.51639 0.37843 0.51270 0.37457 0.49733 0.38116 0.49004 0.38191 0.37994 0.36597 0.37730 0.36317 0.44363 0.36520 0.44752 0.36401 0.49304 0.36604 0.49693 0.36564 0.51211 0.36869 0.51795 0.37620 0.51639
7 0.38444 0.36486 0.38305 0.41797 0.38508 0.42186 0.38439 0.44841 0.39058 0.45630 0.38612 0.46369 0.38552 0.48645 0.40471 0.48734 0.41130 0.48005 0.41170 0.46487 0.41069 0.46293 0.40835 0.47042 0.40134 0.45300 0.40367 0.44552 0.40417 0.42655 0.40214 0.42266 0.40353 0.36955 0.40058 0.35992 0.38779 0.35932 0.38444 0.36486
4 0.69155 0.41523 0.68374 0.42816 0.67907 0.44313 0.67838 0.46969 0.68621 0.49664 0.69454 0.50462 0.69414 0.51979 0.68876 0.52144 0.68541 0.52698 0.68521 0.53457 0.67547 0.53981 0.67203 0.54914 0.67396 0.55683 0.69133 0.58613 0.72443 0.58576 0.72889 0.57837 0.72958 0.55182 0.72247 0.53820 0.71719 0.53605 0.70936 0.50911 0.71920 0.50007 0.73147 0.47975 0.73450 0.44571 0.73063 0.43034 0.71733 0.40883 0.70027 0.40804 0.69155 0.41523
6 0.98682 1.00000 0.98574 0.99859 0.97558 0.97913 0.96928 0.97504 0.95912 0.95558 0.93637 0.92793 0.92834 0.90857 0.92611 0.91227 0.91574 0.90039 0.91066 0.89066 0.91503 0.88707 0.91411 0.88132 0.90762 0.88482 0.89929 0.87684 0.89735 0.86915 0.88486 0.85718 0.85611 0.81406 0.84981 0.80997 0.83762 0.78662 0.78601 0.71966 0.78205 0.70808 0.77575 0.70398 0.75523 0.67265 0.75097 0.67245 0.73248 0.64500 0.70962 0.62116 0.69540 0.59391 0.68494 0.58582 0.65832 0.54281 0.64582 0.53084 0.64288 0.52120 0.64560 0.49854 0.63626 0.48861 0.62773 0.48822 0.62550 0.49191 0.62134 0.48792 0.61068 0.48743 0.60845 0.49112 0.54236 0.48805 0.54013 0.49174 0.52947 0.49124 0.52744 0.48735 0.52308 0.49095 0.45699 0.48787 0.45476 0.49157 0.43994 0.48708 0.43770 0.49077 0.41852 0.48988 0.41202 0.49338 0.38587 0.55482 0.38567 0.56241 0.38111 0.57359 0.37228 0.58457 0.36082 0.61443 0.33628 0.65506 0.32939 0.67373 0.31823 0.69220 0.30222 0.73323 0.26399 0.80741 0.25030 0.84095 0.23914 0.85942 0.23672 0.87070 0.22333 0.89287 0.21867 0.90784 0.18267 0.97833 0.17978 0.98541 0.49345 1.00000 0.98682 1.00000
6 0.63282 0.49795 0.63272 0.50174 0.65212 0.53493 0.66471 0.54311 0.67222 0.54156 0.67760 0.53991 0.68531 0.53077 0.68551 0.52319 0.69211 0.51590 0.69129 0.50637 0.67667 0.49429 0.65748 0.49340 0.65525 0.49709 0.64895 0.49300 0.64023 0.50019 0.63819 0.49630 0.63282 0.49795
6 1.00000 0.49794 0.96049 0.49610 0.95826 0.49980 0.94344 0.49531 0.94121 0.49900 0.92842 0.49841 0.92618 0.50210 0.75341 0.49786 0.75118 0.50155 0.72133 0.50017 0.71697 0.50376 0.71352 0.51310 0.71749 0.52468 0.71729 0.53226 0.73080 0.54618 0.74785 0.54698 0.75009 0.54328 0.84602 0.54774 0.84825 0.54405 0.85241 0.54804 0.85677 0.54445 0.92926 0.54782 0.93758 0.55580 0.94083 0.55405 0.99886 0.55530 1.00000 0.51162 1.00000 0.49794
6 0.00000 0.53498 0.03737 0.53671 0.03960 0.53302 0.04802 0.53721 0.05026 0.53352 0.11431 0.53270 0.11654 0.52900 0.17197 0.53158 0.17420 0.52789 0.18486 0.52838 0.18821 0.52284 0.18850 0.51146 0.19306 0.50028 0.19326 0.49270 0.13895 0.48827 0.13672 0.49196 0.13469 0.48807 0.13246 0.49177 0.09409 0.48998 0.09185 0.49368 0.00000 0.49153 0.00000 0.53498
7 0.37620 0.51639 0.37843 0.51270 0.37457 0.49733 0.38116 0.49004 0.38191 0.37994 0.36597 0.37730 0.36317 0.44363 0.36520 0.44752 0.36401 0.49304 0.36604 0.49693 0.36564 0.51211 0.36869 0.51795 0.37620 0.51639
7 0.38444 0.36486 0.38305 0.41797 0.38508 0.42186 0.38439 0.44841 0.39058 0.45630 0.38612 0.46369 0.38552 0.48645 0.40471 0.48734 0.41130 0.48005 0.41170 0.46487 0.41069 0.46293 0.40835 0.47042 0.40134 0.45300 0.40367 0.44552 0.40417 0.42655 0.40214 0.42266 0.40353 0.36955 0.40058 0.35992 0.38779 0.35932 0.38444 0.36486
4 0.69155 0.41523 0.68374 0.42816 0.67907 0.44313 0.67838 0.46969 0.68621 0.49664 0.69454 0.50462 0.69414 0.51979 0.68876 0.52144 0.68541 0.52698 0.68521 0.53457 0.67547 0.53981 0.67203 0.54914 0.67396 0.55683 0.69133 0.58613 0.72443 0.58576 0.72889 0.57837 0.72958 0.55182 0.72247 0.53820 0.71719 0.53605 0.70936 0.50911 0.71920 0.50007 0.73147 0.47975 0.73450 0.44571 0.73063 0.43034 0.71733 0.40883 0.70027 0.40804 0.69155 0.41523
6 0.98682 1.00000 0.98574 0.99859 0.97558 0.97913 0.96928 0.97504 0.95912 0.95558 0.93637 0.92793 0.92834 0.90857 0.92611 0.91227 0.91574 0.90039 0.91066 0.89066 0.91503 0.88707 0.91411 0.88132 0.90762 0.88482 0.89929 0.87684 0.89735 0.86915 0.88486 0.85718 0.85611 0.81406 0.84981 0.80997 0.83762 0.78662 0.78601 0.71966 0.78205 0.70808 0.77575 0.70398 0.75523 0.67265 0.75097 0.67245 0.73248 0.64500 0.70962 0.62116 0.69540 0.59391 0.68494 0.58582 0.65832 0.54281 0.64582 0.53084 0.64288 0.52120 0.64560 0.49854 0.63626 0.48861 0.62773 0.48822 0.62550 0.49191 0.62134 0.48792 0.61068 0.48743 0.60845 0.49112 0.54236 0.48805 0.54013 0.49174 0.52947 0.49124 0.52744 0.48735 0.52308 0.49095 0.45699 0.48787 0.45476 0.49157 0.43994 0.48708 0.43770 0.49077 0.41852 0.48988 0.41202 0.49338 0.38587 0.55482 0.38567 0.56241 0.38111 0.57359 0.37228 0.58457 0.36082 0.61443 0.33628 0.65506 0.32939 0.67373 0.31823 0.69220 0.30222 0.73323 0.26399 0.80741 0.25030 0.84095 0.23914 0.85942 0.23672 0.87070 0.22333 0.89287 0.21867 0.90784 0.18267 0.97833 0.17978 0.98541 0.49345 1.00000 0.98682 1.00000
6 0.63282 0.49795 0.63272 0.50174 0.65212 0.53493 0.66471 0.54311 0.67222 0.54156 0.67760 0.53991 0.68531 0.53077 0.68551 0.52319 0.69211 0.51590 0.69129 0.50637 0.67667 0.49429 0.65748 0.49340 0.65525 0.49709 0.64895 0.49300 0.64023 0.50019 0.63819 0.49630 0.63282 0.49795
6 1.00000 0.49794 0.96049 0.49610 0.95826 0.49980 0.94344 0.49531 0.94121 0.49900 0.92842 0.49841 0.92618 0.50210 0.75341 0.49786 0.75118 0.50155 0.72133 0.50017 0.71697 0.50376 0.71352 0.51310 0.71749 0.52468 0.71729 0.53226 0.73080 0.54618 0.74785 0.54698 0.75009 0.54328 0.84602 0.54774 0.84825 0.54405 0.85241 0.54804 0.85677 0.54445 0.92926 0.54782 0.93758 0.55580 0.94083 0.55405 0.99886 0.55530 1.00000 0.51162 1.00000 0.49794
6 0.00000 0.53498 0.03737 0.53671 0.03960 0.53302 0.04802 0.53721 0.05026 0.53352 0.11431 0.53270 0.11654 0.52900 0.17197 0.53158 0.17420 0.52789 0.18486 0.52838 0.18821 0.52284 0.18850 0.51146 0.19306 0.50028 0.19326 0.49270 0.13895 0.48827 0.13672 0.49196 0.13469 0.48807 0.13246 0.49177 0.09409 0.48998 0.09185 0.49368 0.00000 0.49153 0.00000 0.53498
7 0.37620 0.51639 0.37843 0.51270 0.37457 0.49733 0.38116 0.49004 0.38191 0.37994 0.36597 0.37730 0.36317 0.44363 0.36520 0.44752 0.36401 0.49304 0.36604 0.49693 0.36564 0.51211 0.36869 0.51795 0.37620 0.51639
7 0.38444 0.36486 0.38305 0.41797 0.38508 0.42186 0.38439 0.44841 0.39058 0.45630 0.38612 0.46369 0.38552 0.48645 0.40471 0.48734 0.41130 0.48005 0.41170 0.46487 0.41069 0.46293 0.40835 0.47042 0.40134 0.45300 0.40367 0.44552 0.40417 0.42655 0.40214 0.42266 0.40353 0.36955 0.40058 0.35992 0.38779 0.35932 0.38444 0.36486
4 0.69155 0.41523 0.68374 0.42816 0.67907 0.44313 0.67838 0.46969 0.68621 0.49664 0.69454 0.50462 0.69414 0.51979 0.68876 0.52144 0.68541 0.52698 0.68521 0.53457 0.67547 0.53981 0.67203 0.54914 0.67396 0.55683 0.69133 0.58613 0.72443 0.58576 0.72889 0.57837 0.72958 0.55182 0.72247 0.53820 0.71719 0.53605 0.70936 0.50911 0.71920 0.50007 0.73147 0.47975 0.73450 0.44571 0.73063 0.43034 0.71733 0.40883 0.70027 0.40804 0.69155 0.41523
