6 0.00000 0.00000 0.00000 0.99777 0.32594 1.00000 1.00000 1.00000 1.00000 0.92602 0.09202 0.00000 0.00000 0.00000
1 0.33200 0.00000 0.32445 0.05734 0.32365 0.07002 0.32611 0.09635 0.33413 0.12049 0.34894 0.13694 0.35220 0.15535 0.35378 0.16379 0.34216 0.17753 0.31809 0.18850 0.31439 0.21483 0.34956 0.24664 0.40880 0.23458 0.41127 0.20934 0.39540 0.21132 0.39083 0.17706 0.37511 0.18427 0.37172 0.15910 0.38165 0.13255 0.39525 0.12155 0.39920 0.10399 0.40595 0.07103 0.40145 0.02881 0.39680 0.00000 0.33200 0.00000
6 0.00000 0.00000 0.00000 0.99777 0.32594 1.00000 1.00000 1.00000 1.00000 0.92602 0.09202 0.00000 0.00000 0.00000
1 0.33200 0.00000 0.32445 0.05734 0.32365 0.07002 0.32611 0.09635 0.33413 0.12049 0.34894 0.13694 0.35220 0.15535 0.35378 0.16379 0.34216 0.17753 0.31809 0.18850 0.31439 0.21483 0.34956 0.24664 0.40880 0.23458 0.41127 0.20934 0.39540 0.21132 0.39083 0.17706 0.37511 0.18427 0.37172 0.15910 0.38165 0.13255 0.39525 0.12155 0.39920 0.10399 0.40595 0.07103 0.40145 0.02881 0.39680 0.00000 0.33200 0.00000
6 0.00000 0.00000 0.00000 0.99777 0.32594 1.00000 1.00000 1.00000 1.00000 0.92602 0.09202 0.00000 0.00000 0.00000
1 0.33200 0.00000 0.32445 0.05734 0.32365 0.07002 0.32611 0.09635 0.33413 0.12049 0.34894 0.13694 0.35220 0.15535 0.35378 0.16379 0.34216 0.17753 0.31809 0.18850 0.31439 0.21483 0.34956 0.24664 0.40880 0.23458 0.41127 0.20934 0.39540 0.21132 0.39083 0.17706 0.37511 0.18427 0.37172 0.15910 0.38165 0.13255 0.39525 0.12155 0.39920 0.10399 0.40595 0.07103 0.40145 0.02881 0.39680 0.00000 0.33200 0.00000
6 0.00000 0.00000 0.00000 0.99777 0.32594 1.00000 1.00000 1.00000 1.00000 0.92602 0.09202 0.00000 0.00000 0.00000
1 0.33200 0.00000 0.32445 0.05734 0.32365 0.07002 0.32611 0.09635 0.33413 0.12049 0.34894 0.13694 0.35220 0.15535 0.35378 0.16379 0.34216 0.17753 0.31809 0.18850 0.31439 0.21483 0.34956 0.24664 0.40880 0.23458 0.41127 0.20934 0.39540 0.21132 0.39083 0.17706 0.37511 0.18427 0.37172 0.15910 0.38165 0.13255 0.39525 0.12155 0.39920 0.10399 0.40595 0.07103 0.40145 0.02881 0.39680 0.00000 0.33200 0.00000
6 0.00000 0.00000 0.00000 0.99777 0.32594 1.00000 1.00000 1.00000 1.00000 0.92602 0.09202 0.00000 0.00000 0.00000
1 0.33200 0.00000 0.32445 0.05734 0.32365 0.07002 0.32611 0.09635 0.33413 0.12049 0.34894 0.13694 0.35220 0.15535 0.35378 0.16379 0.34216 0.17753 0.31809 0.18850 0.31439 0.21483 0.34956 0.24664 0.40880 0.23458 0.41127 0.20934 0.39540 0.21132 0.39083 0.17706 0.37511 0.18427 0.37172 0.15910 0.38165 0.13255 0.39525 0.12155 0.39920 0.10399 0.40595 0.07103 0.40145 0.02881 0.39680 0.00000 0.33200 0.00000
