6 0.42514 1.00000 0.39291 0.96175 0.38448 0.95800 0.36341 0.93175 0.32128 0.89050 0.29810 0.86050 0.29178 0.85675 0.28546 0.84550 0.28125 0.84550 0.24754 0.80050 0.24122 0.80050 0.21383 0.78550 0.19909 0.78550 0.19698 0.78175 0.18434 0.78175 0.18223 0.77800 0.16327 0.77800 0.16117 0.77425 0.15695 0.77800 0.15484 0.77425 0.09586 0.77425 0.09375 0.77050 0.09164 0.77425 0.00000 0.77597 0.00000 1.00000 0.42514 1.00000
2 0.43715 0.87925 0.42767 0.87738 0.42345 0.85862 0.42556 0.83613 0.44031 0.77612 0.44031 0.76487 0.44452 0.74613 0.44347 0.71050 0.40976 0.71425 0.40765 0.71800 0.38870 0.71800 0.38659 0.72175 0.37395 0.72175 0.36868 0.72737 0.36868 0.73862 0.38553 0.77612 0.39185 0.80237 0.40660 0.83613 0.40871 0.87362 0.41082 0.87738 0.40765 0.89050 0.39817 0.89612 0.39817 0.91863 0.39291 0.92425 0.38448 0.92425 0.38027 0.92800 0.37711 0.93737 0.38237 0.94675 0.38870 0.94675 0.39712 0.95425 0.41292 0.95237 0.42872 0.94300 0.43715 0.94300 0.44557 0.93550 0.45400 0.93550 0.45611 0.93175 0.46243 0.93175 0.46454 0.93550 0.46770 0.92988 0.46664 0.91300 0.45400 0.90550 0.44557 0.90550 0.43715 0.87925
6 0.42514 1.00000 0.39291 0.96175 0.38448 0.95800 0.36341 0.93175 0.32128 0.89050 0.29810 0.86050 0.29178 0.85675 0.28546 0.84550 0.28125 0.84550 0.24754 0.80050 0.24122 0.80050 0.21383 0.78550 0.19909 0.78550 0.19698 0.78175 0.18434 0.78175 0.18223 0.77800 0.16327 0.77800 0.16117 0.77425 0.15695 0.77800 0.15484 0.77425 0.09586 0.77425 0.09375 0.77050 0.09164 0.77425 0.00000 0.77597 0.00000 1.00000 0.42514 1.00000
2 0.43715 0.87925 0.42767 0.87738 0.42345 0.85862 0.42556 0.83613 0.44031 0.77612 0.44031 0.76487 0.44452 0.74613 0.44347 0.71050 0.40976 0.71425 0.40765 0.71800 0.38870 0.71800 0.38659 0.72175 0.37395 0.72175 0.36868 0.72737 0.36868 0.73862 0.38553 0.77612 0.39185 0.80237 0.40660 0.83613 0.40871 0.87362 0.41082 0.87738 0.40765 0.89050 0.39817 0.89612 0.39817 0.91863 0.39291 0.92425 0.38448 0.92425 0.38027 0.92800 0.37711 0.93737 0.38237 0.94675 0.38870 0.94675 0.39712 0.95425 0.41292 0.95237 0.42872 0.94300 0.43715 0.94300 0.44557 0.93550 0.45400 0.93550 0.45611 0.93175 0.46243 0.93175 0.46454 0.93550 0.46770 0.92988 0.46664 0.91300 0.45400 0.90550 0.44557 0.90550 0.43715 0.87925
6 0.42514 1.00000 0.39291 0.96175 0.38448 0.95800 0.36341 0.93175 0.32128 0.89050 0.29810 0.86050 0.29178 0.85675 0.28546 0.84550 0.28125 0.84550 0.24754 0.80050 0.24122 0.80050 0.21383 0.78550 0.19909 0.78550 0.19698 0.78175 0.18434 0.78175 0.18223 0.77800 0.16327 0.77800 0.16117 0.77425 0.15695 0.77800 0.15484 0.77425 0.09586 0.77425 0.09375 0.77050 0.09164 0.77425 0.00000 0.77597 0.00000 1.00000 0.42514 1.00000
2 0.43715 0.87925 0.42767 0.87738 0.42345 0.85862 0.42556 0.83613 0.44031 0.77612 0.44031 0.76487 0.44452 0.74613 0.44347 0.71050 0.40976 0.71425 0.40765 0.71800 0.38870 0.71800 0.38659 0.72175 0.37395 0.72175 0.36868 0.72737 0.36868 0.73862 0.38553 0.77612 0.39185 0.80237 0.40660 0.83613 0.40871 0.87362 0.41082 0.87738 0.40765 0.89050 0.39817 0.89612 0.39817 0.91863 0.39291 0.92425 0.38448 0.92425 0.38027 0.92800 0.37711 0.93737 0.38237 0.94675 0.38870 0.94675 0.39712 0.95425 0.41292 0.95237 0.42872 0.94300 0.43715 0.94300 0.44557 0.93550 0.45400 0.93550 0.45611 0.93175 0.46243 0.93175 0.46454 0.93550 0.46770 0.92988 0.46664 0.91300 0.45400 0.90550 0.44557 0.90550 0.43715 0.87925
6 0.42514 1.00000 0.39291 0.96175 0.38448 0.95800 0.36341 0.93175 0.32128 0.89050 0.29810 0.86050 0.29178 0.85675 0.28546 0.84550 0.28125 0.84550 0.24754 0.80050 0.24122 0.80050 0.21383 0.78550 0.19909 0.78550 0.19698 0.78175 0.18434 0.78175 0.18223 0.77800 0.16327 0.77800 0.16117 0.77425 0.15695 0.77800 0.15484 0.77425 0.09586 0.77425 0.09375 0.77050 0.09164 0.77425 0.00000 0.77597 0.00000 1.00000 0.42514 1.00000
2 0.43715 0.87925 0.42767 0.87738 0.42345 0.85862 0.42556 0.83613 0.44031 0.77612 0.44031 0.76487 0.44452 0.74613 0.44347 0.71050 0.40976 0.71425 0.40765 0.71800 0.38870 0.71800 0.38659 0.72175 0.37395 0.72175 0.36868 0.72737 0.36868 0.73862 0.38553 0.77612 0.39185 0.80237 0.40660 0.83613 0.40871 0.87362 0.41082 0.87738 0.40765 0.89050 0.39817 0.89612 0.39817 0.91863 0.39291 0.92425 0.38448 0.92425 0.38027 0.92800 0.37711 0.93737 0.38237 0.94675 0.38870 0.94675 0.39712 0.95425 0.41292 0.95237 0.42872 0.94300 0.43715 0.94300 0.44557 0.93550 0.45400 0.93550 0.45611 0.93175 0.46243 0.93175 0.46454 0.93550 0.46770 0.92988 0.46664 0.91300 0.45400 0.90550 0.44557 0.90550 0.43715 0.87925
6 0.42514 1.00000 0.39291 0.96175 0.38448 0.95800 0.36341 0.93175 0.32128 0.89050 0.29810 0.86050 0.29178 0.85675 0.28546 0.84550 0.28125 0.84550 0.24754 0.80050 0.24122 0.80050 0.21383 0.78550 0.19909 0.78550 0.19698 0.78175 0.18434 0.78175 0.18223 0.77800 0.16327 0.77800 0.16117 0.77425 0.15695 0.77800 0.15484 0.77425 0.09586 0.77425 0.09375 0.77050 0.09164 0.77425 0.00000 0.77597 0.00000 1.00000 0.42514 1.00000
2 0.43715 0.87925 0.42767 0.87738 0.42345 0.85862 0.42556 0.83613 0.44031 0.77612 0.44031 0.76487 0.44452 0.74613 0.44347 0.71050 0.40976 0.71425 0.40765 0.71800 0.38870 0.71800 0.38659 0.72175 0.37395 0.72175 0.36868 0.72737 0.36868 0.73862 0.38553 0.77612 0.39185 0.80237 0.40660 0.83613 0.40871 0.87362 0.41082 0.87738 0.40765 0.89050 0.39817 0.89612 0.39817 0.91863 0.39291 0.92425 0.38448 0.92425 0.38027 0.92800 0.37711 0.93737 0.38237 0.94675 0.38870 0.94675 0.39712 0.95425 0.41292 0.95237 0.42872 0.94300 0.43715 0.94300 0.44557 0.93550 0.45400 0.93550 0.45611 0.93175 0.46243 0.93175 0.46454 0.93550 0.46770 0.92988 0.46664 0.91300 0.45400 0.90550 0.44557 0.90550 0.43715 0.87925
6 0.42514 1.00000 0.39291 0.96175 0.38448 0.95800 0.36341 0.93175 0.32128 0.89050 0.29810 0.86050 0.29178 0.85675 0.28546 0.84550 0.28125 0.84550 0.24754 0.80050 0.24122 0.80050 0.21383 0.78550 0.19909 0.78550 0.19698 0.78175 0.18434 0.78175 0.18223 0.77800 0.16327 0.77800 0.16117 0.77425 0.15695 0.77800 0.15484 0.77425 0.09586 0.77425 0.09375 0.77050 0.09164 0.77425 0.00000 0.77597 0.00000 1.00000 0.42514 1.00000
2 0.43715 0.87925 0.42767 0.87738 0.42345 0.85862 0.42556 0.83613 0.44031 0.77612 0.44031 0.76487 0.44452 0.74613 0.44347 0.71050 0.40976 0.71425 0.40765 0.71800 0.38870 0.71800 0.38659 0.72175 0.37395 0.72175 0.36868 0.72737 0.36868 0.73862 0.38553 0.77612 0.39185 0.80237 0.40660 0.83613 0.40871 0.87362 0.41082 0.87738 0.40765 0.89050 0.39817 0.89612 0.39817 0.91863 0.39291 0.92425 0.38448 0.92425 0.38027 0.92800 0.37711 0.93737 0.38237 0.94675 0.38870 0.94675 0.39712 0.95425 0.41292 0.95237 0.42872 0.94300 0.43715 0.94300 0.44557 0.93550 0.45400 0.93550 0.45611 0.93175 0.46243 0.93175 0.46454 0.93550 0.46770 0.92988 0.46664 0.91300 0.45400 0.90550 0.44557 0.90550 0.43715 0.87925
