6 0.00000 0.97705 0.22633 0.98757 0.20890 0.96938 0.19808 0.96498 0.18965 0.95291 0.18528 0.95271 0.17040 0.93645 0.16603 0.93625 0.14907 0.91599 0.14470 0.91579 0.13190 0.90352 0.12566 0.89155 0.10433 0.87110 0.09351 0.86670 0.08290 0.85453 0.06136 0.84185 0.05075 0.82968 0.03348 0.82109 0.02287 0.80892 0.00778 0.80043 0.00000 0.78929 0.00000 0.97705
5 0.23291 0.86252 0.23351 0.83944 0.21855 0.83597 0.22006 0.79816 0.23223 0.78948 0.25392 0.73413 0.25591 0.65845 0.22878 0.62392 0.20217 0.62915 0.17605 0.67506 0.17256 0.74882 0.19812 0.80361 0.19679 0.85436 0.18059 0.85823 0.17290 0.87451 0.14749 0.87332 0.14314 0.90084 0.19313 0.93459 0.26345 0.90552 0.26504 0.88434 0.23291 0.86252
6 0.00000 0.97705 0.22633 0.98757 0.20890 0.96938 0.19808 0.96498 0.18965 0.95291 0.18528 0.95271 0.17040 0.93645 0.16603 0.93625 0.14907 0.91599 0.14470 0.91579 0.13190 0.90352 0.12566 0.89155 0.10433 0.87110 0.09351 0.86670 0.08290 0.85453 0.06136 0.84185 0.05075 0.82968 0.03348 0.82109 0.02287 0.80892 0.00778 0.80043 0.00000 0.78929 0.00000 0.97705
5 0.23291 0.86252 0.23351 0.83944 0.21855 0.83597 0.22006 0.79816 0.23223 0.78948 0.25392 0.73413 0.25591 0.65845 0.22878 0.62392 0.20217 0.62915 0.17605 0.67506 0.17256 0.74882 0.19812 0.80361 0.19679 0.85436 0.18059 0.85823 0.17290 0.87451 0.14749 0.87332 0.14314 0.90084 0.19313 0.93459 0.26345 0.90552 0.26504 0.88434 0.23291 0.86252
6 0.00000 0.97705 0.22633 0.98757 0.20890 0.96938 0.19808 0.96498 0.18965 0.95291 0.18528 0.95271 0.17040 0.93645 0.16603 0.93625 0.14907 0.91599 0.14470 0.91579 0.13190 0.90352 0.12566 0.89155 0.10433 0.87110 0.09351 0.86670 0.08290 0.85453 0.06136 0.84185 0.05075 0.82968 0.03348 0.82109 0.02287 0.80892 0.00778 0.80043 0.00000 0.78929 0.00000 0.97705
5 0.23291 0.86252 0.23351 0.83944 0.21855 0.83597 0.22006 0.79816 0.23223 0.78948 0.25392 0.73413 0.25591 0.65845 0.22878 0.62392 0.20217 0.62915 0.17605 0.67506 0.17256 0.74882 0.19812 0.80361 0.19679 0.85436 0.18059 0.85823 0.17290 0.87451 0.14749 0.87332 0.14314 0.90084 0.19313 0.93459 0.26345 0.90552 0.26504 0.88434 0.23291 0.86252
6 0.00000 0.97705 0.22633 0.98757 0.20890 0.96938 0.19808 0.96498 0.18965 0.95291 0.18528 0.95271 0.17040 0.93645 0.16603 0.93625 0.14907 0.91599 0.14470 0.91579 0.13190 0.90352 0.12566 0.89155 0.10433 0.87110 0.09351 0.86670 0.08290 0.85453 0.06136 0.84185 0.05075 0.82968 0.03348 0.82109 0.02287 0.80892 0.00778 0.80043 0.00000 0.78929 0.00000 0.97705
5 0.23291 0.86252 0.23351 0.83944 0.21855 0.83597 0.22006 0.79816 0.23223 0.78948 0.25392 0.73413 0.25591 0.65845 0.22878 0.62392 0.20217 0.62915 0.17605 0.67506 0.17256 0.74882 0.19812 0.80361 0.19679 0.85436 0.18059 0.85823 0.17290 0.87451 0.14749 0.87332 0.14314 0.90084 0.19313 0.93459 0.26345 0.90552 0.26504 0.88434 0.23291 0.86252
6 0.00000 0.97705 0.22633 0.98757 0.20890 0.96938 0.19808 0.96498 0.18965 0.95291 0.18528 0.95271 0.17040 0.93645 0.16603 0.93625 0.14907 0.91599 0.14470 0.91579 0.13190 0.90352 0.12566 0.89155 0.10433 0.87110 0.09351 0.86670 0.08290 0.85453 0.06136 0.84185 0.05075 0.82968 0.03348 0.82109 0.02287 0.80892 0.00778 0.80043 0.00000 0.78929 0.00000 0.97705
5 0.23291 0.86252 0.23351 0.83944 0.21855 0.83597 0.22006 0.79816 0.23223 0.78948 0.25392 0.73413 0.25591 0.65845 0.22878 0.62392 0.20217 0.62915 0.17605 0.67506 0.17256 0.74882 0.19812 0.80361 0.19679 0.85436 0.18059 0.85823 0.17290 0.87451 0.14749 0.87332 0.14314 0.90084 0.19313 0.93459 0.26345 0.90552 0.26504 0.88434 0.23291 0.86252
6 0.00000 0.97705 0.22633 0.98757 0.20890 0.96938 0.19808 0.96498 0.18965 0.95291 0.18528 0.95271 0.17040 0.93645 0.16603 0.93625 0.14907 0.91599 0.14470 0.91579 0.13190 0.90352 0.12566 0.89155 0.10433 0.87110 0.09351 0.86670 0.08290 0.85453 0.06136 0.84185 0.05075 0.82968 0.03348 0.82109 0.02287 0.80892 0.00778 0.80043 0.00000 0.78929 0.00000 0.97705
5 0.23291 0.86252 0.23351 0.83944 0.21855 0.83597 0.22006 0.79816 0.23223 0.78948 0.25392 0.73413 0.25591 0.65845 0.22878 0.62392 0.20217 0.62915 0.17605 0.67506 0.17256 0.74882 0.19812 0.80361 0.19679 0.85436 0.18059 0.85823 0.17290 0.87451 0.14749 0.87332 0.14314 0.90084 0.19313 0.93459 0.26345 0.90552 0.26504 0.88434 0.23291 0.86252
