6 1.00000 0.79307 0.98860 0.77896 0.98190 0.77607 0.96760 0.75887 0.96487 0.75157 0.95360 0.74547 0.95087 0.73817 0.94660 0.73877 0.93443 0.72127 0.92773 0.71837 0.90157 0.68748 0.89730 0.68807 0.88513 0.67058 0.87143 0.66098 0.86627 0.65018 0.85957 0.64728 0.85227 0.63678 0.84313 0.63038 0.82396 0.60619 0.80783 0.59309 0.78653 0.56919 0.77983 0.56629 0.77253 0.55579 0.75183 0.53949 0.73267 0.51530 0.71896 0.50570 0.69737 0.47800 0.69310 0.47860 0.68580 0.46810 0.67910 0.46520 0.67028 0.44915 0.67062 0.42607 0.66454 0.41732 0.66270 0.42142 0.65813 0.41821 0.65417 0.42261 0.65174 0.41911 0.62827 0.42240 0.62643 0.42650 0.61973 0.42359 0.61180 0.43238 0.48165 0.45061 0.47982 0.45470 0.43745 0.46447 0.43286 0.47471 0.43192 0.49020 0.41785 0.53057 0.41692 0.54606 0.40745 0.56275 0.40438 0.57854 0.39031 0.61890 0.38726 0.62125 0.37197 0.65987 0.34809 0.74001 0.32302 0.80495 0.30955 0.85292 0.30374 0.86141 0.29914 0.88509 0.28814 0.90967 0.25817 1.00000 0.50353 1.00000 1.00000 0.92926 1.00000 0.79307
6 0.69433 0.46691 0.69952 0.46426 0.71172 0.45487 0.71112 0.44728 0.71876 0.43469 0.71664 0.42154 0.70354 0.41954 0.70111 0.41604 0.65325 0.42466 0.66450 0.44420 0.67820 0.45380 0.68550 0.46430 0.69190 0.46341 0.69433 0.46691
6 0.90350 0.38387 0.85229 0.39104 0.85045 0.39513 0.80992 0.40080 0.80809 0.40490 0.80352 0.40170 0.79955 0.40610 0.79712 0.40260 0.76725 0.40678 0.76541 0.41087 0.74408 0.41386 0.73919 0.42031 0.74009 0.43170 0.74526 0.44250 0.74586 0.45009 0.75377 0.45474 0.88057 0.43507 0.91989 0.42765 0.92172 0.42355 0.92629 0.42675 0.93909 0.42496 0.94093 0.42086 0.94946 0.41967 0.95189 0.42317 0.99606 0.41517 0.99207 0.36461 0.95410 0.36910 0.95227 0.37320 0.93947 0.37499 0.93763 0.37909 0.90533 0.37977 0.90350 0.38387
6 0.20848 0.54261 0.21915 0.54111 0.22407 0.50779 0.22042 0.50254 0.21432 0.50723 0.19268 0.50642 0.19085 0.51052 0.13111 0.51888 0.12928 0.52298 0.00070 0.54380 0.00435 0.58998 0.07100 0.57721 0.07283 0.57312 0.15788 0.55737 0.15971 0.55327 0.20665 0.54670 0.20848 0.54261
4 0.74327 0.33526 0.73505 0.32681 0.71555 0.32570 0.70762 0.33449 0.69783 0.36082 0.70052 0.39500 0.70539 0.40200 0.70599 0.40960 0.72243 0.42650 0.71080 0.45692 0.70257 0.46191 0.70225 0.47155 0.70499 0.47885 0.71563 0.49080 0.75739 0.48688 0.75986 0.46349 0.74951 0.45534 0.74343 0.44659 0.74282 0.43900 0.73369 0.43260 0.73309 0.42500 0.73584 0.41886 0.74011 0.41826 0.75050 0.39953 0.75356 0.38374 0.75117 0.35336 0.74327 0.33526
7 0.38779 0.45030 0.39022 0.45380 0.39202 0.47659 0.39476 0.48389 0.39689 0.48359 0.39934 0.47365 0.40361 0.47305 0.40819 0.46281 0.40310 0.39825 0.40066 0.39475 0.39797 0.36057 0.39432 0.35532 0.38152 0.35711 0.37877 0.36325 0.37966 0.37465 0.38210 0.37815 0.38779 0.45030
7 0.41003 0.45871 0.41367 0.46396 0.43166 0.45952 0.43930 0.44693 0.43750 0.42415 0.42988 0.42329 0.42805 0.42739 0.42440 0.42214 0.41567 0.33889 0.41202 0.33364 0.40135 0.33513 0.39647 0.34158 0.40126 0.40234 0.40370 0.40584 0.41003 0.45871
6 1.00000 0.79307 0.98860 0.77896 0.98190 0.77607 0.96760 0.75887 0.96487 0.75157 0.95360 0.74547 0.95087 0.73817 0.94660 0.73877 0.93443 0.72127 0.92773 0.71837 0.90157 0.68748 0.89730 0.68807 0.88513 0.67058 0.87143 0.66098 0.86627 0.65018 0.85957 0.64728 0.85227 0.63678 0.84313 0.63038 0.82396 0.60619 0.80783 0.59309 0.78653 0.56919 0.77983 0.56629 0.77253 0.55579 0.75183 0.53949 0.73267 0.51530 0.71896 0.50570 0.69737 0.47800 0.69310 0.47860 0.68580 0.46810 0.67910 0.46520 0.67028 0.44915 0.67062 0.42607 0.66454 0.41732 0.66270 0.42142 0.65813 0.41821 0.65417 0.42261 0.65174 0.41911 0.62827 0.42240 0.62643 0.42650 0.61973 0.42359 0.61180 0.43238 0.48165 0.45061 0.47982 0.45470 0.43745 0.46447 0.43286 0.47471 0.43192 0.49020 0.41785 0.53057 0.41692 0.54606 0.40745 0.56275 0.40438 0.57854 0.39031 0.61890 0.38726 0.62125 0.37197 0.65987 0.34809 0.74001 0.32302 0.80495 0.30955 0.85292 0.30374 0.86141 0.29914 0.88509 0.28814 0.90967 0.25817 1.00000 0.50353 1.00000 1.00000 0.92926 1.00000 0.79307
6 0.69433 0.46691 0.69952 0.46426 0.71172 0.45487 0.71112 0.44728 0.71876 0.43469 0.71664 0.42154 0.70354 0.41954 0.70111 0.41604 0.65325 0.42466 0.66450 0.44420 0.67820 0.45380 0.68550 0.46430 0.69190 0.46341 0.69433 0.46691
6 0.90350 0.38387 0.85229 0.39104 0.85045 0.39513 0.80992 0.40080 0.80809 0.40490 0.80352 0.40170 0.79955 0.40610 0.79712 0.40260 0.76725 0.40678 0.76541 0.41087 0.74408 0.41386 0.73919 0.42031 0.74009 0.43170 0.74526 0.44250 0.74586 0.45009 0.75377 0.45474 0.88057 0.43507 0.91989 0.42765 0.92172 0.42355 0.92629 0.42675 0.93909 0.42496 0.94093 0.42086 0.94946 0.41967 0.95189 0.42317 0.99606 0.41517 0.99207 0.36461 0.95410 0.36910 0.95227 0.37320 0.93947 0.37499 0.93763 0.37909 0.90533 0.37977 0.90350 0.38387
6 0.20848 0.54261 0.21915 0.54111 0.22407 0.50779 0.22042 0.50254 0.21432 0.50723 0.19268 0.50642 0.19085 0.51052 0.13111 0.51888 0.12928 0.52298 0.00070 0.54380 0.00435 0.58998 0.07100 0.57721 0.07283 0.57312 0.15788 0.55737 0.15971 0.55327 0.20665 0.54670 0.20848 0.54261
4 0.74327 0.33526 0.73505 0.32681 0.71555 0.32570 0.70762 0.33449 0.69783 0.36082 0.70052 0.39500 0.70539 0.40200 0.70599 0.40960 0.72243 0.42650 0.71080 0.45692 0.70257 0.46191 0.70225 0.47155 0.70499 0.47885 0.71563 0.49080 0.75739 0.48688 0.75986 0.46349 0.74951 0.45534 0.74343 0.44659 0.74282 0.43900 0.73369 0.43260 0.73309 0.42500 0.73584 0.41886 0.74011 0.41826 0.75050 0.39953 0.75356 0.38374 0.75117 0.35336 0.74327 0.33526
7 0.38779 0.45030 0.39022 0.45380 0.39202 0.47659 0.39476 0.48389 0.39689 0.48359 0.39934 0.47365 0.40361 0.47305 0.40819 0.46281 0.40310 0.39825 0.40066 0.39475 0.39797 0.36057 0.39432 0.35532 0.38152 0.35711 0.37877 0.36325 0.37966 0.37465 0.38210 0.37815 0.38779 0.45030
7 0.41003 0.45871 0.41367 0.46396 0.43166 0.45952 0.43930 0.44693 0.43750 0.42415 0.42988 0.42329 0.42805 0.42739 0.42440 0.42214 0.41567 0.33889 0.41202 0.33364 0.40135 0.33513 0.39647 0.34158 0.40126 0.40234 0.40370 0.40584 0.41003 0.45871
6 1.00000 0.79307 0.98860 0.77896 0.98190 0.77607 0.96760 0.75887 0.96487 0.75157 0.95360 0.74547 0.95087 0.73817 0.94660 0.73877 0.93443 0.72127 0.92773 0.71837 0.90157 0.68748 0.89730 0.68807 0.88513 0.67058 0.87143 0.66098 0.86627 0.65018 0.85957 0.64728 0.85227 0.63678 0.84313 0.63038 0.82396 0.60619 0.80783 0.59309 0.78653 0.56919 0.77983 0.56629 0.77253 0.55579 0.75183 0.53949 0.73267 0.51530 0.71896 0.50570 0.69737 0.47800 0.69310 0.47860 0.68580 0.46810 0.67910 0.46520 0.67028 0.44915 0.67062 0.42607 0.66454 0.41732 0.66270 0.42142 0.65813 0.41821 0.65417 0.42261 0.65174 0.41911 0.62827 0.42240 0.62643 0.42650 0.61973 0.42359 0.61180 0.43238 0.48165 0.45061 0.47982 0.45470 0.43745 0.46447 0.43286 0.47471 0.43192 0.49020 0.41785 0.53057 0.41692 0.54606 0.40745 0.56275 0.40438 0.57854 0.39031 0.61890 0.38726 0.62125 0.37197 0.65987 0.34809 0.74001 0.32302 0.80495 0.30955 0.85292 0.30374 0.86141 0.29914 0.88509 0.28814 0.90967 0.25817 1.00000 0.50353 1.00000 1.00000 0.92926 1.00000 0.79307
6 0.69433 0.46691 0.69952 0.46426 0.71172 0.45487 0.71112 0.44728 0.71876 0.43469 0.71664 0.42154 0.70354 0.41954 0.70111 0.41604 0.65325 0.42466 0.66450 0.44420 0.67820 0.45380 0.68550 0.46430 0.69190 0.46341 0.69433 0.46691
6 0.90350 0.38387 0.85229 0.39104 0.85045 0.39513 0.80992 0.40080 0.80809 0.40490 0.80352 0.40170 0.79955 0.40610 0.79712 0.40260 0.76725 0.40678 0.76541 0.41087 0.74408 0.41386 0.73919 0.42031 0.74009 0.43170 0.74526 0.44250 0.74586 0.45009 0.75377 0.45474 0.88057 0.43507 0.91989 0.42765 0.92172 0.42355 0.92629 0.42675 0.93909 0.42496 0.94093 0.42086 0.94946 0.41967 0.95189 0.42317 0.99606 0.41517 0.99207 0.36461 0.95410 0.36910 0.95227 0.37320 0.93947 0.37499 0.93763 0.37909 0.90533 0.37977 0.90350 0.38387
6 0.20848 0.54261 0.21915 0.54111 0.22407 0.50779 0.22042 0.50254 0.21432 0.50723 0.19268 0.50642 0.19085 0.51052 0.13111 0.51888 0.12928 0.52298 0.00070 0.54380 0.00435 0.58998 0.07100 0.57721 0.07283 0.57312 0.15788 0.55737 0.15971 0.55327 0.20665 0.54670 0.20848 0.54261
4 0.74327 0.33526 0.73505 0.32681 0.71555 0.32570 0.70762 0.33449 0.69783 0.36082 0.70052 0.39500 0.70539 0.40200 0.70599 0.40960 0.72243 0.42650 0.71080 0.45692 0.70257 0.46191 0.70225 0.47155 0.70499 0.47885 0.71563 0.49080 0.75739 0.48688 0.75986 0.46349 0.74951 0.45534 0.74343 0.44659 0.74282 0.43900 0.73369 0.43260 0.73309 0.42500 0.73584 0.41886 0.74011 0.41826 0.75050 0.39953 0.75356 0.38374 0.75117 0.35336 0.74327 0.33526
7 0.38779 0.45030 0.39022 0.45380 0.39202 0.47659 0.39476 0.48389 0.39689 0.48359 0.39934 0.47365 0.40361 0.47305 0.40819 0.46281 0.40310 0.39825 0.40066 0.39475 0.39797 0.36057 0.39432 0.35532 0.38152 0.35711 0.37877 0.36325 0.37966 0.37465 0.38210 0.37815 0.38779 0.45030
7 0.41003 0.45871 0.41367 0.46396 0.43166 0.45952 0.43930 0.44693 0.43750 0.42415 0.42988 0.42329 0.42805 0.42739 0.42440 0.42214 0.41567 0.33889 0.41202 0.33364 0.40135 0.33513 0.39647 0.34158 0.40126 0.40234 0.40370 0.40584 0.41003 0.45871
6 1.00000 0.79307 0.98860 0.77896 0.98190 0.77607 0.96760 0.75887 0.96487 0.75157 0.95360 0.74547 0.95087 0.73817 0.94660 0.73877 0.93443 0.72127 0.92773 0.71837 0.90157 0.68748 0.89730 0.68807 0.88513 0.67058 0.87143 0.66098 0.86627 0.65018 0.85957 0.64728 0.85227 0.63678 0.84313 0.63038 0.82396 0.60619 0.80783 0.59309 0.78653 0.56919 0.77983 0.56629 0.77253 0.55579 0.75183 0.53949 0.73267 0.51530 0.71896 0.50570 0.69737 0.47800 0.69310 0.47860 0.68580 0.46810 0.67910 0.46520 0.67028 0.44915 0.67062 0.42607 0.66454 0.41732 0.66270 0.42142 0.65813 0.41821 0.65417 0.42261 0.65174 0.41911 0.62827 0.42240 0.62643 0.42650 0.61973 0.42359 0.61180 0.43238 0.48165 0.45061 0.47982 0.45470 0.43745 0.46447 0.43286 0.47471 0.43192 0.49020 0.41785 0.53057 0.41692 0.54606 0.40745 0.56275 0.40438 0.57854 0.39031 0.61890 0.38726 0.62125 0.37197 0.65987 0.34809 0.74001 0.32302 0.80495 0.30955 0.85292 0.30374 0.86141 0.29914 0.88509 0.28814 0.90967 0.25817 1.00000 0.50353 1.00000 1.00000 0.92926 1.00000 0.79307
6 0.69433 0.46691 0.69952 0.46426 0.71172 0.45487 0.71112 0.44728 0.71876 0.43469 0.71664 0.42154 0.70354 0.41954 0.70111 0.41604 0.65325 0.42466 0.66450 0.44420 0.67820 0.45380 0.68550 0.46430 0.69190 0.46341 0.69433 0.46691
6 0.90350 0.38387 0.85229 0.39104 0.85045 0.39513 0.80992 0.40080 0.80809 0.40490 0.80352 0.40170 0.79955 0.40610 0.79712 0.40260 0.76725 0.40678 0.76541 0.41087 0.74408 0.41386 0.73919 0.42031 0.74009 0.43170 0.74526 0.44250 0.74586 0.45009 0.75377 0.45474 0.88057 0.43507 0.91989 0.42765 0.92172 0.42355 0.92629 0.42675 0.93909 0.42496 0.94093 0.42086 0.94946 0.41967 0.95189 0.42317 0.99606 0.41517 0.99207 0.36461 0.95410 0.36910 0.95227 0.37320 0.93947 0.37499 0.93763 0.37909 0.90533 0.37977 0.90350 0.38387
6 0.20848 0.54261 0.21915 0.54111 0.22407 0.50779 0.22042 0.50254 0.21432 0.50723 0.19268 0.50642 0.19085 0.51052 0.13111 0.51888 0.12928 0.52298 0.00070 0.54380 0.00435 0.58998 0.07100 0.57721 0.07283 0.57312 0.15788 0.55737 0.15971 0.55327 0.20665 0.54670 0.20848 0.54261
4 0.74327 0.33526 0.73505 0.32681 0.71555 0.32570 0.70762 0.33449 0.69783 0.36082 0.70052 0.39500 0.70539 0.40200 0.70599 0.40960 0.72243 0.42650 0.71080 0.45692 0.70257 0.46191 0.70225 0.47155 0.70499 0.47885 0.71563 0.49080 0.75739 0.48688 0.75986 0.46349 0.74951 0.45534 0.74343 0.44659 0.74282 0.43900 0.73369 0.43260 0.73309 0.42500 0.73584 0.41886 0.74011 0.41826 0.75050 0.39953 0.75356 0.38374 0.75117 0.35336 0.74327 0.33526
7 0.38779 0.45030 0.39022 0.45380 0.39202 0.47659 0.39476 0.48389 0.39689 0.48359 0.39934 0.47365 0.40361 0.47305 0.40819 0.46281 0.40310 0.39825 0.40066 0.39475 0.39797 0.36057 0.39432 0.35532 0.38152 0.35711 0.37877 0.36325 0.37966 0.37465 0.38210 0.37815 0.38779 0.45030
7 0.41003 0.45871 0.41367 0.46396 0.43166 0.45952 0.43930 0.44693 0.43750 0.42415 0.42988 0.42329 0.42805 0.42739 0.42440 0.42214 0.41567 0.33889 0.41202 0.33364 0.40135 0.33513 0.39647 0.34158 0.40126 0.40234 0.40370 0.40584 0.41003 0.45871
6 1.00000 0.79307 0.98860 0.77896 0.98190 0.77607 0.96760 0.75887 0.96487 0.75157 0.95360 0.74547 0.95087 0.73817 0.94660 0.73877 0.93443 0.72127 0.92773 0.71837 0.90157 0.68748 0.89730 0.68807 0.88513 0.67058 0.87143 0.66098 0.86627 0.65018 0.85957 0.64728 0.85227 0.63678 0.84313 0.63038 0.82396 0.60619 0.80783 0.59309 0.78653 0.56919 0.77983 0.56629 0.77253 0.55579 0.75183 0.53949 0.73267 0.51530 0.71896 0.50570 0.69737 0.47800 0.69310 0.47860 0.68580 0.46810 0.67910 0.46520 0.67028 0.44915 0.67062 0.42607 0.66454 0.41732 0.66270 0.42142 0.65813 0.41821 0.65417 0.42261 0.65174 0.41911 0.62827 0.42240 0.62643 0.42650 0.61973 0.42359 0.61180 0.43238 0.48165 0.45061 0.47982 0.45470 0.43745 0.46447 0.43286 0.47471 0.43192 0.49020 0.41785 0.53057 0.41692 0.54606 0.40745 0.56275 0.40438 0.57854 0.39031 0.61890 0.38726 0.62125 0.37197 0.65987 0.34809 0.74001 0.32302 0.80495 0.30955 0.85292 0.30374 0.86141 0.29914 0.88509 0.28814 0.90967 0.25817 1.00000 0.50353 1.00000 1.00000 0.92926 1.00000 0.79307
6 0.69433 0.46691 0.69952 0.46426 0.71172 0.45487 0.71112 0.44728 0.71876 0.43469 0.71664 0.42154 0.70354 0.41954 0.70111 0.41604 0.65325 0.42466 0.66450 0.44420 0.67820 0.45380 0.68550 0.46430 0.69190 0.46341 0.69433 0.46691
6 0.90350 0.38387 0.85229 0.39104 0.85045 0.39513 0.80992 0.40080 0.80809 0.40490 0.80352 0.40170 0.79955 0.40610 0.79712 0.40260 0.76725 0.40678 0.76541 0.41087 0.74408 0.41386 0.73919 0.42031 0.74009 0.43170 0.74526 0.44250 0.74586 0.45009 0.75377 0.45474 0.88057 0.43507 0.91989 0.42765 0.92172 0.42355 0.92629 0.42675 0.93909 0.42496 0.94093 0.42086 0.94946 0.41967 0.95189 0.42317 0.99606 0.41517 0.99207 0.36461 0.95410 0.36910 0.95227 0.37320 0.93947 0.37499 0.93763 0.37909 0.90533 0.37977 0.90350 0.38387
6 0.20848 0.54261 0.21915 0.54111 0.22407 0.50779 0.22042 0.50254 0.21432 0.50723 0.19268 0.50642 0.19085 0.51052 0.13111 0.51888 0.12928 0.52298 0.00070 0.54380 0.00435 0.58998 0.07100 0.57721 0.07283 0.57312 0.15788 0.55737 0.15971 0.55327 0.20665 0.54670 0.20848 0.54261
4 0.74327 0.33526 0.73505 0.32681 0.71555 0.32570 0.70762 0.33449 0.69783 0.36082 0.70052 0.39500 0.70539 0.40200 0.70599 0.40960 0.72243 0.42650 0.71080 0.45692 0.70257 0.46191 0.70225 0.47155 0.70499 0.47885 0.71563 0.49080 0.75739 0.48688 0.75986 0.46349 0.74951 0.45534 0.74343 0.44659 0.74282 0.43900 0.73369 0.43260 0.73309 0.42500 0.73584 0.41886 0.74011 0.41826 0.75050 0.39953 0.75356 0.38374 0.75117 0.35336 0.74327 0.33526
7 0.38779 0.45030 0.39022 0.45380 0.39202 0.47659 0.39476 0.48389 0.39689 0.48359 0.39934 0.47365 0.40361 0.47305 0.40819 0.46281 0.40310 0.39825 0.40066 0.39475 0.39797 0.36057 0.39432 0.35532 0.38152 0.35711 0.37877 0.36325 0.37966 0.37465 0.38210 0.37815 0.38779 0.45030
7 0.41003 0.45871 0.41367 0.46396 0.43166 0.45952 0.43930 0.44693 0.43750 0.42415 0.42988 0.42329 0.42805 0.42739 0.42440 0.42214 0.41567 0.33889 0.41202 0.33364 0.40135 0.33513 0.39647 0.34158 0.40126 0.40234 0.40370 0.40584 0.41003 0.45871
6 1.00000 0.79307 0.98860 0.77896 0.98190 0.77607 0.96760 0.75887 0.96487 0.75157 0.95360 0.74547 0.95087 0.73817 0.94660 0.73877 0.93443 0.72127 0.92773 0.71837 0.90157 0.68748 0.89730 0.68807 0.88513 0.67058 0.87143 0.66098 0.86627 0.65018 0.85957 0.64728 0.85227 0.63678 0.84313 0.63038 0.82396 0.60619 0.80783 0.59309 0.78653 0.56919 0.77983 0.56629 0.77253 0.55579 0.75183 0.53949 0.73267 0.51530 0.71896 0.50570 0.69737 0.47800 0.69310 0.47860 0.68580 0.46810 0.67910 0.46520 0.67028 0.44915 0.67062 0.42607 0.66454 0.41732 0.66270 0.42142 0.65813 0.41821 0.65417 0.42261 0.65174 0.41911 0.62827 0.42240 0.62643 0.42650 0.61973 0.42359 0.61180 0.43238 0.48165 0.45061 0.47982 0.45470 0.43745 0.46447 0.43286 0.47471 0.43192 0.49020 0.41785 0.53057 0.41692 0.54606 0.40745 0.56275 0.40438 0.57854 0.39031 0.61890 0.38726 0.62125 0.37197 0.65987 0.34809 0.74001 0.32302 0.80495 0.30955 0.85292 0.30374 0.86141 0.29914 0.88509 0.28814 0.90967 0.25817 1.00000 0.50353 1.00000 1.00000 0.92926 1.00000 0.79307
6 0.69433 0.46691 0.69952 0.46426 0.71172 0.45487 0.71112 0.44728 0.71876 0.43469 0.71664 0.42154 0.70354 0.41954 0.70111 0.41604 0.65325 0.42466 0.66450 0.44420 0.67820 0.45380 0.68550 0.46430 0.69190 0.46341 0.69433 0.46691
6 0.90350 0.38387 0.85229 0.39104 0.85045 0.39513 0.80992 0.40080 0.80809 0.40490 0.80352 0.40170 0.79955 0.40610 0.79712 0.40260 0.76725 0.40678 0.76541 0.41087 0.74408 0.41386 0.73919 0.42031 0.74009 0.43170 0.74526 0.44250 0.74586 0.45009 0.75377 0.45474 0.88057 0.43507 0.91989 0.42765 0.92172 0.42355 0.92629 0.42675 0.93909 0.42496 0.94093 0.42086 0.94946 0.41967 0.95189 0.42317 0.99606 0.41517 0.99207 0.36461 0.95410 0.36910 0.95227 0.37320 0.93947 0.37499 0.93763 0.37909 0.90533 0.37977 0.90350 0.38387
6 0.20848 0.54261 0.21915 0.54111 0.22407 0.50779 0.22042 0.50254 0.21432 0.50723 0.19268 0.50642 0.19085 0.51052 0.13111 0.51888 0.12928 0.52298 0.00070 0.54380 0.00435 0.58998 0.07100 0.57721 0.07283 0.57312 0.15788 0.55737 0.15971 0.55327 0.20665 0.54670 0.20848 0.54261
4 0.74327 0.33526 0.73505 0.32681 0.71555 0.32570 0.70762 0.33449 0.69783 0.36082 0.70052 0.39500 0.70539 0.40200 0.70599 0.40960 0.72243 0.42650 0.71080 0.45692 0.70257 0.46191 0.70225 0.47155 0.70499 0.47885 0.71563 0.49080 0.75739 0.48688 0.75986 0.46349 0.74951 0.45534 0.74343 0.44659 0.74282 0.43900 0.73369 0.43260 0.73309 0.42500 0.73584 0.41886 0.74011 0.41826 0.75050 0.39953 0.75356 0.38374 0.75117 0.35336 0.74327 0.33526
7 0.38779 0.45030 0.39022 0.45380 0.39202 0.47659 0.39476 0.48389 0.39689 0.48359 0.39934 0.47365 0.40361 0.47305 0.40819 0.46281 0.40310 0.39825 0.40066 0.39475 0.39797 0.36057 0.39432 0.35532 0.38152 0.35711 0.37877 0.36325 0.37966 0.37465 0.38210 0.37815 0.38779 0.45030
7 0.41003 0.45871 0.41367 0.46396 0.43166 0.45952 0.43930 0.44693 0.43750 0.42415 0.42988 0.42329 0.42805 0.42739 0.42440 0.42214 0.41567 0.33889 0.41202 0.33364 0.40135 0.33513 0.39647 0.34158 0.40126 0.40234 0.40370 0.40584 0.41003 0.45871
