2 1.00000 0.45560 0.97826 0.46019 0.97659 0.46441 0.95116 0.46977 0.94570 0.47866 0.89273 0.48983 0.88894 0.49450 0.88521 0.50882 0.88912 0.52346 0.89683 0.53343 0.90029 0.54430 0.90799 0.55427 0.92006 0.58266 0.93077 0.59973 0.93513 0.61814 0.94418 0.63943 0.96607 0.67734 0.96953 0.68821 0.97402 0.72593 0.97658 0.72925 0.98107 0.76697 0.97477 0.77796 0.96418 0.78020 0.96000 0.79075 0.96225 0.80961 0.95974 0.81593 0.95717 0.81261 0.95338 0.81727 0.92584 0.82309 0.92211 0.83740 0.92301 0.84495 0.93032 0.86080 0.93925 0.86279 0.95889 0.88184 0.97038 0.88715 0.97551 0.89380 0.99124 0.89821 0.99295 0.90223 0.99479 0.90184 0.99548 0.89732 0.99839 0.90109 1.00000 0.90075 1.00000 0.45560
6 0.52954 1.00000 0.96695 0.90772 0.82665 0.74091 0.70290 0.58916 0.65245 0.53021 0.59035 0.50723 0.50817 0.48590 0.41679 0.48456 0.26868 0.50550 0.08556 0.53640 0.06207 0.66766 0.15106 0.64888 0.20191 0.63815 0.23158 0.63189 0.25456 0.64251 0.25177 0.69207 0.16304 1.00000 0.52954 1.00000
2 1.00000 0.45560 0.97826 0.46019 0.97659 0.46441 0.95116 0.46977 0.94570 0.47866 0.89273 0.48983 0.88894 0.49450 0.88521 0.50882 0.88912 0.52346 0.89683 0.53343 0.90029 0.54430 0.90799 0.55427 0.92006 0.58266 0.93077 0.59973 0.93513 0.61814 0.94418 0.63943 0.96607 0.67734 0.96953 0.68821 0.97402 0.72593 0.97658 0.72925 0.98107 0.76697 0.97477 0.77796 0.96418 0.78020 0.96000 0.79075 0.96225 0.80961 0.95974 0.81593 0.95717 0.81261 0.95338 0.81727 0.92584 0.82309 0.92211 0.83740 0.92301 0.84495 0.93032 0.86080 0.93925 0.86279 0.95889 0.88184 0.97038 0.88715 0.97551 0.89380 0.99124 0.89821 0.99295 0.90223 0.99479 0.90184 0.99548 0.89732 0.99839 0.90109 1.00000 0.90075 1.00000 0.45560
6 0.52954 1.00000 0.96695 0.90772 0.82665 0.74091 0.70290 0.58916 0.65245 0.53021 0.59035 0.50723 0.50817 0.48590 0.41679 0.48456 0.26868 0.50550 0.08556 0.53640 0.06207 0.66766 0.15106 0.64888 0.20191 0.63815 0.23158 0.63189 0.25456 0.64251 0.25177 0.69207 0.16304 1.00000 0.52954 1.00000
2 1.00000 0.45560 0.97826 0.46019 0.97659 0.46441 0.95116 0.46977 0.94570 0.47866 0.89273 0.48983 0.88894 0.49450 0.88521 0.50882 0.88912 0.52346 0.89683 0.53343 0.90029 0.54430 0.90799 0.55427 0.92006 0.58266 0.93077 0.59973 0.93513 0.61814 0.94418 0.63943 0.96607 0.67734 0.96953 0.68821 0.97402 0.72593 0.97658 0.72925 0.98107 0.76697 0.97477 0.77796 0.96418 0.78020 0.96000 0.79075 0.96225 0.80961 0.95974 0.81593 0.95717 0.81261 0.95338 0.81727 0.92584 0.82309 0.92211 0.83740 0.92301 0.84495 0.93032 0.86080 0.93925 0.86279 0.95889 0.88184 0.97038 0.88715 0.97551 0.89380 0.99124 0.89821 0.99295 0.90223 0.99479 0.90184 0.99548 0.89732 0.99839 0.90109 1.00000 0.90075 1.00000 0.45560
6 0.52954 1.00000 0.96695 0.90772 0.82665 0.74091 0.70290 0.58916 0.65245 0.53021 0.59035 0.50723 0.50817 0.48590 0.41679 0.48456 0.26868 0.50550 0.08556 0.53640 0.06207 0.66766 0.15106 0.64888 0.20191 0.63815 0.23158 0.63189 0.25456 0.64251 0.25177 0.69207 0.16304 1.00000 0.52954 1.00000
2 1.00000 0.45560 0.97826 0.46019 0.97659 0.46441 0.95116 0.46977 0.94570 0.47866 0.89273 0.48983 0.88894 0.49450 0.88521 0.50882 0.88912 0.52346 0.89683 0.53343 0.90029 0.54430 0.90799 0.55427 0.92006 0.58266 0.93077 0.59973 0.93513 0.61814 0.94418 0.63943 0.96607 0.67734 0.96953 0.68821 0.97402 0.72593 0.97658 0.72925 0.98107 0.76697 0.97477 0.77796 0.96418 0.78020 0.96000 0.79075 0.96225 0.80961 0.95974 0.81593 0.95717 0.81261 0.95338 0.81727 0.92584 0.82309 0.92211 0.83740 0.92301 0.84495 0.93032 0.86080 0.93925 0.86279 0.95889 0.88184 0.97038 0.88715 0.97551 0.89380 0.99124 0.89821 0.99295 0.90223 0.99479 0.90184 0.99548 0.89732 0.99839 0.90109 1.00000 0.90075 1.00000 0.45560
6 0.52954 1.00000 0.96695 0.90772 0.82665 0.74091 0.70290 0.58916 0.65245 0.53021 0.59035 0.50723 0.50817 0.48590 0.41679 0.48456 0.26868 0.50550 0.08556 0.53640 0.06207 0.66766 0.15106 0.64888 0.20191 0.63815 0.23158 0.63189 0.25456 0.64251 0.25177 0.69207 0.16304 1.00000 0.52954 1.00000
2 1.00000 0.45560 0.97826 0.46019 0.97659 0.46441 0.95116 0.46977 0.94570 0.47866 0.89273 0.48983 0.88894 0.49450 0.88521 0.50882 0.88912 0.52346 0.89683 0.53343 0.90029 0.54430 0.90799 0.55427 0.92006 0.58266 0.93077 0.59973 0.93513 0.61814 0.94418 0.63943 0.96607 0.67734 0.96953 0.68821 0.97402 0.72593 0.97658 0.72925 0.98107 0.76697 0.97477 0.77796 0.96418 0.78020 0.96000 0.79075 0.96225 0.80961 0.95974 0.81593 0.95717 0.81261 0.95338 0.81727 0.92584 0.82309 0.92211 0.83740 0.92301 0.84495 0.93032 0.86080 0.93925 0.86279 0.95889 0.88184 0.97038 0.88715 0.97551 0.89380 0.99124 0.89821 0.99295 0.90223 0.99479 0.90184 0.99548 0.89732 0.99839 0.90109 1.00000 0.90075 1.00000 0.45560
6 0.52954 1.00000 0.96695 0.90772 0.82665 0.74091 0.70290 0.58916 0.65245 0.53021 0.59035 0.50723 0.50817 0.48590 0.41679 0.48456 0.26868 0.50550 0.08556 0.53640 0.06207 0.66766 0.15106 0.64888 0.20191 0.63815 0.23158 0.63189 0.25456 0.64251 0.25177 0.69207 0.16304 1.00000 0.52954 1.00000
2 1.00000 0.45560 0.97826 0.46019 0.97659 0.46441 0.95116 0.46977 0.94570 0.47866 0.89273 0.48983 0.88894 0.49450 0.88521 0.50882 0.88912 0.52346 0.89683 0.53343 0.90029 0.54430 0.90799 0.55427 0.92006 0.58266 0.93077 0.59973 0.93513 0.61814 0.94418 0.63943 0.96607 0.67734 0.96953 0.68821 0.97402 0.72593 0.97658 0.72925 0.98107 0.76697 0.97477 0.77796 0.96418 0.78020 0.96000 0.79075 0.96225 0.80961 0.95974 0.81593 0.95717 0.81261 0.95338 0.81727 0.92584 0.82309 0.92211 0.83740 0.92301 0.84495 0.93032 0.86080 0.93925 0.86279 0.95889 0.88184 0.97038 0.88715 0.97551 0.89380 0.99124 0.89821 0.99295 0.90223 0.99479 0.90184 0.99548 0.89732 0.99839 0.90109 1.00000 0.90075 1.00000 0.45560
6 0.52954 1.00000 0.96695 0.90772 0.82665 0.74091 0.70290 0.58916 0.65245 0.53021 0.59035 0.50723 0.50817 0.48590 0.41679 0.48456 0.26868 0.50550 0.08556 0.53640 0.06207 0.66766 0.15106 0.64888 0.20191 0.63815 0.23158 0.63189 0.25456 0.64251 0.25177 0.69207 0.16304 1.00000 0.52954 1.00000
