7 0.46289 0.61849 0.46484 0.61589 0.46484 0.60807 0.46680 0.60547 0.46680 0.60286 0.46973 0.59896 0.47168 0.59896 0.47656 0.59245 0.47656 0.58984 0.46680 0.57682 0.46680 0.57422 0.46289 0.56901 0.46289 0.56380 0.46094 0.56120 0.46094 0.55599 0.45996 0.55469 0.45410 0.55469 0.45313 0.55859 0.44824 0.56511 0.44238 0.56511 0.44141 0.56380 0.44141 0.56120 0.44531 0.55339 0.44531 0.51172 0.44336 0.50911 0.44336 0.50391 0.44531 0.50130 0.44531 0.46745 0.44336 0.46484 0.44336 0.45703 0.44531 0.45443 0.44531 0.41797 0.44336 0.41536 0.44238 0.41146 0.43848 0.41146 0.43652 0.40886 0.41699 0.40886 0.41504 0.41146 0.41309 0.41146 0.41016 0.41536 0.41016 0.41797 0.40820 0.42057 0.40820 0.49870 0.41016 0.50130 0.41016 0.55859 0.40723 0.56250 0.40332 0.56250 0.40234 0.55859 0.39941 0.55729 0.39453 0.56380 0.39453 0.57161 0.39258 0.57422 0.39258 0.60286 0.39062 0.60547 0.39062 0.61849 0.39258 0.62109 0.39258 0.62891 0.39551 0.63281 0.43066 0.63281 0.43164 0.63151 0.43262 0.63021 0.45801 0.63021 0.46289 0.62370 0.46289 0.61849
6 1.00000 0.59524 0.00000 0.65145 0.00000 1.00000 1.00000 1.00000 1.00000 0.92923 0.98214 0.87632 1.00000 0.87302 1.00000 0.59524
7 0.46289 0.61849 0.46484 0.61589 0.46484 0.60807 0.46680 0.60547 0.46680 0.60286 0.46973 0.59896 0.47168 0.59896 0.47656 0.59245 0.47656 0.58984 0.46680 0.57682 0.46680 0.57422 0.46289 0.56901 0.46289 0.56380 0.46094 0.56120 0.46094 0.55599 0.45996 0.55469 0.45410 0.55469 0.45313 0.55859 0.44824 0.56511 0.44238 0.56511 0.44141 0.56380 0.44141 0.56120 0.44531 0.55339 0.44531 0.51172 0.44336 0.50911 0.44336 0.50391 0.44531 0.50130 0.44531 0.46745 0.44336 0.46484 0.44336 0.45703 0.44531 0.45443 0.44531 0.41797 0.44336 0.41536 0.44238 0.41146 0.43848 0.41146 0.43652 0.40886 0.41699 0.40886 0.41504 0.41146 0.41309 0.41146 0.41016 0.41536 0.41016 0.41797 0.40820 0.42057 0.40820 0.49870 0.41016 0.50130 0.41016 0.55859 0.40723 0.56250 0.40332 0.56250 0.40234 0.55859 0.39941 0.55729 0.39453 0.56380 0.39453 0.57161 0.39258 0.57422 0.39258 0.60286 0.39062 0.60547 0.39062 0.61849 0.39258 0.62109 0.39258 0.62891 0.39551 0.63281 0.43066 0.63281 0.43164 0.63151 0.43262 0.63021 0.45801 0.63021 0.46289 0.62370 0.46289 0.61849
6 1.00000 0.59524 0.00000 0.65145 0.00000 1.00000 1.00000 1.00000 1.00000 0.92923 0.98214 0.87632 1.00000 0.87302 1.00000 0.59524
7 0.46289 0.61849 0.46484 0.61589 0.46484 0.60807 0.46680 0.60547 0.46680 0.60286 0.46973 0.59896 0.47168 0.59896 0.47656 0.59245 0.47656 0.58984 0.46680 0.57682 0.46680 0.57422 0.46289 0.56901 0.46289 0.56380 0.46094 0.56120 0.46094 0.55599 0.45996 0.55469 0.45410 0.55469 0.45313 0.55859 0.44824 0.56511 0.44238 0.56511 0.44141 0.56380 0.44141 0.56120 0.44531 0.55339 0.44531 0.51172 0.44336 0.50911 0.44336 0.50391 0.44531 0.50130 0.44531 0.46745 0.44336 0.46484 0.44336 0.45703 0.44531 0.45443 0.44531 0.41797 0.44336 0.41536 0.44238 0.41146 0.43848 0.41146 0.43652 0.40886 0.41699 0.40886 0.41504 0.41146 0.41309 0.41146 0.41016 0.41536 0.41016 0.41797 0.40820 0.42057 0.40820 0.49870 0.41016 0.50130 0.41016 0.55859 0.40723 0.56250 0.40332 0.56250 0.40234 0.55859 0.39941 0.55729 0.39453 0.56380 0.39453 0.57161 0.39258 0.57422 0.39258 0.60286 0.39062 0.60547 0.39062 0.61849 0.39258 0.62109 0.39258 0.62891 0.39551 0.63281 0.43066 0.63281 0.43164 0.63151 0.43262 0.63021 0.45801 0.63021 0.46289 0.62370 0.46289 0.61849
6 1.00000 0.59524 0.00000 0.65145 0.00000 1.00000 1.00000 1.00000 1.00000 0.92923 0.98214 0.87632 1.00000 0.87302 1.00000 0.59524
7 0.46289 0.61849 0.46484 0.61589 0.46484 0.60807 0.46680 0.60547 0.46680 0.60286 0.46973 0.59896 0.47168 0.59896 0.47656 0.59245 0.47656 0.58984 0.46680 0.57682 0.46680 0.57422 0.46289 0.56901 0.46289 0.56380 0.46094 0.56120 0.46094 0.55599 0.45996 0.55469 0.45410 0.55469 0.45313 0.55859 0.44824 0.56511 0.44238 0.56511 0.44141 0.56380 0.44141 0.56120 0.44531 0.55339 0.44531 0.51172 0.44336 0.50911 0.44336 0.50391 0.44531 0.50130 0.44531 0.46745 0.44336 0.46484 0.44336 0.45703 0.44531 0.45443 0.44531 0.41797 0.44336 0.41536 0.44238 0.41146 0.43848 0.41146 0.43652 0.40886 0.41699 0.40886 0.41504 0.41146 0.41309 0.41146 0.41016 0.41536 0.41016 0.41797 0.40820 0.42057 0.40820 0.49870 0.41016 0.50130 0.41016 0.55859 0.40723 0.56250 0.40332 0.56250 0.40234 0.55859 0.39941 0.55729 0.39453 0.56380 0.39453 0.57161 0.39258 0.57422 0.39258 0.60286 0.39062 0.60547 0.39062 0.61849 0.39258 0.62109 0.39258 0.62891 0.39551 0.63281 0.43066 0.63281 0.43164 0.63151 0.43262 0.63021 0.45801 0.63021 0.46289 0.62370 0.46289 0.61849
6 1.00000 0.59524 0.00000 0.65145 0.00000 1.00000 1.00000 1.00000 1.00000 0.92923 0.98214 0.87632 1.00000 0.87302 1.00000 0.59524
7 0.46289 0.61849 0.46484 0.61589 0.46484 0.60807 0.46680 0.60547 0.46680 0.60286 0.46973 0.59896 0.47168 0.59896 0.47656 0.59245 0.47656 0.58984 0.46680 0.57682 0.46680 0.57422 0.46289 0.56901 0.46289 0.56380 0.46094 0.56120 0.46094 0.55599 0.45996 0.55469 0.45410 0.55469 0.45313 0.55859 0.44824 0.56511 0.44238 0.56511 0.44141 0.56380 0.44141 0.56120 0.44531 0.55339 0.44531 0.51172 0.44336 0.50911 0.44336 0.50391 0.44531 0.50130 0.44531 0.46745 0.44336 0.46484 0.44336 0.45703 0.44531 0.45443 0.44531 0.41797 0.44336 0.41536 0.44238 0.41146 0.43848 0.41146 0.43652 0.40886 0.41699 0.40886 0.41504 0.41146 0.41309 0.41146 0.41016 0.41536 0.41016 0.41797 0.40820 0.42057 0.40820 0.49870 0.41016 0.50130 0.41016 0.55859 0.40723 0.56250 0.40332 0.56250 0.40234 0.55859 0.39941 0.55729 0.39453 0.56380 0.39453 0.57161 0.39258 0.57422 0.39258 0.60286 0.39062 0.60547 0.39062 0.61849 0.39258 0.62109 0.39258 0.62891 0.39551 0.63281 0.43066 0.63281 0.43164 0.63151 0.43262 0.63021 0.45801 0.63021 0.46289 0.62370 0.46289 0.61849
6 1.00000 0.59524 0.00000 0.65145 0.00000 1.00000 1.00000 1.00000 1.00000 0.92923 0.98214 0.87632 1.00000 0.87302 1.00000 0.59524
7 0.46289 0.61849 0.46484 0.61589 0.46484 0.60807 0.46680 0.60547 0.46680 0.60286 0.46973 0.59896 0.47168 0.59896 0.47656 0.59245 0.47656 0.58984 0.46680 0.57682 0.46680 0.57422 0.46289 0.56901 0.46289 0.56380 0.46094 0.56120 0.46094 0.55599 0.45996 0.55469 0.45410 0.55469 0.45313 0.55859 0.44824 0.56511 0.44238 0.56511 0.44141 0.56380 0.44141 0.56120 0.44531 0.55339 0.44531 0.51172 0.44336 0.50911 0.44336 0.50391 0.44531 0.50130 0.44531 0.46745 0.44336 0.46484 0.44336 0.45703 0.44531 0.45443 0.44531 0.41797 0.44336 0.41536 0.44238 0.41146 0.43848 0.41146 0.43652 0.40886 0.41699 0.40886 0.41504 0.41146 0.41309 0.41146 0.41016 0.41536 0.41016 0.41797 0.40820 0.42057 0.40820 0.49870 0.41016 0.50130 0.41016 0.55859 0.40723 0.56250 0.40332 0.56250 0.40234 0.55859 0.39941 0.55729 0.39453 0.56380 0.39453 0.57161 0.39258 0.57422 0.39258 0.60286 0.39062 0.60547 0.39062 0.61849 0.39258 0.62109 0.39258 0.62891 0.39551 0.63281 0.43066 0.63281 0.43164 0.63151 0.43262 0.63021 0.45801 0.63021 0.46289 0.62370 0.46289 0.61849
6 1.00000 0.59524 0.00000 0.65145 0.00000 1.00000 1.00000 1.00000 1.00000 0.92923 0.98214 0.87632 1.00000 0.87302 1.00000 0.59524
