6 0.06934 1.00000 0.07129 0.99653 0.36523 0.99827 0.36035 0.98611 0.35449 0.98264 0.33887 0.96180 0.32910 0.95486 0.32324 0.94445 0.25684 0.88542 0.24316 0.86805 0.23145 0.86111 0.20410 0.82986 0.17871 0.80903 0.15332 0.77778 0.12988 0.77083 0.12793 0.76736 0.11621 0.76736 0.11426 0.76389 0.09863 0.76389 0.09668 0.76042 0.08106 0.76042 0.07910 0.75695 0.04785 0.75695 0.02637 0.74305 0.01855 0.75347 0.00000 0.75521 0.00098 0.99653 0.02832 0.99653 0.03027 1.00000 0.06934 1.00000
2 0.35059 0.88889 0.36035 0.88889 0.36328 0.88368 0.36328 0.87327 0.35840 0.86458 0.34277 0.86111 0.33984 0.84548 0.33691 0.84028 0.32715 0.84028 0.32422 0.83160 0.32422 0.80729 0.32813 0.79688 0.33203 0.76910 0.33789 0.75173 0.34180 0.71702 0.34375 0.71354 0.34375 0.68923 0.33691 0.68403 0.33496 0.68750 0.28223 0.69445 0.27148 0.70312 0.27148 0.71354 0.29101 0.75868 0.29492 0.77604 0.30078 0.78646 0.30859 0.81077 0.30859 0.84548 0.29883 0.85590 0.29883 0.87327 0.29394 0.88195 0.28418 0.88542 0.28125 0.89062 0.28125 0.89757 0.28613 0.90625 0.29394 0.90625 0.29590 0.90972 0.30469 0.90798 0.33106 0.90278 0.33301 0.89930 0.34473 0.89583 0.35059 0.88889
6 0.06934 1.00000 0.07129 0.99653 0.36523 0.99827 0.36035 0.98611 0.35449 0.98264 0.33887 0.96180 0.32910 0.95486 0.32324 0.94445 0.25684 0.88542 0.24316 0.86805 0.23145 0.86111 0.20410 0.82986 0.17871 0.80903 0.15332 0.77778 0.12988 0.77083 0.12793 0.76736 0.11621 0.76736 0.11426 0.76389 0.09863 0.76389 0.09668 0.76042 0.08106 0.76042 0.07910 0.75695 0.04785 0.75695 0.02637 0.74305 0.01855 0.75347 0.00000 0.75521 0.00098 0.99653 0.02832 0.99653 0.03027 1.00000 0.06934 1.00000
2 0.35059 0.88889 0.36035 0.88889 0.36328 0.88368 0.36328 0.87327 0.35840 0.86458 0.34277 0.86111 0.33984 0.84548 0.33691 0.84028 0.32715 0.84028 0.32422 0.83160 0.32422 0.80729 0.32813 0.79688 0.33203 0.76910 0.33789 0.75173 0.34180 0.71702 0.34375 0.71354 0.34375 0.68923 0.33691 0.68403 0.33496 0.68750 0.28223 0.69445 0.27148 0.70312 0.27148 0.71354 0.29101 0.75868 0.29492 0.77604 0.30078 0.78646 0.30859 0.81077 0.30859 0.84548 0.29883 0.85590 0.29883 0.87327 0.29394 0.88195 0.28418 0.88542 0.28125 0.89062 0.28125 0.89757 0.28613 0.90625 0.29394 0.90625 0.29590 0.90972 0.30469 0.90798 0.33106 0.90278 0.33301 0.89930 0.34473 0.89583 0.35059 0.88889
6 0.06934 1.00000 0.07129 0.99653 0.36523 0.99827 0.36035 0.98611 0.35449 0.98264 0.33887 0.96180 0.32910 0.95486 0.32324 0.94445 0.25684 0.88542 0.24316 0.86805 0.23145 0.86111 0.20410 0.82986 0.17871 0.80903 0.15332 0.77778 0.12988 0.77083 0.12793 0.76736 0.11621 0.76736 0.11426 0.76389 0.09863 0.76389 0.09668 0.76042 0.08106 0.76042 0.07910 0.75695 0.04785 0.75695 0.02637 0.74305 0.01855 0.75347 0.00000 0.75521 0.00098 0.99653 0.02832 0.99653 0.03027 1.00000 0.06934 1.00000
2 0.35059 0.88889 0.36035 0.88889 0.36328 0.88368 0.36328 0.87327 0.35840 0.86458 0.34277 0.86111 0.33984 0.84548 0.33691 0.84028 0.32715 0.84028 0.32422 0.83160 0.32422 0.80729 0.32813 0.79688 0.33203 0.76910 0.33789 0.75173 0.34180 0.71702 0.34375 0.71354 0.34375 0.68923 0.33691 0.68403 0.33496 0.68750 0.28223 0.69445 0.27148 0.70312 0.27148 0.71354 0.29101 0.75868 0.29492 0.77604 0.30078 0.78646 0.30859 0.81077 0.30859 0.84548 0.29883 0.85590 0.29883 0.87327 0.29394 0.88195 0.28418 0.88542 0.28125 0.89062 0.28125 0.89757 0.28613 0.90625 0.29394 0.90625 0.29590 0.90972 0.30469 0.90798 0.33106 0.90278 0.33301 0.89930 0.34473 0.89583 0.35059 0.88889
6 0.06934 1.00000 0.07129 0.99653 0.36523 0.99827 0.36035 0.98611 0.35449 0.98264 0.33887 0.96180 0.32910 0.95486 0.32324 0.94445 0.25684 0.88542 0.24316 0.86805 0.23145 0.86111 0.20410 0.82986 0.17871 0.80903 0.15332 0.77778 0.12988 0.77083 0.12793 0.76736 0.11621 0.76736 0.11426 0.76389 0.09863 0.76389 0.09668 0.76042 0.08106 0.76042 0.07910 0.75695 0.04785 0.75695 0.02637 0.74305 0.01855 0.75347 0.00000 0.75521 0.00098 0.99653 0.02832 0.99653 0.03027 1.00000 0.06934 1.00000
2 0.35059 0.88889 0.36035 0.88889 0.36328 0.88368 0.36328 0.87327 0.35840 0.86458 0.34277 0.86111 0.33984 0.84548 0.33691 0.84028 0.32715 0.84028 0.32422 0.83160 0.32422 0.80729 0.32813 0.79688 0.33203 0.76910 0.33789 0.75173 0.34180 0.71702 0.34375 0.71354 0.34375 0.68923 0.33691 0.68403 0.33496 0.68750 0.28223 0.69445 0.27148 0.70312 0.27148 0.71354 0.29101 0.75868 0.29492 0.77604 0.30078 0.78646 0.30859 0.81077 0.30859 0.84548 0.29883 0.85590 0.29883 0.87327 0.29394 0.88195 0.28418 0.88542 0.28125 0.89062 0.28125 0.89757 0.28613 0.90625 0.29394 0.90625 0.29590 0.90972 0.30469 0.90798 0.33106 0.90278 0.33301 0.89930 0.34473 0.89583 0.35059 0.88889
6 0.06934 1.00000 0.07129 0.99653 0.36523 0.99827 0.36035 0.98611 0.35449 0.98264 0.33887 0.96180 0.32910 0.95486 0.32324 0.94445 0.25684 0.88542 0.24316 0.86805 0.23145 0.86111 0.20410 0.82986 0.17871 0.80903 0.15332 0.77778 0.12988 0.77083 0.12793 0.76736 0.11621 0.76736 0.11426 0.76389 0.09863 0.76389 0.09668 0.76042 0.08106 0.76042 0.07910 0.75695 0.04785 0.75695 0.02637 0.74305 0.01855 0.75347 0.00000 0.75521 0.00098 0.99653 0.02832 0.99653 0.03027 1.00000 0.06934 1.00000
2 0.35059 0.88889 0.36035 0.88889 0.36328 0.88368 0.36328 0.87327 0.35840 0.86458 0.34277 0.86111 0.33984 0.84548 0.33691 0.84028 0.32715 0.84028 0.32422 0.83160 0.32422 0.80729 0.32813 0.79688 0.33203 0.76910 0.33789 0.75173 0.34180 0.71702 0.34375 0.71354 0.34375 0.68923 0.33691 0.68403 0.33496 0.68750 0.28223 0.69445 0.27148 0.70312 0.27148 0.71354 0.29101 0.75868 0.29492 0.77604 0.30078 0.78646 0.30859 0.81077 0.30859 0.84548 0.29883 0.85590 0.29883 0.87327 0.29394 0.88195 0.28418 0.88542 0.28125 0.89062 0.28125 0.89757 0.28613 0.90625 0.29394 0.90625 0.29590 0.90972 0.30469 0.90798 0.33106 0.90278 0.33301 0.89930 0.34473 0.89583 0.35059 0.88889
6 0.06934 1.00000 0.07129 0.99653 0.36523 0.99827 0.36035 0.98611 0.35449 0.98264 0.33887 0.96180 0.32910 0.95486 0.32324 0.94445 0.25684 0.88542 0.24316 0.86805 0.23145 0.86111 0.20410 0.82986 0.17871 0.80903 0.15332 0.77778 0.12988 0.77083 0.12793 0.76736 0.11621 0.76736 0.11426 0.76389 0.09863 0.76389 0.09668 0.76042 0.08106 0.76042 0.07910 0.75695 0.04785 0.75695 0.02637 0.74305 0.01855 0.75347 0.00000 0.75521 0.00098 0.99653 0.02832 0.99653 0.03027 1.00000 0.06934 1.00000
2 0.35059 0.88889 0.36035 0.88889 0.36328 0.88368 0.36328 0.87327 0.35840 0.86458 0.34277 0.86111 0.33984 0.84548 0.33691 0.84028 0.32715 0.84028 0.32422 0.83160 0.32422 0.80729 0.32813 0.79688 0.33203 0.76910 0.33789 0.75173 0.34180 0.71702 0.34375 0.71354 0.34375 0.68923 0.33691 0.68403 0.33496 0.68750 0.28223 0.69445 0.27148 0.70312 0.27148 0.71354 0.29101 0.75868 0.29492 0.77604 0.30078 0.78646 0.30859 0.81077 0.30859 0.84548 0.29883 0.85590 0.29883 0.87327 0.29394 0.88195 0.28418 0.88542 0.28125 0.89062 0.28125 0.89757 0.28613 0.90625 0.29394 0.90625 0.29590 0.90972 0.30469 0.90798 0.33106 0.90278 0.33301 0.89930 0.34473 0.89583 0.35059 0.88889
