5 0.94727 0.39410 0.94727 0.41493 0.94531 0.41840 0.94531 0.44965 0.95313 0.47048 0.95899 0.47743 0.97852 0.51910 0.97656 0.52604 0.97656 0.55729 0.97461 0.56077 0.97461 0.57118 0.97168 0.57639 0.95606 0.57986 0.94434 0.59375 0.94238 0.59028 0.92285 0.59028 0.91797 0.59896 0.91699 0.60764 0.89551 0.60764 0.89258 0.61285 0.89258 0.63021 0.90527 0.65278 0.92480 0.67014 0.95410 0.70833 0.95801 0.70833 0.96777 0.71875 0.99902 0.71528 1.00000 0.27257 0.99902 0.27083 0.95313 0.34896 0.95313 0.36285 0.95117 0.36632 0.95117 0.38021 0.94727 0.39410
6 1.00000 0.79398 0.92708 0.67361 0.67187 0.33333 0.62630 0.26157 0.53906 0.22454 0.45573 0.21065 0.28255 0.22454 0.13672 0.24305 0.00000 0.25926 0.00000 0.35880 0.23958 0.32870 0.26432 0.32870 0.26953 0.34259 0.23047 0.43750 0.02604 1.00000 1.00000 1.00000 1.00000 0.79398
5 0.94727 0.39410 0.94727 0.41493 0.94531 0.41840 0.94531 0.44965 0.95313 0.47048 0.95899 0.47743 0.97852 0.51910 0.97656 0.52604 0.97656 0.55729 0.97461 0.56077 0.97461 0.57118 0.97168 0.57639 0.95606 0.57986 0.94434 0.59375 0.94238 0.59028 0.92285 0.59028 0.91797 0.59896 0.91699 0.60764 0.89551 0.60764 0.89258 0.61285 0.89258 0.63021 0.90527 0.65278 0.92480 0.67014 0.95410 0.70833 0.95801 0.70833 0.96777 0.71875 0.99902 0.71528 1.00000 0.27257 0.99902 0.27083 0.95313 0.34896 0.95313 0.36285 0.95117 0.36632 0.95117 0.38021 0.94727 0.39410
6 1.00000 0.79398 0.92708 0.67361 0.67187 0.33333 0.62630 0.26157 0.53906 0.22454 0.45573 0.21065 0.28255 0.22454 0.13672 0.24305 0.00000 0.25926 0.00000 0.35880 0.23958 0.32870 0.26432 0.32870 0.26953 0.34259 0.23047 0.43750 0.02604 1.00000 1.00000 1.00000 1.00000 0.79398
5 0.94727 0.39410 0.94727 0.41493 0.94531 0.41840 0.94531 0.44965 0.95313 0.47048 0.95899 0.47743 0.97852 0.51910 0.97656 0.52604 0.97656 0.55729 0.97461 0.56077 0.97461 0.57118 0.97168 0.57639 0.95606 0.57986 0.94434 0.59375 0.94238 0.59028 0.92285 0.59028 0.91797 0.59896 0.91699 0.60764 0.89551 0.60764 0.89258 0.61285 0.89258 0.63021 0.90527 0.65278 0.92480 0.67014 0.95410 0.70833 0.95801 0.70833 0.96777 0.71875 0.99902 0.71528 1.00000 0.27257 0.99902 0.27083 0.95313 0.34896 0.95313 0.36285 0.95117 0.36632 0.95117 0.38021 0.94727 0.39410
6 1.00000 0.79398 0.92708 0.67361 0.67187 0.33333 0.62630 0.26157 0.53906 0.22454 0.45573 0.21065 0.28255 0.22454 0.13672 0.24305 0.00000 0.25926 0.00000 0.35880 0.23958 0.32870 0.26432 0.32870 0.26953 0.34259 0.23047 0.43750 0.02604 1.00000 1.00000 1.00000 1.00000 0.79398
5 0.94727 0.39410 0.94727 0.41493 0.94531 0.41840 0.94531 0.44965 0.95313 0.47048 0.95899 0.47743 0.97852 0.51910 0.97656 0.52604 0.97656 0.55729 0.97461 0.56077 0.97461 0.57118 0.97168 0.57639 0.95606 0.57986 0.94434 0.59375 0.94238 0.59028 0.92285 0.59028 0.91797 0.59896 0.91699 0.60764 0.89551 0.60764 0.89258 0.61285 0.89258 0.63021 0.90527 0.65278 0.92480 0.67014 0.95410 0.70833 0.95801 0.70833 0.96777 0.71875 0.99902 0.71528 1.00000 0.27257 0.99902 0.27083 0.95313 0.34896 0.95313 0.36285 0.95117 0.36632 0.95117 0.38021 0.94727 0.39410
6 1.00000 0.79398 0.92708 0.67361 0.67187 0.33333 0.62630 0.26157 0.53906 0.22454 0.45573 0.21065 0.28255 0.22454 0.13672 0.24305 0.00000 0.25926 0.00000 0.35880 0.23958 0.32870 0.26432 0.32870 0.26953 0.34259 0.23047 0.43750 0.02604 1.00000 1.00000 1.00000 1.00000 0.79398
5 0.94727 0.39410 0.94727 0.41493 0.94531 0.41840 0.94531 0.44965 0.95313 0.47048 0.95899 0.47743 0.97852 0.51910 0.97656 0.52604 0.97656 0.55729 0.97461 0.56077 0.97461 0.57118 0.97168 0.57639 0.95606 0.57986 0.94434 0.59375 0.94238 0.59028 0.92285 0.59028 0.91797 0.59896 0.91699 0.60764 0.89551 0.60764 0.89258 0.61285 0.89258 0.63021 0.90527 0.65278 0.92480 0.67014 0.95410 0.70833 0.95801 0.70833 0.96777 0.71875 0.99902 0.71528 1.00000 0.27257 0.99902 0.27083 0.95313 0.34896 0.95313 0.36285 0.95117 0.36632 0.95117 0.38021 0.94727 0.39410
6 1.00000 0.79398 0.92708 0.67361 0.67187 0.33333 0.62630 0.26157 0.53906 0.22454 0.45573 0.21065 0.28255 0.22454 0.13672 0.24305 0.00000 0.25926 0.00000 0.35880 0.23958 0.32870 0.26432 0.32870 0.26953 0.34259 0.23047 0.43750 0.02604 1.00000 1.00000 1.00000 1.00000 0.79398
5 0.94727 0.39410 0.94727 0.41493 0.94531 0.41840 0.94531 0.44965 0.95313 0.47048 0.95899 0.47743 0.97852 0.51910 0.97656 0.52604 0.97656 0.55729 0.97461 0.56077 0.97461 0.57118 0.97168 0.57639 0.95606 0.57986 0.94434 0.59375 0.94238 0.59028 0.92285 0.59028 0.91797 0.59896 0.91699 0.60764 0.89551 0.60764 0.89258 0.61285 0.89258 0.63021 0.90527 0.65278 0.92480 0.67014 0.95410 0.70833 0.95801 0.70833 0.96777 0.71875 0.99902 0.71528 1.00000 0.27257 0.99902 0.27083 0.95313 0.34896 0.95313 0.36285 0.95117 0.36632 0.95117 0.38021 0.94727 0.39410
6 1.00000 0.79398 0.92708 0.67361 0.67187 0.33333 0.62630 0.26157 0.53906 0.22454 0.45573 0.21065 0.28255 0.22454 0.13672 0.24305 0.00000 0.25926 0.00000 0.35880 0.23958 0.32870 0.26432 0.32870 0.26953 0.34259 0.23047 0.43750 0.02604 1.00000 1.00000 1.00000 1.00000 0.79398
