6 1.00000 0.47106 0.86378 0.36350 0.68524 0.28977 0.37440 0.13738 0.19374 0.04200 0.08440 0.03484 0.00591 0.04318 0.00322 0.24861 0.21363 0.61559 0.27807 0.75624 0.28561 0.89754 0.20307 0.99086 0.65296 1.00000 0.99352 1.00000 1.00000 0.50581 1.00000 0.47106
5 0.45282 0.08180 0.45778 0.10907 0.44834 0.12154 0.45101 0.13493 0.42885 0.13822 0.42793 0.15343 0.47023 0.16647 0.50724 0.14702 0.50580 0.13688 0.48368 0.12688 0.48212 0.10329 0.47142 0.10304 0.46821 0.07568 0.47918 0.07559 0.48700 0.03816 0.48747 0.00207 0.43729 0.00078 0.43703 0.03332 0.43838 0.04958 0.45282 0.08180
6 0.08009 0.61814 0.07959 0.61813 0.07954 0.62196 0.08004 0.62197 0.08009 0.61814
6 1.00000 0.47106 0.86378 0.36350 0.68524 0.28977 0.37440 0.13738 0.19374 0.04200 0.08440 0.03484 0.00591 0.04318 0.00322 0.24861 0.21363 0.61559 0.27807 0.75624 0.28561 0.89754 0.20307 0.99086 0.65296 1.00000 0.99352 1.00000 1.00000 0.50581 1.00000 0.47106
5 0.45282 0.08180 0.45778 0.10907 0.44834 0.12154 0.45101 0.13493 0.42885 0.13822 0.42793 0.15343 0.47023 0.16647 0.50724 0.14702 0.50580 0.13688 0.48368 0.12688 0.48212 0.10329 0.47142 0.10304 0.46821 0.07568 0.47918 0.07559 0.48700 0.03816 0.48747 0.00207 0.43729 0.00078 0.43703 0.03332 0.43838 0.04958 0.45282 0.08180
6 0.08009 0.61814 0.07959 0.61813 0.07954 0.62196 0.08004 0.62197 0.08009 0.61814
6 1.00000 0.47106 0.86378 0.36350 0.68524 0.28977 0.37440 0.13738 0.19374 0.04200 0.08440 0.03484 0.00591 0.04318 0.00322 0.24861 0.21363 0.61559 0.27807 0.75624 0.28561 0.89754 0.20307 0.99086 0.65296 1.00000 0.99352 1.00000 1.00000 0.50581 1.00000 0.47106
5 0.45282 0.08180 0.45778 0.10907 0.44834 0.12154 0.45101 0.13493 0.42885 0.13822 0.42793 0.15343 0.47023 0.16647 0.50724 0.14702 0.50580 0.13688 0.48368 0.12688 0.48212 0.10329 0.47142 0.10304 0.46821 0.07568 0.47918 0.07559 0.48700 0.03816 0.48747 0.00207 0.43729 0.00078 0.43703 0.03332 0.43838 0.04958 0.45282 0.08180
6 0.08009 0.61814 0.07959 0.61813 0.07954 0.62196 0.08004 0.62197 0.08009 0.61814
6 1.00000 0.47106 0.86378 0.36350 0.68524 0.28977 0.37440 0.13738 0.19374 0.04200 0.08440 0.03484 0.00591 0.04318 0.00322 0.24861 0.21363 0.61559 0.27807 0.75624 0.28561 0.89754 0.20307 0.99086 0.65296 1.00000 0.99352 1.00000 1.00000 0.50581 1.00000 0.47106
5 0.45282 0.08180 0.45778 0.10907 0.44834 0.12154 0.45101 0.13493 0.42885 0.13822 0.42793 0.15343 0.47023 0.16647 0.50724 0.14702 0.50580 0.13688 0.48368 0.12688 0.48212 0.10329 0.47142 0.10304 0.46821 0.07568 0.47918 0.07559 0.48700 0.03816 0.48747 0.00207 0.43729 0.00078 0.43703 0.03332 0.43838 0.04958 0.45282 0.08180
6 0.08009 0.61814 0.07959 0.61813 0.07954 0.62196 0.08004 0.62197 0.08009 0.61814
6 1.00000 0.47106 0.86378 0.36350 0.68524 0.28977 0.37440 0.13738 0.19374 0.04200 0.08440 0.03484 0.00591 0.04318 0.00322 0.24861 0.21363 0.61559 0.27807 0.75624 0.28561 0.89754 0.20307 0.99086 0.65296 1.00000 0.99352 1.00000 1.00000 0.50581 1.00000 0.47106
5 0.45282 0.08180 0.45778 0.10907 0.44834 0.12154 0.45101 0.13493 0.42885 0.13822 0.42793 0.15343 0.47023 0.16647 0.50724 0.14702 0.50580 0.13688 0.48368 0.12688 0.48212 0.10329 0.47142 0.10304 0.46821 0.07568 0.47918 0.07559 0.48700 0.03816 0.48747 0.00207 0.43729 0.00078 0.43703 0.03332 0.43838 0.04958 0.45282 0.08180
6 0.08009 0.61814 0.07959 0.61813 0.07954 0.62196 0.08004 0.62197 0.08009 0.61814
6 1.00000 0.47106 0.86378 0.36350 0.68524 0.28977 0.37440 0.13738 0.19374 0.04200 0.08440 0.03484 0.00591 0.04318 0.00322 0.24861 0.21363 0.61559 0.27807 0.75624 0.28561 0.89754 0.20307 0.99086 0.65296 1.00000 0.99352 1.00000 1.00000 0.50581 1.00000 0.47106
5 0.45282 0.08180 0.45778 0.10907 0.44834 0.12154 0.45101 0.13493 0.42885 0.13822 0.42793 0.15343 0.47023 0.16647 0.50724 0.14702 0.50580 0.13688 0.48368 0.12688 0.48212 0.10329 0.47142 0.10304 0.46821 0.07568 0.47918 0.07559 0.48700 0.03816 0.48747 0.00207 0.43729 0.00078 0.43703 0.03332 0.43838 0.04958 0.45282 0.08180
6 0.08009 0.61814 0.07959 0.61813 0.07954 0.62196 0.08004 0.62197 0.08009 0.61814
