6 0.17691 1.00000 0.16755 0.99901 0.13242 0.97985 0.10452 0.97037 0.08879 0.95861 0.07826 0.95690 0.06698 0.94798 0.06292 0.94874 0.05607 0.94267 0.04119 0.93700 0.04784 1.00000 0.17691 1.00000
2 0.21467 0.92585 0.21391 0.91864 0.20788 0.91058 0.19977 0.91210 0.19298 0.89682 0.19146 0.88240 0.20085 0.81446 0.20110 0.77765 0.20275 0.77367 0.20047 0.75204 0.19685 0.74720 0.16679 0.75650 0.16515 0.76048 0.14688 0.76390 0.14523 0.76789 0.12900 0.77093 0.12285 0.78127 0.12399 0.79209 0.13845 0.81144 0.15722 0.85205 0.16965 0.87178 0.17561 0.88904 0.17941 0.92510 0.17250 0.92823 0.16838 0.93820 0.16983 0.96182 0.15398 0.96846 0.15151 0.97444 0.15265 0.98526 0.16882 0.99142 0.19032 0.98923 0.19241 0.97965 0.21029 0.97263 0.21194 0.96864 0.22374 0.96276 0.22906 0.95441 0.24124 0.95213 0.24371 0.94615 0.24257 0.93533 0.23655 0.92727 0.23084 0.93202 0.21828 0.93069 0.21467 0.92585
6 0.17691 1.00000 0.16755 0.99901 0.13242 0.97985 0.10452 0.97037 0.08879 0.95861 0.07826 0.95690 0.06698 0.94798 0.06292 0.94874 0.05607 0.94267 0.04119 0.93700 0.04784 1.00000 0.17691 1.00000
2 0.21467 0.92585 0.21391 0.91864 0.20788 0.91058 0.19977 0.91210 0.19298 0.89682 0.19146 0.88240 0.20085 0.81446 0.20110 0.77765 0.20275 0.77367 0.20047 0.75204 0.19685 0.74720 0.16679 0.75650 0.16515 0.76048 0.14688 0.76390 0.14523 0.76789 0.12900 0.77093 0.12285 0.78127 0.12399 0.79209 0.13845 0.81144 0.15722 0.85205 0.16965 0.87178 0.17561 0.88904 0.17941 0.92510 0.17250 0.92823 0.16838 0.93820 0.16983 0.96182 0.15398 0.96846 0.15151 0.97444 0.15265 0.98526 0.16882 0.99142 0.19032 0.98923 0.19241 0.97965 0.21029 0.97263 0.21194 0.96864 0.22374 0.96276 0.22906 0.95441 0.24124 0.95213 0.24371 0.94615 0.24257 0.93533 0.23655 0.92727 0.23084 0.93202 0.21828 0.93069 0.21467 0.92585
6 0.17691 1.00000 0.16755 0.99901 0.13242 0.97985 0.10452 0.97037 0.08879 0.95861 0.07826 0.95690 0.06698 0.94798 0.06292 0.94874 0.05607 0.94267 0.04119 0.93700 0.04784 1.00000 0.17691 1.00000
2 0.21467 0.92585 0.21391 0.91864 0.20788 0.91058 0.19977 0.91210 0.19298 0.89682 0.19146 0.88240 0.20085 0.81446 0.20110 0.77765 0.20275 0.77367 0.20047 0.75204 0.19685 0.74720 0.16679 0.75650 0.16515 0.76048 0.14688 0.76390 0.14523 0.76789 0.12900 0.77093 0.12285 0.78127 0.12399 0.79209 0.13845 0.81144 0.15722 0.85205 0.16965 0.87178 0.17561 0.88904 0.17941 0.92510 0.17250 0.92823 0.16838 0.93820 0.16983 0.96182 0.15398 0.96846 0.15151 0.97444 0.15265 0.98526 0.16882 0.99142 0.19032 0.98923 0.19241 0.97965 0.21029 0.97263 0.21194 0.96864 0.22374 0.96276 0.22906 0.95441 0.24124 0.95213 0.24371 0.94615 0.24257 0.93533 0.23655 0.92727 0.23084 0.93202 0.21828 0.93069 0.21467 0.92585
6 0.17691 1.00000 0.16755 0.99901 0.13242 0.97985 0.10452 0.97037 0.08879 0.95861 0.07826 0.95690 0.06698 0.94798 0.06292 0.94874 0.05607 0.94267 0.04119 0.93700 0.04784 1.00000 0.17691 1.00000
2 0.21467 0.92585 0.21391 0.91864 0.20788 0.91058 0.19977 0.91210 0.19298 0.89682 0.19146 0.88240 0.20085 0.81446 0.20110 0.77765 0.20275 0.77367 0.20047 0.75204 0.19685 0.74720 0.16679 0.75650 0.16515 0.76048 0.14688 0.76390 0.14523 0.76789 0.12900 0.77093 0.12285 0.78127 0.12399 0.79209 0.13845 0.81144 0.15722 0.85205 0.16965 0.87178 0.17561 0.88904 0.17941 0.92510 0.17250 0.92823 0.16838 0.93820 0.16983 0.96182 0.15398 0.96846 0.15151 0.97444 0.15265 0.98526 0.16882 0.99142 0.19032 0.98923 0.19241 0.97965 0.21029 0.97263 0.21194 0.96864 0.22374 0.96276 0.22906 0.95441 0.24124 0.95213 0.24371 0.94615 0.24257 0.93533 0.23655 0.92727 0.23084 0.93202 0.21828 0.93069 0.21467 0.92585
6 0.17691 1.00000 0.16755 0.99901 0.13242 0.97985 0.10452 0.97037 0.08879 0.95861 0.07826 0.95690 0.06698 0.94798 0.06292 0.94874 0.05607 0.94267 0.04119 0.93700 0.04784 1.00000 0.17691 1.00000
2 0.21467 0.92585 0.21391 0.91864 0.20788 0.91058 0.19977 0.91210 0.19298 0.89682 0.19146 0.88240 0.20085 0.81446 0.20110 0.77765 0.20275 0.77367 0.20047 0.75204 0.19685 0.74720 0.16679 0.75650 0.16515 0.76048 0.14688 0.76390 0.14523 0.76789 0.12900 0.77093 0.12285 0.78127 0.12399 0.79209 0.13845 0.81144 0.15722 0.85205 0.16965 0.87178 0.17561 0.88904 0.17941 0.92510 0.17250 0.92823 0.16838 0.93820 0.16983 0.96182 0.15398 0.96846 0.15151 0.97444 0.15265 0.98526 0.16882 0.99142 0.19032 0.98923 0.19241 0.97965 0.21029 0.97263 0.21194 0.96864 0.22374 0.96276 0.22906 0.95441 0.24124 0.95213 0.24371 0.94615 0.24257 0.93533 0.23655 0.92727 0.23084 0.93202 0.21828 0.93069 0.21467 0.92585
6 0.17691 1.00000 0.16755 0.99901 0.13242 0.97985 0.10452 0.97037 0.08879 0.95861 0.07826 0.95690 0.06698 0.94798 0.06292 0.94874 0.05607 0.94267 0.04119 0.93700 0.04784 1.00000 0.17691 1.00000
2 0.21467 0.92585 0.21391 0.91864 0.20788 0.91058 0.19977 0.91210 0.19298 0.89682 0.19146 0.88240 0.20085 0.81446 0.20110 0.77765 0.20275 0.77367 0.20047 0.75204 0.19685 0.74720 0.16679 0.75650 0.16515 0.76048 0.14688 0.76390 0.14523 0.76789 0.12900 0.77093 0.12285 0.78127 0.12399 0.79209 0.13845 0.81144 0.15722 0.85205 0.16965 0.87178 0.17561 0.88904 0.17941 0.92510 0.17250 0.92823 0.16838 0.93820 0.16983 0.96182 0.15398 0.96846 0.15151 0.97444 0.15265 0.98526 0.16882 0.99142 0.19032 0.98923 0.19241 0.97965 0.21029 0.97263 0.21194 0.96864 0.22374 0.96276 0.22906 0.95441 0.24124 0.95213 0.24371 0.94615 0.24257 0.93533 0.23655 0.92727 0.23084 0.93202 0.21828 0.93069 0.21467 0.92585
