6 1.00000 0.57465 0.96177 0.48978 0.81758 0.20515 0.73863 0.14867 0.66061 0.11379 0.61970 0.10745 0.48874 0.09750 0.36898 0.10347 0.10823 0.13879 0.00000 0.15208 0.00000 0.17188 0.00000 0.28817 0.30545 0.26116 0.34210 0.27399 0.34488 0.29571 0.03481 1.00000 1.00000 0.99827 1.00000 0.57465
5 0.02637 0.00000 0.02539 0.02952 0.02734 0.04340 0.03741 0.07065 0.03741 0.11171 0.01828 0.13048 0.02026 0.14338 0.06413 0.13810 0.08129 0.11933 0.08030 0.11053 0.06182 0.10701 0.04995 0.07710 0.05078 0.03298 0.04687 0.00521 0.04394 0.00000 0.02637 0.00000
6 1.00000 0.57465 0.96177 0.48978 0.81758 0.20515 0.73863 0.14867 0.66061 0.11379 0.61970 0.10745 0.48874 0.09750 0.36898 0.10347 0.10823 0.13879 0.00000 0.15208 0.00000 0.17188 0.00000 0.28817 0.30545 0.26116 0.34210 0.27399 0.34488 0.29571 0.03481 1.00000 1.00000 0.99827 1.00000 0.57465
5 0.02637 0.00000 0.02539 0.02952 0.02734 0.04340 0.03741 0.07065 0.03741 0.11171 0.01828 0.13048 0.02026 0.14338 0.06413 0.13810 0.08129 0.11933 0.08030 0.11053 0.06182 0.10701 0.04995 0.07710 0.05078 0.03298 0.04687 0.00521 0.04394 0.00000 0.02637 0.00000
6 1.00000 0.57465 0.96177 0.48978 0.81758 0.20515 0.73863 0.14867 0.66061 0.11379 0.61970 0.10745 0.48874 0.09750 0.36898 0.10347 0.10823 0.13879 0.00000 0.15208 0.00000 0.17188 0.00000 0.28817 0.30545 0.26116 0.34210 0.27399 0.34488 0.29571 0.03481 1.00000 1.00000 0.99827 1.00000 0.57465
5 0.02637 0.00000 0.02539 0.02952 0.02734 0.04340 0.03741 0.07065 0.03741 0.11171 0.01828 0.13048 0.02026 0.14338 0.06413 0.13810 0.08129 0.11933 0.08030 0.11053 0.06182 0.10701 0.04995 0.07710 0.05078 0.03298 0.04687 0.00521 0.04394 0.00000 0.02637 0.00000
6 1.00000 0.57465 0.96177 0.48978 0.81758 0.20515 0.73863 0.14867 0.66061 0.11379 0.61970 0.10745 0.48874 0.09750 0.36898 0.10347 0.10823 0.13879 0.00000 0.15208 0.00000 0.17188 0.00000 0.28817 0.30545 0.26116 0.34210 0.27399 0.34488 0.29571 0.03481 1.00000 1.00000 0.99827 1.00000 0.57465
5 0.02637 0.00000 0.02539 0.02952 0.02734 0.04340 0.03741 0.07065 0.03741 0.11171 0.01828 0.13048 0.02026 0.14338 0.06413 0.13810 0.08129 0.11933 0.08030 0.11053 0.06182 0.10701 0.04995 0.07710 0.05078 0.03298 0.04687 0.00521 0.04394 0.00000 0.02637 0.00000
6 1.00000 0.57465 0.96177 0.48978 0.81758 0.20515 0.73863 0.14867 0.66061 0.11379 0.61970 0.10745 0.48874 0.09750 0.36898 0.10347 0.10823 0.13879 0.00000 0.15208 0.00000 0.17188 0.00000 0.28817 0.30545 0.26116 0.34210 0.27399 0.34488 0.29571 0.03481 1.00000 1.00000 0.99827 1.00000 0.57465
5 0.02637 0.00000 0.02539 0.02952 0.02734 0.04340 0.03741 0.07065 0.03741 0.11171 0.01828 0.13048 0.02026 0.14338 0.06413 0.13810 0.08129 0.11933 0.08030 0.11053 0.06182 0.10701 0.04995 0.07710 0.05078 0.03298 0.04687 0.00521 0.04394 0.00000 0.02637 0.00000
6 1.00000 0.57465 0.96177 0.48978 0.81758 0.20515 0.73863 0.14867 0.66061 0.11379 0.61970 0.10745 0.48874 0.09750 0.36898 0.10347 0.10823 0.13879 0.00000 0.15208 0.00000 0.17188 0.00000 0.28817 0.30545 0.26116 0.34210 0.27399 0.34488 0.29571 0.03481 1.00000 1.00000 0.99827 1.00000 0.57465
5 0.02637 0.00000 0.02539 0.02952 0.02734 0.04340 0.03741 0.07065 0.03741 0.11171 0.01828 0.13048 0.02026 0.14338 0.06413 0.13810 0.08129 0.11933 0.08030 0.11053 0.06182 0.10701 0.04995 0.07710 0.05078 0.03298 0.04687 0.00521 0.04394 0.00000 0.02637 0.00000
