6 1.00000 0.50864 0.92928 0.33995 0.87689 0.26600 0.77008 0.18220 0.66965 0.12997 0.56918 0.10394 0.39587 0.07830 0.02089 0.07887 0.01090 0.26905 0.29077 0.28852 0.32592 0.32957 0.00509 0.95512 0.48689 1.00000 0.97497 1.00000 1.00000 0.52326 1.00000 0.50864
5 0.02348 0.02946 0.02083 0.08003 0.03160 0.07926 0.05416 0.06313 0.05436 0.04109 0.03060 0.04396 0.02930 0.03239 0.02348 0.02946
6 1.00000 0.50864 0.92928 0.33995 0.87689 0.26600 0.77008 0.18220 0.66965 0.12997 0.56918 0.10394 0.39587 0.07830 0.02089 0.07887 0.01090 0.26905 0.29077 0.28852 0.32592 0.32957 0.00509 0.95512 0.48689 1.00000 0.97497 1.00000 1.00000 0.52326 1.00000 0.50864
5 0.02348 0.02946 0.02083 0.08003 0.03160 0.07926 0.05416 0.06313 0.05436 0.04109 0.03060 0.04396 0.02930 0.03239 0.02348 0.02946
6 1.00000 0.50864 0.92928 0.33995 0.87689 0.26600 0.77008 0.18220 0.66965 0.12997 0.56918 0.10394 0.39587 0.07830 0.02089 0.07887 0.01090 0.26905 0.29077 0.28852 0.32592 0.32957 0.00509 0.95512 0.48689 1.00000 0.97497 1.00000 1.00000 0.52326 1.00000 0.50864
5 0.02348 0.02946 0.02083 0.08003 0.03160 0.07926 0.05416 0.06313 0.05436 0.04109 0.03060 0.04396 0.02930 0.03239 0.02348 0.02946
6 1.00000 0.50864 0.92928 0.33995 0.87689 0.26600 0.77008 0.18220 0.66965 0.12997 0.56918 0.10394 0.39587 0.07830 0.02089 0.07887 0.01090 0.26905 0.29077 0.28852 0.32592 0.32957 0.00509 0.95512 0.48689 1.00000 0.97497 1.00000 1.00000 0.52326 1.00000 0.50864
5 0.02348 0.02946 0.02083 0.08003 0.03160 0.07926 0.05416 0.06313 0.05436 0.04109 0.03060 0.04396 0.02930 0.03239 0.02348 0.02946
6 1.00000 0.50864 0.92928 0.33995 0.87689 0.26600 0.77008 0.18220 0.66965 0.12997 0.56918 0.10394 0.39587 0.07830 0.02089 0.07887 0.01090 0.26905 0.29077 0.28852 0.32592 0.32957 0.00509 0.95512 0.48689 1.00000 0.97497 1.00000 1.00000 0.52326 1.00000 0.50864
5 0.02348 0.02946 0.02083 0.08003 0.03160 0.07926 0.05416 0.06313 0.05436 0.04109 0.03060 0.04396 0.02930 0.03239 0.02348 0.02946
