6 0.54446 1.00000 0.53509 0.98875 0.46278 0.91576 0.45885 0.90825 0.45473 0.90805 0.45081 0.90055 0.40254 0.85433 0.39842 0.85414 0.37644 0.82746 0.34417 0.80031 0.32022 0.76988 0.30413 0.75448 0.30001 0.75429 0.29609 0.74677 0.27195 0.72366 0.25773 0.71568 0.24978 0.70431 0.23762 0.69642 0.21760 0.67350 0.20338 0.66551 0.18140 0.63884 0.17522 0.63855 0.16747 0.61987 0.16139 0.61592 0.15550 0.60465 0.14530 0.60052 0.13529 0.58906 0.12911 0.58877 0.12126 0.57375 0.11714 0.57355 0.11115 0.56595 0.09478 0.56152 0.08683 0.55016 0.02855 0.49248 0.01217 0.48806 0.01021 0.48430 0.00008 0.48521 0.00000 0.48838 0.00000 0.97705 0.49345 1.00000 0.54446 1.00000
1 0.39496 0.63228 0.39946 0.61784 0.40061 0.57391 0.39707 0.55177 0.38627 0.53111 0.37411 0.52321 0.36175 0.52264 0.34911 0.53304 0.34157 0.54552 0.33050 0.57432 0.33002 0.59262 0.32787 0.59618 0.32983 0.59994 0.33112 0.62931 0.33496 0.64048 0.34183 0.65363 0.34987 0.66133 0.35272 0.67063 0.35057 0.67419 0.34999 0.69615 0.34254 0.70496 0.33843 0.70477 0.33177 0.72279 0.31735 0.72211 0.31314 0.72558 0.31177 0.73834 0.31462 0.74764 0.33876 0.77075 0.34699 0.77113 0.34915 0.76756 0.35111 0.77132 0.36866 0.77030 0.38631 0.76563 0.40003 0.75344 0.39737 0.73683 0.39326 0.73664 0.38021 0.72320 0.37853 0.70847 0.36852 0.69701 0.36881 0.68603 0.36685 0.68228 0.36723 0.66764 0.38516 0.65198 0.39496 0.63228
7 0.12995 0.51736 0.13072 0.48807 0.13287 0.48451 0.13441 0.42595 0.11489 0.42321 0.11166 0.42856 0.11128 0.44320 0.11324 0.44695 0.10945 0.51273 0.11230 0.52203 0.12780 0.52092 0.12995 0.51736
6 0.54446 1.00000 0.53509 0.98875 0.46278 0.91576 0.45885 0.90825 0.45473 0.90805 0.45081 0.90055 0.40254 0.85433 0.39842 0.85414 0.37644 0.82746 0.34417 0.80031 0.32022 0.76988 0.30413 0.75448 0.30001 0.75429 0.29609 0.74677 0.27195 0.72366 0.25773 0.71568 0.24978 0.70431 0.23762 0.69642 0.21760 0.67350 0.20338 0.66551 0.18140 0.63884 0.17522 0.63855 0.16747 0.61987 0.16139 0.61592 0.15550 0.60465 0.14530 0.60052 0.13529 0.58906 0.12911 0.58877 0.12126 0.57375 0.11714 0.57355 0.11115 0.56595 0.09478 0.56152 0.08683 0.55016 0.02855 0.49248 0.01217 0.48806 0.01021 0.48430 0.00008 0.48521 0.00000 0.48838 0.00000 0.97705 0.49345 1.00000 0.54446 1.00000
1 0.39496 0.63228 0.39946 0.61784 0.40061 0.57391 0.39707 0.55177 0.38627 0.53111 0.37411 0.52321 0.36175 0.52264 0.34911 0.53304 0.34157 0.54552 0.33050 0.57432 0.33002 0.59262 0.32787 0.59618 0.32983 0.59994 0.33112 0.62931 0.33496 0.64048 0.34183 0.65363 0.34987 0.66133 0.35272 0.67063 0.35057 0.67419 0.34999 0.69615 0.34254 0.70496 0.33843 0.70477 0.33177 0.72279 0.31735 0.72211 0.31314 0.72558 0.31177 0.73834 0.31462 0.74764 0.33876 0.77075 0.34699 0.77113 0.34915 0.76756 0.35111 0.77132 0.36866 0.77030 0.38631 0.76563 0.40003 0.75344 0.39737 0.73683 0.39326 0.73664 0.38021 0.72320 0.37853 0.70847 0.36852 0.69701 0.36881 0.68603 0.36685 0.68228 0.36723 0.66764 0.38516 0.65198 0.39496 0.63228
7 0.12995 0.51736 0.13072 0.48807 0.13287 0.48451 0.13441 0.42595 0.11489 0.42321 0.11166 0.42856 0.11128 0.44320 0.11324 0.44695 0.10945 0.51273 0.11230 0.52203 0.12780 0.52092 0.12995 0.51736
6 0.54446 1.00000 0.53509 0.98875 0.46278 0.91576 0.45885 0.90825 0.45473 0.90805 0.45081 0.90055 0.40254 0.85433 0.39842 0.85414 0.37644 0.82746 0.34417 0.80031 0.32022 0.76988 0.30413 0.75448 0.30001 0.75429 0.29609 0.74677 0.27195 0.72366 0.25773 0.71568 0.24978 0.70431 0.23762 0.69642 0.21760 0.67350 0.20338 0.66551 0.18140 0.63884 0.17522 0.63855 0.16747 0.61987 0.16139 0.61592 0.15550 0.60465 0.14530 0.60052 0.13529 0.58906 0.12911 0.58877 0.12126 0.57375 0.11714 0.57355 0.11115 0.56595 0.09478 0.56152 0.08683 0.55016 0.02855 0.49248 0.01217 0.48806 0.01021 0.48430 0.00008 0.48521 0.00000 0.48838 0.00000 0.97705 0.49345 1.00000 0.54446 1.00000
1 0.39496 0.63228 0.39946 0.61784 0.40061 0.57391 0.39707 0.55177 0.38627 0.53111 0.37411 0.52321 0.36175 0.52264 0.34911 0.53304 0.34157 0.54552 0.33050 0.57432 0.33002 0.59262 0.32787 0.59618 0.32983 0.59994 0.33112 0.62931 0.33496 0.64048 0.34183 0.65363 0.34987 0.66133 0.35272 0.67063 0.35057 0.67419 0.34999 0.69615 0.34254 0.70496 0.33843 0.70477 0.33177 0.72279 0.31735 0.72211 0.31314 0.72558 0.31177 0.73834 0.31462 0.74764 0.33876 0.77075 0.34699 0.77113 0.34915 0.76756 0.35111 0.77132 0.36866 0.77030 0.38631 0.76563 0.40003 0.75344 0.39737 0.73683 0.39326 0.73664 0.38021 0.72320 0.37853 0.70847 0.36852 0.69701 0.36881 0.68603 0.36685 0.68228 0.36723 0.66764 0.38516 0.65198 0.39496 0.63228
7 0.12995 0.51736 0.13072 0.48807 0.13287 0.48451 0.13441 0.42595 0.11489 0.42321 0.11166 0.42856 0.11128 0.44320 0.11324 0.44695 0.10945 0.51273 0.11230 0.52203 0.12780 0.52092 0.12995 0.51736
6 0.54446 1.00000 0.53509 0.98875 0.46278 0.91576 0.45885 0.90825 0.45473 0.90805 0.45081 0.90055 0.40254 0.85433 0.39842 0.85414 0.37644 0.82746 0.34417 0.80031 0.32022 0.76988 0.30413 0.75448 0.30001 0.75429 0.29609 0.74677 0.27195 0.72366 0.25773 0.71568 0.24978 0.70431 0.23762 0.69642 0.21760 0.67350 0.20338 0.66551 0.18140 0.63884 0.17522 0.63855 0.16747 0.61987 0.16139 0.61592 0.15550 0.60465 0.14530 0.60052 0.13529 0.58906 0.12911 0.58877 0.12126 0.57375 0.11714 0.57355 0.11115 0.56595 0.09478 0.56152 0.08683 0.55016 0.02855 0.49248 0.01217 0.48806 0.01021 0.48430 0.00008 0.48521 0.00000 0.48838 0.00000 0.97705 0.49345 1.00000 0.54446 1.00000
1 0.39496 0.63228 0.39946 0.61784 0.40061 0.57391 0.39707 0.55177 0.38627 0.53111 0.37411 0.52321 0.36175 0.52264 0.34911 0.53304 0.34157 0.54552 0.33050 0.57432 0.33002 0.59262 0.32787 0.59618 0.32983 0.59994 0.33112 0.62931 0.33496 0.64048 0.34183 0.65363 0.34987 0.66133 0.35272 0.67063 0.35057 0.67419 0.34999 0.69615 0.34254 0.70496 0.33843 0.70477 0.33177 0.72279 0.31735 0.72211 0.31314 0.72558 0.31177 0.73834 0.31462 0.74764 0.33876 0.77075 0.34699 0.77113 0.34915 0.76756 0.35111 0.77132 0.36866 0.77030 0.38631 0.76563 0.40003 0.75344 0.39737 0.73683 0.39326 0.73664 0.38021 0.72320 0.37853 0.70847 0.36852 0.69701 0.36881 0.68603 0.36685 0.68228 0.36723 0.66764 0.38516 0.65198 0.39496 0.63228
7 0.12995 0.51736 0.13072 0.48807 0.13287 0.48451 0.13441 0.42595 0.11489 0.42321 0.11166 0.42856 0.11128 0.44320 0.11324 0.44695 0.10945 0.51273 0.11230 0.52203 0.12780 0.52092 0.12995 0.51736
6 0.54446 1.00000 0.53509 0.98875 0.46278 0.91576 0.45885 0.90825 0.45473 0.90805 0.45081 0.90055 0.40254 0.85433 0.39842 0.85414 0.37644 0.82746 0.34417 0.80031 0.32022 0.76988 0.30413 0.75448 0.30001 0.75429 0.29609 0.74677 0.27195 0.72366 0.25773 0.71568 0.24978 0.70431 0.23762 0.69642 0.21760 0.67350 0.20338 0.66551 0.18140 0.63884 0.17522 0.63855 0.16747 0.61987 0.16139 0.61592 0.15550 0.60465 0.14530 0.60052 0.13529 0.58906 0.12911 0.58877 0.12126 0.57375 0.11714 0.57355 0.11115 0.56595 0.09478 0.56152 0.08683 0.55016 0.02855 0.49248 0.01217 0.48806 0.01021 0.48430 0.00008 0.48521 0.00000 0.48838 0.00000 0.97705 0.49345 1.00000 0.54446 1.00000
1 0.39496 0.63228 0.39946 0.61784 0.40061 0.57391 0.39707 0.55177 0.38627 0.53111 0.37411 0.52321 0.36175 0.52264 0.34911 0.53304 0.34157 0.54552 0.33050 0.57432 0.33002 0.59262 0.32787 0.59618 0.32983 0.59994 0.33112 0.62931 0.33496 0.64048 0.34183 0.65363 0.34987 0.66133 0.35272 0.67063 0.35057 0.67419 0.34999 0.69615 0.34254 0.70496 0.33843 0.70477 0.33177 0.72279 0.31735 0.72211 0.31314 0.72558 0.31177 0.73834 0.31462 0.74764 0.33876 0.77075 0.34699 0.77113 0.34915 0.76756 0.35111 0.77132 0.36866 0.77030 0.38631 0.76563 0.40003 0.75344 0.39737 0.73683 0.39326 0.73664 0.38021 0.72320 0.37853 0.70847 0.36852 0.69701 0.36881 0.68603 0.36685 0.68228 0.36723 0.66764 0.38516 0.65198 0.39496 0.63228
7 0.12995 0.51736 0.13072 0.48807 0.13287 0.48451 0.13441 0.42595 0.11489 0.42321 0.11166 0.42856 0.11128 0.44320 0.11324 0.44695 0.10945 0.51273 0.11230 0.52203 0.12780 0.52092 0.12995 0.51736
6 0.54446 1.00000 0.53509 0.98875 0.46278 0.91576 0.45885 0.90825 0.45473 0.90805 0.45081 0.90055 0.40254 0.85433 0.39842 0.85414 0.37644 0.82746 0.34417 0.80031 0.32022 0.76988 0.30413 0.75448 0.30001 0.75429 0.29609 0.74677 0.27195 0.72366 0.25773 0.71568 0.24978 0.70431 0.23762 0.69642 0.21760 0.67350 0.20338 0.66551 0.18140 0.63884 0.17522 0.63855 0.16747 0.61987 0.16139 0.61592 0.15550 0.60465 0.14530 0.60052 0.13529 0.58906 0.12911 0.58877 0.12126 0.57375 0.11714 0.57355 0.11115 0.56595 0.09478 0.56152 0.08683 0.55016 0.02855 0.49248 0.01217 0.48806 0.01021 0.48430 0.00008 0.48521 0.00000 0.48838 0.00000 0.97705 0.49345 1.00000 0.54446 1.00000
1 0.39496 0.63228 0.39946 0.61784 0.40061 0.57391 0.39707 0.55177 0.38627 0.53111 0.37411 0.52321 0.36175 0.52264 0.34911 0.53304 0.34157 0.54552 0.33050 0.57432 0.33002 0.59262 0.32787 0.59618 0.32983 0.59994 0.33112 0.62931 0.33496 0.64048 0.34183 0.65363 0.34987 0.66133 0.35272 0.67063 0.35057 0.67419 0.34999 0.69615 0.34254 0.70496 0.33843 0.70477 0.33177 0.72279 0.31735 0.72211 0.31314 0.72558 0.31177 0.73834 0.31462 0.74764 0.33876 0.77075 0.34699 0.77113 0.34915 0.76756 0.35111 0.77132 0.36866 0.77030 0.38631 0.76563 0.40003 0.75344 0.39737 0.73683 0.39326 0.73664 0.38021 0.72320 0.37853 0.70847 0.36852 0.69701 0.36881 0.68603 0.36685 0.68228 0.36723 0.66764 0.38516 0.65198 0.39496 0.63228
7 0.12995 0.51736 0.13072 0.48807 0.13287 0.48451 0.13441 0.42595 0.11489 0.42321 0.11166 0.42856 0.11128 0.44320 0.11324 0.44695 0.10945 0.51273 0.11230 0.52203 0.12780 0.52092 0.12995 0.51736
