6 0.00000 0.28059 0.11650 0.25577 0.13878 0.24654 0.14573 0.22322 0.15927 0.21316 0.15582 0.18716 0.14465 0.18436 0.13154 0.11614 0.00000 0.14242 0.00000 0.28059
6 0.70128 0.00000 0.70804 0.05477 0.69539 0.09616 0.68696 0.12823 0.95024 0.06586 0.94152 0.00000 0.70128 0.00000
6 1.00000 0.72357 0.62250 0.15793 0.66496 0.14285 0.62165 0.02705 0.15496 0.11304 0.17818 0.21836 0.20449 0.21708 0.21218 0.23363 0.28567 0.23001 0.27848 1.00000 0.53284 1.00000 1.00000 0.89028 1.00000 0.72357
3 0.64579 0.00000 0.64198 0.01004 0.63708 0.03801 0.64200 0.07516 0.64813 0.08904 0.65974 0.10356 0.66391 0.10258 0.67036 0.11064 0.66876 0.11484 0.67122 0.13342 0.66773 0.14765 0.66147 0.14912 0.65877 0.16125 0.64834 0.16370 0.64386 0.17050 0.64890 0.19230 0.66971 0.22763 0.67548 0.22245 0.70886 0.21461 0.71352 0.21734 0.71751 0.20683 0.71517 0.17290 0.70406 0.16210 0.69068 0.14226 0.68522 0.14163 0.68128 0.11191 0.68318 0.10188 0.68735 0.10090 0.69999 0.08261 0.70508 0.06418 0.70679 0.04462 0.70138 0.00375 0.69973 0.00000 0.64579 0.00000
5 0.85310 0.40838 0.83849 0.41181 0.83690 0.41602 0.82855 0.41798 0.82346 0.43641 0.83058 0.45773 0.84556 0.47336 0.85895 0.49320 0.86300 0.50757 0.87153 0.51515 0.88675 0.50008 0.93682 0.48832 0.94198 0.49477 0.94824 0.49330 0.95223 0.48279 0.94878 0.45678 0.92975 0.42677 0.91735 0.41436 0.91379 0.40371 0.90734 0.39564 0.89979 0.39550 0.89586 0.36578 0.90451 0.35800 0.91985 0.32758 0.92930 0.31770 0.93696 0.30249 0.94027 0.27873 0.94051 0.24803 0.94321 0.23590 0.94075 0.21732 0.92380 0.18683 0.92282 0.17939 0.91638 0.17133 0.86532 0.17566 0.83685 0.22066 0.83127 0.23538 0.83225 0.24281 0.82833 0.27821 0.83166 0.31956 0.85069 0.34957 0.85425 0.36023 0.86278 0.36780 0.87321 0.36535 0.87549 0.37439 0.87389 0.37860 0.87537 0.38975 0.87187 0.40397 0.86144 0.40642 0.85985 0.41063 0.85310 0.40838
6 0.00000 0.28059 0.11650 0.25577 0.13878 0.24654 0.14573 0.22322 0.15927 0.21316 0.15582 0.18716 0.14465 0.18436 0.13154 0.11614 0.00000 0.14242 0.00000 0.28059
6 0.70128 0.00000 0.70804 0.05477 0.69539 0.09616 0.68696 0.12823 0.95024 0.06586 0.94152 0.00000 0.70128 0.00000
6 1.00000 0.72357 0.62250 0.15793 0.66496 0.14285 0.62165 0.02705 0.15496 0.11304 0.17818 0.21836 0.20449 0.21708 0.21218 0.23363 0.28567 0.23001 0.27848 1.00000 0.53284 1.00000 1.00000 0.89028 1.00000 0.72357
3 0.64579 0.00000 0.64198 0.01004 0.63708 0.03801 0.64200 0.07516 0.64813 0.08904 0.65974 0.10356 0.66391 0.10258 0.67036 0.11064 0.66876 0.11484 0.67122 0.13342 0.66773 0.14765 0.66147 0.14912 0.65877 0.16125 0.64834 0.16370 0.64386 0.17050 0.64890 0.19230 0.66971 0.22763 0.67548 0.22245 0.70886 0.21461 0.71352 0.21734 0.71751 0.20683 0.71517 0.17290 0.70406 0.16210 0.69068 0.14226 0.68522 0.14163 0.68128 0.11191 0.68318 0.10188 0.68735 0.10090 0.69999 0.08261 0.70508 0.06418 0.70679 0.04462 0.70138 0.00375 0.69973 0.00000 0.64579 0.00000
5 0.85310 0.40838 0.83849 0.41181 0.83690 0.41602 0.82855 0.41798 0.82346 0.43641 0.83058 0.45773 0.84556 0.47336 0.85895 0.49320 0.86300 0.50757 0.87153 0.51515 0.88675 0.50008 0.93682 0.48832 0.94198 0.49477 0.94824 0.49330 0.95223 0.48279 0.94878 0.45678 0.92975 0.42677 0.91735 0.41436 0.91379 0.40371 0.90734 0.39564 0.89979 0.39550 0.89586 0.36578 0.90451 0.35800 0.91985 0.32758 0.92930 0.31770 0.93696 0.30249 0.94027 0.27873 0.94051 0.24803 0.94321 0.23590 0.94075 0.21732 0.92380 0.18683 0.92282 0.17939 0.91638 0.17133 0.86532 0.17566 0.83685 0.22066 0.83127 0.23538 0.83225 0.24281 0.82833 0.27821 0.83166 0.31956 0.85069 0.34957 0.85425 0.36023 0.86278 0.36780 0.87321 0.36535 0.87549 0.37439 0.87389 0.37860 0.87537 0.38975 0.87187 0.40397 0.86144 0.40642 0.85985 0.41063 0.85310 0.40838
6 0.00000 0.28059 0.11650 0.25577 0.13878 0.24654 0.14573 0.22322 0.15927 0.21316 0.15582 0.18716 0.14465 0.18436 0.13154 0.11614 0.00000 0.14242 0.00000 0.28059
6 0.70128 0.00000 0.70804 0.05477 0.69539 0.09616 0.68696 0.12823 0.95024 0.06586 0.94152 0.00000 0.70128 0.00000
6 1.00000 0.72357 0.62250 0.15793 0.66496 0.14285 0.62165 0.02705 0.15496 0.11304 0.17818 0.21836 0.20449 0.21708 0.21218 0.23363 0.28567 0.23001 0.27848 1.00000 0.53284 1.00000 1.00000 0.89028 1.00000 0.72357
3 0.64579 0.00000 0.64198 0.01004 0.63708 0.03801 0.64200 0.07516 0.64813 0.08904 0.65974 0.10356 0.66391 0.10258 0.67036 0.11064 0.66876 0.11484 0.67122 0.13342 0.66773 0.14765 0.66147 0.14912 0.65877 0.16125 0.64834 0.16370 0.64386 0.17050 0.64890 0.19230 0.66971 0.22763 0.67548 0.22245 0.70886 0.21461 0.71352 0.21734 0.71751 0.20683 0.71517 0.17290 0.70406 0.16210 0.69068 0.14226 0.68522 0.14163 0.68128 0.11191 0.68318 0.10188 0.68735 0.10090 0.69999 0.08261 0.70508 0.06418 0.70679 0.04462 0.70138 0.00375 0.69973 0.00000 0.64579 0.00000
5 0.85310 0.40838 0.83849 0.41181 0.83690 0.41602 0.82855 0.41798 0.82346 0.43641 0.83058 0.45773 0.84556 0.47336 0.85895 0.49320 0.86300 0.50757 0.87153 0.51515 0.88675 0.50008 0.93682 0.48832 0.94198 0.49477 0.94824 0.49330 0.95223 0.48279 0.94878 0.45678 0.92975 0.42677 0.91735 0.41436 0.91379 0.40371 0.90734 0.39564 0.89979 0.39550 0.89586 0.36578 0.90451 0.35800 0.91985 0.32758 0.92930 0.31770 0.93696 0.30249 0.94027 0.27873 0.94051 0.24803 0.94321 0.23590 0.94075 0.21732 0.92380 0.18683 0.92282 0.17939 0.91638 0.17133 0.86532 0.17566 0.83685 0.22066 0.83127 0.23538 0.83225 0.24281 0.82833 0.27821 0.83166 0.31956 0.85069 0.34957 0.85425 0.36023 0.86278 0.36780 0.87321 0.36535 0.87549 0.37439 0.87389 0.37860 0.87537 0.38975 0.87187 0.40397 0.86144 0.40642 0.85985 0.41063 0.85310 0.40838
