6 0.00000 0.96578 0.33136 0.98891 0.32830 0.98564 0.32401 0.98534 0.25985 0.92350 0.24515 0.91483 0.21621 0.88604 0.20565 0.88148 0.18711 0.86107 0.18283 0.86077 0.17257 0.84858 0.15374 0.83579 0.13735 0.81553 0.13306 0.81523 0.10412 0.78644 0.09356 0.78188 0.05834 0.74883 0.05191 0.74838 0.03124 0.72782 0.02695 0.72752 0.02297 0.71959 0.01869 0.71929 0.00000 0.70071 0.00000 0.96578
1 0.16701 0.68950 0.17274 0.68034 0.17917 0.68079 0.18376 0.67346 0.19033 0.67009 0.20080 0.64979 0.20828 0.62354 0.20918 0.60066 0.20718 0.59670 0.20778 0.58145 0.20425 0.56208 0.19115 0.54013 0.18074 0.53176 0.16360 0.53056 0.14586 0.54462 0.13310 0.56859 0.12562 0.59483 0.12412 0.63296 0.12965 0.65630 0.13662 0.67016 0.15002 0.68448 0.14927 0.70355 0.14698 0.70721 0.14653 0.71866 0.14309 0.72415 0.13223 0.72722 0.13063 0.74049 0.12720 0.74599 0.11006 0.74479 0.10562 0.74830 0.10218 0.75380 0.10158 0.76905 0.11070 0.78307 0.11498 0.78338 0.12724 0.79953 0.13680 0.80211 0.17238 0.79885 0.17467 0.79519 0.19395 0.79654 0.20197 0.78371 0.20257 0.76846 0.19545 0.75840 0.18075 0.74973 0.17837 0.72853 0.17538 0.72258 0.16895 0.72213 0.16626 0.70856 0.16701 0.68950
6 0.00000 0.96578 0.33136 0.98891 0.32830 0.98564 0.32401 0.98534 0.25985 0.92350 0.24515 0.91483 0.21621 0.88604 0.20565 0.88148 0.18711 0.86107 0.18283 0.86077 0.17257 0.84858 0.15374 0.83579 0.13735 0.81553 0.13306 0.81523 0.10412 0.78644 0.09356 0.78188 0.05834 0.74883 0.05191 0.74838 0.03124 0.72782 0.02695 0.72752 0.02297 0.71959 0.01869 0.71929 0.00000 0.70071 0.00000 0.96578
1 0.16701 0.68950 0.17274 0.68034 0.17917 0.68079 0.18376 0.67346 0.19033 0.67009 0.20080 0.64979 0.20828 0.62354 0.20918 0.60066 0.20718 0.59670 0.20778 0.58145 0.20425 0.56208 0.19115 0.54013 0.18074 0.53176 0.16360 0.53056 0.14586 0.54462 0.13310 0.56859 0.12562 0.59483 0.12412 0.63296 0.12965 0.65630 0.13662 0.67016 0.15002 0.68448 0.14927 0.70355 0.14698 0.70721 0.14653 0.71866 0.14309 0.72415 0.13223 0.72722 0.13063 0.74049 0.12720 0.74599 0.11006 0.74479 0.10562 0.74830 0.10218 0.75380 0.10158 0.76905 0.11070 0.78307 0.11498 0.78338 0.12724 0.79953 0.13680 0.80211 0.17238 0.79885 0.17467 0.79519 0.19395 0.79654 0.20197 0.78371 0.20257 0.76846 0.19545 0.75840 0.18075 0.74973 0.17837 0.72853 0.17538 0.72258 0.16895 0.72213 0.16626 0.70856 0.16701 0.68950
6 0.00000 0.96578 0.33136 0.98891 0.32830 0.98564 0.32401 0.98534 0.25985 0.92350 0.24515 0.91483 0.21621 0.88604 0.20565 0.88148 0.18711 0.86107 0.18283 0.86077 0.17257 0.84858 0.15374 0.83579 0.13735 0.81553 0.13306 0.81523 0.10412 0.78644 0.09356 0.78188 0.05834 0.74883 0.05191 0.74838 0.03124 0.72782 0.02695 0.72752 0.02297 0.71959 0.01869 0.71929 0.00000 0.70071 0.00000 0.96578
1 0.16701 0.68950 0.17274 0.68034 0.17917 0.68079 0.18376 0.67346 0.19033 0.67009 0.20080 0.64979 0.20828 0.62354 0.20918 0.60066 0.20718 0.59670 0.20778 0.58145 0.20425 0.56208 0.19115 0.54013 0.18074 0.53176 0.16360 0.53056 0.14586 0.54462 0.13310 0.56859 0.12562 0.59483 0.12412 0.63296 0.12965 0.65630 0.13662 0.67016 0.15002 0.68448 0.14927 0.70355 0.14698 0.70721 0.14653 0.71866 0.14309 0.72415 0.13223 0.72722 0.13063 0.74049 0.12720 0.74599 0.11006 0.74479 0.10562 0.74830 0.10218 0.75380 0.10158 0.76905 0.11070 0.78307 0.11498 0.78338 0.12724 0.79953 0.13680 0.80211 0.17238 0.79885 0.17467 0.79519 0.19395 0.79654 0.20197 0.78371 0.20257 0.76846 0.19545 0.75840 0.18075 0.74973 0.17837 0.72853 0.17538 0.72258 0.16895 0.72213 0.16626 0.70856 0.16701 0.68950
6 0.00000 0.96578 0.33136 0.98891 0.32830 0.98564 0.32401 0.98534 0.25985 0.92350 0.24515 0.91483 0.21621 0.88604 0.20565 0.88148 0.18711 0.86107 0.18283 0.86077 0.17257 0.84858 0.15374 0.83579 0.13735 0.81553 0.13306 0.81523 0.10412 0.78644 0.09356 0.78188 0.05834 0.74883 0.05191 0.74838 0.03124 0.72782 0.02695 0.72752 0.02297 0.71959 0.01869 0.71929 0.00000 0.70071 0.00000 0.96578
1 0.16701 0.68950 0.17274 0.68034 0.17917 0.68079 0.18376 0.67346 0.19033 0.67009 0.20080 0.64979 0.20828 0.62354 0.20918 0.60066 0.20718 0.59670 0.20778 0.58145 0.20425 0.56208 0.19115 0.54013 0.18074 0.53176 0.16360 0.53056 0.14586 0.54462 0.13310 0.56859 0.12562 0.59483 0.12412 0.63296 0.12965 0.65630 0.13662 0.67016 0.15002 0.68448 0.14927 0.70355 0.14698 0.70721 0.14653 0.71866 0.14309 0.72415 0.13223 0.72722 0.13063 0.74049 0.12720 0.74599 0.11006 0.74479 0.10562 0.74830 0.10218 0.75380 0.10158 0.76905 0.11070 0.78307 0.11498 0.78338 0.12724 0.79953 0.13680 0.80211 0.17238 0.79885 0.17467 0.79519 0.19395 0.79654 0.20197 0.78371 0.20257 0.76846 0.19545 0.75840 0.18075 0.74973 0.17837 0.72853 0.17538 0.72258 0.16895 0.72213 0.16626 0.70856 0.16701 0.68950
6 0.00000 0.96578 0.33136 0.98891 0.32830 0.98564 0.32401 0.98534 0.25985 0.92350 0.24515 0.91483 0.21621 0.88604 0.20565 0.88148 0.18711 0.86107 0.18283 0.86077 0.17257 0.84858 0.15374 0.83579 0.13735 0.81553 0.13306 0.81523 0.10412 0.78644 0.09356 0.78188 0.05834 0.74883 0.05191 0.74838 0.03124 0.72782 0.02695 0.72752 0.02297 0.71959 0.01869 0.71929 0.00000 0.70071 0.00000 0.96578
1 0.16701 0.68950 0.17274 0.68034 0.17917 0.68079 0.18376 0.67346 0.19033 0.67009 0.20080 0.64979 0.20828 0.62354 0.20918 0.60066 0.20718 0.59670 0.20778 0.58145 0.20425 0.56208 0.19115 0.54013 0.18074 0.53176 0.16360 0.53056 0.14586 0.54462 0.13310 0.56859 0.12562 0.59483 0.12412 0.63296 0.12965 0.65630 0.13662 0.67016 0.15002 0.68448 0.14927 0.70355 0.14698 0.70721 0.14653 0.71866 0.14309 0.72415 0.13223 0.72722 0.13063 0.74049 0.12720 0.74599 0.11006 0.74479 0.10562 0.74830 0.10218 0.75380 0.10158 0.76905 0.11070 0.78307 0.11498 0.78338 0.12724 0.79953 0.13680 0.80211 0.17238 0.79885 0.17467 0.79519 0.19395 0.79654 0.20197 0.78371 0.20257 0.76846 0.19545 0.75840 0.18075 0.74973 0.17837 0.72853 0.17538 0.72258 0.16895 0.72213 0.16626 0.70856 0.16701 0.68950
6 0.00000 0.96578 0.33136 0.98891 0.32830 0.98564 0.32401 0.98534 0.25985 0.92350 0.24515 0.91483 0.21621 0.88604 0.20565 0.88148 0.18711 0.86107 0.18283 0.86077 0.17257 0.84858 0.15374 0.83579 0.13735 0.81553 0.13306 0.81523 0.10412 0.78644 0.09356 0.78188 0.05834 0.74883 0.05191 0.74838 0.03124 0.72782 0.02695 0.72752 0.02297 0.71959 0.01869 0.71929 0.00000 0.70071 0.00000 0.96578
1 0.16701 0.68950 0.17274 0.68034 0.17917 0.68079 0.18376 0.67346 0.19033 0.67009 0.20080 0.64979 0.20828 0.62354 0.20918 0.60066 0.20718 0.59670 0.20778 0.58145 0.20425 0.56208 0.19115 0.54013 0.18074 0.53176 0.16360 0.53056 0.14586 0.54462 0.13310 0.56859 0.12562 0.59483 0.12412 0.63296 0.12965 0.65630 0.13662 0.67016 0.15002 0.68448 0.14927 0.70355 0.14698 0.70721 0.14653 0.71866 0.14309 0.72415 0.13223 0.72722 0.13063 0.74049 0.12720 0.74599 0.11006 0.74479 0.10562 0.74830 0.10218 0.75380 0.10158 0.76905 0.11070 0.78307 0.11498 0.78338 0.12724 0.79953 0.13680 0.80211 0.17238 0.79885 0.17467 0.79519 0.19395 0.79654 0.20197 0.78371 0.20257 0.76846 0.19545 0.75840 0.18075 0.74973 0.17837 0.72853 0.17538 0.72258 0.16895 0.72213 0.16626 0.70856 0.16701 0.68950
