6 1.00000 0.82345 0.26247 0.00545 0.00000 0.01155 0.00000 0.50581 0.00648 1.00000 0.50328 1.00000 1.00000 0.98845 1.00000 0.82345
1 0.49672 0.00000 0.42571 0.00165 0.42991 0.02607 0.43954 0.04420 0.45766 0.07528 0.45845 0.10673 0.44842 0.11021 0.41327 0.12630 0.41277 0.14846 0.44757 0.18508 0.52065 0.17362 0.51895 0.14844 0.49359 0.13438 0.49268 0.09942 0.47947 0.10461 0.47808 0.07986 0.49052 0.05554 0.50818 0.03519 0.51438 0.00000 0.49672 0.00000
6 1.00000 0.82345 0.26247 0.00545 0.00000 0.01155 0.00000 0.50581 0.00648 1.00000 0.50328 1.00000 1.00000 0.98845 1.00000 0.82345
1 0.49672 0.00000 0.42571 0.00165 0.42991 0.02607 0.43954 0.04420 0.45766 0.07528 0.45845 0.10673 0.44842 0.11021 0.41327 0.12630 0.41277 0.14846 0.44757 0.18508 0.52065 0.17362 0.51895 0.14844 0.49359 0.13438 0.49268 0.09942 0.47947 0.10461 0.47808 0.07986 0.49052 0.05554 0.50818 0.03519 0.51438 0.00000 0.49672 0.00000
6 1.00000 0.82345 0.26247 0.00545 0.00000 0.01155 0.00000 0.50581 0.00648 1.00000 0.50328 1.00000 1.00000 0.98845 1.00000 0.82345
1 0.49672 0.00000 0.42571 0.00165 0.42991 0.02607 0.43954 0.04420 0.45766 0.07528 0.45845 0.10673 0.44842 0.11021 0.41327 0.12630 0.41277 0.14846 0.44757 0.18508 0.52065 0.17362 0.51895 0.14844 0.49359 0.13438 0.49268 0.09942 0.47947 0.10461 0.47808 0.07986 0.49052 0.05554 0.50818 0.03519 0.51438 0.00000 0.49672 0.00000
6 1.00000 0.82345 0.26247 0.00545 0.00000 0.01155 0.00000 0.50581 0.00648 1.00000 0.50328 1.00000 1.00000 0.98845 1.00000 0.82345
1 0.49672 0.00000 0.42571 0.00165 0.42991 0.02607 0.43954 0.04420 0.45766 0.07528 0.45845 0.10673 0.44842 0.11021 0.41327 0.12630 0.41277 0.14846 0.44757 0.18508 0.52065 0.17362 0.51895 0.14844 0.49359 0.13438 0.49268 0.09942 0.47947 0.10461 0.47808 0.07986 0.49052 0.05554 0.50818 0.03519 0.51438 0.00000 0.49672 0.00000
6 1.00000 0.82345 0.26247 0.00545 0.00000 0.01155 0.00000 0.50581 0.00648 1.00000 0.50328 1.00000 1.00000 0.98845 1.00000 0.82345
1 0.49672 0.00000 0.42571 0.00165 0.42991 0.02607 0.43954 0.04420 0.45766 0.07528 0.45845 0.10673 0.44842 0.11021 0.41327 0.12630 0.41277 0.14846 0.44757 0.18508 0.52065 0.17362 0.51895 0.14844 0.49359 0.13438 0.49268 0.09942 0.47947 0.10461 0.47808 0.07986 0.49052 0.05554 0.50818 0.03519 0.51438 0.00000 0.49672 0.00000
6 1.00000 0.82345 0.26247 0.00545 0.00000 0.01155 0.00000 0.50581 0.00648 1.00000 0.50328 1.00000 1.00000 0.98845 1.00000 0.82345
1 0.49672 0.00000 0.42571 0.00165 0.42991 0.02607 0.43954 0.04420 0.45766 0.07528 0.45845 0.10673 0.44842 0.11021 0.41327 0.12630 0.41277 0.14846 0.44757 0.18508 0.52065 0.17362 0.51895 0.14844 0.49359 0.13438 0.49268 0.09942 0.47947 0.10461 0.47808 0.07986 0.49052 0.05554 0.50818 0.03519 0.51438 0.00000 0.49672 0.00000
