6 1.00000 0.57308 0.78565 0.19348 0.69620 0.04838 0.65231 0.02864 0.56598 0.01751 0.53537 0.04992 0.47801 0.18543 0.32015 0.17909 0.32467 0.32622 0.42554 0.34137 0.19629 0.99653 1.00000 0.99479 1.00000 0.57308
6 0.26714 0.27161 0.25208 0.24308 0.24204 0.17621 0.00013 0.14767 0.00132 0.29619 0.22448 0.32333 0.25108 0.29034 0.26262 0.28945 0.26714 0.27161
7 0.45267 0.00000 0.44974 0.01215 0.44974 0.02257 0.44584 0.03298 0.44584 0.05035 0.44974 0.06771 0.44974 0.12327 0.43802 0.14062 0.43802 0.15452 0.43607 0.15798 0.43802 0.18577 0.46244 0.18750 0.46439 0.19097 0.47416 0.18750 0.47611 0.19097 0.48490 0.17882 0.49271 0.14757 0.47513 0.11979 0.48099 0.10590 0.48099 0.09548 0.48611 0.04217 0.47776 0.00000 0.45267 0.00000
7 0.80259 0.10351 0.80259 0.13129 0.80064 0.13476 0.80259 0.14518 0.79966 0.15386 0.79185 0.15386 0.78696 0.15906 0.78501 0.16601 0.78501 0.20073 0.78990 0.20594 0.79576 0.19205 0.79771 0.19552 0.80748 0.19552 0.80943 0.20246 0.81333 0.20246 0.81919 0.18511 0.82115 0.18858 0.82701 0.18858 0.83189 0.20420 0.83677 0.20941 0.84165 0.19031 0.84165 0.16254 0.83970 0.15559 0.83677 0.15038 0.83091 0.15733 0.82115 0.15733 0.81822 0.15212 0.82017 0.10698 0.82212 0.10351 0.82212 0.08614 0.82603 0.06531 0.82603 0.04101 0.82798 0.03754 0.82798 0.00629 0.81333 0.00455 0.80845 0.02018 0.80650 0.06879 0.80455 0.07226 0.80455 0.10004 0.80259 0.10351
5 0.00098 0.00000 0.00000 0.14757 0.02246 0.14930 0.03223 0.14236 0.04199 0.14236 0.04492 0.13715 0.04492 0.12673 0.04199 0.12153 0.01758 0.11979 0.00977 0.09202 0.00977 0.08160 0.01367 0.07812 0.01953 0.05729 0.01953 0.02604 0.01465 0.00000 0.00098 0.00000
6 1.00000 0.57308 0.78565 0.19348 0.69620 0.04838 0.65231 0.02864 0.56598 0.01751 0.53537 0.04992 0.47801 0.18543 0.32015 0.17909 0.32467 0.32622 0.42554 0.34137 0.19629 0.99653 1.00000 0.99479 1.00000 0.57308
6 0.26714 0.27161 0.25208 0.24308 0.24204 0.17621 0.00013 0.14767 0.00132 0.29619 0.22448 0.32333 0.25108 0.29034 0.26262 0.28945 0.26714 0.27161
7 0.45267 0.00000 0.44974 0.01215 0.44974 0.02257 0.44584 0.03298 0.44584 0.05035 0.44974 0.06771 0.44974 0.12327 0.43802 0.14062 0.43802 0.15452 0.43607 0.15798 0.43802 0.18577 0.46244 0.18750 0.46439 0.19097 0.47416 0.18750 0.47611 0.19097 0.48490 0.17882 0.49271 0.14757 0.47513 0.11979 0.48099 0.10590 0.48099 0.09548 0.48611 0.04217 0.47776 0.00000 0.45267 0.00000
7 0.80259 0.10351 0.80259 0.13129 0.80064 0.13476 0.80259 0.14518 0.79966 0.15386 0.79185 0.15386 0.78696 0.15906 0.78501 0.16601 0.78501 0.20073 0.78990 0.20594 0.79576 0.19205 0.79771 0.19552 0.80748 0.19552 0.80943 0.20246 0.81333 0.20246 0.81919 0.18511 0.82115 0.18858 0.82701 0.18858 0.83189 0.20420 0.83677 0.20941 0.84165 0.19031 0.84165 0.16254 0.83970 0.15559 0.83677 0.15038 0.83091 0.15733 0.82115 0.15733 0.81822 0.15212 0.82017 0.10698 0.82212 0.10351 0.82212 0.08614 0.82603 0.06531 0.82603 0.04101 0.82798 0.03754 0.82798 0.00629 0.81333 0.00455 0.80845 0.02018 0.80650 0.06879 0.80455 0.07226 0.80455 0.10004 0.80259 0.10351
5 0.00098 0.00000 0.00000 0.14757 0.02246 0.14930 0.03223 0.14236 0.04199 0.14236 0.04492 0.13715 0.04492 0.12673 0.04199 0.12153 0.01758 0.11979 0.00977 0.09202 0.00977 0.08160 0.01367 0.07812 0.01953 0.05729 0.01953 0.02604 0.01465 0.00000 0.00098 0.00000
6 1.00000 0.57308 0.78565 0.19348 0.69620 0.04838 0.65231 0.02864 0.56598 0.01751 0.53537 0.04992 0.47801 0.18543 0.32015 0.17909 0.32467 0.32622 0.42554 0.34137 0.19629 0.99653 1.00000 0.99479 1.00000 0.57308
6 0.26714 0.27161 0.25208 0.24308 0.24204 0.17621 0.00013 0.14767 0.00132 0.29619 0.22448 0.32333 0.25108 0.29034 0.26262 0.28945 0.26714 0.27161
7 0.45267 0.00000 0.44974 0.01215 0.44974 0.02257 0.44584 0.03298 0.44584 0.05035 0.44974 0.06771 0.44974 0.12327 0.43802 0.14062 0.43802 0.15452 0.43607 0.15798 0.43802 0.18577 0.46244 0.18750 0.46439 0.19097 0.47416 0.18750 0.47611 0.19097 0.48490 0.17882 0.49271 0.14757 0.47513 0.11979 0.48099 0.10590 0.48099 0.09548 0.48611 0.04217 0.47776 0.00000 0.45267 0.00000
7 0.80259 0.10351 0.80259 0.13129 0.80064 0.13476 0.80259 0.14518 0.79966 0.15386 0.79185 0.15386 0.78696 0.15906 0.78501 0.16601 0.78501 0.20073 0.78990 0.20594 0.79576 0.19205 0.79771 0.19552 0.80748 0.19552 0.80943 0.20246 0.81333 0.20246 0.81919 0.18511 0.82115 0.18858 0.82701 0.18858 0.83189 0.20420 0.83677 0.20941 0.84165 0.19031 0.84165 0.16254 0.83970 0.15559 0.83677 0.15038 0.83091 0.15733 0.82115 0.15733 0.81822 0.15212 0.82017 0.10698 0.82212 0.10351 0.82212 0.08614 0.82603 0.06531 0.82603 0.04101 0.82798 0.03754 0.82798 0.00629 0.81333 0.00455 0.80845 0.02018 0.80650 0.06879 0.80455 0.07226 0.80455 0.10004 0.80259 0.10351
5 0.00098 0.00000 0.00000 0.14757 0.02246 0.14930 0.03223 0.14236 0.04199 0.14236 0.04492 0.13715 0.04492 0.12673 0.04199 0.12153 0.01758 0.11979 0.00977 0.09202 0.00977 0.08160 0.01367 0.07812 0.01953 0.05729 0.01953 0.02604 0.01465 0.00000 0.00098 0.00000
