6 0.22341 1.00000 0.16494 0.96842 0.15979 0.96197 0.15561 0.96295 0.13438 0.94878 0.13021 0.94976 0.09865 0.92270 0.08147 0.92290 0.07889 0.91968 0.05336 0.92184 0.05078 0.91862 0.04779 0.91932 0.05848 1.00000 0.22341 1.00000
2 0.31358 1.00000 0.31935 0.99728 0.33617 0.97800 0.34451 0.97604 0.34641 0.96602 0.34543 0.95859 0.34156 0.95375 0.32904 0.95669 0.32438 0.95396 0.31308 0.93363 0.30265 0.93607 0.29731 0.92009 0.29583 0.90895 0.29853 0.89682 0.29816 0.87775 0.30196 0.85771 0.30097 0.85028 0.30489 0.81488 0.30206 0.77723 0.29562 0.76917 0.25229 0.78318 0.25070 0.78738 0.22615 0.79698 0.22167 0.80378 0.22622 0.82186 0.23653 0.83477 0.24009 0.84542 0.25348 0.86526 0.26011 0.88286 0.27042 0.89576 0.27398 0.90641 0.27914 0.91287 0.28148 0.94679 0.27142 0.96831 0.27388 0.98689 0.26207 1.00000 0.31358 1.00000
6 0.22341 1.00000 0.16494 0.96842 0.15979 0.96197 0.15561 0.96295 0.13438 0.94878 0.13021 0.94976 0.09865 0.92270 0.08147 0.92290 0.07889 0.91968 0.05336 0.92184 0.05078 0.91862 0.04779 0.91932 0.05848 1.00000 0.22341 1.00000
2 0.31358 1.00000 0.31935 0.99728 0.33617 0.97800 0.34451 0.97604 0.34641 0.96602 0.34543 0.95859 0.34156 0.95375 0.32904 0.95669 0.32438 0.95396 0.31308 0.93363 0.30265 0.93607 0.29731 0.92009 0.29583 0.90895 0.29853 0.89682 0.29816 0.87775 0.30196 0.85771 0.30097 0.85028 0.30489 0.81488 0.30206 0.77723 0.29562 0.76917 0.25229 0.78318 0.25070 0.78738 0.22615 0.79698 0.22167 0.80378 0.22622 0.82186 0.23653 0.83477 0.24009 0.84542 0.25348 0.86526 0.26011 0.88286 0.27042 0.89576 0.27398 0.90641 0.27914 0.91287 0.28148 0.94679 0.27142 0.96831 0.27388 0.98689 0.26207 1.00000 0.31358 1.00000
6 0.22341 1.00000 0.16494 0.96842 0.15979 0.96197 0.15561 0.96295 0.13438 0.94878 0.13021 0.94976 0.09865 0.92270 0.08147 0.92290 0.07889 0.91968 0.05336 0.92184 0.05078 0.91862 0.04779 0.91932 0.05848 1.00000 0.22341 1.00000
2 0.31358 1.00000 0.31935 0.99728 0.33617 0.97800 0.34451 0.97604 0.34641 0.96602 0.34543 0.95859 0.34156 0.95375 0.32904 0.95669 0.32438 0.95396 0.31308 0.93363 0.30265 0.93607 0.29731 0.92009 0.29583 0.90895 0.29853 0.89682 0.29816 0.87775 0.30196 0.85771 0.30097 0.85028 0.30489 0.81488 0.30206 0.77723 0.29562 0.76917 0.25229 0.78318 0.25070 0.78738 0.22615 0.79698 0.22167 0.80378 0.22622 0.82186 0.23653 0.83477 0.24009 0.84542 0.25348 0.86526 0.26011 0.88286 0.27042 0.89576 0.27398 0.90641 0.27914 0.91287 0.28148 0.94679 0.27142 0.96831 0.27388 0.98689 0.26207 1.00000 0.31358 1.00000
6 0.22341 1.00000 0.16494 0.96842 0.15979 0.96197 0.15561 0.96295 0.13438 0.94878 0.13021 0.94976 0.09865 0.92270 0.08147 0.92290 0.07889 0.91968 0.05336 0.92184 0.05078 0.91862 0.04779 0.91932 0.05848 1.00000 0.22341 1.00000
2 0.31358 1.00000 0.31935 0.99728 0.33617 0.97800 0.34451 0.97604 0.34641 0.96602 0.34543 0.95859 0.34156 0.95375 0.32904 0.95669 0.32438 0.95396 0.31308 0.93363 0.30265 0.93607 0.29731 0.92009 0.29583 0.90895 0.29853 0.89682 0.29816 0.87775 0.30196 0.85771 0.30097 0.85028 0.30489 0.81488 0.30206 0.77723 0.29562 0.76917 0.25229 0.78318 0.25070 0.78738 0.22615 0.79698 0.22167 0.80378 0.22622 0.82186 0.23653 0.83477 0.24009 0.84542 0.25348 0.86526 0.26011 0.88286 0.27042 0.89576 0.27398 0.90641 0.27914 0.91287 0.28148 0.94679 0.27142 0.96831 0.27388 0.98689 0.26207 1.00000 0.31358 1.00000
6 0.22341 1.00000 0.16494 0.96842 0.15979 0.96197 0.15561 0.96295 0.13438 0.94878 0.13021 0.94976 0.09865 0.92270 0.08147 0.92290 0.07889 0.91968 0.05336 0.92184 0.05078 0.91862 0.04779 0.91932 0.05848 1.00000 0.22341 1.00000
2 0.31358 1.00000 0.31935 0.99728 0.33617 0.97800 0.34451 0.97604 0.34641 0.96602 0.34543 0.95859 0.34156 0.95375 0.32904 0.95669 0.32438 0.95396 0.31308 0.93363 0.30265 0.93607 0.29731 0.92009 0.29583 0.90895 0.29853 0.89682 0.29816 0.87775 0.30196 0.85771 0.30097 0.85028 0.30489 0.81488 0.30206 0.77723 0.29562 0.76917 0.25229 0.78318 0.25070 0.78738 0.22615 0.79698 0.22167 0.80378 0.22622 0.82186 0.23653 0.83477 0.24009 0.84542 0.25348 0.86526 0.26011 0.88286 0.27042 0.89576 0.27398 0.90641 0.27914 0.91287 0.28148 0.94679 0.27142 0.96831 0.27388 0.98689 0.26207 1.00000 0.31358 1.00000
6 0.22341 1.00000 0.16494 0.96842 0.15979 0.96197 0.15561 0.96295 0.13438 0.94878 0.13021 0.94976 0.09865 0.92270 0.08147 0.92290 0.07889 0.91968 0.05336 0.92184 0.05078 0.91862 0.04779 0.91932 0.05848 1.00000 0.22341 1.00000
2 0.31358 1.00000 0.31935 0.99728 0.33617 0.97800 0.34451 0.97604 0.34641 0.96602 0.34543 0.95859 0.34156 0.95375 0.32904 0.95669 0.32438 0.95396 0.31308 0.93363 0.30265 0.93607 0.29731 0.92009 0.29583 0.90895 0.29853 0.89682 0.29816 0.87775 0.30196 0.85771 0.30097 0.85028 0.30489 0.81488 0.30206 0.77723 0.29562 0.76917 0.25229 0.78318 0.25070 0.78738 0.22615 0.79698 0.22167 0.80378 0.22622 0.82186 0.23653 0.83477 0.24009 0.84542 0.25348 0.86526 0.26011 0.88286 0.27042 0.89576 0.27398 0.90641 0.27914 0.91287 0.28148 0.94679 0.27142 0.96831 0.27388 0.98689 0.26207 1.00000 0.31358 1.00000
