6 0.03093 0.00000 0.01732 0.20725 0.21447 0.58343 0.26260 0.68391 0.29474 0.76356 0.28160 0.82133 0.25709 0.88963 0.16797 0.96321 0.48361 1.00000 0.96907 1.00000 1.00000 0.52908 1.00000 0.50214 0.87978 0.39147 0.69889 0.28889 0.39495 0.12209 0.21433 0.00050 0.21121 0.00000 0.03093 0.00000
5 0.45290 0.00000 0.45237 0.00881 0.45288 0.02550 0.46587 0.05967 0.46946 0.08791 0.45918 0.09971 0.46119 0.11360 0.43843 0.11485 0.43669 0.13025 0.47908 0.14754 0.51783 0.13125 0.51690 0.12079 0.49490 0.10851 0.49457 0.08434 0.48368 0.08307 0.48187 0.05491 0.49305 0.05585 0.50302 0.01848 0.50424 0.00000 0.45290 0.00000
6 0.06791 0.57404 0.06740 0.57398 0.06714 0.57788 0.06765 0.57794 0.06791 0.57404
6 0.03093 0.00000 0.01732 0.20725 0.21447 0.58343 0.26260 0.68391 0.29474 0.76356 0.28160 0.82133 0.25709 0.88963 0.16797 0.96321 0.48361 1.00000 0.96907 1.00000 1.00000 0.52908 1.00000 0.50214 0.87978 0.39147 0.69889 0.28889 0.39495 0.12209 0.21433 0.00050 0.21121 0.00000 0.03093 0.00000
5 0.45290 0.00000 0.45237 0.00881 0.45288 0.02550 0.46587 0.05967 0.46946 0.08791 0.45918 0.09971 0.46119 0.11360 0.43843 0.11485 0.43669 0.13025 0.47908 0.14754 0.51783 0.13125 0.51690 0.12079 0.49490 0.10851 0.49457 0.08434 0.48368 0.08307 0.48187 0.05491 0.49305 0.05585 0.50302 0.01848 0.50424 0.00000 0.45290 0.00000
6 0.06791 0.57404 0.06740 0.57398 0.06714 0.57788 0.06765 0.57794 0.06791 0.57404
6 0.03093 0.00000 0.01732 0.20725 0.21447 0.58343 0.26260 0.68391 0.29474 0.76356 0.28160 0.82133 0.25709 0.88963 0.16797 0.96321 0.48361 1.00000 0.96907 1.00000 1.00000 0.52908 1.00000 0.50214 0.87978 0.39147 0.69889 0.28889 0.39495 0.12209 0.21433 0.00050 0.21121 0.00000 0.03093 0.00000
5 0.45290 0.00000 0.45237 0.00881 0.45288 0.02550 0.46587 0.05967 0.46946 0.08791 0.45918 0.09971 0.46119 0.11360 0.43843 0.11485 0.43669 0.13025 0.47908 0.14754 0.51783 0.13125 0.51690 0.12079 0.49490 0.10851 0.49457 0.08434 0.48368 0.08307 0.48187 0.05491 0.49305 0.05585 0.50302 0.01848 0.50424 0.00000 0.45290 0.00000
6 0.06791 0.57404 0.06740 0.57398 0.06714 0.57788 0.06765 0.57794 0.06791 0.57404
6 0.03093 0.00000 0.01732 0.20725 0.21447 0.58343 0.26260 0.68391 0.29474 0.76356 0.28160 0.82133 0.25709 0.88963 0.16797 0.96321 0.48361 1.00000 0.96907 1.00000 1.00000 0.52908 1.00000 0.50214 0.87978 0.39147 0.69889 0.28889 0.39495 0.12209 0.21433 0.00050 0.21121 0.00000 0.03093 0.00000
5 0.45290 0.00000 0.45237 0.00881 0.45288 0.02550 0.46587 0.05967 0.46946 0.08791 0.45918 0.09971 0.46119 0.11360 0.43843 0.11485 0.43669 0.13025 0.47908 0.14754 0.51783 0.13125 0.51690 0.12079 0.49490 0.10851 0.49457 0.08434 0.48368 0.08307 0.48187 0.05491 0.49305 0.05585 0.50302 0.01848 0.50424 0.00000 0.45290 0.00000
6 0.06791 0.57404 0.06740 0.57398 0.06714 0.57788 0.06765 0.57794 0.06791 0.57404
6 0.03093 0.00000 0.01732 0.20725 0.21447 0.58343 0.26260 0.68391 0.29474 0.76356 0.28160 0.82133 0.25709 0.88963 0.16797 0.96321 0.48361 1.00000 0.96907 1.00000 1.00000 0.52908 1.00000 0.50214 0.87978 0.39147 0.69889 0.28889 0.39495 0.12209 0.21433 0.00050 0.21121 0.00000 0.03093 0.00000
5 0.45290 0.00000 0.45237 0.00881 0.45288 0.02550 0.46587 0.05967 0.46946 0.08791 0.45918 0.09971 0.46119 0.11360 0.43843 0.11485 0.43669 0.13025 0.47908 0.14754 0.51783 0.13125 0.51690 0.12079 0.49490 0.10851 0.49457 0.08434 0.48368 0.08307 0.48187 0.05491 0.49305 0.05585 0.50302 0.01848 0.50424 0.00000 0.45290 0.00000
6 0.06791 0.57404 0.06740 0.57398 0.06714 0.57788 0.06765 0.57794 0.06791 0.57404
6 0.03093 0.00000 0.01732 0.20725 0.21447 0.58343 0.26260 0.68391 0.29474 0.76356 0.28160 0.82133 0.25709 0.88963 0.16797 0.96321 0.48361 1.00000 0.96907 1.00000 1.00000 0.52908 1.00000 0.50214 0.87978 0.39147 0.69889 0.28889 0.39495 0.12209 0.21433 0.00050 0.21121 0.00000 0.03093 0.00000
5 0.45290 0.00000 0.45237 0.00881 0.45288 0.02550 0.46587 0.05967 0.46946 0.08791 0.45918 0.09971 0.46119 0.11360 0.43843 0.11485 0.43669 0.13025 0.47908 0.14754 0.51783 0.13125 0.51690 0.12079 0.49490 0.10851 0.49457 0.08434 0.48368 0.08307 0.48187 0.05491 0.49305 0.05585 0.50302 0.01848 0.50424 0.00000 0.45290 0.00000
6 0.06791 0.57404 0.06740 0.57398 0.06714 0.57788 0.06765 0.57794 0.06791 0.57404
