6 1.00000 0.82639 0.69401 0.47917 0.51042 0.25926 0.45313 0.19676 0.37240 0.16667 0.23047 0.15741 0.11719 0.16667 0.00000 0.18055 0.00000 0.26620 0.04948 0.24768 0.12630 0.23843 0.14974 0.25000 0.14974 0.26852 0.00000 0.96065 0.00000 1.00000 1.00000 1.00000 1.00000 0.82639
2 0.62598 0.32292 0.63184 0.33333 0.63477 0.33160 0.63477 0.31423 0.63672 0.31077 0.63477 0.29688 0.62793 0.29167 0.61621 0.29167 0.61133 0.27952 0.61133 0.27257 0.60840 0.26736 0.60059 0.26736 0.59570 0.25173 0.59570 0.23785 0.60547 0.19965 0.60547 0.19271 0.61133 0.17535 0.61328 0.15104 0.61719 0.13715 0.61719 0.12327 0.61914 0.11979 0.61719 0.11285 0.61230 0.10764 0.58691 0.11111 0.58496 0.11458 0.56934 0.11458 0.56738 0.11805 0.55371 0.11805 0.54492 0.12673 0.54492 0.13715 0.55664 0.16146 0.56836 0.20312 0.57813 0.22396 0.58008 0.24479 0.58203 0.24827 0.58203 0.27257 0.57227 0.27952 0.57031 0.28646 0.57227 0.30035 0.56934 0.30555 0.55957 0.30555 0.55566 0.30903 0.55273 0.31771 0.56543 0.33333 0.56934 0.33333 0.57910 0.34375 0.58203 0.34202 0.58691 0.32986 0.60840 0.32639 0.61816 0.31945 0.62598 0.32292
6 1.00000 0.82639 0.69401 0.47917 0.51042 0.25926 0.45313 0.19676 0.37240 0.16667 0.23047 0.15741 0.11719 0.16667 0.00000 0.18055 0.00000 0.26620 0.04948 0.24768 0.12630 0.23843 0.14974 0.25000 0.14974 0.26852 0.00000 0.96065 0.00000 1.00000 1.00000 1.00000 1.00000 0.82639
2 0.62598 0.32292 0.63184 0.33333 0.63477 0.33160 0.63477 0.31423 0.63672 0.31077 0.63477 0.29688 0.62793 0.29167 0.61621 0.29167 0.61133 0.27952 0.61133 0.27257 0.60840 0.26736 0.60059 0.26736 0.59570 0.25173 0.59570 0.23785 0.60547 0.19965 0.60547 0.19271 0.61133 0.17535 0.61328 0.15104 0.61719 0.13715 0.61719 0.12327 0.61914 0.11979 0.61719 0.11285 0.61230 0.10764 0.58691 0.11111 0.58496 0.11458 0.56934 0.11458 0.56738 0.11805 0.55371 0.11805 0.54492 0.12673 0.54492 0.13715 0.55664 0.16146 0.56836 0.20312 0.57813 0.22396 0.58008 0.24479 0.58203 0.24827 0.58203 0.27257 0.57227 0.27952 0.57031 0.28646 0.57227 0.30035 0.56934 0.30555 0.55957 0.30555 0.55566 0.30903 0.55273 0.31771 0.56543 0.33333 0.56934 0.33333 0.57910 0.34375 0.58203 0.34202 0.58691 0.32986 0.60840 0.32639 0.61816 0.31945 0.62598 0.32292
6 1.00000 0.82639 0.69401 0.47917 0.51042 0.25926 0.45313 0.19676 0.37240 0.16667 0.23047 0.15741 0.11719 0.16667 0.00000 0.18055 0.00000 0.26620 0.04948 0.24768 0.12630 0.23843 0.14974 0.25000 0.14974 0.26852 0.00000 0.96065 0.00000 1.00000 1.00000 1.00000 1.00000 0.82639
2 0.62598 0.32292 0.63184 0.33333 0.63477 0.33160 0.63477 0.31423 0.63672 0.31077 0.63477 0.29688 0.62793 0.29167 0.61621 0.29167 0.61133 0.27952 0.61133 0.27257 0.60840 0.26736 0.60059 0.26736 0.59570 0.25173 0.59570 0.23785 0.60547 0.19965 0.60547 0.19271 0.61133 0.17535 0.61328 0.15104 0.61719 0.13715 0.61719 0.12327 0.61914 0.11979 0.61719 0.11285 0.61230 0.10764 0.58691 0.11111 0.58496 0.11458 0.56934 0.11458 0.56738 0.11805 0.55371 0.11805 0.54492 0.12673 0.54492 0.13715 0.55664 0.16146 0.56836 0.20312 0.57813 0.22396 0.58008 0.24479 0.58203 0.24827 0.58203 0.27257 0.57227 0.27952 0.57031 0.28646 0.57227 0.30035 0.56934 0.30555 0.55957 0.30555 0.55566 0.30903 0.55273 0.31771 0.56543 0.33333 0.56934 0.33333 0.57910 0.34375 0.58203 0.34202 0.58691 0.32986 0.60840 0.32639 0.61816 0.31945 0.62598 0.32292
6 1.00000 0.82639 0.69401 0.47917 0.51042 0.25926 0.45313 0.19676 0.37240 0.16667 0.23047 0.15741 0.11719 0.16667 0.00000 0.18055 0.00000 0.26620 0.04948 0.24768 0.12630 0.23843 0.14974 0.25000 0.14974 0.26852 0.00000 0.96065 0.00000 1.00000 1.00000 1.00000 1.00000 0.82639
2 0.62598 0.32292 0.63184 0.33333 0.63477 0.33160 0.63477 0.31423 0.63672 0.31077 0.63477 0.29688 0.62793 0.29167 0.61621 0.29167 0.61133 0.27952 0.61133 0.27257 0.60840 0.26736 0.60059 0.26736 0.59570 0.25173 0.59570 0.23785 0.60547 0.19965 0.60547 0.19271 0.61133 0.17535 0.61328 0.15104 0.61719 0.13715 0.61719 0.12327 0.61914 0.11979 0.61719 0.11285 0.61230 0.10764 0.58691 0.11111 0.58496 0.11458 0.56934 0.11458 0.56738 0.11805 0.55371 0.11805 0.54492 0.12673 0.54492 0.13715 0.55664 0.16146 0.56836 0.20312 0.57813 0.22396 0.58008 0.24479 0.58203 0.24827 0.58203 0.27257 0.57227 0.27952 0.57031 0.28646 0.57227 0.30035 0.56934 0.30555 0.55957 0.30555 0.55566 0.30903 0.55273 0.31771 0.56543 0.33333 0.56934 0.33333 0.57910 0.34375 0.58203 0.34202 0.58691 0.32986 0.60840 0.32639 0.61816 0.31945 0.62598 0.32292
6 1.00000 0.82639 0.69401 0.47917 0.51042 0.25926 0.45313 0.19676 0.37240 0.16667 0.23047 0.15741 0.11719 0.16667 0.00000 0.18055 0.00000 0.26620 0.04948 0.24768 0.12630 0.23843 0.14974 0.25000 0.14974 0.26852 0.00000 0.96065 0.00000 1.00000 1.00000 1.00000 1.00000 0.82639
2 0.62598 0.32292 0.63184 0.33333 0.63477 0.33160 0.63477 0.31423 0.63672 0.31077 0.63477 0.29688 0.62793 0.29167 0.61621 0.29167 0.61133 0.27952 0.61133 0.27257 0.60840 0.26736 0.60059 0.26736 0.59570 0.25173 0.59570 0.23785 0.60547 0.19965 0.60547 0.19271 0.61133 0.17535 0.61328 0.15104 0.61719 0.13715 0.61719 0.12327 0.61914 0.11979 0.61719 0.11285 0.61230 0.10764 0.58691 0.11111 0.58496 0.11458 0.56934 0.11458 0.56738 0.11805 0.55371 0.11805 0.54492 0.12673 0.54492 0.13715 0.55664 0.16146 0.56836 0.20312 0.57813 0.22396 0.58008 0.24479 0.58203 0.24827 0.58203 0.27257 0.57227 0.27952 0.57031 0.28646 0.57227 0.30035 0.56934 0.30555 0.55957 0.30555 0.55566 0.30903 0.55273 0.31771 0.56543 0.33333 0.56934 0.33333 0.57910 0.34375 0.58203 0.34202 0.58691 0.32986 0.60840 0.32639 0.61816 0.31945 0.62598 0.32292
