6 1.00000 0.79810 0.85692 0.58540 0.62538 0.27689 0.57762 0.25118 0.50501 0.22959 0.38780 0.23216 0.00000 0.28331 0.00000 0.38770 0.24019 0.35557 0.26479 0.38642 0.04194 1.00000 1.00000 0.99486 1.00000 0.79810
5 1.00000 0.35557 0.97967 0.48925 0.99414 0.55867 0.98546 0.60237 0.92902 0.64608 1.00000 0.74635 1.00000 0.35557
6 1.00000 0.79810 0.85692 0.58540 0.62538 0.27689 0.57762 0.25118 0.50501 0.22959 0.38780 0.23216 0.00000 0.28331 0.00000 0.38770 0.24019 0.35557 0.26479 0.38642 0.04194 1.00000 1.00000 0.99486 1.00000 0.79810
5 1.00000 0.35557 0.97967 0.48925 0.99414 0.55867 0.98546 0.60237 0.92902 0.64608 1.00000 0.74635 1.00000 0.35557
6 1.00000 0.79810 0.85692 0.58540 0.62538 0.27689 0.57762 0.25118 0.50501 0.22959 0.38780 0.23216 0.00000 0.28331 0.00000 0.38770 0.24019 0.35557 0.26479 0.38642 0.04194 1.00000 1.00000 0.99486 1.00000 0.79810
5 1.00000 0.35557 0.97967 0.48925 0.99414 0.55867 0.98546 0.60237 0.92902 0.64608 1.00000 0.74635 1.00000 0.35557
6 1.00000 0.79810 0.85692 0.58540 0.62538 0.27689 0.57762 0.25118 0.50501 0.22959 0.38780 0.23216 0.00000 0.28331 0.00000 0.38770 0.24019 0.35557 0.26479 0.38642 0.04194 1.00000 1.00000 0.99486 1.00000 0.79810
5 1.00000 0.35557 0.97967 0.48925 0.99414 0.55867 0.98546 0.60237 0.92902 0.64608 1.00000 0.74635 1.00000 0.35557
6 1.00000 0.79810 0.85692 0.58540 0.62538 0.27689 0.57762 0.25118 0.50501 0.22959 0.38780 0.23216 0.00000 0.28331 0.00000 0.38770 0.24019 0.35557 0.26479 0.38642 0.04194 1.00000 1.00000 0.99486 1.00000 0.79810
5 1.00000 0.35557 0.97967 0.48925 0.99414 0.55867 0.98546 0.60237 0.92902 0.64608 1.00000 0.74635 1.00000 0.35557
6 1.00000 0.79810 0.85692 0.58540 0.62538 0.27689 0.57762 0.25118 0.50501 0.22959 0.38780 0.23216 0.00000 0.28331 0.00000 0.38770 0.24019 0.35557 0.26479 0.38642 0.04194 1.00000 1.00000 0.99486 1.00000 0.79810
5 1.00000 0.35557 0.97967 0.48925 0.99414 0.55867 0.98546 0.60237 0.92902 0.64608 1.00000 0.74635 1.00000 0.35557
