6 0.00000 0.89028 0.20567 0.93858 0.20058 0.93087 0.16038 0.89609 0.14296 0.87390 0.13506 0.87205 0.11868 0.85734 0.11368 0.84893 0.08092 0.81952 0.07593 0.81111 0.06257 0.80435 0.04468 0.78567 0.03875 0.78427 0.02087 0.76559 0.01494 0.76420 0.00251 0.75043 0.00000 0.74876 0.00000 0.89028
2 0.09109 0.70427 0.09678 0.67664 0.10503 0.66048 0.10596 0.65346 0.11130 0.64386 0.11223 0.63684 0.11758 0.62723 0.12768 0.59704 0.13094 0.57246 0.12867 0.56650 0.10497 0.56093 0.10253 0.56398 0.05862 0.55729 0.05055 0.56444 0.04962 0.57146 0.05217 0.58292 0.05972 0.60279 0.06948 0.65214 0.07401 0.66406 0.07610 0.67903 0.07378 0.69658 0.07529 0.70055 0.07297 0.71811 0.05926 0.72937 0.05601 0.75394 0.03411 0.75785 0.03149 0.76990 0.03573 0.77633 0.07053 0.78269 0.07813 0.77905 0.09440 0.77925 0.10567 0.77104 0.12710 0.77064 0.12896 0.75660 0.12670 0.75064 0.10892 0.74646 0.10515 0.73652 0.10608 0.72950 0.10381 0.72354 0.09243 0.71725 0.09109 0.70427
6 0.00000 0.89028 0.20567 0.93858 0.20058 0.93087 0.16038 0.89609 0.14296 0.87390 0.13506 0.87205 0.11868 0.85734 0.11368 0.84893 0.08092 0.81952 0.07593 0.81111 0.06257 0.80435 0.04468 0.78567 0.03875 0.78427 0.02087 0.76559 0.01494 0.76420 0.00251 0.75043 0.00000 0.74876 0.00000 0.89028
2 0.09109 0.70427 0.09678 0.67664 0.10503 0.66048 0.10596 0.65346 0.11130 0.64386 0.11223 0.63684 0.11758 0.62723 0.12768 0.59704 0.13094 0.57246 0.12867 0.56650 0.10497 0.56093 0.10253 0.56398 0.05862 0.55729 0.05055 0.56444 0.04962 0.57146 0.05217 0.58292 0.05972 0.60279 0.06948 0.65214 0.07401 0.66406 0.07610 0.67903 0.07378 0.69658 0.07529 0.70055 0.07297 0.71811 0.05926 0.72937 0.05601 0.75394 0.03411 0.75785 0.03149 0.76990 0.03573 0.77633 0.07053 0.78269 0.07813 0.77905 0.09440 0.77925 0.10567 0.77104 0.12710 0.77064 0.12896 0.75660 0.12670 0.75064 0.10892 0.74646 0.10515 0.73652 0.10608 0.72950 0.10381 0.72354 0.09243 0.71725 0.09109 0.70427
6 0.00000 0.89028 0.20567 0.93858 0.20058 0.93087 0.16038 0.89609 0.14296 0.87390 0.13506 0.87205 0.11868 0.85734 0.11368 0.84893 0.08092 0.81952 0.07593 0.81111 0.06257 0.80435 0.04468 0.78567 0.03875 0.78427 0.02087 0.76559 0.01494 0.76420 0.00251 0.75043 0.00000 0.74876 0.00000 0.89028
2 0.09109 0.70427 0.09678 0.67664 0.10503 0.66048 0.10596 0.65346 0.11130 0.64386 0.11223 0.63684 0.11758 0.62723 0.12768 0.59704 0.13094 0.57246 0.12867 0.56650 0.10497 0.56093 0.10253 0.56398 0.05862 0.55729 0.05055 0.56444 0.04962 0.57146 0.05217 0.58292 0.05972 0.60279 0.06948 0.65214 0.07401 0.66406 0.07610 0.67903 0.07378 0.69658 0.07529 0.70055 0.07297 0.71811 0.05926 0.72937 0.05601 0.75394 0.03411 0.75785 0.03149 0.76990 0.03573 0.77633 0.07053 0.78269 0.07813 0.77905 0.09440 0.77925 0.10567 0.77104 0.12710 0.77064 0.12896 0.75660 0.12670 0.75064 0.10892 0.74646 0.10515 0.73652 0.10608 0.72950 0.10381 0.72354 0.09243 0.71725 0.09109 0.70427
6 0.00000 0.89028 0.20567 0.93858 0.20058 0.93087 0.16038 0.89609 0.14296 0.87390 0.13506 0.87205 0.11868 0.85734 0.11368 0.84893 0.08092 0.81952 0.07593 0.81111 0.06257 0.80435 0.04468 0.78567 0.03875 0.78427 0.02087 0.76559 0.01494 0.76420 0.00251 0.75043 0.00000 0.74876 0.00000 0.89028
2 0.09109 0.70427 0.09678 0.67664 0.10503 0.66048 0.10596 0.65346 0.11130 0.64386 0.11223 0.63684 0.11758 0.62723 0.12768 0.59704 0.13094 0.57246 0.12867 0.56650 0.10497 0.56093 0.10253 0.56398 0.05862 0.55729 0.05055 0.56444 0.04962 0.57146 0.05217 0.58292 0.05972 0.60279 0.06948 0.65214 0.07401 0.66406 0.07610 0.67903 0.07378 0.69658 0.07529 0.70055 0.07297 0.71811 0.05926 0.72937 0.05601 0.75394 0.03411 0.75785 0.03149 0.76990 0.03573 0.77633 0.07053 0.78269 0.07813 0.77905 0.09440 0.77925 0.10567 0.77104 0.12710 0.77064 0.12896 0.75660 0.12670 0.75064 0.10892 0.74646 0.10515 0.73652 0.10608 0.72950 0.10381 0.72354 0.09243 0.71725 0.09109 0.70427
6 0.00000 0.89028 0.20567 0.93858 0.20058 0.93087 0.16038 0.89609 0.14296 0.87390 0.13506 0.87205 0.11868 0.85734 0.11368 0.84893 0.08092 0.81952 0.07593 0.81111 0.06257 0.80435 0.04468 0.78567 0.03875 0.78427 0.02087 0.76559 0.01494 0.76420 0.00251 0.75043 0.00000 0.74876 0.00000 0.89028
2 0.09109 0.70427 0.09678 0.67664 0.10503 0.66048 0.10596 0.65346 0.11130 0.64386 0.11223 0.63684 0.11758 0.62723 0.12768 0.59704 0.13094 0.57246 0.12867 0.56650 0.10497 0.56093 0.10253 0.56398 0.05862 0.55729 0.05055 0.56444 0.04962 0.57146 0.05217 0.58292 0.05972 0.60279 0.06948 0.65214 0.07401 0.66406 0.07610 0.67903 0.07378 0.69658 0.07529 0.70055 0.07297 0.71811 0.05926 0.72937 0.05601 0.75394 0.03411 0.75785 0.03149 0.76990 0.03573 0.77633 0.07053 0.78269 0.07813 0.77905 0.09440 0.77925 0.10567 0.77104 0.12710 0.77064 0.12896 0.75660 0.12670 0.75064 0.10892 0.74646 0.10515 0.73652 0.10608 0.72950 0.10381 0.72354 0.09243 0.71725 0.09109 0.70427
6 0.00000 0.89028 0.20567 0.93858 0.20058 0.93087 0.16038 0.89609 0.14296 0.87390 0.13506 0.87205 0.11868 0.85734 0.11368 0.84893 0.08092 0.81952 0.07593 0.81111 0.06257 0.80435 0.04468 0.78567 0.03875 0.78427 0.02087 0.76559 0.01494 0.76420 0.00251 0.75043 0.00000 0.74876 0.00000 0.89028
2 0.09109 0.70427 0.09678 0.67664 0.10503 0.66048 0.10596 0.65346 0.11130 0.64386 0.11223 0.63684 0.11758 0.62723 0.12768 0.59704 0.13094 0.57246 0.12867 0.56650 0.10497 0.56093 0.10253 0.56398 0.05862 0.55729 0.05055 0.56444 0.04962 0.57146 0.05217 0.58292 0.05972 0.60279 0.06948 0.65214 0.07401 0.66406 0.07610 0.67903 0.07378 0.69658 0.07529 0.70055 0.07297 0.71811 0.05926 0.72937 0.05601 0.75394 0.03411 0.75785 0.03149 0.76990 0.03573 0.77633 0.07053 0.78269 0.07813 0.77905 0.09440 0.77925 0.10567 0.77104 0.12710 0.77064 0.12896 0.75660 0.12670 0.75064 0.10892 0.74646 0.10515 0.73652 0.10608 0.72950 0.10381 0.72354 0.09243 0.71725 0.09109 0.70427
