6 0.00000 0.23611 0.19271 0.24074 0.23307 0.26620 0.23828 0.27083 0.25000 0.22917 0.27213 0.23380 0.27604 0.21991 0.27474 0.20370 0.26823 0.19676 0.26432 0.19445 0.25781 0.17361 0.25781 0.15509 0.25391 0.13889 0.00000 0.11343 0.00000 0.23611
6 1.00000 0.56945 0.68750 0.00695 0.52604 0.00232 0.47135 0.14120 0.29557 0.13889 0.29167 0.15509 0.29167 0.17593 0.29036 0.21065 0.29687 0.21065 0.29818 0.24074 0.32943 0.24074 0.32943 0.27315 0.41927 0.28935 0.17448 1.00000 1.00000 1.00000 1.00000 0.56945
6 0.00000 0.23611 0.19271 0.24074 0.23307 0.26620 0.23828 0.27083 0.25000 0.22917 0.27213 0.23380 0.27604 0.21991 0.27474 0.20370 0.26823 0.19676 0.26432 0.19445 0.25781 0.17361 0.25781 0.15509 0.25391 0.13889 0.00000 0.11343 0.00000 0.23611
6 1.00000 0.56945 0.68750 0.00695 0.52604 0.00232 0.47135 0.14120 0.29557 0.13889 0.29167 0.15509 0.29167 0.17593 0.29036 0.21065 0.29687 0.21065 0.29818 0.24074 0.32943 0.24074 0.32943 0.27315 0.41927 0.28935 0.17448 1.00000 1.00000 1.00000 1.00000 0.56945
6 0.00000 0.23611 0.19271 0.24074 0.23307 0.26620 0.23828 0.27083 0.25000 0.22917 0.27213 0.23380 0.27604 0.21991 0.27474 0.20370 0.26823 0.19676 0.26432 0.19445 0.25781 0.17361 0.25781 0.15509 0.25391 0.13889 0.00000 0.11343 0.00000 0.23611
6 1.00000 0.56945 0.68750 0.00695 0.52604 0.00232 0.47135 0.14120 0.29557 0.13889 0.29167 0.15509 0.29167 0.17593 0.29036 0.21065 0.29687 0.21065 0.29818 0.24074 0.32943 0.24074 0.32943 0.27315 0.41927 0.28935 0.17448 1.00000 1.00000 1.00000 1.00000 0.56945
6 0.00000 0.23611 0.19271 0.24074 0.23307 0.26620 0.23828 0.27083 0.25000 0.22917 0.27213 0.23380 0.27604 0.21991 0.27474 0.20370 0.26823 0.19676 0.26432 0.19445 0.25781 0.17361 0.25781 0.15509 0.25391 0.13889 0.00000 0.11343 0.00000 0.23611
6 1.00000 0.56945 0.68750 0.00695 0.52604 0.00232 0.47135 0.14120 0.29557 0.13889 0.29167 0.15509 0.29167 0.17593 0.29036 0.21065 0.29687 0.21065 0.29818 0.24074 0.32943 0.24074 0.32943 0.27315 0.41927 0.28935 0.17448 1.00000 1.00000 1.00000 1.00000 0.56945
6 0.00000 0.23611 0.19271 0.24074 0.23307 0.26620 0.23828 0.27083 0.25000 0.22917 0.27213 0.23380 0.27604 0.21991 0.27474 0.20370 0.26823 0.19676 0.26432 0.19445 0.25781 0.17361 0.25781 0.15509 0.25391 0.13889 0.00000 0.11343 0.00000 0.23611
6 1.00000 0.56945 0.68750 0.00695 0.52604 0.00232 0.47135 0.14120 0.29557 0.13889 0.29167 0.15509 0.29167 0.17593 0.29036 0.21065 0.29687 0.21065 0.29818 0.24074 0.32943 0.24074 0.32943 0.27315 0.41927 0.28935 0.17448 1.00000 1.00000 1.00000 1.00000 0.56945
6 0.00000 0.23611 0.19271 0.24074 0.23307 0.26620 0.23828 0.27083 0.25000 0.22917 0.27213 0.23380 0.27604 0.21991 0.27474 0.20370 0.26823 0.19676 0.26432 0.19445 0.25781 0.17361 0.25781 0.15509 0.25391 0.13889 0.00000 0.11343 0.00000 0.23611
6 1.00000 0.56945 0.68750 0.00695 0.52604 0.00232 0.47135 0.14120 0.29557 0.13889 0.29167 0.15509 0.29167 0.17593 0.29036 0.21065 0.29687 0.21065 0.29818 0.24074 0.32943 0.24074 0.32943 0.27315 0.41927 0.28935 0.17448 1.00000 1.00000 1.00000 1.00000 0.56945
