6 0.27655 0.24706 0.26496 0.22988 0.25896 0.20344 0.24979 0.19588 0.25499 0.15095 0.00957 0.12324 0.00589 0.26387 0.23472 0.31170 0.24413 0.30976 0.25290 0.28163 0.27434 0.28025 0.27782 0.24950 0.27655 0.24706
6 0.98720 1.00000 0.99770 0.59945 0.72840 0.05407 0.55076 0.04343 0.50039 0.17900 0.31110 0.15355 0.29967 0.18156 0.29805 0.24331 0.30239 0.28155 0.33980 0.28330 0.32806 0.32317 0.43050 0.34458 0.17782 0.98532 0.49345 1.00000 0.98720 1.00000
7 0.80871 0.16719 0.80489 0.15988 0.80183 0.16152 0.79517 0.18618 0.79461 0.20755 0.79747 0.21304 0.80148 0.21322 0.80367 0.20619 0.80558 0.20985 0.81961 0.21050 0.82152 0.21416 0.82791 0.20018 0.83191 0.20037 0.83574 0.20768 0.84175 0.20796 0.84548 0.21884 0.84853 0.21720 0.85310 0.19601 0.85375 0.17107 0.85194 0.16385 0.84898 0.16193 0.84583 0.16713 0.84555 0.17782 0.84030 0.18649 0.83229 0.18612 0.82942 0.18064 0.83026 0.14857 0.83236 0.14511 0.83301 0.12017 0.83758 0.09898 0.83824 0.07404 0.84033 0.07057 0.84089 0.04920 0.84299 0.04573 0.84378 0.01569 0.82804 0.01495 0.82314 0.03767 0.81955 0.09814 0.81498 0.11933 0.81395 0.15852 0.81577 0.16573 0.80871 0.16719
7 0.46761 0.00000 0.46668 0.01039 0.46230 0.02445 0.46165 0.04939 0.46519 0.06739 0.46463 0.08877 0.46253 0.09223 0.46197 0.11361 0.46388 0.11727 0.44939 0.13443 0.44827 0.17718 0.45705 0.18650 0.49017 0.18626 0.49856 0.17238 0.50541 0.14060 0.49490 0.12049 0.48994 0.11848 0.49031 0.10423 0.49260 0.09363 0.51348 0.06250 0.51613 0.03766 0.51087 0.00888 0.50623 0.00000 0.46761 0.00000
6 0.27655 0.24706 0.26496 0.22988 0.25896 0.20344 0.24979 0.19588 0.25499 0.15095 0.00957 0.12324 0.00589 0.26387 0.23472 0.31170 0.24413 0.30976 0.25290 0.28163 0.27434 0.28025 0.27782 0.24950 0.27655 0.24706
6 0.98720 1.00000 0.99770 0.59945 0.72840 0.05407 0.55076 0.04343 0.50039 0.17900 0.31110 0.15355 0.29967 0.18156 0.29805 0.24331 0.30239 0.28155 0.33980 0.28330 0.32806 0.32317 0.43050 0.34458 0.17782 0.98532 0.49345 1.00000 0.98720 1.00000
7 0.80871 0.16719 0.80489 0.15988 0.80183 0.16152 0.79517 0.18618 0.79461 0.20755 0.79747 0.21304 0.80148 0.21322 0.80367 0.20619 0.80558 0.20985 0.81961 0.21050 0.82152 0.21416 0.82791 0.20018 0.83191 0.20037 0.83574 0.20768 0.84175 0.20796 0.84548 0.21884 0.84853 0.21720 0.85310 0.19601 0.85375 0.17107 0.85194 0.16385 0.84898 0.16193 0.84583 0.16713 0.84555 0.17782 0.84030 0.18649 0.83229 0.18612 0.82942 0.18064 0.83026 0.14857 0.83236 0.14511 0.83301 0.12017 0.83758 0.09898 0.83824 0.07404 0.84033 0.07057 0.84089 0.04920 0.84299 0.04573 0.84378 0.01569 0.82804 0.01495 0.82314 0.03767 0.81955 0.09814 0.81498 0.11933 0.81395 0.15852 0.81577 0.16573 0.80871 0.16719
7 0.46761 0.00000 0.46668 0.01039 0.46230 0.02445 0.46165 0.04939 0.46519 0.06739 0.46463 0.08877 0.46253 0.09223 0.46197 0.11361 0.46388 0.11727 0.44939 0.13443 0.44827 0.17718 0.45705 0.18650 0.49017 0.18626 0.49856 0.17238 0.50541 0.14060 0.49490 0.12049 0.48994 0.11848 0.49031 0.10423 0.49260 0.09363 0.51348 0.06250 0.51613 0.03766 0.51087 0.00888 0.50623 0.00000 0.46761 0.00000
6 0.27655 0.24706 0.26496 0.22988 0.25896 0.20344 0.24979 0.19588 0.25499 0.15095 0.00957 0.12324 0.00589 0.26387 0.23472 0.31170 0.24413 0.30976 0.25290 0.28163 0.27434 0.28025 0.27782 0.24950 0.27655 0.24706
6 0.98720 1.00000 0.99770 0.59945 0.72840 0.05407 0.55076 0.04343 0.50039 0.17900 0.31110 0.15355 0.29967 0.18156 0.29805 0.24331 0.30239 0.28155 0.33980 0.28330 0.32806 0.32317 0.43050 0.34458 0.17782 0.98532 0.49345 1.00000 0.98720 1.00000
7 0.80871 0.16719 0.80489 0.15988 0.80183 0.16152 0.79517 0.18618 0.79461 0.20755 0.79747 0.21304 0.80148 0.21322 0.80367 0.20619 0.80558 0.20985 0.81961 0.21050 0.82152 0.21416 0.82791 0.20018 0.83191 0.20037 0.83574 0.20768 0.84175 0.20796 0.84548 0.21884 0.84853 0.21720 0.85310 0.19601 0.85375 0.17107 0.85194 0.16385 0.84898 0.16193 0.84583 0.16713 0.84555 0.17782 0.84030 0.18649 0.83229 0.18612 0.82942 0.18064 0.83026 0.14857 0.83236 0.14511 0.83301 0.12017 0.83758 0.09898 0.83824 0.07404 0.84033 0.07057 0.84089 0.04920 0.84299 0.04573 0.84378 0.01569 0.82804 0.01495 0.82314 0.03767 0.81955 0.09814 0.81498 0.11933 0.81395 0.15852 0.81577 0.16573 0.80871 0.16719
7 0.46761 0.00000 0.46668 0.01039 0.46230 0.02445 0.46165 0.04939 0.46519 0.06739 0.46463 0.08877 0.46253 0.09223 0.46197 0.11361 0.46388 0.11727 0.44939 0.13443 0.44827 0.17718 0.45705 0.18650 0.49017 0.18626 0.49856 0.17238 0.50541 0.14060 0.49490 0.12049 0.48994 0.11848 0.49031 0.10423 0.49260 0.09363 0.51348 0.06250 0.51613 0.03766 0.51087 0.00888 0.50623 0.00000 0.46761 0.00000
6 0.27655 0.24706 0.26496 0.22988 0.25896 0.20344 0.24979 0.19588 0.25499 0.15095 0.00957 0.12324 0.00589 0.26387 0.23472 0.31170 0.24413 0.30976 0.25290 0.28163 0.27434 0.28025 0.27782 0.24950 0.27655 0.24706
6 0.98720 1.00000 0.99770 0.59945 0.72840 0.05407 0.55076 0.04343 0.50039 0.17900 0.31110 0.15355 0.29967 0.18156 0.29805 0.24331 0.30239 0.28155 0.33980 0.28330 0.32806 0.32317 0.43050 0.34458 0.17782 0.98532 0.49345 1.00000 0.98720 1.00000
7 0.80871 0.16719 0.80489 0.15988 0.80183 0.16152 0.79517 0.18618 0.79461 0.20755 0.79747 0.21304 0.80148 0.21322 0.80367 0.20619 0.80558 0.20985 0.81961 0.21050 0.82152 0.21416 0.82791 0.20018 0.83191 0.20037 0.83574 0.20768 0.84175 0.20796 0.84548 0.21884 0.84853 0.21720 0.85310 0.19601 0.85375 0.17107 0.85194 0.16385 0.84898 0.16193 0.84583 0.16713 0.84555 0.17782 0.84030 0.18649 0.83229 0.18612 0.82942 0.18064 0.83026 0.14857 0.83236 0.14511 0.83301 0.12017 0.83758 0.09898 0.83824 0.07404 0.84033 0.07057 0.84089 0.04920 0.84299 0.04573 0.84378 0.01569 0.82804 0.01495 0.82314 0.03767 0.81955 0.09814 0.81498 0.11933 0.81395 0.15852 0.81577 0.16573 0.80871 0.16719
7 0.46761 0.00000 0.46668 0.01039 0.46230 0.02445 0.46165 0.04939 0.46519 0.06739 0.46463 0.08877 0.46253 0.09223 0.46197 0.11361 0.46388 0.11727 0.44939 0.13443 0.44827 0.17718 0.45705 0.18650 0.49017 0.18626 0.49856 0.17238 0.50541 0.14060 0.49490 0.12049 0.48994 0.11848 0.49031 0.10423 0.49260 0.09363 0.51348 0.06250 0.51613 0.03766 0.51087 0.00888 0.50623 0.00000 0.46761 0.00000
6 0.27655 0.24706 0.26496 0.22988 0.25896 0.20344 0.24979 0.19588 0.25499 0.15095 0.00957 0.12324 0.00589 0.26387 0.23472 0.31170 0.24413 0.30976 0.25290 0.28163 0.27434 0.28025 0.27782 0.24950 0.27655 0.24706
6 0.98720 1.00000 0.99770 0.59945 0.72840 0.05407 0.55076 0.04343 0.50039 0.17900 0.31110 0.15355 0.29967 0.18156 0.29805 0.24331 0.30239 0.28155 0.33980 0.28330 0.32806 0.32317 0.43050 0.34458 0.17782 0.98532 0.49345 1.00000 0.98720 1.00000
7 0.80871 0.16719 0.80489 0.15988 0.80183 0.16152 0.79517 0.18618 0.79461 0.20755 0.79747 0.21304 0.80148 0.21322 0.80367 0.20619 0.80558 0.20985 0.81961 0.21050 0.82152 0.21416 0.82791 0.20018 0.83191 0.20037 0.83574 0.20768 0.84175 0.20796 0.84548 0.21884 0.84853 0.21720 0.85310 0.19601 0.85375 0.17107 0.85194 0.16385 0.84898 0.16193 0.84583 0.16713 0.84555 0.17782 0.84030 0.18649 0.83229 0.18612 0.82942 0.18064 0.83026 0.14857 0.83236 0.14511 0.83301 0.12017 0.83758 0.09898 0.83824 0.07404 0.84033 0.07057 0.84089 0.04920 0.84299 0.04573 0.84378 0.01569 0.82804 0.01495 0.82314 0.03767 0.81955 0.09814 0.81498 0.11933 0.81395 0.15852 0.81577 0.16573 0.80871 0.16719
7 0.46761 0.00000 0.46668 0.01039 0.46230 0.02445 0.46165 0.04939 0.46519 0.06739 0.46463 0.08877 0.46253 0.09223 0.46197 0.11361 0.46388 0.11727 0.44939 0.13443 0.44827 0.17718 0.45705 0.18650 0.49017 0.18626 0.49856 0.17238 0.50541 0.14060 0.49490 0.12049 0.48994 0.11848 0.49031 0.10423 0.49260 0.09363 0.51348 0.06250 0.51613 0.03766 0.51087 0.00888 0.50623 0.00000 0.46761 0.00000
