7 0.33249 0.45034 0.32710 0.44518 0.32517 0.44900 0.30559 0.45221 0.30791 0.51107 0.31012 0.51461 0.31624 0.61746 0.32082 0.62821 0.32110 0.63557 0.32553 0.64264 0.33140 0.68649 0.33694 0.69533 0.33997 0.69327 0.34507 0.69107 0.34988 0.68152 0.34752 0.67430 0.35743 0.66254 0.35657 0.64047 0.35435 0.63694 0.35267 0.62046 0.34660 0.62457 0.33708 0.61970 0.34256 0.60088 0.34035 0.59734 0.33249 0.45034
7 0.37545 0.40861 0.35683 0.40991 0.35394 0.41564 0.35481 0.43771 0.35703 0.44125 0.36199 0.51468 0.36671 0.52910 0.36382 0.53484 0.35555 0.53541 0.35266 0.54115 0.35367 0.56690 0.35713 0.57588 0.39120 0.57166 0.40511 0.55593 0.40395 0.52650 0.39856 0.52134 0.39678 0.52885 0.39072 0.53296 0.38311 0.52427 0.38682 0.51294 0.38431 0.50205 0.38258 0.45791 0.38036 0.45437 0.37877 0.41391 0.37545 0.40861
4 0.83282 0.59062 0.84479 0.57872 0.85923 0.55005 0.86413 0.51651 0.86105 0.49090 0.85412 0.47294 0.84416 0.45704 0.83338 0.44673 0.82510 0.44730 0.82289 0.44377 0.80234 0.44889 0.79435 0.45683 0.78185 0.48168 0.77680 0.51154 0.78017 0.54450 0.78725 0.56614 0.79514 0.58219 0.80909 0.59413 0.80789 0.61634 0.79866 0.61883 0.79317 0.63766 0.77470 0.64264 0.77446 0.66294 0.77696 0.67383 0.80877 0.71772 0.86146 0.71220 0.86738 0.70441 0.86429 0.67880 0.86814 0.67116 0.86771 0.66012 0.84918 0.63744 0.84504 0.63773 0.84129 0.62139 0.83797 0.61609 0.82969 0.61666 0.82637 0.61136 0.82565 0.59297 0.83282 0.59062
6 0.26664 0.64859 0.27905 0.64773 0.29666 0.62068 0.30893 0.61613 0.31360 0.60289 0.31095 0.58832 0.23949 0.59147 0.23343 0.59558 0.23363 0.62692 0.24114 0.65960 0.25976 0.65830 0.26664 0.64859
6 0.22165 0.63882 0.21943 0.63529 0.21857 0.61322 0.20211 0.59039 0.15866 0.59342 0.15673 0.59725 0.14018 0.59840 0.13826 0.60223 0.07826 0.60641 0.07176 0.59949 0.06984 0.60331 0.06349 0.60007 0.05314 0.60079 0.05122 0.60461 0.04693 0.60122 0.03659 0.60195 0.03467 0.60577 0.02831 0.60252 0.01797 0.60325 0.01604 0.60707 0.00356 0.60794 0.00709 0.69752 0.07331 0.69160 0.07523 0.68778 0.19317 0.67954 0.20308 0.66779 0.21535 0.66324 0.22165 0.63882
6 1.00000 0.96240 0.99212 0.94838 0.98577 0.94514 0.90916 0.84351 0.90280 0.84027 0.89602 0.82598 0.88317 0.81581 0.86546 0.78754 0.83947 0.75984 0.81748 0.72818 0.79164 0.70416 0.75829 0.64747 0.75415 0.64776 0.73562 0.62508 0.74072 0.62287 0.74443 0.61155 0.75063 0.61112 0.75314 0.62201 0.76762 0.62100 0.77257 0.61512 0.77036 0.61159 0.77214 0.60408 0.77074 0.59496 0.77296 0.59849 0.77488 0.59467 0.78316 0.59409 0.78797 0.58454 0.78369 0.58114 0.78739 0.56982 0.78296 0.56275 0.78267 0.55539 0.77728 0.55024 0.77493 0.54302 0.76857 0.53978 0.76665 0.54360 0.74995 0.54108 0.74707 0.54681 0.74832 0.55226 0.72763 0.55370 0.72099 0.54310 0.70607 0.53308 0.68124 0.53481 0.67932 0.53863 0.67711 0.53510 0.65021 0.53698 0.64828 0.54080 0.55104 0.54759 0.54912 0.55141 0.44774 0.55849 0.44581 0.56231 0.41271 0.56462 0.41079 0.56845 0.40251 0.56902 0.39866 0.57667 0.38846 0.58107 0.38461 0.58871 0.35358 0.59088 0.35305 0.60383 0.35748 0.61090 0.35555 0.61472 0.35777 0.61825 0.36085 0.64386 0.36417 0.64916 0.36941 0.65064 0.36763 0.65814 0.35623 0.68476 0.35652 0.69212 0.34498 0.71505 0.33194 0.75285 0.29375 0.83667 0.29211 0.84785 0.27879 0.87829 0.27094 0.88991 0.26161 0.91638 0.25762 0.92035 0.24829 0.94682 0.23097 0.98123 0.22364 1.00000 0.50983 1.00000 1.00000 0.96578 1.00000 0.96240
6 1.00000 0.52805 0.88266 0.53919 0.88073 0.54302 0.86211 0.54432 0.85745 0.55755 0.85870 0.56300 0.93111 0.55794 0.93236 0.56339 0.85071 0.57093 0.83007 0.60004 0.83036 0.60740 0.83368 0.61270 0.83782 0.61241 0.84653 0.62287 0.85052 0.61890 0.89811 0.61558 0.90033 0.61911 0.92101 0.61767 0.92294 0.61384 0.93328 0.61312 0.93550 0.61666 0.93949 0.61269 0.94984 0.61197 0.95205 0.61550 0.95604 0.61154 0.98501 0.60951 0.98722 0.61305 0.98915 0.60922 1.00000 0.60896 1.00000 0.52805
7 0.33249 0.45034 0.32710 0.44518 0.32517 0.44900 0.30559 0.45221 0.30791 0.51107 0.31012 0.51461 0.31624 0.61746 0.32082 0.62821 0.32110 0.63557 0.32553 0.64264 0.33140 0.68649 0.33694 0.69533 0.33997 0.69327 0.34507 0.69107 0.34988 0.68152 0.34752 0.67430 0.35743 0.66254 0.35657 0.64047 0.35435 0.63694 0.35267 0.62046 0.34660 0.62457 0.33708 0.61970 0.34256 0.60088 0.34035 0.59734 0.33249 0.45034
7 0.37545 0.40861 0.35683 0.40991 0.35394 0.41564 0.35481 0.43771 0.35703 0.44125 0.36199 0.51468 0.36671 0.52910 0.36382 0.53484 0.35555 0.53541 0.35266 0.54115 0.35367 0.56690 0.35713 0.57588 0.39120 0.57166 0.40511 0.55593 0.40395 0.52650 0.39856 0.52134 0.39678 0.52885 0.39072 0.53296 0.38311 0.52427 0.38682 0.51294 0.38431 0.50205 0.38258 0.45791 0.38036 0.45437 0.37877 0.41391 0.37545 0.40861
4 0.83282 0.59062 0.84479 0.57872 0.85923 0.55005 0.86413 0.51651 0.86105 0.49090 0.85412 0.47294 0.84416 0.45704 0.83338 0.44673 0.82510 0.44730 0.82289 0.44377 0.80234 0.44889 0.79435 0.45683 0.78185 0.48168 0.77680 0.51154 0.78017 0.54450 0.78725 0.56614 0.79514 0.58219 0.80909 0.59413 0.80789 0.61634 0.79866 0.61883 0.79317 0.63766 0.77470 0.64264 0.77446 0.66294 0.77696 0.67383 0.80877 0.71772 0.86146 0.71220 0.86738 0.70441 0.86429 0.67880 0.86814 0.67116 0.86771 0.66012 0.84918 0.63744 0.84504 0.63773 0.84129 0.62139 0.83797 0.61609 0.82969 0.61666 0.82637 0.61136 0.82565 0.59297 0.83282 0.59062
6 0.26664 0.64859 0.27905 0.64773 0.29666 0.62068 0.30893 0.61613 0.31360 0.60289 0.31095 0.58832 0.23949 0.59147 0.23343 0.59558 0.23363 0.62692 0.24114 0.65960 0.25976 0.65830 0.26664 0.64859
6 0.22165 0.63882 0.21943 0.63529 0.21857 0.61322 0.20211 0.59039 0.15866 0.59342 0.15673 0.59725 0.14018 0.59840 0.13826 0.60223 0.07826 0.60641 0.07176 0.59949 0.06984 0.60331 0.06349 0.60007 0.05314 0.60079 0.05122 0.60461 0.04693 0.60122 0.03659 0.60195 0.03467 0.60577 0.02831 0.60252 0.01797 0.60325 0.01604 0.60707 0.00356 0.60794 0.00709 0.69752 0.07331 0.69160 0.07523 0.68778 0.19317 0.67954 0.20308 0.66779 0.21535 0.66324 0.22165 0.63882
6 1.00000 0.96240 0.99212 0.94838 0.98577 0.94514 0.90916 0.84351 0.90280 0.84027 0.89602 0.82598 0.88317 0.81581 0.86546 0.78754 0.83947 0.75984 0.81748 0.72818 0.79164 0.70416 0.75829 0.64747 0.75415 0.64776 0.73562 0.62508 0.74072 0.62287 0.74443 0.61155 0.75063 0.61112 0.75314 0.62201 0.76762 0.62100 0.77257 0.61512 0.77036 0.61159 0.77214 0.60408 0.77074 0.59496 0.77296 0.59849 0.77488 0.59467 0.78316 0.59409 0.78797 0.58454 0.78369 0.58114 0.78739 0.56982 0.78296 0.56275 0.78267 0.55539 0.77728 0.55024 0.77493 0.54302 0.76857 0.53978 0.76665 0.54360 0.74995 0.54108 0.74707 0.54681 0.74832 0.55226 0.72763 0.55370 0.72099 0.54310 0.70607 0.53308 0.68124 0.53481 0.67932 0.53863 0.67711 0.53510 0.65021 0.53698 0.64828 0.54080 0.55104 0.54759 0.54912 0.55141 0.44774 0.55849 0.44581 0.56231 0.41271 0.56462 0.41079 0.56845 0.40251 0.56902 0.39866 0.57667 0.38846 0.58107 0.38461 0.58871 0.35358 0.59088 0.35305 0.60383 0.35748 0.61090 0.35555 0.61472 0.35777 0.61825 0.36085 0.64386 0.36417 0.64916 0.36941 0.65064 0.36763 0.65814 0.35623 0.68476 0.35652 0.69212 0.34498 0.71505 0.33194 0.75285 0.29375 0.83667 0.29211 0.84785 0.27879 0.87829 0.27094 0.88991 0.26161 0.91638 0.25762 0.92035 0.24829 0.94682 0.23097 0.98123 0.22364 1.00000 0.50983 1.00000 1.00000 0.96578 1.00000 0.96240
6 1.00000 0.52805 0.88266 0.53919 0.88073 0.54302 0.86211 0.54432 0.85745 0.55755 0.85870 0.56300 0.93111 0.55794 0.93236 0.56339 0.85071 0.57093 0.83007 0.60004 0.83036 0.60740 0.83368 0.61270 0.83782 0.61241 0.84653 0.62287 0.85052 0.61890 0.89811 0.61558 0.90033 0.61911 0.92101 0.61767 0.92294 0.61384 0.93328 0.61312 0.93550 0.61666 0.93949 0.61269 0.94984 0.61197 0.95205 0.61550 0.95604 0.61154 0.98501 0.60951 0.98722 0.61305 0.98915 0.60922 1.00000 0.60896 1.00000 0.52805
7 0.33249 0.45034 0.32710 0.44518 0.32517 0.44900 0.30559 0.45221 0.30791 0.51107 0.31012 0.51461 0.31624 0.61746 0.32082 0.62821 0.32110 0.63557 0.32553 0.64264 0.33140 0.68649 0.33694 0.69533 0.33997 0.69327 0.34507 0.69107 0.34988 0.68152 0.34752 0.67430 0.35743 0.66254 0.35657 0.64047 0.35435 0.63694 0.35267 0.62046 0.34660 0.62457 0.33708 0.61970 0.34256 0.60088 0.34035 0.59734 0.33249 0.45034
7 0.37545 0.40861 0.35683 0.40991 0.35394 0.41564 0.35481 0.43771 0.35703 0.44125 0.36199 0.51468 0.36671 0.52910 0.36382 0.53484 0.35555 0.53541 0.35266 0.54115 0.35367 0.56690 0.35713 0.57588 0.39120 0.57166 0.40511 0.55593 0.40395 0.52650 0.39856 0.52134 0.39678 0.52885 0.39072 0.53296 0.38311 0.52427 0.38682 0.51294 0.38431 0.50205 0.38258 0.45791 0.38036 0.45437 0.37877 0.41391 0.37545 0.40861
4 0.83282 0.59062 0.84479 0.57872 0.85923 0.55005 0.86413 0.51651 0.86105 0.49090 0.85412 0.47294 0.84416 0.45704 0.83338 0.44673 0.82510 0.44730 0.82289 0.44377 0.80234 0.44889 0.79435 0.45683 0.78185 0.48168 0.77680 0.51154 0.78017 0.54450 0.78725 0.56614 0.79514 0.58219 0.80909 0.59413 0.80789 0.61634 0.79866 0.61883 0.79317 0.63766 0.77470 0.64264 0.77446 0.66294 0.77696 0.67383 0.80877 0.71772 0.86146 0.71220 0.86738 0.70441 0.86429 0.67880 0.86814 0.67116 0.86771 0.66012 0.84918 0.63744 0.84504 0.63773 0.84129 0.62139 0.83797 0.61609 0.82969 0.61666 0.82637 0.61136 0.82565 0.59297 0.83282 0.59062
6 0.26664 0.64859 0.27905 0.64773 0.29666 0.62068 0.30893 0.61613 0.31360 0.60289 0.31095 0.58832 0.23949 0.59147 0.23343 0.59558 0.23363 0.62692 0.24114 0.65960 0.25976 0.65830 0.26664 0.64859
6 0.22165 0.63882 0.21943 0.63529 0.21857 0.61322 0.20211 0.59039 0.15866 0.59342 0.15673 0.59725 0.14018 0.59840 0.13826 0.60223 0.07826 0.60641 0.07176 0.59949 0.06984 0.60331 0.06349 0.60007 0.05314 0.60079 0.05122 0.60461 0.04693 0.60122 0.03659 0.60195 0.03467 0.60577 0.02831 0.60252 0.01797 0.60325 0.01604 0.60707 0.00356 0.60794 0.00709 0.69752 0.07331 0.69160 0.07523 0.68778 0.19317 0.67954 0.20308 0.66779 0.21535 0.66324 0.22165 0.63882
6 1.00000 0.96240 0.99212 0.94838 0.98577 0.94514 0.90916 0.84351 0.90280 0.84027 0.89602 0.82598 0.88317 0.81581 0.86546 0.78754 0.83947 0.75984 0.81748 0.72818 0.79164 0.70416 0.75829 0.64747 0.75415 0.64776 0.73562 0.62508 0.74072 0.62287 0.74443 0.61155 0.75063 0.61112 0.75314 0.62201 0.76762 0.62100 0.77257 0.61512 0.77036 0.61159 0.77214 0.60408 0.77074 0.59496 0.77296 0.59849 0.77488 0.59467 0.78316 0.59409 0.78797 0.58454 0.78369 0.58114 0.78739 0.56982 0.78296 0.56275 0.78267 0.55539 0.77728 0.55024 0.77493 0.54302 0.76857 0.53978 0.76665 0.54360 0.74995 0.54108 0.74707 0.54681 0.74832 0.55226 0.72763 0.55370 0.72099 0.54310 0.70607 0.53308 0.68124 0.53481 0.67932 0.53863 0.67711 0.53510 0.65021 0.53698 0.64828 0.54080 0.55104 0.54759 0.54912 0.55141 0.44774 0.55849 0.44581 0.56231 0.41271 0.56462 0.41079 0.56845 0.40251 0.56902 0.39866 0.57667 0.38846 0.58107 0.38461 0.58871 0.35358 0.59088 0.35305 0.60383 0.35748 0.61090 0.35555 0.61472 0.35777 0.61825 0.36085 0.64386 0.36417 0.64916 0.36941 0.65064 0.36763 0.65814 0.35623 0.68476 0.35652 0.69212 0.34498 0.71505 0.33194 0.75285 0.29375 0.83667 0.29211 0.84785 0.27879 0.87829 0.27094 0.88991 0.26161 0.91638 0.25762 0.92035 0.24829 0.94682 0.23097 0.98123 0.22364 1.00000 0.50983 1.00000 1.00000 0.96578 1.00000 0.96240
6 1.00000 0.52805 0.88266 0.53919 0.88073 0.54302 0.86211 0.54432 0.85745 0.55755 0.85870 0.56300 0.93111 0.55794 0.93236 0.56339 0.85071 0.57093 0.83007 0.60004 0.83036 0.60740 0.83368 0.61270 0.83782 0.61241 0.84653 0.62287 0.85052 0.61890 0.89811 0.61558 0.90033 0.61911 0.92101 0.61767 0.92294 0.61384 0.93328 0.61312 0.93550 0.61666 0.93949 0.61269 0.94984 0.61197 0.95205 0.61550 0.95604 0.61154 0.98501 0.60951 0.98722 0.61305 0.98915 0.60922 1.00000 0.60896 1.00000 0.52805
