6 1.00000 0.89473 0.81757 0.72431 0.70794 0.65041 0.00000 0.17221 0.00000 0.99316 1.00000 1.00000 1.00000 0.89473
1 0.12590 0.13371 0.13139 0.14484 0.13922 0.15132 0.14079 0.15967 0.14471 0.18636 0.13107 0.18714 0.12922 0.20281 0.10709 0.21188 0.10709 0.23084 0.14824 0.24980 0.20856 0.23789 0.20505 0.20668 0.18196 0.20668 0.17745 0.17280 0.16189 0.17993 0.15853 0.15504 0.17367 0.13834 0.18182 0.11790 0.18573 0.10054 0.18573 0.06582 0.18182 0.03804 0.16717 0.00853 0.15936 0.00159 0.14471 0.00000 0.12272 0.01485 0.11298 0.06184 0.11390 0.09811 0.12590 0.13371
6 1.00000 0.89473 0.81757 0.72431 0.70794 0.65041 0.00000 0.17221 0.00000 0.99316 1.00000 1.00000 1.00000 0.89473
1 0.12590 0.13371 0.13139 0.14484 0.13922 0.15132 0.14079 0.15967 0.14471 0.18636 0.13107 0.18714 0.12922 0.20281 0.10709 0.21188 0.10709 0.23084 0.14824 0.24980 0.20856 0.23789 0.20505 0.20668 0.18196 0.20668 0.17745 0.17280 0.16189 0.17993 0.15853 0.15504 0.17367 0.13834 0.18182 0.11790 0.18573 0.10054 0.18573 0.06582 0.18182 0.03804 0.16717 0.00853 0.15936 0.00159 0.14471 0.00000 0.12272 0.01485 0.11298 0.06184 0.11390 0.09811 0.12590 0.13371
6 1.00000 0.89473 0.81757 0.72431 0.70794 0.65041 0.00000 0.17221 0.00000 0.99316 1.00000 1.00000 1.00000 0.89473
1 0.12590 0.13371 0.13139 0.14484 0.13922 0.15132 0.14079 0.15967 0.14471 0.18636 0.13107 0.18714 0.12922 0.20281 0.10709 0.21188 0.10709 0.23084 0.14824 0.24980 0.20856 0.23789 0.20505 0.20668 0.18196 0.20668 0.17745 0.17280 0.16189 0.17993 0.15853 0.15504 0.17367 0.13834 0.18182 0.11790 0.18573 0.10054 0.18573 0.06582 0.18182 0.03804 0.16717 0.00853 0.15936 0.00159 0.14471 0.00000 0.12272 0.01485 0.11298 0.06184 0.11390 0.09811 0.12590 0.13371
6 1.00000 0.89473 0.81757 0.72431 0.70794 0.65041 0.00000 0.17221 0.00000 0.99316 1.00000 1.00000 1.00000 0.89473
1 0.12590 0.13371 0.13139 0.14484 0.13922 0.15132 0.14079 0.15967 0.14471 0.18636 0.13107 0.18714 0.12922 0.20281 0.10709 0.21188 0.10709 0.23084 0.14824 0.24980 0.20856 0.23789 0.20505 0.20668 0.18196 0.20668 0.17745 0.17280 0.16189 0.17993 0.15853 0.15504 0.17367 0.13834 0.18182 0.11790 0.18573 0.10054 0.18573 0.06582 0.18182 0.03804 0.16717 0.00853 0.15936 0.00159 0.14471 0.00000 0.12272 0.01485 0.11298 0.06184 0.11390 0.09811 0.12590 0.13371
6 1.00000 0.89473 0.81757 0.72431 0.70794 0.65041 0.00000 0.17221 0.00000 0.99316 1.00000 1.00000 1.00000 0.89473
1 0.12590 0.13371 0.13139 0.14484 0.13922 0.15132 0.14079 0.15967 0.14471 0.18636 0.13107 0.18714 0.12922 0.20281 0.10709 0.21188 0.10709 0.23084 0.14824 0.24980 0.20856 0.23789 0.20505 0.20668 0.18196 0.20668 0.17745 0.17280 0.16189 0.17993 0.15853 0.15504 0.17367 0.13834 0.18182 0.11790 0.18573 0.10054 0.18573 0.06582 0.18182 0.03804 0.16717 0.00853 0.15936 0.00159 0.14471 0.00000 0.12272 0.01485 0.11298 0.06184 0.11390 0.09811 0.12590 0.13371
6 1.00000 0.89473 0.81757 0.72431 0.70794 0.65041 0.00000 0.17221 0.00000 0.99316 1.00000 1.00000 1.00000 0.89473
1 0.12590 0.13371 0.13139 0.14484 0.13922 0.15132 0.14079 0.15967 0.14471 0.18636 0.13107 0.18714 0.12922 0.20281 0.10709 0.21188 0.10709 0.23084 0.14824 0.24980 0.20856 0.23789 0.20505 0.20668 0.18196 0.20668 0.17745 0.17280 0.16189 0.17993 0.15853 0.15504 0.17367 0.13834 0.18182 0.11790 0.18573 0.10054 0.18573 0.06582 0.18182 0.03804 0.16717 0.00853 0.15936 0.00159 0.14471 0.00000 0.12272 0.01485 0.11298 0.06184 0.11390 0.09811 0.12590 0.13371
