4 0.79107 0.49086 0.78145 0.48079 0.76182 0.48009 0.74920 0.49272 0.74476 0.50143 0.74025 0.53549 0.74250 0.55163 0.75274 0.57354 0.75124 0.58489 0.74123 0.59424 0.73892 0.60345 0.72992 0.60524 0.72598 0.61017 0.72985 0.63059 0.73441 0.63751 0.73716 0.64986 0.74303 0.65514 0.75072 0.65500 0.77328 0.65834 0.78085 0.64256 0.78123 0.62314 0.77504 0.61194 0.76998 0.60880 0.77098 0.60123 0.76774 0.59266 0.76711 0.58082 0.79024 0.55504 0.79800 0.52955 0.79513 0.50156 0.79107 0.49086
7 0.43741 0.39023 0.42451 0.50425 0.40994 0.50668 0.40601 0.51161 0.40088 0.53381 0.39462 0.54795 0.39262 0.56308 0.39455 0.57329 0.39830 0.57807 0.40093 0.57479 0.40255 0.57907 0.41237 0.57943 0.42643 0.58078 0.43824 0.56600 0.44762 0.54479 0.44901 0.51780 0.44151 0.50824 0.44513 0.49739 0.45465 0.42550 0.45303 0.42121 0.45653 0.39473 0.45410 0.38830 0.44560 0.38630 0.43741 0.39023
7 0.44952 0.44770 0.45177 0.46383 0.44726 0.49789 0.46426 0.50188 0.46770 0.50073 0.47213 0.49202 0.46664 0.46732 0.47027 0.45647 0.47816 0.38030 0.47360 0.37338 0.46723 0.37188 0.45641 0.37909 0.45341 0.40179 0.45465 0.42550 0.45203 0.42878 0.44952 0.44770
6 0.92274 1.00000 0.92120 0.99740 0.91927 0.98719 0.91227 0.97384 0.91996 0.97370 0.92046 0.96991 0.90721 0.97071 0.90184 0.96164 0.85336 0.86442 0.83511 0.83673 0.81138 0.78434 0.80013 0.76999 0.79526 0.75714 0.78239 0.73851 0.77589 0.72138 0.75552 0.69319 0.74578 0.66749 0.73079 0.64836 0.72804 0.63601 0.71242 0.60503 0.70817 0.60404 0.70280 0.59497 0.69762 0.57620 0.70287 0.56963 0.70437 0.55827 0.70193 0.55185 0.69506 0.55414 0.69131 0.54936 0.68656 0.55214 0.68281 0.54736 0.63606 0.53638 0.63344 0.53966 0.63181 0.53538 0.62119 0.53289 0.61856 0.53617 0.60794 0.53368 0.60631 0.52939 0.60369 0.53268 0.49057 0.51001 0.48794 0.51329 0.47994 0.50752 0.47307 0.50980 0.44925 0.54907 0.43361 0.58441 0.42361 0.59377 0.39798 0.63847 0.39060 0.64454 0.37072 0.67888 0.36334 0.68495 0.33983 0.73015 0.29632 0.79406 0.27068 0.83876 0.26018 0.85190 0.25392 0.86604 0.20688 0.93887 0.46716 1.00000 0.92274 1.00000
6 0.00000 0.48647 0.01026 0.48888 0.10557 0.50542 0.11245 0.50313 0.12001 0.48735 0.12608 0.48292 0.15370 0.48941 0.15633 0.48612 0.16220 0.49141 0.16908 0.48912 0.22220 0.50160 0.22482 0.49831 0.22857 0.50309 0.23120 0.49981 0.23757 0.50131 0.24382 0.48717 0.24808 0.48817 0.25120 0.48110 0.25677 0.48045 0.25777 0.47289 0.22933 0.46426 0.22446 0.45141 0.21971 0.45420 0.20746 0.44742 0.20483 0.45070 0.18359 0.44571 0.18096 0.44900 0.17509 0.44371 0.15971 0.44400 0.15596 0.43922 0.14433 0.44429 0.14059 0.43951 0.13371 0.44180 0.11459 0.43731 0.11296 0.43302 0.10821 0.43581 0.10446 0.43103 0.10184 0.43431 0.06147 0.42483 0.05884 0.42812 0.05347 0.41905 0.05084 0.42234 0.02959 0.41734 0.01584 0.42192 0.01209 0.41714 0.00734 0.41992 0.00359 0.41514 0.00352 0.41514 0.00000 0.44173 0.00000 0.48647
6 0.75011 0.57682 0.74230 0.56133 0.72318 0.55684 0.72156 0.55256 0.71681 0.55534 0.71356 0.54678 0.68806 0.54079 0.68331 0.54357 0.68169 0.53929 0.66256 0.53480 0.65881 0.53002 0.65619 0.53330 0.59457 0.51883 0.59194 0.52211 0.48357 0.49666 0.47357 0.50602 0.46719 0.50452 0.45982 0.51059 0.45394 0.50531 0.45001 0.51023 0.44750 0.52916 0.44862 0.53722 0.45318 0.54414 0.45956 0.54564 0.46438 0.51751 0.46882 0.50880 0.47307 0.50980 0.47632 0.51837 0.48532 0.51658 0.48513 0.52629 0.48200 0.53336 0.47725 0.53614 0.47474 0.55506 0.47718 0.56148 0.48356 0.56298 0.48518 0.56727 0.49155 0.56876 0.49681 0.56220 0.51381 0.56619 0.52343 0.57625 0.53080 0.57018 0.54568 0.57367 0.54730 0.57796 0.55955 0.58473 0.56218 0.58145 0.57705 0.58494 0.58443 0.57887 0.59192 0.58844 0.60974 0.59457 0.61843 0.58686 0.64130 0.59613 0.64505 0.60091 0.64817 0.59384 0.68792 0.59148 0.69367 0.58112 0.70967 0.59268 0.71455 0.60553 0.72304 0.60753 0.73042 0.60146 0.73467 0.60246 0.75011 0.57682
6 0.86817 0.58700 0.86555 0.59028 0.78480 0.57131 0.77349 0.58231 0.77311 0.60173 0.78142 0.61343 0.78741 0.63435 0.80654 0.63884 0.80885 0.62963 0.81491 0.62520 0.81735 0.63163 0.81504 0.64084 0.82272 0.64070 0.82323 0.63691 0.82929 0.63248 0.83091 0.63677 0.85216 0.64175 0.85479 0.63847 0.85641 0.64275 0.86704 0.64525 0.86966 0.64196 0.94616 0.65993 0.94878 0.65664 0.95253 0.66143 0.96316 0.66392 0.96578 0.66064 0.96740 0.66492 0.98533 0.66913 0.99311 0.61032 0.98129 0.60966 0.97179 0.61523 0.96804 0.61045 0.96329 0.61324 0.95792 0.60417 0.86817 0.58700
4 0.79107 0.49086 0.78145 0.48079 0.76182 0.48009 0.74920 0.49272 0.74476 0.50143 0.74025 0.53549 0.74250 0.55163 0.75274 0.57354 0.75124 0.58489 0.74123 0.59424 0.73892 0.60345 0.72992 0.60524 0.72598 0.61017 0.72985 0.63059 0.73441 0.63751 0.73716 0.64986 0.74303 0.65514 0.75072 0.65500 0.77328 0.65834 0.78085 0.64256 0.78123 0.62314 0.77504 0.61194 0.76998 0.60880 0.77098 0.60123 0.76774 0.59266 0.76711 0.58082 0.79024 0.55504 0.79800 0.52955 0.79513 0.50156 0.79107 0.49086
7 0.43741 0.39023 0.42451 0.50425 0.40994 0.50668 0.40601 0.51161 0.40088 0.53381 0.39462 0.54795 0.39262 0.56308 0.39455 0.57329 0.39830 0.57807 0.40093 0.57479 0.40255 0.57907 0.41237 0.57943 0.42643 0.58078 0.43824 0.56600 0.44762 0.54479 0.44901 0.51780 0.44151 0.50824 0.44513 0.49739 0.45465 0.42550 0.45303 0.42121 0.45653 0.39473 0.45410 0.38830 0.44560 0.38630 0.43741 0.39023
7 0.44952 0.44770 0.45177 0.46383 0.44726 0.49789 0.46426 0.50188 0.46770 0.50073 0.47213 0.49202 0.46664 0.46732 0.47027 0.45647 0.47816 0.38030 0.47360 0.37338 0.46723 0.37188 0.45641 0.37909 0.45341 0.40179 0.45465 0.42550 0.45203 0.42878 0.44952 0.44770
6 0.92274 1.00000 0.92120 0.99740 0.91927 0.98719 0.91227 0.97384 0.91996 0.97370 0.92046 0.96991 0.90721 0.97071 0.90184 0.96164 0.85336 0.86442 0.83511 0.83673 0.81138 0.78434 0.80013 0.76999 0.79526 0.75714 0.78239 0.73851 0.77589 0.72138 0.75552 0.69319 0.74578 0.66749 0.73079 0.64836 0.72804 0.63601 0.71242 0.60503 0.70817 0.60404 0.70280 0.59497 0.69762 0.57620 0.70287 0.56963 0.70437 0.55827 0.70193 0.55185 0.69506 0.55414 0.69131 0.54936 0.68656 0.55214 0.68281 0.54736 0.63606 0.53638 0.63344 0.53966 0.63181 0.53538 0.62119 0.53289 0.61856 0.53617 0.60794 0.53368 0.60631 0.52939 0.60369 0.53268 0.49057 0.51001 0.48794 0.51329 0.47994 0.50752 0.47307 0.50980 0.44925 0.54907 0.43361 0.58441 0.42361 0.59377 0.39798 0.63847 0.39060 0.64454 0.37072 0.67888 0.36334 0.68495 0.33983 0.73015 0.29632 0.79406 0.27068 0.83876 0.26018 0.85190 0.25392 0.86604 0.20688 0.93887 0.46716 1.00000 0.92274 1.00000
6 0.00000 0.48647 0.01026 0.48888 0.10557 0.50542 0.11245 0.50313 0.12001 0.48735 0.12608 0.48292 0.15370 0.48941 0.15633 0.48612 0.16220 0.49141 0.16908 0.48912 0.22220 0.50160 0.22482 0.49831 0.22857 0.50309 0.23120 0.49981 0.23757 0.50131 0.24382 0.48717 0.24808 0.48817 0.25120 0.48110 0.25677 0.48045 0.25777 0.47289 0.22933 0.46426 0.22446 0.45141 0.21971 0.45420 0.20746 0.44742 0.20483 0.45070 0.18359 0.44571 0.18096 0.44900 0.17509 0.44371 0.15971 0.44400 0.15596 0.43922 0.14433 0.44429 0.14059 0.43951 0.13371 0.44180 0.11459 0.43731 0.11296 0.43302 0.10821 0.43581 0.10446 0.43103 0.10184 0.43431 0.06147 0.42483 0.05884 0.42812 0.05347 0.41905 0.05084 0.42234 0.02959 0.41734 0.01584 0.42192 0.01209 0.41714 0.00734 0.41992 0.00359 0.41514 0.00352 0.41514 0.00000 0.44173 0.00000 0.48647
6 0.75011 0.57682 0.74230 0.56133 0.72318 0.55684 0.72156 0.55256 0.71681 0.55534 0.71356 0.54678 0.68806 0.54079 0.68331 0.54357 0.68169 0.53929 0.66256 0.53480 0.65881 0.53002 0.65619 0.53330 0.59457 0.51883 0.59194 0.52211 0.48357 0.49666 0.47357 0.50602 0.46719 0.50452 0.45982 0.51059 0.45394 0.50531 0.45001 0.51023 0.44750 0.52916 0.44862 0.53722 0.45318 0.54414 0.45956 0.54564 0.46438 0.51751 0.46882 0.50880 0.47307 0.50980 0.47632 0.51837 0.48532 0.51658 0.48513 0.52629 0.48200 0.53336 0.47725 0.53614 0.47474 0.55506 0.47718 0.56148 0.48356 0.56298 0.48518 0.56727 0.49155 0.56876 0.49681 0.56220 0.51381 0.56619 0.52343 0.57625 0.53080 0.57018 0.54568 0.57367 0.54730 0.57796 0.55955 0.58473 0.56218 0.58145 0.57705 0.58494 0.58443 0.57887 0.59192 0.58844 0.60974 0.59457 0.61843 0.58686 0.64130 0.59613 0.64505 0.60091 0.64817 0.59384 0.68792 0.59148 0.69367 0.58112 0.70967 0.59268 0.71455 0.60553 0.72304 0.60753 0.73042 0.60146 0.73467 0.60246 0.75011 0.57682
6 0.86817 0.58700 0.86555 0.59028 0.78480 0.57131 0.77349 0.58231 0.77311 0.60173 0.78142 0.61343 0.78741 0.63435 0.80654 0.63884 0.80885 0.62963 0.81491 0.62520 0.81735 0.63163 0.81504 0.64084 0.82272 0.64070 0.82323 0.63691 0.82929 0.63248 0.83091 0.63677 0.85216 0.64175 0.85479 0.63847 0.85641 0.64275 0.86704 0.64525 0.86966 0.64196 0.94616 0.65993 0.94878 0.65664 0.95253 0.66143 0.96316 0.66392 0.96578 0.66064 0.96740 0.66492 0.98533 0.66913 0.99311 0.61032 0.98129 0.60966 0.97179 0.61523 0.96804 0.61045 0.96329 0.61324 0.95792 0.60417 0.86817 0.58700
4 0.79107 0.49086 0.78145 0.48079 0.76182 0.48009 0.74920 0.49272 0.74476 0.50143 0.74025 0.53549 0.74250 0.55163 0.75274 0.57354 0.75124 0.58489 0.74123 0.59424 0.73892 0.60345 0.72992 0.60524 0.72598 0.61017 0.72985 0.63059 0.73441 0.63751 0.73716 0.64986 0.74303 0.65514 0.75072 0.65500 0.77328 0.65834 0.78085 0.64256 0.78123 0.62314 0.77504 0.61194 0.76998 0.60880 0.77098 0.60123 0.76774 0.59266 0.76711 0.58082 0.79024 0.55504 0.79800 0.52955 0.79513 0.50156 0.79107 0.49086
7 0.43741 0.39023 0.42451 0.50425 0.40994 0.50668 0.40601 0.51161 0.40088 0.53381 0.39462 0.54795 0.39262 0.56308 0.39455 0.57329 0.39830 0.57807 0.40093 0.57479 0.40255 0.57907 0.41237 0.57943 0.42643 0.58078 0.43824 0.56600 0.44762 0.54479 0.44901 0.51780 0.44151 0.50824 0.44513 0.49739 0.45465 0.42550 0.45303 0.42121 0.45653 0.39473 0.45410 0.38830 0.44560 0.38630 0.43741 0.39023
7 0.44952 0.44770 0.45177 0.46383 0.44726 0.49789 0.46426 0.50188 0.46770 0.50073 0.47213 0.49202 0.46664 0.46732 0.47027 0.45647 0.47816 0.38030 0.47360 0.37338 0.46723 0.37188 0.45641 0.37909 0.45341 0.40179 0.45465 0.42550 0.45203 0.42878 0.44952 0.44770
6 0.92274 1.00000 0.92120 0.99740 0.91927 0.98719 0.91227 0.97384 0.91996 0.97370 0.92046 0.96991 0.90721 0.97071 0.90184 0.96164 0.85336 0.86442 0.83511 0.83673 0.81138 0.78434 0.80013 0.76999 0.79526 0.75714 0.78239 0.73851 0.77589 0.72138 0.75552 0.69319 0.74578 0.66749 0.73079 0.64836 0.72804 0.63601 0.71242 0.60503 0.70817 0.60404 0.70280 0.59497 0.69762 0.57620 0.70287 0.56963 0.70437 0.55827 0.70193 0.55185 0.69506 0.55414 0.69131 0.54936 0.68656 0.55214 0.68281 0.54736 0.63606 0.53638 0.63344 0.53966 0.63181 0.53538 0.62119 0.53289 0.61856 0.53617 0.60794 0.53368 0.60631 0.52939 0.60369 0.53268 0.49057 0.51001 0.48794 0.51329 0.47994 0.50752 0.47307 0.50980 0.44925 0.54907 0.43361 0.58441 0.42361 0.59377 0.39798 0.63847 0.39060 0.64454 0.37072 0.67888 0.36334 0.68495 0.33983 0.73015 0.29632 0.79406 0.27068 0.83876 0.26018 0.85190 0.25392 0.86604 0.20688 0.93887 0.46716 1.00000 0.92274 1.00000
6 0.00000 0.48647 0.01026 0.48888 0.10557 0.50542 0.11245 0.50313 0.12001 0.48735 0.12608 0.48292 0.15370 0.48941 0.15633 0.48612 0.16220 0.49141 0.16908 0.48912 0.22220 0.50160 0.22482 0.49831 0.22857 0.50309 0.23120 0.49981 0.23757 0.50131 0.24382 0.48717 0.24808 0.48817 0.25120 0.48110 0.25677 0.48045 0.25777 0.47289 0.22933 0.46426 0.22446 0.45141 0.21971 0.45420 0.20746 0.44742 0.20483 0.45070 0.18359 0.44571 0.18096 0.44900 0.17509 0.44371 0.15971 0.44400 0.15596 0.43922 0.14433 0.44429 0.14059 0.43951 0.13371 0.44180 0.11459 0.43731 0.11296 0.43302 0.10821 0.43581 0.10446 0.43103 0.10184 0.43431 0.06147 0.42483 0.05884 0.42812 0.05347 0.41905 0.05084 0.42234 0.02959 0.41734 0.01584 0.42192 0.01209 0.41714 0.00734 0.41992 0.00359 0.41514 0.00352 0.41514 0.00000 0.44173 0.00000 0.48647
6 0.75011 0.57682 0.74230 0.56133 0.72318 0.55684 0.72156 0.55256 0.71681 0.55534 0.71356 0.54678 0.68806 0.54079 0.68331 0.54357 0.68169 0.53929 0.66256 0.53480 0.65881 0.53002 0.65619 0.53330 0.59457 0.51883 0.59194 0.52211 0.48357 0.49666 0.47357 0.50602 0.46719 0.50452 0.45982 0.51059 0.45394 0.50531 0.45001 0.51023 0.44750 0.52916 0.44862 0.53722 0.45318 0.54414 0.45956 0.54564 0.46438 0.51751 0.46882 0.50880 0.47307 0.50980 0.47632 0.51837 0.48532 0.51658 0.48513 0.52629 0.48200 0.53336 0.47725 0.53614 0.47474 0.55506 0.47718 0.56148 0.48356 0.56298 0.48518 0.56727 0.49155 0.56876 0.49681 0.56220 0.51381 0.56619 0.52343 0.57625 0.53080 0.57018 0.54568 0.57367 0.54730 0.57796 0.55955 0.58473 0.56218 0.58145 0.57705 0.58494 0.58443 0.57887 0.59192 0.58844 0.60974 0.59457 0.61843 0.58686 0.64130 0.59613 0.64505 0.60091 0.64817 0.59384 0.68792 0.59148 0.69367 0.58112 0.70967 0.59268 0.71455 0.60553 0.72304 0.60753 0.73042 0.60146 0.73467 0.60246 0.75011 0.57682
6 0.86817 0.58700 0.86555 0.59028 0.78480 0.57131 0.77349 0.58231 0.77311 0.60173 0.78142 0.61343 0.78741 0.63435 0.80654 0.63884 0.80885 0.62963 0.81491 0.62520 0.81735 0.63163 0.81504 0.64084 0.82272 0.64070 0.82323 0.63691 0.82929 0.63248 0.83091 0.63677 0.85216 0.64175 0.85479 0.63847 0.85641 0.64275 0.86704 0.64525 0.86966 0.64196 0.94616 0.65993 0.94878 0.65664 0.95253 0.66143 0.96316 0.66392 0.96578 0.66064 0.96740 0.66492 0.98533 0.66913 0.99311 0.61032 0.98129 0.60966 0.97179 0.61523 0.96804 0.61045 0.96329 0.61324 0.95792 0.60417 0.86817 0.58700
4 0.79107 0.49086 0.78145 0.48079 0.76182 0.48009 0.74920 0.49272 0.74476 0.50143 0.74025 0.53549 0.74250 0.55163 0.75274 0.57354 0.75124 0.58489 0.74123 0.59424 0.73892 0.60345 0.72992 0.60524 0.72598 0.61017 0.72985 0.63059 0.73441 0.63751 0.73716 0.64986 0.74303 0.65514 0.75072 0.65500 0.77328 0.65834 0.78085 0.64256 0.78123 0.62314 0.77504 0.61194 0.76998 0.60880 0.77098 0.60123 0.76774 0.59266 0.76711 0.58082 0.79024 0.55504 0.79800 0.52955 0.79513 0.50156 0.79107 0.49086
7 0.43741 0.39023 0.42451 0.50425 0.40994 0.50668 0.40601 0.51161 0.40088 0.53381 0.39462 0.54795 0.39262 0.56308 0.39455 0.57329 0.39830 0.57807 0.40093 0.57479 0.40255 0.57907 0.41237 0.57943 0.42643 0.58078 0.43824 0.56600 0.44762 0.54479 0.44901 0.51780 0.44151 0.50824 0.44513 0.49739 0.45465 0.42550 0.45303 0.42121 0.45653 0.39473 0.45410 0.38830 0.44560 0.38630 0.43741 0.39023
7 0.44952 0.44770 0.45177 0.46383 0.44726 0.49789 0.46426 0.50188 0.46770 0.50073 0.47213 0.49202 0.46664 0.46732 0.47027 0.45647 0.47816 0.38030 0.47360 0.37338 0.46723 0.37188 0.45641 0.37909 0.45341 0.40179 0.45465 0.42550 0.45203 0.42878 0.44952 0.44770
6 0.92274 1.00000 0.92120 0.99740 0.91927 0.98719 0.91227 0.97384 0.91996 0.97370 0.92046 0.96991 0.90721 0.97071 0.90184 0.96164 0.85336 0.86442 0.83511 0.83673 0.81138 0.78434 0.80013 0.76999 0.79526 0.75714 0.78239 0.73851 0.77589 0.72138 0.75552 0.69319 0.74578 0.66749 0.73079 0.64836 0.72804 0.63601 0.71242 0.60503 0.70817 0.60404 0.70280 0.59497 0.69762 0.57620 0.70287 0.56963 0.70437 0.55827 0.70193 0.55185 0.69506 0.55414 0.69131 0.54936 0.68656 0.55214 0.68281 0.54736 0.63606 0.53638 0.63344 0.53966 0.63181 0.53538 0.62119 0.53289 0.61856 0.53617 0.60794 0.53368 0.60631 0.52939 0.60369 0.53268 0.49057 0.51001 0.48794 0.51329 0.47994 0.50752 0.47307 0.50980 0.44925 0.54907 0.43361 0.58441 0.42361 0.59377 0.39798 0.63847 0.39060 0.64454 0.37072 0.67888 0.36334 0.68495 0.33983 0.73015 0.29632 0.79406 0.27068 0.83876 0.26018 0.85190 0.25392 0.86604 0.20688 0.93887 0.46716 1.00000 0.92274 1.00000
6 0.00000 0.48647 0.01026 0.48888 0.10557 0.50542 0.11245 0.50313 0.12001 0.48735 0.12608 0.48292 0.15370 0.48941 0.15633 0.48612 0.16220 0.49141 0.16908 0.48912 0.22220 0.50160 0.22482 0.49831 0.22857 0.50309 0.23120 0.49981 0.23757 0.50131 0.24382 0.48717 0.24808 0.48817 0.25120 0.48110 0.25677 0.48045 0.25777 0.47289 0.22933 0.46426 0.22446 0.45141 0.21971 0.45420 0.20746 0.44742 0.20483 0.45070 0.18359 0.44571 0.18096 0.44900 0.17509 0.44371 0.15971 0.44400 0.15596 0.43922 0.14433 0.44429 0.14059 0.43951 0.13371 0.44180 0.11459 0.43731 0.11296 0.43302 0.10821 0.43581 0.10446 0.43103 0.10184 0.43431 0.06147 0.42483 0.05884 0.42812 0.05347 0.41905 0.05084 0.42234 0.02959 0.41734 0.01584 0.42192 0.01209 0.41714 0.00734 0.41992 0.00359 0.41514 0.00352 0.41514 0.00000 0.44173 0.00000 0.48647
6 0.75011 0.57682 0.74230 0.56133 0.72318 0.55684 0.72156 0.55256 0.71681 0.55534 0.71356 0.54678 0.68806 0.54079 0.68331 0.54357 0.68169 0.53929 0.66256 0.53480 0.65881 0.53002 0.65619 0.53330 0.59457 0.51883 0.59194 0.52211 0.48357 0.49666 0.47357 0.50602 0.46719 0.50452 0.45982 0.51059 0.45394 0.50531 0.45001 0.51023 0.44750 0.52916 0.44862 0.53722 0.45318 0.54414 0.45956 0.54564 0.46438 0.51751 0.46882 0.50880 0.47307 0.50980 0.47632 0.51837 0.48532 0.51658 0.48513 0.52629 0.48200 0.53336 0.47725 0.53614 0.47474 0.55506 0.47718 0.56148 0.48356 0.56298 0.48518 0.56727 0.49155 0.56876 0.49681 0.56220 0.51381 0.56619 0.52343 0.57625 0.53080 0.57018 0.54568 0.57367 0.54730 0.57796 0.55955 0.58473 0.56218 0.58145 0.57705 0.58494 0.58443 0.57887 0.59192 0.58844 0.60974 0.59457 0.61843 0.58686 0.64130 0.59613 0.64505 0.60091 0.64817 0.59384 0.68792 0.59148 0.69367 0.58112 0.70967 0.59268 0.71455 0.60553 0.72304 0.60753 0.73042 0.60146 0.73467 0.60246 0.75011 0.57682
6 0.86817 0.58700 0.86555 0.59028 0.78480 0.57131 0.77349 0.58231 0.77311 0.60173 0.78142 0.61343 0.78741 0.63435 0.80654 0.63884 0.80885 0.62963 0.81491 0.62520 0.81735 0.63163 0.81504 0.64084 0.82272 0.64070 0.82323 0.63691 0.82929 0.63248 0.83091 0.63677 0.85216 0.64175 0.85479 0.63847 0.85641 0.64275 0.86704 0.64525 0.86966 0.64196 0.94616 0.65993 0.94878 0.65664 0.95253 0.66143 0.96316 0.66392 0.96578 0.66064 0.96740 0.66492 0.98533 0.66913 0.99311 0.61032 0.98129 0.60966 0.97179 0.61523 0.96804 0.61045 0.96329 0.61324 0.95792 0.60417 0.86817 0.58700
4 0.79107 0.49086 0.78145 0.48079 0.76182 0.48009 0.74920 0.49272 0.74476 0.50143 0.74025 0.53549 0.74250 0.55163 0.75274 0.57354 0.75124 0.58489 0.74123 0.59424 0.73892 0.60345 0.72992 0.60524 0.72598 0.61017 0.72985 0.63059 0.73441 0.63751 0.73716 0.64986 0.74303 0.65514 0.75072 0.65500 0.77328 0.65834 0.78085 0.64256 0.78123 0.62314 0.77504 0.61194 0.76998 0.60880 0.77098 0.60123 0.76774 0.59266 0.76711 0.58082 0.79024 0.55504 0.79800 0.52955 0.79513 0.50156 0.79107 0.49086
7 0.43741 0.39023 0.42451 0.50425 0.40994 0.50668 0.40601 0.51161 0.40088 0.53381 0.39462 0.54795 0.39262 0.56308 0.39455 0.57329 0.39830 0.57807 0.40093 0.57479 0.40255 0.57907 0.41237 0.57943 0.42643 0.58078 0.43824 0.56600 0.44762 0.54479 0.44901 0.51780 0.44151 0.50824 0.44513 0.49739 0.45465 0.42550 0.45303 0.42121 0.45653 0.39473 0.45410 0.38830 0.44560 0.38630 0.43741 0.39023
7 0.44952 0.44770 0.45177 0.46383 0.44726 0.49789 0.46426 0.50188 0.46770 0.50073 0.47213 0.49202 0.46664 0.46732 0.47027 0.45647 0.47816 0.38030 0.47360 0.37338 0.46723 0.37188 0.45641 0.37909 0.45341 0.40179 0.45465 0.42550 0.45203 0.42878 0.44952 0.44770
6 0.92274 1.00000 0.92120 0.99740 0.91927 0.98719 0.91227 0.97384 0.91996 0.97370 0.92046 0.96991 0.90721 0.97071 0.90184 0.96164 0.85336 0.86442 0.83511 0.83673 0.81138 0.78434 0.80013 0.76999 0.79526 0.75714 0.78239 0.73851 0.77589 0.72138 0.75552 0.69319 0.74578 0.66749 0.73079 0.64836 0.72804 0.63601 0.71242 0.60503 0.70817 0.60404 0.70280 0.59497 0.69762 0.57620 0.70287 0.56963 0.70437 0.55827 0.70193 0.55185 0.69506 0.55414 0.69131 0.54936 0.68656 0.55214 0.68281 0.54736 0.63606 0.53638 0.63344 0.53966 0.63181 0.53538 0.62119 0.53289 0.61856 0.53617 0.60794 0.53368 0.60631 0.52939 0.60369 0.53268 0.49057 0.51001 0.48794 0.51329 0.47994 0.50752 0.47307 0.50980 0.44925 0.54907 0.43361 0.58441 0.42361 0.59377 0.39798 0.63847 0.39060 0.64454 0.37072 0.67888 0.36334 0.68495 0.33983 0.73015 0.29632 0.79406 0.27068 0.83876 0.26018 0.85190 0.25392 0.86604 0.20688 0.93887 0.46716 1.00000 0.92274 1.00000
6 0.00000 0.48647 0.01026 0.48888 0.10557 0.50542 0.11245 0.50313 0.12001 0.48735 0.12608 0.48292 0.15370 0.48941 0.15633 0.48612 0.16220 0.49141 0.16908 0.48912 0.22220 0.50160 0.22482 0.49831 0.22857 0.50309 0.23120 0.49981 0.23757 0.50131 0.24382 0.48717 0.24808 0.48817 0.25120 0.48110 0.25677 0.48045 0.25777 0.47289 0.22933 0.46426 0.22446 0.45141 0.21971 0.45420 0.20746 0.44742 0.20483 0.45070 0.18359 0.44571 0.18096 0.44900 0.17509 0.44371 0.15971 0.44400 0.15596 0.43922 0.14433 0.44429 0.14059 0.43951 0.13371 0.44180 0.11459 0.43731 0.11296 0.43302 0.10821 0.43581 0.10446 0.43103 0.10184 0.43431 0.06147 0.42483 0.05884 0.42812 0.05347 0.41905 0.05084 0.42234 0.02959 0.41734 0.01584 0.42192 0.01209 0.41714 0.00734 0.41992 0.00359 0.41514 0.00352 0.41514 0.00000 0.44173 0.00000 0.48647
6 0.75011 0.57682 0.74230 0.56133 0.72318 0.55684 0.72156 0.55256 0.71681 0.55534 0.71356 0.54678 0.68806 0.54079 0.68331 0.54357 0.68169 0.53929 0.66256 0.53480 0.65881 0.53002 0.65619 0.53330 0.59457 0.51883 0.59194 0.52211 0.48357 0.49666 0.47357 0.50602 0.46719 0.50452 0.45982 0.51059 0.45394 0.50531 0.45001 0.51023 0.44750 0.52916 0.44862 0.53722 0.45318 0.54414 0.45956 0.54564 0.46438 0.51751 0.46882 0.50880 0.47307 0.50980 0.47632 0.51837 0.48532 0.51658 0.48513 0.52629 0.48200 0.53336 0.47725 0.53614 0.47474 0.55506 0.47718 0.56148 0.48356 0.56298 0.48518 0.56727 0.49155 0.56876 0.49681 0.56220 0.51381 0.56619 0.52343 0.57625 0.53080 0.57018 0.54568 0.57367 0.54730 0.57796 0.55955 0.58473 0.56218 0.58145 0.57705 0.58494 0.58443 0.57887 0.59192 0.58844 0.60974 0.59457 0.61843 0.58686 0.64130 0.59613 0.64505 0.60091 0.64817 0.59384 0.68792 0.59148 0.69367 0.58112 0.70967 0.59268 0.71455 0.60553 0.72304 0.60753 0.73042 0.60146 0.73467 0.60246 0.75011 0.57682
6 0.86817 0.58700 0.86555 0.59028 0.78480 0.57131 0.77349 0.58231 0.77311 0.60173 0.78142 0.61343 0.78741 0.63435 0.80654 0.63884 0.80885 0.62963 0.81491 0.62520 0.81735 0.63163 0.81504 0.64084 0.82272 0.64070 0.82323 0.63691 0.82929 0.63248 0.83091 0.63677 0.85216 0.64175 0.85479 0.63847 0.85641 0.64275 0.86704 0.64525 0.86966 0.64196 0.94616 0.65993 0.94878 0.65664 0.95253 0.66143 0.96316 0.66392 0.96578 0.66064 0.96740 0.66492 0.98533 0.66913 0.99311 0.61032 0.98129 0.60966 0.97179 0.61523 0.96804 0.61045 0.96329 0.61324 0.95792 0.60417 0.86817 0.58700
4 0.79107 0.49086 0.78145 0.48079 0.76182 0.48009 0.74920 0.49272 0.74476 0.50143 0.74025 0.53549 0.74250 0.55163 0.75274 0.57354 0.75124 0.58489 0.74123 0.59424 0.73892 0.60345 0.72992 0.60524 0.72598 0.61017 0.72985 0.63059 0.73441 0.63751 0.73716 0.64986 0.74303 0.65514 0.75072 0.65500 0.77328 0.65834 0.78085 0.64256 0.78123 0.62314 0.77504 0.61194 0.76998 0.60880 0.77098 0.60123 0.76774 0.59266 0.76711 0.58082 0.79024 0.55504 0.79800 0.52955 0.79513 0.50156 0.79107 0.49086
7 0.43741 0.39023 0.42451 0.50425 0.40994 0.50668 0.40601 0.51161 0.40088 0.53381 0.39462 0.54795 0.39262 0.56308 0.39455 0.57329 0.39830 0.57807 0.40093 0.57479 0.40255 0.57907 0.41237 0.57943 0.42643 0.58078 0.43824 0.56600 0.44762 0.54479 0.44901 0.51780 0.44151 0.50824 0.44513 0.49739 0.45465 0.42550 0.45303 0.42121 0.45653 0.39473 0.45410 0.38830 0.44560 0.38630 0.43741 0.39023
7 0.44952 0.44770 0.45177 0.46383 0.44726 0.49789 0.46426 0.50188 0.46770 0.50073 0.47213 0.49202 0.46664 0.46732 0.47027 0.45647 0.47816 0.38030 0.47360 0.37338 0.46723 0.37188 0.45641 0.37909 0.45341 0.40179 0.45465 0.42550 0.45203 0.42878 0.44952 0.44770
6 0.92274 1.00000 0.92120 0.99740 0.91927 0.98719 0.91227 0.97384 0.91996 0.97370 0.92046 0.96991 0.90721 0.97071 0.90184 0.96164 0.85336 0.86442 0.83511 0.83673 0.81138 0.78434 0.80013 0.76999 0.79526 0.75714 0.78239 0.73851 0.77589 0.72138 0.75552 0.69319 0.74578 0.66749 0.73079 0.64836 0.72804 0.63601 0.71242 0.60503 0.70817 0.60404 0.70280 0.59497 0.69762 0.57620 0.70287 0.56963 0.70437 0.55827 0.70193 0.55185 0.69506 0.55414 0.69131 0.54936 0.68656 0.55214 0.68281 0.54736 0.63606 0.53638 0.63344 0.53966 0.63181 0.53538 0.62119 0.53289 0.61856 0.53617 0.60794 0.53368 0.60631 0.52939 0.60369 0.53268 0.49057 0.51001 0.48794 0.51329 0.47994 0.50752 0.47307 0.50980 0.44925 0.54907 0.43361 0.58441 0.42361 0.59377 0.39798 0.63847 0.39060 0.64454 0.37072 0.67888 0.36334 0.68495 0.33983 0.73015 0.29632 0.79406 0.27068 0.83876 0.26018 0.85190 0.25392 0.86604 0.20688 0.93887 0.46716 1.00000 0.92274 1.00000
6 0.00000 0.48647 0.01026 0.48888 0.10557 0.50542 0.11245 0.50313 0.12001 0.48735 0.12608 0.48292 0.15370 0.48941 0.15633 0.48612 0.16220 0.49141 0.16908 0.48912 0.22220 0.50160 0.22482 0.49831 0.22857 0.50309 0.23120 0.49981 0.23757 0.50131 0.24382 0.48717 0.24808 0.48817 0.25120 0.48110 0.25677 0.48045 0.25777 0.47289 0.22933 0.46426 0.22446 0.45141 0.21971 0.45420 0.20746 0.44742 0.20483 0.45070 0.18359 0.44571 0.18096 0.44900 0.17509 0.44371 0.15971 0.44400 0.15596 0.43922 0.14433 0.44429 0.14059 0.43951 0.13371 0.44180 0.11459 0.43731 0.11296 0.43302 0.10821 0.43581 0.10446 0.43103 0.10184 0.43431 0.06147 0.42483 0.05884 0.42812 0.05347 0.41905 0.05084 0.42234 0.02959 0.41734 0.01584 0.42192 0.01209 0.41714 0.00734 0.41992 0.00359 0.41514 0.00352 0.41514 0.00000 0.44173 0.00000 0.48647
6 0.75011 0.57682 0.74230 0.56133 0.72318 0.55684 0.72156 0.55256 0.71681 0.55534 0.71356 0.54678 0.68806 0.54079 0.68331 0.54357 0.68169 0.53929 0.66256 0.53480 0.65881 0.53002 0.65619 0.53330 0.59457 0.51883 0.59194 0.52211 0.48357 0.49666 0.47357 0.50602 0.46719 0.50452 0.45982 0.51059 0.45394 0.50531 0.45001 0.51023 0.44750 0.52916 0.44862 0.53722 0.45318 0.54414 0.45956 0.54564 0.46438 0.51751 0.46882 0.50880 0.47307 0.50980 0.47632 0.51837 0.48532 0.51658 0.48513 0.52629 0.48200 0.53336 0.47725 0.53614 0.47474 0.55506 0.47718 0.56148 0.48356 0.56298 0.48518 0.56727 0.49155 0.56876 0.49681 0.56220 0.51381 0.56619 0.52343 0.57625 0.53080 0.57018 0.54568 0.57367 0.54730 0.57796 0.55955 0.58473 0.56218 0.58145 0.57705 0.58494 0.58443 0.57887 0.59192 0.58844 0.60974 0.59457 0.61843 0.58686 0.64130 0.59613 0.64505 0.60091 0.64817 0.59384 0.68792 0.59148 0.69367 0.58112 0.70967 0.59268 0.71455 0.60553 0.72304 0.60753 0.73042 0.60146 0.73467 0.60246 0.75011 0.57682
6 0.86817 0.58700 0.86555 0.59028 0.78480 0.57131 0.77349 0.58231 0.77311 0.60173 0.78142 0.61343 0.78741 0.63435 0.80654 0.63884 0.80885 0.62963 0.81491 0.62520 0.81735 0.63163 0.81504 0.64084 0.82272 0.64070 0.82323 0.63691 0.82929 0.63248 0.83091 0.63677 0.85216 0.64175 0.85479 0.63847 0.85641 0.64275 0.86704 0.64525 0.86966 0.64196 0.94616 0.65993 0.94878 0.65664 0.95253 0.66143 0.96316 0.66392 0.96578 0.66064 0.96740 0.66492 0.98533 0.66913 0.99311 0.61032 0.98129 0.60966 0.97179 0.61523 0.96804 0.61045 0.96329 0.61324 0.95792 0.60417 0.86817 0.58700
