6 1.00000 0.48379 0.88191 0.23374 0.84334 0.18847 0.76342 0.13479 0.68070 0.09869 0.57198 0.07753 0.41603 0.06611 0.01584 0.07987 0.00990 0.23099 0.29899 0.23242 0.33244 0.24734 0.33855 0.26290 0.00000 0.91404 0.00000 0.96578 0.49017 1.00000 0.98101 1.00000 1.00000 0.51744 1.00000 0.48379
5 0.01899 0.00000 0.01604 0.07503 0.04125 0.07471 0.06030 0.05984 0.05920 0.04400 0.03563 0.04236 0.03108 0.02671 0.02628 0.02331 0.02483 0.00000 0.01899 0.00000
6 1.00000 0.48379 0.88191 0.23374 0.84334 0.18847 0.76342 0.13479 0.68070 0.09869 0.57198 0.07753 0.41603 0.06611 0.01584 0.07987 0.00990 0.23099 0.29899 0.23242 0.33244 0.24734 0.33855 0.26290 0.00000 0.91404 0.00000 0.96578 0.49017 1.00000 0.98101 1.00000 1.00000 0.51744 1.00000 0.48379
5 0.01899 0.00000 0.01604 0.07503 0.04125 0.07471 0.06030 0.05984 0.05920 0.04400 0.03563 0.04236 0.03108 0.02671 0.02628 0.02331 0.02483 0.00000 0.01899 0.00000
6 1.00000 0.48379 0.88191 0.23374 0.84334 0.18847 0.76342 0.13479 0.68070 0.09869 0.57198 0.07753 0.41603 0.06611 0.01584 0.07987 0.00990 0.23099 0.29899 0.23242 0.33244 0.24734 0.33855 0.26290 0.00000 0.91404 0.00000 0.96578 0.49017 1.00000 0.98101 1.00000 1.00000 0.51744 1.00000 0.48379
5 0.01899 0.00000 0.01604 0.07503 0.04125 0.07471 0.06030 0.05984 0.05920 0.04400 0.03563 0.04236 0.03108 0.02671 0.02628 0.02331 0.02483 0.00000 0.01899 0.00000
6 1.00000 0.48379 0.88191 0.23374 0.84334 0.18847 0.76342 0.13479 0.68070 0.09869 0.57198 0.07753 0.41603 0.06611 0.01584 0.07987 0.00990 0.23099 0.29899 0.23242 0.33244 0.24734 0.33855 0.26290 0.00000 0.91404 0.00000 0.96578 0.49017 1.00000 0.98101 1.00000 1.00000 0.51744 1.00000 0.48379
5 0.01899 0.00000 0.01604 0.07503 0.04125 0.07471 0.06030 0.05984 0.05920 0.04400 0.03563 0.04236 0.03108 0.02671 0.02628 0.02331 0.02483 0.00000 0.01899 0.00000
6 1.00000 0.48379 0.88191 0.23374 0.84334 0.18847 0.76342 0.13479 0.68070 0.09869 0.57198 0.07753 0.41603 0.06611 0.01584 0.07987 0.00990 0.23099 0.29899 0.23242 0.33244 0.24734 0.33855 0.26290 0.00000 0.91404 0.00000 0.96578 0.49017 1.00000 0.98101 1.00000 1.00000 0.51744 1.00000 0.48379
5 0.01899 0.00000 0.01604 0.07503 0.04125 0.07471 0.06030 0.05984 0.05920 0.04400 0.03563 0.04236 0.03108 0.02671 0.02628 0.02331 0.02483 0.00000 0.01899 0.00000
6 1.00000 0.48379 0.88191 0.23374 0.84334 0.18847 0.76342 0.13479 0.68070 0.09869 0.57198 0.07753 0.41603 0.06611 0.01584 0.07987 0.00990 0.23099 0.29899 0.23242 0.33244 0.24734 0.33855 0.26290 0.00000 0.91404 0.00000 0.96578 0.49017 1.00000 0.98101 1.00000 1.00000 0.51744 1.00000 0.48379
5 0.01899 0.00000 0.01604 0.07503 0.04125 0.07471 0.06030 0.05984 0.05920 0.04400 0.03563 0.04236 0.03108 0.02671 0.02628 0.02331 0.02483 0.00000 0.01899 0.00000
