6 0.00000 0.30787 0.22787 0.34028 0.24219 0.30324 0.26042 0.30555 0.26693 0.30093 0.27213 0.28704 0.26823 0.26852 0.26562 0.26852 0.25260 0.25463 0.24349 0.23380 0.24089 0.19907 0.24349 0.17824 0.00000 0.14120 0.00000 0.30787
6 1.00000 0.55555 0.71354 0.05787 0.53906 0.04861 0.48568 0.20139 0.28776 0.18518 0.28255 0.20370 0.28385 0.28009 0.29167 0.28704 0.29297 0.31250 0.32682 0.31018 0.32552 0.34954 0.43359 0.36574 0.21354 1.00000 1.00000 1.00000 1.00000 0.55555
7 0.82617 0.16493 0.82813 0.11979 0.83203 0.09896 0.83789 0.01562 0.82324 0.01042 0.81836 0.01562 0.81641 0.04688 0.81445 0.05035 0.81641 0.05729 0.81250 0.07812 0.81250 0.10590 0.81055 0.10938 0.81055 0.13021 0.80859 0.13368 0.81055 0.16146 0.80762 0.16667 0.79980 0.16667 0.79492 0.17535 0.79297 0.20660 0.79590 0.21180 0.80371 0.21180 0.80566 0.21528 0.81152 0.21528 0.81348 0.21180 0.82129 0.21528 0.82715 0.20833 0.83106 0.20833 0.83301 0.21180 0.84082 0.21180 0.84277 0.21875 0.84766 0.21702 0.85156 0.17188 0.84668 0.16320 0.84082 0.16667 0.82617 0.16493
7 0.45801 0.00000 0.45508 0.00521 0.45508 0.02604 0.45117 0.03993 0.45117 0.07118 0.45508 0.08507 0.45313 0.13368 0.44824 0.13889 0.44141 0.15452 0.44141 0.19271 0.48438 0.19271 0.48828 0.18577 0.48438 0.17535 0.48438 0.16840 0.48730 0.16320 0.48926 0.16667 0.49023 0.16146 0.48633 0.15104 0.48828 0.14410 0.48535 0.13889 0.48340 0.14236 0.48047 0.13715 0.48047 0.07812 0.48340 0.06945 0.48438 0.07812 0.48633 0.07812 0.48828 0.05035 0.48535 0.04514 0.48438 0.05729 0.48340 0.05903 0.48047 0.05382 0.47754 0.00000 0.45801 0.00000
5 0.00098 0.00000 0.00000 0.15104 0.02246 0.15278 0.02441 0.14930 0.04199 0.14583 0.04492 0.14062 0.04394 0.12500 0.01855 0.12500 0.01562 0.11979 0.00977 0.08854 0.01953 0.06423 0.01953 0.05382 0.02148 0.05035 0.01953 0.04688 0.01953 0.02604 0.01465 0.00000 0.00098 0.00000
6 0.00000 0.30787 0.22787 0.34028 0.24219 0.30324 0.26042 0.30555 0.26693 0.30093 0.27213 0.28704 0.26823 0.26852 0.26562 0.26852 0.25260 0.25463 0.24349 0.23380 0.24089 0.19907 0.24349 0.17824 0.00000 0.14120 0.00000 0.30787
6 1.00000 0.55555 0.71354 0.05787 0.53906 0.04861 0.48568 0.20139 0.28776 0.18518 0.28255 0.20370 0.28385 0.28009 0.29167 0.28704 0.29297 0.31250 0.32682 0.31018 0.32552 0.34954 0.43359 0.36574 0.21354 1.00000 1.00000 1.00000 1.00000 0.55555
7 0.82617 0.16493 0.82813 0.11979 0.83203 0.09896 0.83789 0.01562 0.82324 0.01042 0.81836 0.01562 0.81641 0.04688 0.81445 0.05035 0.81641 0.05729 0.81250 0.07812 0.81250 0.10590 0.81055 0.10938 0.81055 0.13021 0.80859 0.13368 0.81055 0.16146 0.80762 0.16667 0.79980 0.16667 0.79492 0.17535 0.79297 0.20660 0.79590 0.21180 0.80371 0.21180 0.80566 0.21528 0.81152 0.21528 0.81348 0.21180 0.82129 0.21528 0.82715 0.20833 0.83106 0.20833 0.83301 0.21180 0.84082 0.21180 0.84277 0.21875 0.84766 0.21702 0.85156 0.17188 0.84668 0.16320 0.84082 0.16667 0.82617 0.16493
7 0.45801 0.00000 0.45508 0.00521 0.45508 0.02604 0.45117 0.03993 0.45117 0.07118 0.45508 0.08507 0.45313 0.13368 0.44824 0.13889 0.44141 0.15452 0.44141 0.19271 0.48438 0.19271 0.48828 0.18577 0.48438 0.17535 0.48438 0.16840 0.48730 0.16320 0.48926 0.16667 0.49023 0.16146 0.48633 0.15104 0.48828 0.14410 0.48535 0.13889 0.48340 0.14236 0.48047 0.13715 0.48047 0.07812 0.48340 0.06945 0.48438 0.07812 0.48633 0.07812 0.48828 0.05035 0.48535 0.04514 0.48438 0.05729 0.48340 0.05903 0.48047 0.05382 0.47754 0.00000 0.45801 0.00000
5 0.00098 0.00000 0.00000 0.15104 0.02246 0.15278 0.02441 0.14930 0.04199 0.14583 0.04492 0.14062 0.04394 0.12500 0.01855 0.12500 0.01562 0.11979 0.00977 0.08854 0.01953 0.06423 0.01953 0.05382 0.02148 0.05035 0.01953 0.04688 0.01953 0.02604 0.01465 0.00000 0.00098 0.00000
6 0.00000 0.30787 0.22787 0.34028 0.24219 0.30324 0.26042 0.30555 0.26693 0.30093 0.27213 0.28704 0.26823 0.26852 0.26562 0.26852 0.25260 0.25463 0.24349 0.23380 0.24089 0.19907 0.24349 0.17824 0.00000 0.14120 0.00000 0.30787
6 1.00000 0.55555 0.71354 0.05787 0.53906 0.04861 0.48568 0.20139 0.28776 0.18518 0.28255 0.20370 0.28385 0.28009 0.29167 0.28704 0.29297 0.31250 0.32682 0.31018 0.32552 0.34954 0.43359 0.36574 0.21354 1.00000 1.00000 1.00000 1.00000 0.55555
7 0.82617 0.16493 0.82813 0.11979 0.83203 0.09896 0.83789 0.01562 0.82324 0.01042 0.81836 0.01562 0.81641 0.04688 0.81445 0.05035 0.81641 0.05729 0.81250 0.07812 0.81250 0.10590 0.81055 0.10938 0.81055 0.13021 0.80859 0.13368 0.81055 0.16146 0.80762 0.16667 0.79980 0.16667 0.79492 0.17535 0.79297 0.20660 0.79590 0.21180 0.80371 0.21180 0.80566 0.21528 0.81152 0.21528 0.81348 0.21180 0.82129 0.21528 0.82715 0.20833 0.83106 0.20833 0.83301 0.21180 0.84082 0.21180 0.84277 0.21875 0.84766 0.21702 0.85156 0.17188 0.84668 0.16320 0.84082 0.16667 0.82617 0.16493
7 0.45801 0.00000 0.45508 0.00521 0.45508 0.02604 0.45117 0.03993 0.45117 0.07118 0.45508 0.08507 0.45313 0.13368 0.44824 0.13889 0.44141 0.15452 0.44141 0.19271 0.48438 0.19271 0.48828 0.18577 0.48438 0.17535 0.48438 0.16840 0.48730 0.16320 0.48926 0.16667 0.49023 0.16146 0.48633 0.15104 0.48828 0.14410 0.48535 0.13889 0.48340 0.14236 0.48047 0.13715 0.48047 0.07812 0.48340 0.06945 0.48438 0.07812 0.48633 0.07812 0.48828 0.05035 0.48535 0.04514 0.48438 0.05729 0.48340 0.05903 0.48047 0.05382 0.47754 0.00000 0.45801 0.00000
5 0.00098 0.00000 0.00000 0.15104 0.02246 0.15278 0.02441 0.14930 0.04199 0.14583 0.04492 0.14062 0.04394 0.12500 0.01855 0.12500 0.01562 0.11979 0.00977 0.08854 0.01953 0.06423 0.01953 0.05382 0.02148 0.05035 0.01953 0.04688 0.01953 0.02604 0.01465 0.00000 0.00098 0.00000
6 0.00000 0.30787 0.22787 0.34028 0.24219 0.30324 0.26042 0.30555 0.26693 0.30093 0.27213 0.28704 0.26823 0.26852 0.26562 0.26852 0.25260 0.25463 0.24349 0.23380 0.24089 0.19907 0.24349 0.17824 0.00000 0.14120 0.00000 0.30787
6 1.00000 0.55555 0.71354 0.05787 0.53906 0.04861 0.48568 0.20139 0.28776 0.18518 0.28255 0.20370 0.28385 0.28009 0.29167 0.28704 0.29297 0.31250 0.32682 0.31018 0.32552 0.34954 0.43359 0.36574 0.21354 1.00000 1.00000 1.00000 1.00000 0.55555
7 0.82617 0.16493 0.82813 0.11979 0.83203 0.09896 0.83789 0.01562 0.82324 0.01042 0.81836 0.01562 0.81641 0.04688 0.81445 0.05035 0.81641 0.05729 0.81250 0.07812 0.81250 0.10590 0.81055 0.10938 0.81055 0.13021 0.80859 0.13368 0.81055 0.16146 0.80762 0.16667 0.79980 0.16667 0.79492 0.17535 0.79297 0.20660 0.79590 0.21180 0.80371 0.21180 0.80566 0.21528 0.81152 0.21528 0.81348 0.21180 0.82129 0.21528 0.82715 0.20833 0.83106 0.20833 0.83301 0.21180 0.84082 0.21180 0.84277 0.21875 0.84766 0.21702 0.85156 0.17188 0.84668 0.16320 0.84082 0.16667 0.82617 0.16493
7 0.45801 0.00000 0.45508 0.00521 0.45508 0.02604 0.45117 0.03993 0.45117 0.07118 0.45508 0.08507 0.45313 0.13368 0.44824 0.13889 0.44141 0.15452 0.44141 0.19271 0.48438 0.19271 0.48828 0.18577 0.48438 0.17535 0.48438 0.16840 0.48730 0.16320 0.48926 0.16667 0.49023 0.16146 0.48633 0.15104 0.48828 0.14410 0.48535 0.13889 0.48340 0.14236 0.48047 0.13715 0.48047 0.07812 0.48340 0.06945 0.48438 0.07812 0.48633 0.07812 0.48828 0.05035 0.48535 0.04514 0.48438 0.05729 0.48340 0.05903 0.48047 0.05382 0.47754 0.00000 0.45801 0.00000
5 0.00098 0.00000 0.00000 0.15104 0.02246 0.15278 0.02441 0.14930 0.04199 0.14583 0.04492 0.14062 0.04394 0.12500 0.01855 0.12500 0.01562 0.11979 0.00977 0.08854 0.01953 0.06423 0.01953 0.05382 0.02148 0.05035 0.01953 0.04688 0.01953 0.02604 0.01465 0.00000 0.00098 0.00000
6 0.00000 0.30787 0.22787 0.34028 0.24219 0.30324 0.26042 0.30555 0.26693 0.30093 0.27213 0.28704 0.26823 0.26852 0.26562 0.26852 0.25260 0.25463 0.24349 0.23380 0.24089 0.19907 0.24349 0.17824 0.00000 0.14120 0.00000 0.30787
6 1.00000 0.55555 0.71354 0.05787 0.53906 0.04861 0.48568 0.20139 0.28776 0.18518 0.28255 0.20370 0.28385 0.28009 0.29167 0.28704 0.29297 0.31250 0.32682 0.31018 0.32552 0.34954 0.43359 0.36574 0.21354 1.00000 1.00000 1.00000 1.00000 0.55555
7 0.82617 0.16493 0.82813 0.11979 0.83203 0.09896 0.83789 0.01562 0.82324 0.01042 0.81836 0.01562 0.81641 0.04688 0.81445 0.05035 0.81641 0.05729 0.81250 0.07812 0.81250 0.10590 0.81055 0.10938 0.81055 0.13021 0.80859 0.13368 0.81055 0.16146 0.80762 0.16667 0.79980 0.16667 0.79492 0.17535 0.79297 0.20660 0.79590 0.21180 0.80371 0.21180 0.80566 0.21528 0.81152 0.21528 0.81348 0.21180 0.82129 0.21528 0.82715 0.20833 0.83106 0.20833 0.83301 0.21180 0.84082 0.21180 0.84277 0.21875 0.84766 0.21702 0.85156 0.17188 0.84668 0.16320 0.84082 0.16667 0.82617 0.16493
7 0.45801 0.00000 0.45508 0.00521 0.45508 0.02604 0.45117 0.03993 0.45117 0.07118 0.45508 0.08507 0.45313 0.13368 0.44824 0.13889 0.44141 0.15452 0.44141 0.19271 0.48438 0.19271 0.48828 0.18577 0.48438 0.17535 0.48438 0.16840 0.48730 0.16320 0.48926 0.16667 0.49023 0.16146 0.48633 0.15104 0.48828 0.14410 0.48535 0.13889 0.48340 0.14236 0.48047 0.13715 0.48047 0.07812 0.48340 0.06945 0.48438 0.07812 0.48633 0.07812 0.48828 0.05035 0.48535 0.04514 0.48438 0.05729 0.48340 0.05903 0.48047 0.05382 0.47754 0.00000 0.45801 0.00000
5 0.00098 0.00000 0.00000 0.15104 0.02246 0.15278 0.02441 0.14930 0.04199 0.14583 0.04492 0.14062 0.04394 0.12500 0.01855 0.12500 0.01562 0.11979 0.00977 0.08854 0.01953 0.06423 0.01953 0.05382 0.02148 0.05035 0.01953 0.04688 0.01953 0.02604 0.01465 0.00000 0.00098 0.00000
6 0.00000 0.30787 0.22787 0.34028 0.24219 0.30324 0.26042 0.30555 0.26693 0.30093 0.27213 0.28704 0.26823 0.26852 0.26562 0.26852 0.25260 0.25463 0.24349 0.23380 0.24089 0.19907 0.24349 0.17824 0.00000 0.14120 0.00000 0.30787
6 1.00000 0.55555 0.71354 0.05787 0.53906 0.04861 0.48568 0.20139 0.28776 0.18518 0.28255 0.20370 0.28385 0.28009 0.29167 0.28704 0.29297 0.31250 0.32682 0.31018 0.32552 0.34954 0.43359 0.36574 0.21354 1.00000 1.00000 1.00000 1.00000 0.55555
7 0.82617 0.16493 0.82813 0.11979 0.83203 0.09896 0.83789 0.01562 0.82324 0.01042 0.81836 0.01562 0.81641 0.04688 0.81445 0.05035 0.81641 0.05729 0.81250 0.07812 0.81250 0.10590 0.81055 0.10938 0.81055 0.13021 0.80859 0.13368 0.81055 0.16146 0.80762 0.16667 0.79980 0.16667 0.79492 0.17535 0.79297 0.20660 0.79590 0.21180 0.80371 0.21180 0.80566 0.21528 0.81152 0.21528 0.81348 0.21180 0.82129 0.21528 0.82715 0.20833 0.83106 0.20833 0.83301 0.21180 0.84082 0.21180 0.84277 0.21875 0.84766 0.21702 0.85156 0.17188 0.84668 0.16320 0.84082 0.16667 0.82617 0.16493
7 0.45801 0.00000 0.45508 0.00521 0.45508 0.02604 0.45117 0.03993 0.45117 0.07118 0.45508 0.08507 0.45313 0.13368 0.44824 0.13889 0.44141 0.15452 0.44141 0.19271 0.48438 0.19271 0.48828 0.18577 0.48438 0.17535 0.48438 0.16840 0.48730 0.16320 0.48926 0.16667 0.49023 0.16146 0.48633 0.15104 0.48828 0.14410 0.48535 0.13889 0.48340 0.14236 0.48047 0.13715 0.48047 0.07812 0.48340 0.06945 0.48438 0.07812 0.48633 0.07812 0.48828 0.05035 0.48535 0.04514 0.48438 0.05729 0.48340 0.05903 0.48047 0.05382 0.47754 0.00000 0.45801 0.00000
5 0.00098 0.00000 0.00000 0.15104 0.02246 0.15278 0.02441 0.14930 0.04199 0.14583 0.04492 0.14062 0.04394 0.12500 0.01855 0.12500 0.01562 0.11979 0.00977 0.08854 0.01953 0.06423 0.01953 0.05382 0.02148 0.05035 0.01953 0.04688 0.01953 0.02604 0.01465 0.00000 0.00098 0.00000
