2 0.68361 0.26766 0.68197 0.25386 0.68686 0.22808 0.68899 0.19582 0.69204 0.18810 0.69417 0.15584 0.69294 0.14549 0.69518 0.13088 0.69272 0.11019 0.68919 0.10563 0.66592 0.11054 0.66440 0.11439 0.61674 0.13152 0.60945 0.14543 0.61537 0.16186 0.63775 0.19956 0.64133 0.21294 0.65859 0.24112 0.66452 0.25754 0.66780 0.28513 0.67015 0.28817 0.66867 0.30086 0.66480 0.30167 0.65904 0.31173 0.66109 0.32897 0.65879 0.33476 0.64369 0.34148 0.64140 0.34727 0.64221 0.35416 0.66994 0.37836 0.67887 0.37825 0.68769 0.36048 0.70321 0.35720 0.70473 0.35334 0.72606 0.34884 0.73270 0.35452 0.73970 0.35481 0.73712 0.31646 0.72737 0.30968 0.71145 0.30951 0.70082 0.28700 0.68995 0.28753 0.68361 0.26766
6 1.00000 0.67503 0.54848 0.27908 0.50497 0.23641 0.44535 0.22542 0.39329 0.22226 0.27204 0.25020 0.13352 0.28885 0.07171 0.38202 0.19268 0.35179 0.20984 0.36230 0.21202 0.38070 0.18970 0.49382 0.10156 1.00000 0.52628 1.00000 0.66783 0.97082 1.00000 0.90075 1.00000 0.67503
2 0.68361 0.26766 0.68197 0.25386 0.68686 0.22808 0.68899 0.19582 0.69204 0.18810 0.69417 0.15584 0.69294 0.14549 0.69518 0.13088 0.69272 0.11019 0.68919 0.10563 0.66592 0.11054 0.66440 0.11439 0.61674 0.13152 0.60945 0.14543 0.61537 0.16186 0.63775 0.19956 0.64133 0.21294 0.65859 0.24112 0.66452 0.25754 0.66780 0.28513 0.67015 0.28817 0.66867 0.30086 0.66480 0.30167 0.65904 0.31173 0.66109 0.32897 0.65879 0.33476 0.64369 0.34148 0.64140 0.34727 0.64221 0.35416 0.66994 0.37836 0.67887 0.37825 0.68769 0.36048 0.70321 0.35720 0.70473 0.35334 0.72606 0.34884 0.73270 0.35452 0.73970 0.35481 0.73712 0.31646 0.72737 0.30968 0.71145 0.30951 0.70082 0.28700 0.68995 0.28753 0.68361 0.26766
6 1.00000 0.67503 0.54848 0.27908 0.50497 0.23641 0.44535 0.22542 0.39329 0.22226 0.27204 0.25020 0.13352 0.28885 0.07171 0.38202 0.19268 0.35179 0.20984 0.36230 0.21202 0.38070 0.18970 0.49382 0.10156 1.00000 0.52628 1.00000 0.66783 0.97082 1.00000 0.90075 1.00000 0.67503
2 0.68361 0.26766 0.68197 0.25386 0.68686 0.22808 0.68899 0.19582 0.69204 0.18810 0.69417 0.15584 0.69294 0.14549 0.69518 0.13088 0.69272 0.11019 0.68919 0.10563 0.66592 0.11054 0.66440 0.11439 0.61674 0.13152 0.60945 0.14543 0.61537 0.16186 0.63775 0.19956 0.64133 0.21294 0.65859 0.24112 0.66452 0.25754 0.66780 0.28513 0.67015 0.28817 0.66867 0.30086 0.66480 0.30167 0.65904 0.31173 0.66109 0.32897 0.65879 0.33476 0.64369 0.34148 0.64140 0.34727 0.64221 0.35416 0.66994 0.37836 0.67887 0.37825 0.68769 0.36048 0.70321 0.35720 0.70473 0.35334 0.72606 0.34884 0.73270 0.35452 0.73970 0.35481 0.73712 0.31646 0.72737 0.30968 0.71145 0.30951 0.70082 0.28700 0.68995 0.28753 0.68361 0.26766
6 1.00000 0.67503 0.54848 0.27908 0.50497 0.23641 0.44535 0.22542 0.39329 0.22226 0.27204 0.25020 0.13352 0.28885 0.07171 0.38202 0.19268 0.35179 0.20984 0.36230 0.21202 0.38070 0.18970 0.49382 0.10156 1.00000 0.52628 1.00000 0.66783 0.97082 1.00000 0.90075 1.00000 0.67503
2 0.68361 0.26766 0.68197 0.25386 0.68686 0.22808 0.68899 0.19582 0.69204 0.18810 0.69417 0.15584 0.69294 0.14549 0.69518 0.13088 0.69272 0.11019 0.68919 0.10563 0.66592 0.11054 0.66440 0.11439 0.61674 0.13152 0.60945 0.14543 0.61537 0.16186 0.63775 0.19956 0.64133 0.21294 0.65859 0.24112 0.66452 0.25754 0.66780 0.28513 0.67015 0.28817 0.66867 0.30086 0.66480 0.30167 0.65904 0.31173 0.66109 0.32897 0.65879 0.33476 0.64369 0.34148 0.64140 0.34727 0.64221 0.35416 0.66994 0.37836 0.67887 0.37825 0.68769 0.36048 0.70321 0.35720 0.70473 0.35334 0.72606 0.34884 0.73270 0.35452 0.73970 0.35481 0.73712 0.31646 0.72737 0.30968 0.71145 0.30951 0.70082 0.28700 0.68995 0.28753 0.68361 0.26766
6 1.00000 0.67503 0.54848 0.27908 0.50497 0.23641 0.44535 0.22542 0.39329 0.22226 0.27204 0.25020 0.13352 0.28885 0.07171 0.38202 0.19268 0.35179 0.20984 0.36230 0.21202 0.38070 0.18970 0.49382 0.10156 1.00000 0.52628 1.00000 0.66783 0.97082 1.00000 0.90075 1.00000 0.67503
2 0.68361 0.26766 0.68197 0.25386 0.68686 0.22808 0.68899 0.19582 0.69204 0.18810 0.69417 0.15584 0.69294 0.14549 0.69518 0.13088 0.69272 0.11019 0.68919 0.10563 0.66592 0.11054 0.66440 0.11439 0.61674 0.13152 0.60945 0.14543 0.61537 0.16186 0.63775 0.19956 0.64133 0.21294 0.65859 0.24112 0.66452 0.25754 0.66780 0.28513 0.67015 0.28817 0.66867 0.30086 0.66480 0.30167 0.65904 0.31173 0.66109 0.32897 0.65879 0.33476 0.64369 0.34148 0.64140 0.34727 0.64221 0.35416 0.66994 0.37836 0.67887 0.37825 0.68769 0.36048 0.70321 0.35720 0.70473 0.35334 0.72606 0.34884 0.73270 0.35452 0.73970 0.35481 0.73712 0.31646 0.72737 0.30968 0.71145 0.30951 0.70082 0.28700 0.68995 0.28753 0.68361 0.26766
6 1.00000 0.67503 0.54848 0.27908 0.50497 0.23641 0.44535 0.22542 0.39329 0.22226 0.27204 0.25020 0.13352 0.28885 0.07171 0.38202 0.19268 0.35179 0.20984 0.36230 0.21202 0.38070 0.18970 0.49382 0.10156 1.00000 0.52628 1.00000 0.66783 0.97082 1.00000 0.90075 1.00000 0.67503
2 0.68361 0.26766 0.68197 0.25386 0.68686 0.22808 0.68899 0.19582 0.69204 0.18810 0.69417 0.15584 0.69294 0.14549 0.69518 0.13088 0.69272 0.11019 0.68919 0.10563 0.66592 0.11054 0.66440 0.11439 0.61674 0.13152 0.60945 0.14543 0.61537 0.16186 0.63775 0.19956 0.64133 0.21294 0.65859 0.24112 0.66452 0.25754 0.66780 0.28513 0.67015 0.28817 0.66867 0.30086 0.66480 0.30167 0.65904 0.31173 0.66109 0.32897 0.65879 0.33476 0.64369 0.34148 0.64140 0.34727 0.64221 0.35416 0.66994 0.37836 0.67887 0.37825 0.68769 0.36048 0.70321 0.35720 0.70473 0.35334 0.72606 0.34884 0.73270 0.35452 0.73970 0.35481 0.73712 0.31646 0.72737 0.30968 0.71145 0.30951 0.70082 0.28700 0.68995 0.28753 0.68361 0.26766
6 1.00000 0.67503 0.54848 0.27908 0.50497 0.23641 0.44535 0.22542 0.39329 0.22226 0.27204 0.25020 0.13352 0.28885 0.07171 0.38202 0.19268 0.35179 0.20984 0.36230 0.21202 0.38070 0.18970 0.49382 0.10156 1.00000 0.52628 1.00000 0.66783 0.97082 1.00000 0.90075 1.00000 0.67503
