6 0.28418 0.94445 0.27246 0.93403 0.26855 0.93403 0.23535 0.90278 0.23145 0.90278 0.22754 0.89583 0.17676 0.85417 0.17285 0.84722 0.16309 0.84028 0.15918 0.83333 0.14746 0.82639 0.14355 0.81945 0.12988 0.81250 0.10840 0.78472 0.09473 0.78125 0.09277 0.77778 0.08106 0.77778 0.06934 0.77083 0.02832 0.76736 0.02637 0.76389 0.00000 0.76910 0.00098 0.99653 0.32813 0.99827 0.33008 0.99479 0.32715 0.98958 0.28809 0.95139 0.28418 0.94445
2 0.32617 0.87673 0.32324 0.86805 0.30762 0.86458 0.30273 0.85590 0.30273 0.84896 0.29590 0.84028 0.29004 0.84028 0.28711 0.82812 0.28711 0.81423 0.29101 0.80382 0.29492 0.77604 0.30273 0.75173 0.30273 0.74132 0.30859 0.71354 0.30859 0.69618 0.30371 0.68750 0.28809 0.68750 0.28613 0.69097 0.26855 0.69097 0.26660 0.69445 0.23730 0.69792 0.23047 0.70660 0.23047 0.71354 0.24414 0.74132 0.25586 0.77952 0.26367 0.79340 0.27148 0.81771 0.26953 0.84548 0.26465 0.85417 0.25781 0.85938 0.25586 0.88021 0.24414 0.89062 0.24414 0.89757 0.24902 0.90625 0.25488 0.90972 0.26172 0.90798 0.29004 0.90278 0.30957 0.88889 0.32129 0.88542 0.32617 0.87673
6 0.28418 0.94445 0.27246 0.93403 0.26855 0.93403 0.23535 0.90278 0.23145 0.90278 0.22754 0.89583 0.17676 0.85417 0.17285 0.84722 0.16309 0.84028 0.15918 0.83333 0.14746 0.82639 0.14355 0.81945 0.12988 0.81250 0.10840 0.78472 0.09473 0.78125 0.09277 0.77778 0.08106 0.77778 0.06934 0.77083 0.02832 0.76736 0.02637 0.76389 0.00000 0.76910 0.00098 0.99653 0.32813 0.99827 0.33008 0.99479 0.32715 0.98958 0.28809 0.95139 0.28418 0.94445
2 0.32617 0.87673 0.32324 0.86805 0.30762 0.86458 0.30273 0.85590 0.30273 0.84896 0.29590 0.84028 0.29004 0.84028 0.28711 0.82812 0.28711 0.81423 0.29101 0.80382 0.29492 0.77604 0.30273 0.75173 0.30273 0.74132 0.30859 0.71354 0.30859 0.69618 0.30371 0.68750 0.28809 0.68750 0.28613 0.69097 0.26855 0.69097 0.26660 0.69445 0.23730 0.69792 0.23047 0.70660 0.23047 0.71354 0.24414 0.74132 0.25586 0.77952 0.26367 0.79340 0.27148 0.81771 0.26953 0.84548 0.26465 0.85417 0.25781 0.85938 0.25586 0.88021 0.24414 0.89062 0.24414 0.89757 0.24902 0.90625 0.25488 0.90972 0.26172 0.90798 0.29004 0.90278 0.30957 0.88889 0.32129 0.88542 0.32617 0.87673
6 0.28418 0.94445 0.27246 0.93403 0.26855 0.93403 0.23535 0.90278 0.23145 0.90278 0.22754 0.89583 0.17676 0.85417 0.17285 0.84722 0.16309 0.84028 0.15918 0.83333 0.14746 0.82639 0.14355 0.81945 0.12988 0.81250 0.10840 0.78472 0.09473 0.78125 0.09277 0.77778 0.08106 0.77778 0.06934 0.77083 0.02832 0.76736 0.02637 0.76389 0.00000 0.76910 0.00098 0.99653 0.32813 0.99827 0.33008 0.99479 0.32715 0.98958 0.28809 0.95139 0.28418 0.94445
2 0.32617 0.87673 0.32324 0.86805 0.30762 0.86458 0.30273 0.85590 0.30273 0.84896 0.29590 0.84028 0.29004 0.84028 0.28711 0.82812 0.28711 0.81423 0.29101 0.80382 0.29492 0.77604 0.30273 0.75173 0.30273 0.74132 0.30859 0.71354 0.30859 0.69618 0.30371 0.68750 0.28809 0.68750 0.28613 0.69097 0.26855 0.69097 0.26660 0.69445 0.23730 0.69792 0.23047 0.70660 0.23047 0.71354 0.24414 0.74132 0.25586 0.77952 0.26367 0.79340 0.27148 0.81771 0.26953 0.84548 0.26465 0.85417 0.25781 0.85938 0.25586 0.88021 0.24414 0.89062 0.24414 0.89757 0.24902 0.90625 0.25488 0.90972 0.26172 0.90798 0.29004 0.90278 0.30957 0.88889 0.32129 0.88542 0.32617 0.87673
6 0.28418 0.94445 0.27246 0.93403 0.26855 0.93403 0.23535 0.90278 0.23145 0.90278 0.22754 0.89583 0.17676 0.85417 0.17285 0.84722 0.16309 0.84028 0.15918 0.83333 0.14746 0.82639 0.14355 0.81945 0.12988 0.81250 0.10840 0.78472 0.09473 0.78125 0.09277 0.77778 0.08106 0.77778 0.06934 0.77083 0.02832 0.76736 0.02637 0.76389 0.00000 0.76910 0.00098 0.99653 0.32813 0.99827 0.33008 0.99479 0.32715 0.98958 0.28809 0.95139 0.28418 0.94445
2 0.32617 0.87673 0.32324 0.86805 0.30762 0.86458 0.30273 0.85590 0.30273 0.84896 0.29590 0.84028 0.29004 0.84028 0.28711 0.82812 0.28711 0.81423 0.29101 0.80382 0.29492 0.77604 0.30273 0.75173 0.30273 0.74132 0.30859 0.71354 0.30859 0.69618 0.30371 0.68750 0.28809 0.68750 0.28613 0.69097 0.26855 0.69097 0.26660 0.69445 0.23730 0.69792 0.23047 0.70660 0.23047 0.71354 0.24414 0.74132 0.25586 0.77952 0.26367 0.79340 0.27148 0.81771 0.26953 0.84548 0.26465 0.85417 0.25781 0.85938 0.25586 0.88021 0.24414 0.89062 0.24414 0.89757 0.24902 0.90625 0.25488 0.90972 0.26172 0.90798 0.29004 0.90278 0.30957 0.88889 0.32129 0.88542 0.32617 0.87673
6 0.28418 0.94445 0.27246 0.93403 0.26855 0.93403 0.23535 0.90278 0.23145 0.90278 0.22754 0.89583 0.17676 0.85417 0.17285 0.84722 0.16309 0.84028 0.15918 0.83333 0.14746 0.82639 0.14355 0.81945 0.12988 0.81250 0.10840 0.78472 0.09473 0.78125 0.09277 0.77778 0.08106 0.77778 0.06934 0.77083 0.02832 0.76736 0.02637 0.76389 0.00000 0.76910 0.00098 0.99653 0.32813 0.99827 0.33008 0.99479 0.32715 0.98958 0.28809 0.95139 0.28418 0.94445
2 0.32617 0.87673 0.32324 0.86805 0.30762 0.86458 0.30273 0.85590 0.30273 0.84896 0.29590 0.84028 0.29004 0.84028 0.28711 0.82812 0.28711 0.81423 0.29101 0.80382 0.29492 0.77604 0.30273 0.75173 0.30273 0.74132 0.30859 0.71354 0.30859 0.69618 0.30371 0.68750 0.28809 0.68750 0.28613 0.69097 0.26855 0.69097 0.26660 0.69445 0.23730 0.69792 0.23047 0.70660 0.23047 0.71354 0.24414 0.74132 0.25586 0.77952 0.26367 0.79340 0.27148 0.81771 0.26953 0.84548 0.26465 0.85417 0.25781 0.85938 0.25586 0.88021 0.24414 0.89062 0.24414 0.89757 0.24902 0.90625 0.25488 0.90972 0.26172 0.90798 0.29004 0.90278 0.30957 0.88889 0.32129 0.88542 0.32617 0.87673
6 0.28418 0.94445 0.27246 0.93403 0.26855 0.93403 0.23535 0.90278 0.23145 0.90278 0.22754 0.89583 0.17676 0.85417 0.17285 0.84722 0.16309 0.84028 0.15918 0.83333 0.14746 0.82639 0.14355 0.81945 0.12988 0.81250 0.10840 0.78472 0.09473 0.78125 0.09277 0.77778 0.08106 0.77778 0.06934 0.77083 0.02832 0.76736 0.02637 0.76389 0.00000 0.76910 0.00098 0.99653 0.32813 0.99827 0.33008 0.99479 0.32715 0.98958 0.28809 0.95139 0.28418 0.94445
2 0.32617 0.87673 0.32324 0.86805 0.30762 0.86458 0.30273 0.85590 0.30273 0.84896 0.29590 0.84028 0.29004 0.84028 0.28711 0.82812 0.28711 0.81423 0.29101 0.80382 0.29492 0.77604 0.30273 0.75173 0.30273 0.74132 0.30859 0.71354 0.30859 0.69618 0.30371 0.68750 0.28809 0.68750 0.28613 0.69097 0.26855 0.69097 0.26660 0.69445 0.23730 0.69792 0.23047 0.70660 0.23047 0.71354 0.24414 0.74132 0.25586 0.77952 0.26367 0.79340 0.27148 0.81771 0.26953 0.84548 0.26465 0.85417 0.25781 0.85938 0.25586 0.88021 0.24414 0.89062 0.24414 0.89757 0.24902 0.90625 0.25488 0.90972 0.26172 0.90798 0.29004 0.90278 0.30957 0.88889 0.32129 0.88542 0.32617 0.87673
