6 0.00000 0.00000 0.00000 0.03328 0.18438 0.01903 0.28330 1.00000 1.00000 1.00000 1.00000 0.41463 0.70203 0.15737 0.52626 0.00000 0.00000 0.00000
5 0.67730 0.00000 0.68424 0.01155 0.67279 0.07595 0.65421 0.08447 0.65062 0.10045 0.69137 0.12814 0.74472 0.11110 0.74384 0.07928 0.71456 0.06319 0.71800 0.00457 0.71978 0.00000 0.67730 0.00000
6 0.00000 0.00000 0.00000 0.03328 0.18438 0.01903 0.28330 1.00000 1.00000 1.00000 1.00000 0.41463 0.70203 0.15737 0.52626 0.00000 0.00000 0.00000
5 0.67730 0.00000 0.68424 0.01155 0.67279 0.07595 0.65421 0.08447 0.65062 0.10045 0.69137 0.12814 0.74472 0.11110 0.74384 0.07928 0.71456 0.06319 0.71800 0.00457 0.71978 0.00000 0.67730 0.00000
6 0.00000 0.00000 0.00000 0.03328 0.18438 0.01903 0.28330 1.00000 1.00000 1.00000 1.00000 0.41463 0.70203 0.15737 0.52626 0.00000 0.00000 0.00000
5 0.67730 0.00000 0.68424 0.01155 0.67279 0.07595 0.65421 0.08447 0.65062 0.10045 0.69137 0.12814 0.74472 0.11110 0.74384 0.07928 0.71456 0.06319 0.71800 0.00457 0.71978 0.00000 0.67730 0.00000
6 0.00000 0.00000 0.00000 0.03328 0.18438 0.01903 0.28330 1.00000 1.00000 1.00000 1.00000 0.41463 0.70203 0.15737 0.52626 0.00000 0.00000 0.00000
5 0.67730 0.00000 0.68424 0.01155 0.67279 0.07595 0.65421 0.08447 0.65062 0.10045 0.69137 0.12814 0.74472 0.11110 0.74384 0.07928 0.71456 0.06319 0.71800 0.00457 0.71978 0.00000 0.67730 0.00000
6 0.00000 0.00000 0.00000 0.03328 0.18438 0.01903 0.28330 1.00000 1.00000 1.00000 1.00000 0.41463 0.70203 0.15737 0.52626 0.00000 0.00000 0.00000
5 0.67730 0.00000 0.68424 0.01155 0.67279 0.07595 0.65421 0.08447 0.65062 0.10045 0.69137 0.12814 0.74472 0.11110 0.74384 0.07928 0.71456 0.06319 0.71800 0.00457 0.71978 0.00000 0.67730 0.00000
6 0.00000 0.00000 0.00000 0.03328 0.18438 0.01903 0.28330 1.00000 1.00000 1.00000 1.00000 0.41463 0.70203 0.15737 0.52626 0.00000 0.00000 0.00000
5 0.67730 0.00000 0.68424 0.01155 0.67279 0.07595 0.65421 0.08447 0.65062 0.10045 0.69137 0.12814 0.74472 0.11110 0.74384 0.07928 0.71456 0.06319 0.71800 0.00457 0.71978 0.00000 0.67730 0.00000
