6 0.00000 0.41847 0.18012 0.41048 0.19100 0.36900 0.21030 0.36785 0.21659 0.36174 0.22050 0.34621 0.21438 0.32764 0.21166 0.32815 0.19652 0.31619 0.18471 0.29621 0.17816 0.26046 0.17858 0.23819 0.00000 0.24436 0.00000 0.41847
6 1.00000 0.47060 0.65637 0.02054 0.47308 0.04500 0.43414 0.21500 0.22560 0.23679 0.22220 0.25714 0.23198 0.33667 0.24090 0.34240 0.24507 0.36874 0.28018 0.35970 0.28316 0.40105 0.39784 0.39684 0.26106 1.00000 0.52625 1.00000 1.00000 0.91131 1.00000 0.47060
7 0.76375 0.00000 0.76199 0.02234 0.76504 0.05136 0.76339 0.05537 0.76568 0.07712 0.76403 0.08113 0.76913 0.10976 0.76664 0.11578 0.75848 0.11730 0.75433 0.12732 0.75574 0.16034 0.75937 0.16521 0.76753 0.16368 0.76996 0.16693 0.77608 0.16578 0.77774 0.16177 0.78628 0.16387 0.79164 0.15547 0.79572 0.15471 0.79814 0.15795 0.80630 0.15643 0.80911 0.16330 0.81401 0.16053 0.81312 0.11262 0.80706 0.10451 0.80133 0.10928 0.78583 0.11033 0.78290 0.06281 0.78468 0.04029 0.78328 0.00000 0.76375 0.00000
7 0.38815 0.15705 0.38273 0.17470 0.38694 0.21459 0.43183 0.20619 0.43514 0.19817 0.42991 0.18806 0.42915 0.18080 0.43163 0.17479 0.43406 0.17804 0.43450 0.17241 0.42928 0.16229 0.43055 0.15466 0.42691 0.14979 0.42526 0.15380 0.42162 0.14893 0.41512 0.08728 0.41722 0.07764 0.41920 0.08652 0.42124 0.08613 0.42022 0.05674 0.41658 0.05187 0.41690 0.06476 0.41607 0.06676 0.41244 0.06189 0.40453 0.01296 0.38070 0.01742 0.38285 0.03785 0.38030 0.05312 0.38375 0.08576 0.38936 0.09950 0.39267 0.15065 0.38815 0.15705
6 0.00000 0.41847 0.18012 0.41048 0.19100 0.36900 0.21030 0.36785 0.21659 0.36174 0.22050 0.34621 0.21438 0.32764 0.21166 0.32815 0.19652 0.31619 0.18471 0.29621 0.17816 0.26046 0.17858 0.23819 0.00000 0.24436 0.00000 0.41847
6 1.00000 0.47060 0.65637 0.02054 0.47308 0.04500 0.43414 0.21500 0.22560 0.23679 0.22220 0.25714 0.23198 0.33667 0.24090 0.34240 0.24507 0.36874 0.28018 0.35970 0.28316 0.40105 0.39784 0.39684 0.26106 1.00000 0.52625 1.00000 1.00000 0.91131 1.00000 0.47060
7 0.76375 0.00000 0.76199 0.02234 0.76504 0.05136 0.76339 0.05537 0.76568 0.07712 0.76403 0.08113 0.76913 0.10976 0.76664 0.11578 0.75848 0.11730 0.75433 0.12732 0.75574 0.16034 0.75937 0.16521 0.76753 0.16368 0.76996 0.16693 0.77608 0.16578 0.77774 0.16177 0.78628 0.16387 0.79164 0.15547 0.79572 0.15471 0.79814 0.15795 0.80630 0.15643 0.80911 0.16330 0.81401 0.16053 0.81312 0.11262 0.80706 0.10451 0.80133 0.10928 0.78583 0.11033 0.78290 0.06281 0.78468 0.04029 0.78328 0.00000 0.76375 0.00000
7 0.38815 0.15705 0.38273 0.17470 0.38694 0.21459 0.43183 0.20619 0.43514 0.19817 0.42991 0.18806 0.42915 0.18080 0.43163 0.17479 0.43406 0.17804 0.43450 0.17241 0.42928 0.16229 0.43055 0.15466 0.42691 0.14979 0.42526 0.15380 0.42162 0.14893 0.41512 0.08728 0.41722 0.07764 0.41920 0.08652 0.42124 0.08613 0.42022 0.05674 0.41658 0.05187 0.41690 0.06476 0.41607 0.06676 0.41244 0.06189 0.40453 0.01296 0.38070 0.01742 0.38285 0.03785 0.38030 0.05312 0.38375 0.08576 0.38936 0.09950 0.39267 0.15065 0.38815 0.15705
6 0.00000 0.41847 0.18012 0.41048 0.19100 0.36900 0.21030 0.36785 0.21659 0.36174 0.22050 0.34621 0.21438 0.32764 0.21166 0.32815 0.19652 0.31619 0.18471 0.29621 0.17816 0.26046 0.17858 0.23819 0.00000 0.24436 0.00000 0.41847
6 1.00000 0.47060 0.65637 0.02054 0.47308 0.04500 0.43414 0.21500 0.22560 0.23679 0.22220 0.25714 0.23198 0.33667 0.24090 0.34240 0.24507 0.36874 0.28018 0.35970 0.28316 0.40105 0.39784 0.39684 0.26106 1.00000 0.52625 1.00000 1.00000 0.91131 1.00000 0.47060
7 0.76375 0.00000 0.76199 0.02234 0.76504 0.05136 0.76339 0.05537 0.76568 0.07712 0.76403 0.08113 0.76913 0.10976 0.76664 0.11578 0.75848 0.11730 0.75433 0.12732 0.75574 0.16034 0.75937 0.16521 0.76753 0.16368 0.76996 0.16693 0.77608 0.16578 0.77774 0.16177 0.78628 0.16387 0.79164 0.15547 0.79572 0.15471 0.79814 0.15795 0.80630 0.15643 0.80911 0.16330 0.81401 0.16053 0.81312 0.11262 0.80706 0.10451 0.80133 0.10928 0.78583 0.11033 0.78290 0.06281 0.78468 0.04029 0.78328 0.00000 0.76375 0.00000
7 0.38815 0.15705 0.38273 0.17470 0.38694 0.21459 0.43183 0.20619 0.43514 0.19817 0.42991 0.18806 0.42915 0.18080 0.43163 0.17479 0.43406 0.17804 0.43450 0.17241 0.42928 0.16229 0.43055 0.15466 0.42691 0.14979 0.42526 0.15380 0.42162 0.14893 0.41512 0.08728 0.41722 0.07764 0.41920 0.08652 0.42124 0.08613 0.42022 0.05674 0.41658 0.05187 0.41690 0.06476 0.41607 0.06676 0.41244 0.06189 0.40453 0.01296 0.38070 0.01742 0.38285 0.03785 0.38030 0.05312 0.38375 0.08576 0.38936 0.09950 0.39267 0.15065 0.38815 0.15705
6 0.00000 0.41847 0.18012 0.41048 0.19100 0.36900 0.21030 0.36785 0.21659 0.36174 0.22050 0.34621 0.21438 0.32764 0.21166 0.32815 0.19652 0.31619 0.18471 0.29621 0.17816 0.26046 0.17858 0.23819 0.00000 0.24436 0.00000 0.41847
6 1.00000 0.47060 0.65637 0.02054 0.47308 0.04500 0.43414 0.21500 0.22560 0.23679 0.22220 0.25714 0.23198 0.33667 0.24090 0.34240 0.24507 0.36874 0.28018 0.35970 0.28316 0.40105 0.39784 0.39684 0.26106 1.00000 0.52625 1.00000 1.00000 0.91131 1.00000 0.47060
7 0.76375 0.00000 0.76199 0.02234 0.76504 0.05136 0.76339 0.05537 0.76568 0.07712 0.76403 0.08113 0.76913 0.10976 0.76664 0.11578 0.75848 0.11730 0.75433 0.12732 0.75574 0.16034 0.75937 0.16521 0.76753 0.16368 0.76996 0.16693 0.77608 0.16578 0.77774 0.16177 0.78628 0.16387 0.79164 0.15547 0.79572 0.15471 0.79814 0.15795 0.80630 0.15643 0.80911 0.16330 0.81401 0.16053 0.81312 0.11262 0.80706 0.10451 0.80133 0.10928 0.78583 0.11033 0.78290 0.06281 0.78468 0.04029 0.78328 0.00000 0.76375 0.00000
7 0.38815 0.15705 0.38273 0.17470 0.38694 0.21459 0.43183 0.20619 0.43514 0.19817 0.42991 0.18806 0.42915 0.18080 0.43163 0.17479 0.43406 0.17804 0.43450 0.17241 0.42928 0.16229 0.43055 0.15466 0.42691 0.14979 0.42526 0.15380 0.42162 0.14893 0.41512 0.08728 0.41722 0.07764 0.41920 0.08652 0.42124 0.08613 0.42022 0.05674 0.41658 0.05187 0.41690 0.06476 0.41607 0.06676 0.41244 0.06189 0.40453 0.01296 0.38070 0.01742 0.38285 0.03785 0.38030 0.05312 0.38375 0.08576 0.38936 0.09950 0.39267 0.15065 0.38815 0.15705
6 0.00000 0.41847 0.18012 0.41048 0.19100 0.36900 0.21030 0.36785 0.21659 0.36174 0.22050 0.34621 0.21438 0.32764 0.21166 0.32815 0.19652 0.31619 0.18471 0.29621 0.17816 0.26046 0.17858 0.23819 0.00000 0.24436 0.00000 0.41847
6 1.00000 0.47060 0.65637 0.02054 0.47308 0.04500 0.43414 0.21500 0.22560 0.23679 0.22220 0.25714 0.23198 0.33667 0.24090 0.34240 0.24507 0.36874 0.28018 0.35970 0.28316 0.40105 0.39784 0.39684 0.26106 1.00000 0.52625 1.00000 1.00000 0.91131 1.00000 0.47060
7 0.76375 0.00000 0.76199 0.02234 0.76504 0.05136 0.76339 0.05537 0.76568 0.07712 0.76403 0.08113 0.76913 0.10976 0.76664 0.11578 0.75848 0.11730 0.75433 0.12732 0.75574 0.16034 0.75937 0.16521 0.76753 0.16368 0.76996 0.16693 0.77608 0.16578 0.77774 0.16177 0.78628 0.16387 0.79164 0.15547 0.79572 0.15471 0.79814 0.15795 0.80630 0.15643 0.80911 0.16330 0.81401 0.16053 0.81312 0.11262 0.80706 0.10451 0.80133 0.10928 0.78583 0.11033 0.78290 0.06281 0.78468 0.04029 0.78328 0.00000 0.76375 0.00000
7 0.38815 0.15705 0.38273 0.17470 0.38694 0.21459 0.43183 0.20619 0.43514 0.19817 0.42991 0.18806 0.42915 0.18080 0.43163 0.17479 0.43406 0.17804 0.43450 0.17241 0.42928 0.16229 0.43055 0.15466 0.42691 0.14979 0.42526 0.15380 0.42162 0.14893 0.41512 0.08728 0.41722 0.07764 0.41920 0.08652 0.42124 0.08613 0.42022 0.05674 0.41658 0.05187 0.41690 0.06476 0.41607 0.06676 0.41244 0.06189 0.40453 0.01296 0.38070 0.01742 0.38285 0.03785 0.38030 0.05312 0.38375 0.08576 0.38936 0.09950 0.39267 0.15065 0.38815 0.15705
6 0.00000 0.41847 0.18012 0.41048 0.19100 0.36900 0.21030 0.36785 0.21659 0.36174 0.22050 0.34621 0.21438 0.32764 0.21166 0.32815 0.19652 0.31619 0.18471 0.29621 0.17816 0.26046 0.17858 0.23819 0.00000 0.24436 0.00000 0.41847
6 1.00000 0.47060 0.65637 0.02054 0.47308 0.04500 0.43414 0.21500 0.22560 0.23679 0.22220 0.25714 0.23198 0.33667 0.24090 0.34240 0.24507 0.36874 0.28018 0.35970 0.28316 0.40105 0.39784 0.39684 0.26106 1.00000 0.52625 1.00000 1.00000 0.91131 1.00000 0.47060
7 0.76375 0.00000 0.76199 0.02234 0.76504 0.05136 0.76339 0.05537 0.76568 0.07712 0.76403 0.08113 0.76913 0.10976 0.76664 0.11578 0.75848 0.11730 0.75433 0.12732 0.75574 0.16034 0.75937 0.16521 0.76753 0.16368 0.76996 0.16693 0.77608 0.16578 0.77774 0.16177 0.78628 0.16387 0.79164 0.15547 0.79572 0.15471 0.79814 0.15795 0.80630 0.15643 0.80911 0.16330 0.81401 0.16053 0.81312 0.11262 0.80706 0.10451 0.80133 0.10928 0.78583 0.11033 0.78290 0.06281 0.78468 0.04029 0.78328 0.00000 0.76375 0.00000
7 0.38815 0.15705 0.38273 0.17470 0.38694 0.21459 0.43183 0.20619 0.43514 0.19817 0.42991 0.18806 0.42915 0.18080 0.43163 0.17479 0.43406 0.17804 0.43450 0.17241 0.42928 0.16229 0.43055 0.15466 0.42691 0.14979 0.42526 0.15380 0.42162 0.14893 0.41512 0.08728 0.41722 0.07764 0.41920 0.08652 0.42124 0.08613 0.42022 0.05674 0.41658 0.05187 0.41690 0.06476 0.41607 0.06676 0.41244 0.06189 0.40453 0.01296 0.38070 0.01742 0.38285 0.03785 0.38030 0.05312 0.38375 0.08576 0.38936 0.09950 0.39267 0.15065 0.38815 0.15705
