6 0.26652 0.63752 0.26996 0.64302 0.29024 0.63969 0.31022 0.62873 0.32018 0.60892 0.33273 0.60039 0.34130 0.59979 0.34429 0.59385 0.34324 0.56716 0.33980 0.56166 0.26069 0.57101 0.25785 0.58077 0.25860 0.59983 0.26089 0.60350 0.26652 0.63752
6 0.24679 0.62743 0.24435 0.61995 0.24345 0.59707 0.22855 0.57325 0.16428 0.57774 0.16229 0.58170 0.09801 0.58619 0.09572 0.58252 0.09159 0.58664 0.08516 0.58708 0.08287 0.58342 0.07659 0.58768 0.02288 0.58761 0.02089 0.59157 0.01860 0.58791 0.00789 0.58866 0.00301 0.59402 0.00656 0.68422 0.05762 0.67887 0.21915 0.66186 0.22527 0.65378 0.23798 0.64907 0.24296 0.63916 0.24679 0.62743
6 1.00000 0.50410 0.99277 0.50461 0.98391 0.49757 0.93463 0.50102 0.92552 0.51504 0.92198 0.53440 0.91287 0.54842 0.90903 0.56016 0.90275 0.56443 0.89777 0.57433 0.90649 0.57755 0.91128 0.61736 0.91572 0.62088 0.94456 0.61695 0.95513 0.61239 0.95283 0.60873 0.95323 0.59149 0.98521 0.58544 0.98920 0.57751 0.99807 0.58454 1.00000 0.58199 1.00000 0.50410
6 1.00000 0.88395 0.98516 0.85694 0.97070 0.84457 0.96826 0.83709 0.96996 0.82550 0.96766 0.82184 0.96591 0.80475 0.96123 0.82229 0.95825 0.82823 0.95396 0.82853 0.95267 0.82288 0.93218 0.79372 0.93358 0.77450 0.93014 0.76901 0.92371 0.76946 0.92401 0.77708 0.91743 0.77372 0.90826 0.75906 0.90169 0.75570 0.89695 0.74455 0.89267 0.74486 0.88594 0.73768 0.86974 0.70821 0.85415 0.69401 0.83023 0.65935 0.82534 0.64439 0.82489 0.63296 0.82788 0.62701 0.83431 0.62656 0.83630 0.62260 0.84915 0.62170 0.84900 0.61789 0.84257 0.61834 0.84128 0.61269 0.84870 0.61026 0.85782 0.59624 0.85906 0.57321 0.84760 0.55489 0.84486 0.53979 0.84027 0.53246 0.83524 0.51369 0.82123 0.51275 0.81894 0.50909 0.79323 0.51089 0.78282 0.51926 0.78053 0.51560 0.77196 0.51620 0.75866 0.50565 0.73723 0.50715 0.73524 0.51111 0.66026 0.51634 0.65827 0.52031 0.65597 0.51664 0.65184 0.52076 0.49545 0.53168 0.49345 0.53564 0.48488 0.53623 0.47233 0.54476 0.46560 0.53758 0.46361 0.54154 0.45918 0.53803 0.44647 0.54274 0.44034 0.55082 0.43606 0.55112 0.42426 0.57871 0.41738 0.56771 0.41095 0.56816 0.41011 0.57396 0.41943 0.59243 0.40578 0.62780 0.40593 0.63161 0.41266 0.63879 0.40095 0.64152 0.40040 0.65494 0.39457 0.67064 0.38845 0.67872 0.38875 0.68635 0.38277 0.69823 0.38307 0.70586 0.37909 0.71379 0.38168 0.72508 0.37755 0.72919 0.37770 0.73300 0.38213 0.73652 0.38243 0.74415 0.37730 0.75024 0.37386 0.74475 0.37226 0.73147 0.36614 0.73955 0.34935 0.77705 0.34980 0.78849 0.32973 0.82430 0.29845 0.90297 0.30593 0.92921 0.30394 0.93318 0.30589 0.98275 0.30818 0.98642 0.30649 0.99801 0.30900 1.00000 0.50983 1.00000 1.00000 0.96578 1.00000 0.88395
7 0.33994 0.48326 0.34204 0.53665 0.34433 0.54031 0.34673 0.60133 0.33288 0.60421 0.32048 0.61654 0.31565 0.63027 0.32322 0.63165 0.34096 0.64571 0.35442 0.66006 0.35586 0.66952 0.36832 0.68586 0.38217 0.68298 0.38999 0.66332 0.39338 0.64014 0.39108 0.63647 0.38973 0.60215 0.37030 0.59968 0.37413 0.58794 0.36569 0.42793 0.36210 0.41862 0.33854 0.42026 0.33555 0.42621 0.33765 0.47959 0.33994 0.48326
7 0.39095 0.41469 0.39324 0.41836 0.39125 0.42232 0.39354 0.42598 0.39474 0.45649 0.39704 0.46015 0.39534 0.47174 0.39763 0.47541 0.39838 0.49447 0.40068 0.49814 0.39784 0.50790 0.38827 0.51048 0.38977 0.54861 0.39321 0.55411 0.39635 0.55198 0.42948 0.54775 0.44258 0.52580 0.44168 0.50293 0.43824 0.49743 0.43411 0.50154 0.42225 0.50046 0.41955 0.43181 0.41726 0.42815 0.41561 0.38620 0.41202 0.37689 0.38960 0.38037 0.39095 0.41469
4 0.88706 0.57508 0.90275 0.56443 0.92183 0.53059 0.92736 0.50726 0.92601 0.47294 0.91624 0.44303 0.90149 0.42303 0.89048 0.41615 0.86691 0.41779 0.85037 0.43424 0.83956 0.45985 0.83603 0.47922 0.83738 0.51354 0.83997 0.52483 0.85203 0.55841 0.86992 0.57628 0.86793 0.58024 0.86853 0.59549 0.86554 0.60144 0.85697 0.60204 0.85399 0.60798 0.85344 0.62140 0.83416 0.62275 0.83117 0.62870 0.83192 0.64776 0.84024 0.66821 0.84911 0.67524 0.85385 0.68638 0.87189 0.70807 0.92216 0.70264 0.92744 0.70036 0.93242 0.69046 0.92923 0.66391 0.93321 0.65598 0.93291 0.64836 0.92260 0.63187 0.91587 0.62469 0.91158 0.62499 0.89982 0.59905 0.89125 0.59964 0.88781 0.59415 0.88706 0.57508
6 0.26652 0.63752 0.26996 0.64302 0.29024 0.63969 0.31022 0.62873 0.32018 0.60892 0.33273 0.60039 0.34130 0.59979 0.34429 0.59385 0.34324 0.56716 0.33980 0.56166 0.26069 0.57101 0.25785 0.58077 0.25860 0.59983 0.26089 0.60350 0.26652 0.63752
6 0.24679 0.62743 0.24435 0.61995 0.24345 0.59707 0.22855 0.57325 0.16428 0.57774 0.16229 0.58170 0.09801 0.58619 0.09572 0.58252 0.09159 0.58664 0.08516 0.58708 0.08287 0.58342 0.07659 0.58768 0.02288 0.58761 0.02089 0.59157 0.01860 0.58791 0.00789 0.58866 0.00301 0.59402 0.00656 0.68422 0.05762 0.67887 0.21915 0.66186 0.22527 0.65378 0.23798 0.64907 0.24296 0.63916 0.24679 0.62743
6 1.00000 0.50410 0.99277 0.50461 0.98391 0.49757 0.93463 0.50102 0.92552 0.51504 0.92198 0.53440 0.91287 0.54842 0.90903 0.56016 0.90275 0.56443 0.89777 0.57433 0.90649 0.57755 0.91128 0.61736 0.91572 0.62088 0.94456 0.61695 0.95513 0.61239 0.95283 0.60873 0.95323 0.59149 0.98521 0.58544 0.98920 0.57751 0.99807 0.58454 1.00000 0.58199 1.00000 0.50410
6 1.00000 0.88395 0.98516 0.85694 0.97070 0.84457 0.96826 0.83709 0.96996 0.82550 0.96766 0.82184 0.96591 0.80475 0.96123 0.82229 0.95825 0.82823 0.95396 0.82853 0.95267 0.82288 0.93218 0.79372 0.93358 0.77450 0.93014 0.76901 0.92371 0.76946 0.92401 0.77708 0.91743 0.77372 0.90826 0.75906 0.90169 0.75570 0.89695 0.74455 0.89267 0.74486 0.88594 0.73768 0.86974 0.70821 0.85415 0.69401 0.83023 0.65935 0.82534 0.64439 0.82489 0.63296 0.82788 0.62701 0.83431 0.62656 0.83630 0.62260 0.84915 0.62170 0.84900 0.61789 0.84257 0.61834 0.84128 0.61269 0.84870 0.61026 0.85782 0.59624 0.85906 0.57321 0.84760 0.55489 0.84486 0.53979 0.84027 0.53246 0.83524 0.51369 0.82123 0.51275 0.81894 0.50909 0.79323 0.51089 0.78282 0.51926 0.78053 0.51560 0.77196 0.51620 0.75866 0.50565 0.73723 0.50715 0.73524 0.51111 0.66026 0.51634 0.65827 0.52031 0.65597 0.51664 0.65184 0.52076 0.49545 0.53168 0.49345 0.53564 0.48488 0.53623 0.47233 0.54476 0.46560 0.53758 0.46361 0.54154 0.45918 0.53803 0.44647 0.54274 0.44034 0.55082 0.43606 0.55112 0.42426 0.57871 0.41738 0.56771 0.41095 0.56816 0.41011 0.57396 0.41943 0.59243 0.40578 0.62780 0.40593 0.63161 0.41266 0.63879 0.40095 0.64152 0.40040 0.65494 0.39457 0.67064 0.38845 0.67872 0.38875 0.68635 0.38277 0.69823 0.38307 0.70586 0.37909 0.71379 0.38168 0.72508 0.37755 0.72919 0.37770 0.73300 0.38213 0.73652 0.38243 0.74415 0.37730 0.75024 0.37386 0.74475 0.37226 0.73147 0.36614 0.73955 0.34935 0.77705 0.34980 0.78849 0.32973 0.82430 0.29845 0.90297 0.30593 0.92921 0.30394 0.93318 0.30589 0.98275 0.30818 0.98642 0.30649 0.99801 0.30900 1.00000 0.50983 1.00000 1.00000 0.96578 1.00000 0.88395
7 0.33994 0.48326 0.34204 0.53665 0.34433 0.54031 0.34673 0.60133 0.33288 0.60421 0.32048 0.61654 0.31565 0.63027 0.32322 0.63165 0.34096 0.64571 0.35442 0.66006 0.35586 0.66952 0.36832 0.68586 0.38217 0.68298 0.38999 0.66332 0.39338 0.64014 0.39108 0.63647 0.38973 0.60215 0.37030 0.59968 0.37413 0.58794 0.36569 0.42793 0.36210 0.41862 0.33854 0.42026 0.33555 0.42621 0.33765 0.47959 0.33994 0.48326
7 0.39095 0.41469 0.39324 0.41836 0.39125 0.42232 0.39354 0.42598 0.39474 0.45649 0.39704 0.46015 0.39534 0.47174 0.39763 0.47541 0.39838 0.49447 0.40068 0.49814 0.39784 0.50790 0.38827 0.51048 0.38977 0.54861 0.39321 0.55411 0.39635 0.55198 0.42948 0.54775 0.44258 0.52580 0.44168 0.50293 0.43824 0.49743 0.43411 0.50154 0.42225 0.50046 0.41955 0.43181 0.41726 0.42815 0.41561 0.38620 0.41202 0.37689 0.38960 0.38037 0.39095 0.41469
4 0.88706 0.57508 0.90275 0.56443 0.92183 0.53059 0.92736 0.50726 0.92601 0.47294 0.91624 0.44303 0.90149 0.42303 0.89048 0.41615 0.86691 0.41779 0.85037 0.43424 0.83956 0.45985 0.83603 0.47922 0.83738 0.51354 0.83997 0.52483 0.85203 0.55841 0.86992 0.57628 0.86793 0.58024 0.86853 0.59549 0.86554 0.60144 0.85697 0.60204 0.85399 0.60798 0.85344 0.62140 0.83416 0.62275 0.83117 0.62870 0.83192 0.64776 0.84024 0.66821 0.84911 0.67524 0.85385 0.68638 0.87189 0.70807 0.92216 0.70264 0.92744 0.70036 0.93242 0.69046 0.92923 0.66391 0.93321 0.65598 0.93291 0.64836 0.92260 0.63187 0.91587 0.62469 0.91158 0.62499 0.89982 0.59905 0.89125 0.59964 0.88781 0.59415 0.88706 0.57508
6 0.26652 0.63752 0.26996 0.64302 0.29024 0.63969 0.31022 0.62873 0.32018 0.60892 0.33273 0.60039 0.34130 0.59979 0.34429 0.59385 0.34324 0.56716 0.33980 0.56166 0.26069 0.57101 0.25785 0.58077 0.25860 0.59983 0.26089 0.60350 0.26652 0.63752
6 0.24679 0.62743 0.24435 0.61995 0.24345 0.59707 0.22855 0.57325 0.16428 0.57774 0.16229 0.58170 0.09801 0.58619 0.09572 0.58252 0.09159 0.58664 0.08516 0.58708 0.08287 0.58342 0.07659 0.58768 0.02288 0.58761 0.02089 0.59157 0.01860 0.58791 0.00789 0.58866 0.00301 0.59402 0.00656 0.68422 0.05762 0.67887 0.21915 0.66186 0.22527 0.65378 0.23798 0.64907 0.24296 0.63916 0.24679 0.62743
6 1.00000 0.50410 0.99277 0.50461 0.98391 0.49757 0.93463 0.50102 0.92552 0.51504 0.92198 0.53440 0.91287 0.54842 0.90903 0.56016 0.90275 0.56443 0.89777 0.57433 0.90649 0.57755 0.91128 0.61736 0.91572 0.62088 0.94456 0.61695 0.95513 0.61239 0.95283 0.60873 0.95323 0.59149 0.98521 0.58544 0.98920 0.57751 0.99807 0.58454 1.00000 0.58199 1.00000 0.50410
6 1.00000 0.88395 0.98516 0.85694 0.97070 0.84457 0.96826 0.83709 0.96996 0.82550 0.96766 0.82184 0.96591 0.80475 0.96123 0.82229 0.95825 0.82823 0.95396 0.82853 0.95267 0.82288 0.93218 0.79372 0.93358 0.77450 0.93014 0.76901 0.92371 0.76946 0.92401 0.77708 0.91743 0.77372 0.90826 0.75906 0.90169 0.75570 0.89695 0.74455 0.89267 0.74486 0.88594 0.73768 0.86974 0.70821 0.85415 0.69401 0.83023 0.65935 0.82534 0.64439 0.82489 0.63296 0.82788 0.62701 0.83431 0.62656 0.83630 0.62260 0.84915 0.62170 0.84900 0.61789 0.84257 0.61834 0.84128 0.61269 0.84870 0.61026 0.85782 0.59624 0.85906 0.57321 0.84760 0.55489 0.84486 0.53979 0.84027 0.53246 0.83524 0.51369 0.82123 0.51275 0.81894 0.50909 0.79323 0.51089 0.78282 0.51926 0.78053 0.51560 0.77196 0.51620 0.75866 0.50565 0.73723 0.50715 0.73524 0.51111 0.66026 0.51634 0.65827 0.52031 0.65597 0.51664 0.65184 0.52076 0.49545 0.53168 0.49345 0.53564 0.48488 0.53623 0.47233 0.54476 0.46560 0.53758 0.46361 0.54154 0.45918 0.53803 0.44647 0.54274 0.44034 0.55082 0.43606 0.55112 0.42426 0.57871 0.41738 0.56771 0.41095 0.56816 0.41011 0.57396 0.41943 0.59243 0.40578 0.62780 0.40593 0.63161 0.41266 0.63879 0.40095 0.64152 0.40040 0.65494 0.39457 0.67064 0.38845 0.67872 0.38875 0.68635 0.38277 0.69823 0.38307 0.70586 0.37909 0.71379 0.38168 0.72508 0.37755 0.72919 0.37770 0.73300 0.38213 0.73652 0.38243 0.74415 0.37730 0.75024 0.37386 0.74475 0.37226 0.73147 0.36614 0.73955 0.34935 0.77705 0.34980 0.78849 0.32973 0.82430 0.29845 0.90297 0.30593 0.92921 0.30394 0.93318 0.30589 0.98275 0.30818 0.98642 0.30649 0.99801 0.30900 1.00000 0.50983 1.00000 1.00000 0.96578 1.00000 0.88395
7 0.33994 0.48326 0.34204 0.53665 0.34433 0.54031 0.34673 0.60133 0.33288 0.60421 0.32048 0.61654 0.31565 0.63027 0.32322 0.63165 0.34096 0.64571 0.35442 0.66006 0.35586 0.66952 0.36832 0.68586 0.38217 0.68298 0.38999 0.66332 0.39338 0.64014 0.39108 0.63647 0.38973 0.60215 0.37030 0.59968 0.37413 0.58794 0.36569 0.42793 0.36210 0.41862 0.33854 0.42026 0.33555 0.42621 0.33765 0.47959 0.33994 0.48326
7 0.39095 0.41469 0.39324 0.41836 0.39125 0.42232 0.39354 0.42598 0.39474 0.45649 0.39704 0.46015 0.39534 0.47174 0.39763 0.47541 0.39838 0.49447 0.40068 0.49814 0.39784 0.50790 0.38827 0.51048 0.38977 0.54861 0.39321 0.55411 0.39635 0.55198 0.42948 0.54775 0.44258 0.52580 0.44168 0.50293 0.43824 0.49743 0.43411 0.50154 0.42225 0.50046 0.41955 0.43181 0.41726 0.42815 0.41561 0.38620 0.41202 0.37689 0.38960 0.38037 0.39095 0.41469
4 0.88706 0.57508 0.90275 0.56443 0.92183 0.53059 0.92736 0.50726 0.92601 0.47294 0.91624 0.44303 0.90149 0.42303 0.89048 0.41615 0.86691 0.41779 0.85037 0.43424 0.83956 0.45985 0.83603 0.47922 0.83738 0.51354 0.83997 0.52483 0.85203 0.55841 0.86992 0.57628 0.86793 0.58024 0.86853 0.59549 0.86554 0.60144 0.85697 0.60204 0.85399 0.60798 0.85344 0.62140 0.83416 0.62275 0.83117 0.62870 0.83192 0.64776 0.84024 0.66821 0.84911 0.67524 0.85385 0.68638 0.87189 0.70807 0.92216 0.70264 0.92744 0.70036 0.93242 0.69046 0.92923 0.66391 0.93321 0.65598 0.93291 0.64836 0.92260 0.63187 0.91587 0.62469 0.91158 0.62499 0.89982 0.59905 0.89125 0.59964 0.88781 0.59415 0.88706 0.57508
6 0.26652 0.63752 0.26996 0.64302 0.29024 0.63969 0.31022 0.62873 0.32018 0.60892 0.33273 0.60039 0.34130 0.59979 0.34429 0.59385 0.34324 0.56716 0.33980 0.56166 0.26069 0.57101 0.25785 0.58077 0.25860 0.59983 0.26089 0.60350 0.26652 0.63752
6 0.24679 0.62743 0.24435 0.61995 0.24345 0.59707 0.22855 0.57325 0.16428 0.57774 0.16229 0.58170 0.09801 0.58619 0.09572 0.58252 0.09159 0.58664 0.08516 0.58708 0.08287 0.58342 0.07659 0.58768 0.02288 0.58761 0.02089 0.59157 0.01860 0.58791 0.00789 0.58866 0.00301 0.59402 0.00656 0.68422 0.05762 0.67887 0.21915 0.66186 0.22527 0.65378 0.23798 0.64907 0.24296 0.63916 0.24679 0.62743
6 1.00000 0.50410 0.99277 0.50461 0.98391 0.49757 0.93463 0.50102 0.92552 0.51504 0.92198 0.53440 0.91287 0.54842 0.90903 0.56016 0.90275 0.56443 0.89777 0.57433 0.90649 0.57755 0.91128 0.61736 0.91572 0.62088 0.94456 0.61695 0.95513 0.61239 0.95283 0.60873 0.95323 0.59149 0.98521 0.58544 0.98920 0.57751 0.99807 0.58454 1.00000 0.58199 1.00000 0.50410
6 1.00000 0.88395 0.98516 0.85694 0.97070 0.84457 0.96826 0.83709 0.96996 0.82550 0.96766 0.82184 0.96591 0.80475 0.96123 0.82229 0.95825 0.82823 0.95396 0.82853 0.95267 0.82288 0.93218 0.79372 0.93358 0.77450 0.93014 0.76901 0.92371 0.76946 0.92401 0.77708 0.91743 0.77372 0.90826 0.75906 0.90169 0.75570 0.89695 0.74455 0.89267 0.74486 0.88594 0.73768 0.86974 0.70821 0.85415 0.69401 0.83023 0.65935 0.82534 0.64439 0.82489 0.63296 0.82788 0.62701 0.83431 0.62656 0.83630 0.62260 0.84915 0.62170 0.84900 0.61789 0.84257 0.61834 0.84128 0.61269 0.84870 0.61026 0.85782 0.59624 0.85906 0.57321 0.84760 0.55489 0.84486 0.53979 0.84027 0.53246 0.83524 0.51369 0.82123 0.51275 0.81894 0.50909 0.79323 0.51089 0.78282 0.51926 0.78053 0.51560 0.77196 0.51620 0.75866 0.50565 0.73723 0.50715 0.73524 0.51111 0.66026 0.51634 0.65827 0.52031 0.65597 0.51664 0.65184 0.52076 0.49545 0.53168 0.49345 0.53564 0.48488 0.53623 0.47233 0.54476 0.46560 0.53758 0.46361 0.54154 0.45918 0.53803 0.44647 0.54274 0.44034 0.55082 0.43606 0.55112 0.42426 0.57871 0.41738 0.56771 0.41095 0.56816 0.41011 0.57396 0.41943 0.59243 0.40578 0.62780 0.40593 0.63161 0.41266 0.63879 0.40095 0.64152 0.40040 0.65494 0.39457 0.67064 0.38845 0.67872 0.38875 0.68635 0.38277 0.69823 0.38307 0.70586 0.37909 0.71379 0.38168 0.72508 0.37755 0.72919 0.37770 0.73300 0.38213 0.73652 0.38243 0.74415 0.37730 0.75024 0.37386 0.74475 0.37226 0.73147 0.36614 0.73955 0.34935 0.77705 0.34980 0.78849 0.32973 0.82430 0.29845 0.90297 0.30593 0.92921 0.30394 0.93318 0.30589 0.98275 0.30818 0.98642 0.30649 0.99801 0.30900 1.00000 0.50983 1.00000 1.00000 0.96578 1.00000 0.88395
7 0.33994 0.48326 0.34204 0.53665 0.34433 0.54031 0.34673 0.60133 0.33288 0.60421 0.32048 0.61654 0.31565 0.63027 0.32322 0.63165 0.34096 0.64571 0.35442 0.66006 0.35586 0.66952 0.36832 0.68586 0.38217 0.68298 0.38999 0.66332 0.39338 0.64014 0.39108 0.63647 0.38973 0.60215 0.37030 0.59968 0.37413 0.58794 0.36569 0.42793 0.36210 0.41862 0.33854 0.42026 0.33555 0.42621 0.33765 0.47959 0.33994 0.48326
7 0.39095 0.41469 0.39324 0.41836 0.39125 0.42232 0.39354 0.42598 0.39474 0.45649 0.39704 0.46015 0.39534 0.47174 0.39763 0.47541 0.39838 0.49447 0.40068 0.49814 0.39784 0.50790 0.38827 0.51048 0.38977 0.54861 0.39321 0.55411 0.39635 0.55198 0.42948 0.54775 0.44258 0.52580 0.44168 0.50293 0.43824 0.49743 0.43411 0.50154 0.42225 0.50046 0.41955 0.43181 0.41726 0.42815 0.41561 0.38620 0.41202 0.37689 0.38960 0.38037 0.39095 0.41469
4 0.88706 0.57508 0.90275 0.56443 0.92183 0.53059 0.92736 0.50726 0.92601 0.47294 0.91624 0.44303 0.90149 0.42303 0.89048 0.41615 0.86691 0.41779 0.85037 0.43424 0.83956 0.45985 0.83603 0.47922 0.83738 0.51354 0.83997 0.52483 0.85203 0.55841 0.86992 0.57628 0.86793 0.58024 0.86853 0.59549 0.86554 0.60144 0.85697 0.60204 0.85399 0.60798 0.85344 0.62140 0.83416 0.62275 0.83117 0.62870 0.83192 0.64776 0.84024 0.66821 0.84911 0.67524 0.85385 0.68638 0.87189 0.70807 0.92216 0.70264 0.92744 0.70036 0.93242 0.69046 0.92923 0.66391 0.93321 0.65598 0.93291 0.64836 0.92260 0.63187 0.91587 0.62469 0.91158 0.62499 0.89982 0.59905 0.89125 0.59964 0.88781 0.59415 0.88706 0.57508
6 0.26652 0.63752 0.26996 0.64302 0.29024 0.63969 0.31022 0.62873 0.32018 0.60892 0.33273 0.60039 0.34130 0.59979 0.34429 0.59385 0.34324 0.56716 0.33980 0.56166 0.26069 0.57101 0.25785 0.58077 0.25860 0.59983 0.26089 0.60350 0.26652 0.63752
6 0.24679 0.62743 0.24435 0.61995 0.24345 0.59707 0.22855 0.57325 0.16428 0.57774 0.16229 0.58170 0.09801 0.58619 0.09572 0.58252 0.09159 0.58664 0.08516 0.58708 0.08287 0.58342 0.07659 0.58768 0.02288 0.58761 0.02089 0.59157 0.01860 0.58791 0.00789 0.58866 0.00301 0.59402 0.00656 0.68422 0.05762 0.67887 0.21915 0.66186 0.22527 0.65378 0.23798 0.64907 0.24296 0.63916 0.24679 0.62743
6 1.00000 0.50410 0.99277 0.50461 0.98391 0.49757 0.93463 0.50102 0.92552 0.51504 0.92198 0.53440 0.91287 0.54842 0.90903 0.56016 0.90275 0.56443 0.89777 0.57433 0.90649 0.57755 0.91128 0.61736 0.91572 0.62088 0.94456 0.61695 0.95513 0.61239 0.95283 0.60873 0.95323 0.59149 0.98521 0.58544 0.98920 0.57751 0.99807 0.58454 1.00000 0.58199 1.00000 0.50410
6 1.00000 0.88395 0.98516 0.85694 0.97070 0.84457 0.96826 0.83709 0.96996 0.82550 0.96766 0.82184 0.96591 0.80475 0.96123 0.82229 0.95825 0.82823 0.95396 0.82853 0.95267 0.82288 0.93218 0.79372 0.93358 0.77450 0.93014 0.76901 0.92371 0.76946 0.92401 0.77708 0.91743 0.77372 0.90826 0.75906 0.90169 0.75570 0.89695 0.74455 0.89267 0.74486 0.88594 0.73768 0.86974 0.70821 0.85415 0.69401 0.83023 0.65935 0.82534 0.64439 0.82489 0.63296 0.82788 0.62701 0.83431 0.62656 0.83630 0.62260 0.84915 0.62170 0.84900 0.61789 0.84257 0.61834 0.84128 0.61269 0.84870 0.61026 0.85782 0.59624 0.85906 0.57321 0.84760 0.55489 0.84486 0.53979 0.84027 0.53246 0.83524 0.51369 0.82123 0.51275 0.81894 0.50909 0.79323 0.51089 0.78282 0.51926 0.78053 0.51560 0.77196 0.51620 0.75866 0.50565 0.73723 0.50715 0.73524 0.51111 0.66026 0.51634 0.65827 0.52031 0.65597 0.51664 0.65184 0.52076 0.49545 0.53168 0.49345 0.53564 0.48488 0.53623 0.47233 0.54476 0.46560 0.53758 0.46361 0.54154 0.45918 0.53803 0.44647 0.54274 0.44034 0.55082 0.43606 0.55112 0.42426 0.57871 0.41738 0.56771 0.41095 0.56816 0.41011 0.57396 0.41943 0.59243 0.40578 0.62780 0.40593 0.63161 0.41266 0.63879 0.40095 0.64152 0.40040 0.65494 0.39457 0.67064 0.38845 0.67872 0.38875 0.68635 0.38277 0.69823 0.38307 0.70586 0.37909 0.71379 0.38168 0.72508 0.37755 0.72919 0.37770 0.73300 0.38213 0.73652 0.38243 0.74415 0.37730 0.75024 0.37386 0.74475 0.37226 0.73147 0.36614 0.73955 0.34935 0.77705 0.34980 0.78849 0.32973 0.82430 0.29845 0.90297 0.30593 0.92921 0.30394 0.93318 0.30589 0.98275 0.30818 0.98642 0.30649 0.99801 0.30900 1.00000 0.50983 1.00000 1.00000 0.96578 1.00000 0.88395
7 0.33994 0.48326 0.34204 0.53665 0.34433 0.54031 0.34673 0.60133 0.33288 0.60421 0.32048 0.61654 0.31565 0.63027 0.32322 0.63165 0.34096 0.64571 0.35442 0.66006 0.35586 0.66952 0.36832 0.68586 0.38217 0.68298 0.38999 0.66332 0.39338 0.64014 0.39108 0.63647 0.38973 0.60215 0.37030 0.59968 0.37413 0.58794 0.36569 0.42793 0.36210 0.41862 0.33854 0.42026 0.33555 0.42621 0.33765 0.47959 0.33994 0.48326
7 0.39095 0.41469 0.39324 0.41836 0.39125 0.42232 0.39354 0.42598 0.39474 0.45649 0.39704 0.46015 0.39534 0.47174 0.39763 0.47541 0.39838 0.49447 0.40068 0.49814 0.39784 0.50790 0.38827 0.51048 0.38977 0.54861 0.39321 0.55411 0.39635 0.55198 0.42948 0.54775 0.44258 0.52580 0.44168 0.50293 0.43824 0.49743 0.43411 0.50154 0.42225 0.50046 0.41955 0.43181 0.41726 0.42815 0.41561 0.38620 0.41202 0.37689 0.38960 0.38037 0.39095 0.41469
4 0.88706 0.57508 0.90275 0.56443 0.92183 0.53059 0.92736 0.50726 0.92601 0.47294 0.91624 0.44303 0.90149 0.42303 0.89048 0.41615 0.86691 0.41779 0.85037 0.43424 0.83956 0.45985 0.83603 0.47922 0.83738 0.51354 0.83997 0.52483 0.85203 0.55841 0.86992 0.57628 0.86793 0.58024 0.86853 0.59549 0.86554 0.60144 0.85697 0.60204 0.85399 0.60798 0.85344 0.62140 0.83416 0.62275 0.83117 0.62870 0.83192 0.64776 0.84024 0.66821 0.84911 0.67524 0.85385 0.68638 0.87189 0.70807 0.92216 0.70264 0.92744 0.70036 0.93242 0.69046 0.92923 0.66391 0.93321 0.65598 0.93291 0.64836 0.92260 0.63187 0.91587 0.62469 0.91158 0.62499 0.89982 0.59905 0.89125 0.59964 0.88781 0.59415 0.88706 0.57508
6 0.26652 0.63752 0.26996 0.64302 0.29024 0.63969 0.31022 0.62873 0.32018 0.60892 0.33273 0.60039 0.34130 0.59979 0.34429 0.59385 0.34324 0.56716 0.33980 0.56166 0.26069 0.57101 0.25785 0.58077 0.25860 0.59983 0.26089 0.60350 0.26652 0.63752
6 0.24679 0.62743 0.24435 0.61995 0.24345 0.59707 0.22855 0.57325 0.16428 0.57774 0.16229 0.58170 0.09801 0.58619 0.09572 0.58252 0.09159 0.58664 0.08516 0.58708 0.08287 0.58342 0.07659 0.58768 0.02288 0.58761 0.02089 0.59157 0.01860 0.58791 0.00789 0.58866 0.00301 0.59402 0.00656 0.68422 0.05762 0.67887 0.21915 0.66186 0.22527 0.65378 0.23798 0.64907 0.24296 0.63916 0.24679 0.62743
6 1.00000 0.50410 0.99277 0.50461 0.98391 0.49757 0.93463 0.50102 0.92552 0.51504 0.92198 0.53440 0.91287 0.54842 0.90903 0.56016 0.90275 0.56443 0.89777 0.57433 0.90649 0.57755 0.91128 0.61736 0.91572 0.62088 0.94456 0.61695 0.95513 0.61239 0.95283 0.60873 0.95323 0.59149 0.98521 0.58544 0.98920 0.57751 0.99807 0.58454 1.00000 0.58199 1.00000 0.50410
6 1.00000 0.88395 0.98516 0.85694 0.97070 0.84457 0.96826 0.83709 0.96996 0.82550 0.96766 0.82184 0.96591 0.80475 0.96123 0.82229 0.95825 0.82823 0.95396 0.82853 0.95267 0.82288 0.93218 0.79372 0.93358 0.77450 0.93014 0.76901 0.92371 0.76946 0.92401 0.77708 0.91743 0.77372 0.90826 0.75906 0.90169 0.75570 0.89695 0.74455 0.89267 0.74486 0.88594 0.73768 0.86974 0.70821 0.85415 0.69401 0.83023 0.65935 0.82534 0.64439 0.82489 0.63296 0.82788 0.62701 0.83431 0.62656 0.83630 0.62260 0.84915 0.62170 0.84900 0.61789 0.84257 0.61834 0.84128 0.61269 0.84870 0.61026 0.85782 0.59624 0.85906 0.57321 0.84760 0.55489 0.84486 0.53979 0.84027 0.53246 0.83524 0.51369 0.82123 0.51275 0.81894 0.50909 0.79323 0.51089 0.78282 0.51926 0.78053 0.51560 0.77196 0.51620 0.75866 0.50565 0.73723 0.50715 0.73524 0.51111 0.66026 0.51634 0.65827 0.52031 0.65597 0.51664 0.65184 0.52076 0.49545 0.53168 0.49345 0.53564 0.48488 0.53623 0.47233 0.54476 0.46560 0.53758 0.46361 0.54154 0.45918 0.53803 0.44647 0.54274 0.44034 0.55082 0.43606 0.55112 0.42426 0.57871 0.41738 0.56771 0.41095 0.56816 0.41011 0.57396 0.41943 0.59243 0.40578 0.62780 0.40593 0.63161 0.41266 0.63879 0.40095 0.64152 0.40040 0.65494 0.39457 0.67064 0.38845 0.67872 0.38875 0.68635 0.38277 0.69823 0.38307 0.70586 0.37909 0.71379 0.38168 0.72508 0.37755 0.72919 0.37770 0.73300 0.38213 0.73652 0.38243 0.74415 0.37730 0.75024 0.37386 0.74475 0.37226 0.73147 0.36614 0.73955 0.34935 0.77705 0.34980 0.78849 0.32973 0.82430 0.29845 0.90297 0.30593 0.92921 0.30394 0.93318 0.30589 0.98275 0.30818 0.98642 0.30649 0.99801 0.30900 1.00000 0.50983 1.00000 1.00000 0.96578 1.00000 0.88395
7 0.33994 0.48326 0.34204 0.53665 0.34433 0.54031 0.34673 0.60133 0.33288 0.60421 0.32048 0.61654 0.31565 0.63027 0.32322 0.63165 0.34096 0.64571 0.35442 0.66006 0.35586 0.66952 0.36832 0.68586 0.38217 0.68298 0.38999 0.66332 0.39338 0.64014 0.39108 0.63647 0.38973 0.60215 0.37030 0.59968 0.37413 0.58794 0.36569 0.42793 0.36210 0.41862 0.33854 0.42026 0.33555 0.42621 0.33765 0.47959 0.33994 0.48326
7 0.39095 0.41469 0.39324 0.41836 0.39125 0.42232 0.39354 0.42598 0.39474 0.45649 0.39704 0.46015 0.39534 0.47174 0.39763 0.47541 0.39838 0.49447 0.40068 0.49814 0.39784 0.50790 0.38827 0.51048 0.38977 0.54861 0.39321 0.55411 0.39635 0.55198 0.42948 0.54775 0.44258 0.52580 0.44168 0.50293 0.43824 0.49743 0.43411 0.50154 0.42225 0.50046 0.41955 0.43181 0.41726 0.42815 0.41561 0.38620 0.41202 0.37689 0.38960 0.38037 0.39095 0.41469
4 0.88706 0.57508 0.90275 0.56443 0.92183 0.53059 0.92736 0.50726 0.92601 0.47294 0.91624 0.44303 0.90149 0.42303 0.89048 0.41615 0.86691 0.41779 0.85037 0.43424 0.83956 0.45985 0.83603 0.47922 0.83738 0.51354 0.83997 0.52483 0.85203 0.55841 0.86992 0.57628 0.86793 0.58024 0.86853 0.59549 0.86554 0.60144 0.85697 0.60204 0.85399 0.60798 0.85344 0.62140 0.83416 0.62275 0.83117 0.62870 0.83192 0.64776 0.84024 0.66821 0.84911 0.67524 0.85385 0.68638 0.87189 0.70807 0.92216 0.70264 0.92744 0.70036 0.93242 0.69046 0.92923 0.66391 0.93321 0.65598 0.93291 0.64836 0.92260 0.63187 0.91587 0.62469 0.91158 0.62499 0.89982 0.59905 0.89125 0.59964 0.88781 0.59415 0.88706 0.57508
