6 0.22603 0.56591 0.22875 0.58096 0.22775 0.59177 0.23198 0.60159 0.24530 0.60194 0.25725 0.59476 0.26737 0.59642 0.27476 0.58301 0.28318 0.58073 0.28789 0.57420 0.30036 0.57258 0.30389 0.56768 0.30489 0.55688 0.29897 0.54312 0.23189 0.53580 0.22835 0.54071 0.22603 0.56591
6 0.00000 0.58329 0.06445 0.59246 0.06680 0.58919 0.07254 0.59379 0.07489 0.59052 0.17806 0.60739 0.19962 0.59630 0.20569 0.59729 0.21257 0.57832 0.21389 0.56392 0.21220 0.55999 0.21320 0.54919 0.21033 0.54689 0.20221 0.52364 0.18602 0.52100 0.18485 0.52263 0.18772 0.52493 0.18738 0.52853 0.13074 0.51926 0.12839 0.52253 0.07782 0.51426 0.07613 0.51033 0.05590 0.50702 0.05421 0.50309 0.04611 0.50177 0.04376 0.50504 0.00000 0.49579 0.00000 0.58329
6 0.82120 1.00000 0.75057 0.84536 0.75763 0.83555 0.75830 0.82835 0.75576 0.82245 0.74803 0.83946 0.74432 0.83520 0.72877 0.80342 0.69359 0.71728 0.67822 0.69467 0.67550 0.67961 0.68072 0.67864 0.68694 0.66687 0.68323 0.66261 0.68305 0.65344 0.67698 0.65245 0.67631 0.65965 0.66351 0.66486 0.65962 0.65144 0.65134 0.64095 0.64576 0.62359 0.64896 0.62229 0.65032 0.62982 0.65503 0.62328 0.66716 0.62527 0.66801 0.62723 0.66448 0.63213 0.65638 0.63081 0.65488 0.63604 0.65774 0.63834 0.66079 0.64980 0.66686 0.65079 0.66904 0.63836 0.67257 0.63346 0.68621 0.63021 0.68754 0.61581 0.69107 0.61091 0.69512 0.61157 0.69817 0.62303 0.70542 0.62239 0.69832 0.61027 0.69898 0.60307 0.69273 0.59291 0.68464 0.59159 0.68295 0.58765 0.65665 0.58335 0.65496 0.57942 0.65261 0.58269 0.57776 0.57045 0.57541 0.57372 0.56765 0.56880 0.56529 0.57207 0.54506 0.56876 0.54271 0.57202 0.53900 0.56777 0.52686 0.56578 0.52450 0.56905 0.52281 0.56512 0.51843 0.56805 0.51674 0.56412 0.51067 0.56313 0.50832 0.56640 0.50663 0.56247 0.48640 0.55916 0.48405 0.56243 0.48235 0.55850 0.42976 0.54990 0.42741 0.55317 0.42572 0.54924 0.41965 0.54824 0.41409 0.55282 0.41461 0.55838 0.40652 0.55706 0.40416 0.56033 0.39235 0.55474 0.39000 0.55801 0.37349 0.55896 0.36760 0.56714 0.36896 0.57467 0.35954 0.58774 0.35788 0.60574 0.35586 0.60541 0.35601 0.59264 0.35248 0.59755 0.35082 0.61555 0.34728 0.62045 0.34442 0.61815 0.33738 0.64989 0.33065 0.65609 0.31520 0.69011 0.31200 0.69141 0.29872 0.71299 0.29099 0.73000 0.28157 0.74307 0.27855 0.75354 0.25971 0.77969 0.25905 0.78689 0.24694 0.80683 0.24021 0.81304 0.23719 0.82351 0.22340 0.83952 0.21567 0.85652 0.16758 0.93270 0.16221 0.94644 0.16225 0.94852 0.47704 1.00000 0.82120 1.00000
6 0.69527 0.59880 0.69983 0.60503 0.70626 0.62435 0.71604 0.62961 0.72737 0.65155 0.72384 0.65646 0.69382 0.64789 0.69077 0.63643 0.68673 0.63577 0.68455 0.64821 0.68845 0.66163 0.69621 0.66655 0.69926 0.67802 0.70871 0.68687 0.72894 0.69018 0.73129 0.68691 0.73501 0.69117 0.74832 0.69152 0.75826 0.68401 0.76432 0.68500 0.76786 0.68010 0.76852 0.67290 0.76631 0.66341 0.75433 0.64866 0.75058 0.62246 0.74499 0.60511 0.73893 0.60412 0.73723 0.60019 0.69880 0.59390 0.69527 0.59880
6 0.79261 0.66771 0.78672 0.67588 0.78860 0.68897 0.79467 0.68996 0.79838 0.69423 0.79974 0.70176 0.98256 0.72989 0.99004 0.64884 0.84985 0.62591 0.84816 0.62198 0.83569 0.62360 0.83400 0.61967 0.80541 0.66249 0.79261 0.66771
4 0.78504 0.67195 0.78857 0.66704 0.79261 0.66771 0.80574 0.65889 0.82072 0.64125 0.82878 0.62064 0.83210 0.58464 0.82802 0.56205 0.81500 0.53617 0.80320 0.53059 0.80151 0.52666 0.78297 0.52728 0.77421 0.53316 0.75891 0.55440 0.75354 0.56814 0.74989 0.60774 0.75091 0.61887 0.75668 0.64539 0.76952 0.66210 0.77087 0.66963 0.76852 0.67290 0.76719 0.68730 0.75792 0.68761 0.75204 0.69578 0.75020 0.70462 0.73401 0.70197 0.73048 0.70687 0.72949 0.71767 0.73389 0.73666 0.74658 0.76614 0.75739 0.78252 0.80307 0.78817 0.80829 0.78720 0.81182 0.78229 0.81179 0.76036 0.81683 0.75023 0.81750 0.74303 0.80617 0.72108 0.79841 0.71616 0.79856 0.70339 0.79433 0.69357 0.78624 0.69224 0.78672 0.67588 0.78504 0.67195
7 0.32306 0.41552 0.31514 0.42336 0.31183 0.45936 0.31352 0.46329 0.30489 0.55688 0.30658 0.56081 0.30459 0.58241 0.29532 0.58272 0.28506 0.59383 0.28760 0.59973 0.30345 0.60597 0.30330 0.61873 0.30650 0.61743 0.30870 0.62693 0.30704 0.64493 0.31667 0.66295 0.31987 0.66164 0.33603 0.64236 0.33904 0.63189 0.33967 0.60276 0.34236 0.59589 0.34016 0.58640 0.32515 0.58212 0.33052 0.56838 0.33417 0.52879 0.33248 0.52485 0.34144 0.42766 0.33924 0.41817 0.32306 0.41552
7 0.38301 0.38879 0.36448 0.38941 0.36097 0.41624 0.36267 0.42017 0.35805 0.49250 0.36077 0.50755 0.35724 0.51246 0.35117 0.51147 0.34948 0.50754 0.34595 0.51244 0.34362 0.53764 0.34616 0.54353 0.37970 0.54719 0.38728 0.54295 0.39317 0.53478 0.39516 0.51318 0.39296 0.50368 0.38589 0.51349 0.37982 0.51250 0.37560 0.50267 0.38030 0.49614 0.38392 0.43461 0.38223 0.43068 0.38555 0.39468 0.38301 0.38879
6 0.22603 0.56591 0.22875 0.58096 0.22775 0.59177 0.23198 0.60159 0.24530 0.60194 0.25725 0.59476 0.26737 0.59642 0.27476 0.58301 0.28318 0.58073 0.28789 0.57420 0.30036 0.57258 0.30389 0.56768 0.30489 0.55688 0.29897 0.54312 0.23189 0.53580 0.22835 0.54071 0.22603 0.56591
6 0.00000 0.58329 0.06445 0.59246 0.06680 0.58919 0.07254 0.59379 0.07489 0.59052 0.17806 0.60739 0.19962 0.59630 0.20569 0.59729 0.21257 0.57832 0.21389 0.56392 0.21220 0.55999 0.21320 0.54919 0.21033 0.54689 0.20221 0.52364 0.18602 0.52100 0.18485 0.52263 0.18772 0.52493 0.18738 0.52853 0.13074 0.51926 0.12839 0.52253 0.07782 0.51426 0.07613 0.51033 0.05590 0.50702 0.05421 0.50309 0.04611 0.50177 0.04376 0.50504 0.00000 0.49579 0.00000 0.58329
6 0.82120 1.00000 0.75057 0.84536 0.75763 0.83555 0.75830 0.82835 0.75576 0.82245 0.74803 0.83946 0.74432 0.83520 0.72877 0.80342 0.69359 0.71728 0.67822 0.69467 0.67550 0.67961 0.68072 0.67864 0.68694 0.66687 0.68323 0.66261 0.68305 0.65344 0.67698 0.65245 0.67631 0.65965 0.66351 0.66486 0.65962 0.65144 0.65134 0.64095 0.64576 0.62359 0.64896 0.62229 0.65032 0.62982 0.65503 0.62328 0.66716 0.62527 0.66801 0.62723 0.66448 0.63213 0.65638 0.63081 0.65488 0.63604 0.65774 0.63834 0.66079 0.64980 0.66686 0.65079 0.66904 0.63836 0.67257 0.63346 0.68621 0.63021 0.68754 0.61581 0.69107 0.61091 0.69512 0.61157 0.69817 0.62303 0.70542 0.62239 0.69832 0.61027 0.69898 0.60307 0.69273 0.59291 0.68464 0.59159 0.68295 0.58765 0.65665 0.58335 0.65496 0.57942 0.65261 0.58269 0.57776 0.57045 0.57541 0.57372 0.56765 0.56880 0.56529 0.57207 0.54506 0.56876 0.54271 0.57202 0.53900 0.56777 0.52686 0.56578 0.52450 0.56905 0.52281 0.56512 0.51843 0.56805 0.51674 0.56412 0.51067 0.56313 0.50832 0.56640 0.50663 0.56247 0.48640 0.55916 0.48405 0.56243 0.48235 0.55850 0.42976 0.54990 0.42741 0.55317 0.42572 0.54924 0.41965 0.54824 0.41409 0.55282 0.41461 0.55838 0.40652 0.55706 0.40416 0.56033 0.39235 0.55474 0.39000 0.55801 0.37349 0.55896 0.36760 0.56714 0.36896 0.57467 0.35954 0.58774 0.35788 0.60574 0.35586 0.60541 0.35601 0.59264 0.35248 0.59755 0.35082 0.61555 0.34728 0.62045 0.34442 0.61815 0.33738 0.64989 0.33065 0.65609 0.31520 0.69011 0.31200 0.69141 0.29872 0.71299 0.29099 0.73000 0.28157 0.74307 0.27855 0.75354 0.25971 0.77969 0.25905 0.78689 0.24694 0.80683 0.24021 0.81304 0.23719 0.82351 0.22340 0.83952 0.21567 0.85652 0.16758 0.93270 0.16221 0.94644 0.16225 0.94852 0.47704 1.00000 0.82120 1.00000
6 0.69527 0.59880 0.69983 0.60503 0.70626 0.62435 0.71604 0.62961 0.72737 0.65155 0.72384 0.65646 0.69382 0.64789 0.69077 0.63643 0.68673 0.63577 0.68455 0.64821 0.68845 0.66163 0.69621 0.66655 0.69926 0.67802 0.70871 0.68687 0.72894 0.69018 0.73129 0.68691 0.73501 0.69117 0.74832 0.69152 0.75826 0.68401 0.76432 0.68500 0.76786 0.68010 0.76852 0.67290 0.76631 0.66341 0.75433 0.64866 0.75058 0.62246 0.74499 0.60511 0.73893 0.60412 0.73723 0.60019 0.69880 0.59390 0.69527 0.59880
6 0.79261 0.66771 0.78672 0.67588 0.78860 0.68897 0.79467 0.68996 0.79838 0.69423 0.79974 0.70176 0.98256 0.72989 0.99004 0.64884 0.84985 0.62591 0.84816 0.62198 0.83569 0.62360 0.83400 0.61967 0.80541 0.66249 0.79261 0.66771
4 0.78504 0.67195 0.78857 0.66704 0.79261 0.66771 0.80574 0.65889 0.82072 0.64125 0.82878 0.62064 0.83210 0.58464 0.82802 0.56205 0.81500 0.53617 0.80320 0.53059 0.80151 0.52666 0.78297 0.52728 0.77421 0.53316 0.75891 0.55440 0.75354 0.56814 0.74989 0.60774 0.75091 0.61887 0.75668 0.64539 0.76952 0.66210 0.77087 0.66963 0.76852 0.67290 0.76719 0.68730 0.75792 0.68761 0.75204 0.69578 0.75020 0.70462 0.73401 0.70197 0.73048 0.70687 0.72949 0.71767 0.73389 0.73666 0.74658 0.76614 0.75739 0.78252 0.80307 0.78817 0.80829 0.78720 0.81182 0.78229 0.81179 0.76036 0.81683 0.75023 0.81750 0.74303 0.80617 0.72108 0.79841 0.71616 0.79856 0.70339 0.79433 0.69357 0.78624 0.69224 0.78672 0.67588 0.78504 0.67195
7 0.32306 0.41552 0.31514 0.42336 0.31183 0.45936 0.31352 0.46329 0.30489 0.55688 0.30658 0.56081 0.30459 0.58241 0.29532 0.58272 0.28506 0.59383 0.28760 0.59973 0.30345 0.60597 0.30330 0.61873 0.30650 0.61743 0.30870 0.62693 0.30704 0.64493 0.31667 0.66295 0.31987 0.66164 0.33603 0.64236 0.33904 0.63189 0.33967 0.60276 0.34236 0.59589 0.34016 0.58640 0.32515 0.58212 0.33052 0.56838 0.33417 0.52879 0.33248 0.52485 0.34144 0.42766 0.33924 0.41817 0.32306 0.41552
7 0.38301 0.38879 0.36448 0.38941 0.36097 0.41624 0.36267 0.42017 0.35805 0.49250 0.36077 0.50755 0.35724 0.51246 0.35117 0.51147 0.34948 0.50754 0.34595 0.51244 0.34362 0.53764 0.34616 0.54353 0.37970 0.54719 0.38728 0.54295 0.39317 0.53478 0.39516 0.51318 0.39296 0.50368 0.38589 0.51349 0.37982 0.51250 0.37560 0.50267 0.38030 0.49614 0.38392 0.43461 0.38223 0.43068 0.38555 0.39468 0.38301 0.38879
6 0.22603 0.56591 0.22875 0.58096 0.22775 0.59177 0.23198 0.60159 0.24530 0.60194 0.25725 0.59476 0.26737 0.59642 0.27476 0.58301 0.28318 0.58073 0.28789 0.57420 0.30036 0.57258 0.30389 0.56768 0.30489 0.55688 0.29897 0.54312 0.23189 0.53580 0.22835 0.54071 0.22603 0.56591
6 0.00000 0.58329 0.06445 0.59246 0.06680 0.58919 0.07254 0.59379 0.07489 0.59052 0.17806 0.60739 0.19962 0.59630 0.20569 0.59729 0.21257 0.57832 0.21389 0.56392 0.21220 0.55999 0.21320 0.54919 0.21033 0.54689 0.20221 0.52364 0.18602 0.52100 0.18485 0.52263 0.18772 0.52493 0.18738 0.52853 0.13074 0.51926 0.12839 0.52253 0.07782 0.51426 0.07613 0.51033 0.05590 0.50702 0.05421 0.50309 0.04611 0.50177 0.04376 0.50504 0.00000 0.49579 0.00000 0.58329
6 0.82120 1.00000 0.75057 0.84536 0.75763 0.83555 0.75830 0.82835 0.75576 0.82245 0.74803 0.83946 0.74432 0.83520 0.72877 0.80342 0.69359 0.71728 0.67822 0.69467 0.67550 0.67961 0.68072 0.67864 0.68694 0.66687 0.68323 0.66261 0.68305 0.65344 0.67698 0.65245 0.67631 0.65965 0.66351 0.66486 0.65962 0.65144 0.65134 0.64095 0.64576 0.62359 0.64896 0.62229 0.65032 0.62982 0.65503 0.62328 0.66716 0.62527 0.66801 0.62723 0.66448 0.63213 0.65638 0.63081 0.65488 0.63604 0.65774 0.63834 0.66079 0.64980 0.66686 0.65079 0.66904 0.63836 0.67257 0.63346 0.68621 0.63021 0.68754 0.61581 0.69107 0.61091 0.69512 0.61157 0.69817 0.62303 0.70542 0.62239 0.69832 0.61027 0.69898 0.60307 0.69273 0.59291 0.68464 0.59159 0.68295 0.58765 0.65665 0.58335 0.65496 0.57942 0.65261 0.58269 0.57776 0.57045 0.57541 0.57372 0.56765 0.56880 0.56529 0.57207 0.54506 0.56876 0.54271 0.57202 0.53900 0.56777 0.52686 0.56578 0.52450 0.56905 0.52281 0.56512 0.51843 0.56805 0.51674 0.56412 0.51067 0.56313 0.50832 0.56640 0.50663 0.56247 0.48640 0.55916 0.48405 0.56243 0.48235 0.55850 0.42976 0.54990 0.42741 0.55317 0.42572 0.54924 0.41965 0.54824 0.41409 0.55282 0.41461 0.55838 0.40652 0.55706 0.40416 0.56033 0.39235 0.55474 0.39000 0.55801 0.37349 0.55896 0.36760 0.56714 0.36896 0.57467 0.35954 0.58774 0.35788 0.60574 0.35586 0.60541 0.35601 0.59264 0.35248 0.59755 0.35082 0.61555 0.34728 0.62045 0.34442 0.61815 0.33738 0.64989 0.33065 0.65609 0.31520 0.69011 0.31200 0.69141 0.29872 0.71299 0.29099 0.73000 0.28157 0.74307 0.27855 0.75354 0.25971 0.77969 0.25905 0.78689 0.24694 0.80683 0.24021 0.81304 0.23719 0.82351 0.22340 0.83952 0.21567 0.85652 0.16758 0.93270 0.16221 0.94644 0.16225 0.94852 0.47704 1.00000 0.82120 1.00000
6 0.69527 0.59880 0.69983 0.60503 0.70626 0.62435 0.71604 0.62961 0.72737 0.65155 0.72384 0.65646 0.69382 0.64789 0.69077 0.63643 0.68673 0.63577 0.68455 0.64821 0.68845 0.66163 0.69621 0.66655 0.69926 0.67802 0.70871 0.68687 0.72894 0.69018 0.73129 0.68691 0.73501 0.69117 0.74832 0.69152 0.75826 0.68401 0.76432 0.68500 0.76786 0.68010 0.76852 0.67290 0.76631 0.66341 0.75433 0.64866 0.75058 0.62246 0.74499 0.60511 0.73893 0.60412 0.73723 0.60019 0.69880 0.59390 0.69527 0.59880
6 0.79261 0.66771 0.78672 0.67588 0.78860 0.68897 0.79467 0.68996 0.79838 0.69423 0.79974 0.70176 0.98256 0.72989 0.99004 0.64884 0.84985 0.62591 0.84816 0.62198 0.83569 0.62360 0.83400 0.61967 0.80541 0.66249 0.79261 0.66771
4 0.78504 0.67195 0.78857 0.66704 0.79261 0.66771 0.80574 0.65889 0.82072 0.64125 0.82878 0.62064 0.83210 0.58464 0.82802 0.56205 0.81500 0.53617 0.80320 0.53059 0.80151 0.52666 0.78297 0.52728 0.77421 0.53316 0.75891 0.55440 0.75354 0.56814 0.74989 0.60774 0.75091 0.61887 0.75668 0.64539 0.76952 0.66210 0.77087 0.66963 0.76852 0.67290 0.76719 0.68730 0.75792 0.68761 0.75204 0.69578 0.75020 0.70462 0.73401 0.70197 0.73048 0.70687 0.72949 0.71767 0.73389 0.73666 0.74658 0.76614 0.75739 0.78252 0.80307 0.78817 0.80829 0.78720 0.81182 0.78229 0.81179 0.76036 0.81683 0.75023 0.81750 0.74303 0.80617 0.72108 0.79841 0.71616 0.79856 0.70339 0.79433 0.69357 0.78624 0.69224 0.78672 0.67588 0.78504 0.67195
7 0.32306 0.41552 0.31514 0.42336 0.31183 0.45936 0.31352 0.46329 0.30489 0.55688 0.30658 0.56081 0.30459 0.58241 0.29532 0.58272 0.28506 0.59383 0.28760 0.59973 0.30345 0.60597 0.30330 0.61873 0.30650 0.61743 0.30870 0.62693 0.30704 0.64493 0.31667 0.66295 0.31987 0.66164 0.33603 0.64236 0.33904 0.63189 0.33967 0.60276 0.34236 0.59589 0.34016 0.58640 0.32515 0.58212 0.33052 0.56838 0.33417 0.52879 0.33248 0.52485 0.34144 0.42766 0.33924 0.41817 0.32306 0.41552
7 0.38301 0.38879 0.36448 0.38941 0.36097 0.41624 0.36267 0.42017 0.35805 0.49250 0.36077 0.50755 0.35724 0.51246 0.35117 0.51147 0.34948 0.50754 0.34595 0.51244 0.34362 0.53764 0.34616 0.54353 0.37970 0.54719 0.38728 0.54295 0.39317 0.53478 0.39516 0.51318 0.39296 0.50368 0.38589 0.51349 0.37982 0.51250 0.37560 0.50267 0.38030 0.49614 0.38392 0.43461 0.38223 0.43068 0.38555 0.39468 0.38301 0.38879
