6 1.00000 0.48838 0.99831 0.42410 0.85129 0.32145 0.65505 0.24614 0.32587 0.12534 0.12810 0.03039 0.01198 0.03089 0.00000 0.03301 0.00000 0.35907 0.18365 0.63168 0.24281 0.72722 0.28352 0.80396 0.27547 0.86577 0.25669 0.94036 0.20102 1.00000 0.50655 1.00000 1.00000 0.97705 1.00000 0.48838
5 0.37000 0.11055 0.36967 0.12673 0.41501 0.13741 0.45341 0.11407 0.45146 0.10343 0.42761 0.09448 0.42498 0.06960 0.41363 0.07013 0.40909 0.04138 0.42070 0.04047 0.42695 0.00309 0.37512 0.00550 0.37640 0.01593 0.39304 0.04900 0.39943 0.07752 0.38995 0.09143 0.39335 0.10542 0.37000 0.11055
6 0.03166 0.64672 0.03113 0.64675 0.03123 0.65081 0.03177 0.65079 0.03166 0.64672
6 1.00000 0.48838 0.99831 0.42410 0.85129 0.32145 0.65505 0.24614 0.32587 0.12534 0.12810 0.03039 0.01198 0.03089 0.00000 0.03301 0.00000 0.35907 0.18365 0.63168 0.24281 0.72722 0.28352 0.80396 0.27547 0.86577 0.25669 0.94036 0.20102 1.00000 0.50655 1.00000 1.00000 0.97705 1.00000 0.48838
5 0.37000 0.11055 0.36967 0.12673 0.41501 0.13741 0.45341 0.11407 0.45146 0.10343 0.42761 0.09448 0.42498 0.06960 0.41363 0.07013 0.40909 0.04138 0.42070 0.04047 0.42695 0.00309 0.37512 0.00550 0.37640 0.01593 0.39304 0.04900 0.39943 0.07752 0.38995 0.09143 0.39335 0.10542 0.37000 0.11055
6 0.03166 0.64672 0.03113 0.64675 0.03123 0.65081 0.03177 0.65079 0.03166 0.64672
6 1.00000 0.48838 0.99831 0.42410 0.85129 0.32145 0.65505 0.24614 0.32587 0.12534 0.12810 0.03039 0.01198 0.03089 0.00000 0.03301 0.00000 0.35907 0.18365 0.63168 0.24281 0.72722 0.28352 0.80396 0.27547 0.86577 0.25669 0.94036 0.20102 1.00000 0.50655 1.00000 1.00000 0.97705 1.00000 0.48838
5 0.37000 0.11055 0.36967 0.12673 0.41501 0.13741 0.45341 0.11407 0.45146 0.10343 0.42761 0.09448 0.42498 0.06960 0.41363 0.07013 0.40909 0.04138 0.42070 0.04047 0.42695 0.00309 0.37512 0.00550 0.37640 0.01593 0.39304 0.04900 0.39943 0.07752 0.38995 0.09143 0.39335 0.10542 0.37000 0.11055
6 0.03166 0.64672 0.03113 0.64675 0.03123 0.65081 0.03177 0.65079 0.03166 0.64672
6 1.00000 0.48838 0.99831 0.42410 0.85129 0.32145 0.65505 0.24614 0.32587 0.12534 0.12810 0.03039 0.01198 0.03089 0.00000 0.03301 0.00000 0.35907 0.18365 0.63168 0.24281 0.72722 0.28352 0.80396 0.27547 0.86577 0.25669 0.94036 0.20102 1.00000 0.50655 1.00000 1.00000 0.97705 1.00000 0.48838
5 0.37000 0.11055 0.36967 0.12673 0.41501 0.13741 0.45341 0.11407 0.45146 0.10343 0.42761 0.09448 0.42498 0.06960 0.41363 0.07013 0.40909 0.04138 0.42070 0.04047 0.42695 0.00309 0.37512 0.00550 0.37640 0.01593 0.39304 0.04900 0.39943 0.07752 0.38995 0.09143 0.39335 0.10542 0.37000 0.11055
6 0.03166 0.64672 0.03113 0.64675 0.03123 0.65081 0.03177 0.65079 0.03166 0.64672
6 1.00000 0.48838 0.99831 0.42410 0.85129 0.32145 0.65505 0.24614 0.32587 0.12534 0.12810 0.03039 0.01198 0.03089 0.00000 0.03301 0.00000 0.35907 0.18365 0.63168 0.24281 0.72722 0.28352 0.80396 0.27547 0.86577 0.25669 0.94036 0.20102 1.00000 0.50655 1.00000 1.00000 0.97705 1.00000 0.48838
5 0.37000 0.11055 0.36967 0.12673 0.41501 0.13741 0.45341 0.11407 0.45146 0.10343 0.42761 0.09448 0.42498 0.06960 0.41363 0.07013 0.40909 0.04138 0.42070 0.04047 0.42695 0.00309 0.37512 0.00550 0.37640 0.01593 0.39304 0.04900 0.39943 0.07752 0.38995 0.09143 0.39335 0.10542 0.37000 0.11055
6 0.03166 0.64672 0.03113 0.64675 0.03123 0.65081 0.03177 0.65079 0.03166 0.64672
6 1.00000 0.48838 0.99831 0.42410 0.85129 0.32145 0.65505 0.24614 0.32587 0.12534 0.12810 0.03039 0.01198 0.03089 0.00000 0.03301 0.00000 0.35907 0.18365 0.63168 0.24281 0.72722 0.28352 0.80396 0.27547 0.86577 0.25669 0.94036 0.20102 1.00000 0.50655 1.00000 1.00000 0.97705 1.00000 0.48838
5 0.37000 0.11055 0.36967 0.12673 0.41501 0.13741 0.45341 0.11407 0.45146 0.10343 0.42761 0.09448 0.42498 0.06960 0.41363 0.07013 0.40909 0.04138 0.42070 0.04047 0.42695 0.00309 0.37512 0.00550 0.37640 0.01593 0.39304 0.04900 0.39943 0.07752 0.38995 0.09143 0.39335 0.10542 0.37000 0.11055
6 0.03166 0.64672 0.03113 0.64675 0.03123 0.65081 0.03177 0.65079 0.03166 0.64672
