6 0.00000 0.18209 0.23047 0.20755 0.24219 0.18441 0.25911 0.17515 0.26432 0.16357 0.26042 0.13811 0.25781 0.13117 0.25130 0.11033 0.24609 0.08950 0.00000 0.06635 0.00000 0.18209
6 0.50501 0.00000 0.46016 0.11132 0.31110 0.10361 0.33136 0.22959 0.41240 0.24759 0.12963 1.00000 1.00000 1.00000 1.00000 0.55537 0.81181 0.22702 0.67433 0.00000 0.50501 0.00000
7 0.42906 0.00000 0.43266 0.05891 0.42228 0.06108 0.41923 0.09688 0.46258 0.10230 0.47052 0.06759 0.46380 0.05457 0.46319 0.00000 0.42906 0.00000
7 0.75543 0.00000 0.75238 0.07105 0.74223 0.07514 0.74199 0.11553 0.79084 0.12855 0.79573 0.08082 0.77191 0.07431 0.77863 0.00000 0.75543 0.00000
6 0.00000 0.18209 0.23047 0.20755 0.24219 0.18441 0.25911 0.17515 0.26432 0.16357 0.26042 0.13811 0.25781 0.13117 0.25130 0.11033 0.24609 0.08950 0.00000 0.06635 0.00000 0.18209
6 0.50501 0.00000 0.46016 0.11132 0.31110 0.10361 0.33136 0.22959 0.41240 0.24759 0.12963 1.00000 1.00000 1.00000 1.00000 0.55537 0.81181 0.22702 0.67433 0.00000 0.50501 0.00000
7 0.42906 0.00000 0.43266 0.05891 0.42228 0.06108 0.41923 0.09688 0.46258 0.10230 0.47052 0.06759 0.46380 0.05457 0.46319 0.00000 0.42906 0.00000
7 0.75543 0.00000 0.75238 0.07105 0.74223 0.07514 0.74199 0.11553 0.79084 0.12855 0.79573 0.08082 0.77191 0.07431 0.77863 0.00000 0.75543 0.00000
6 0.00000 0.18209 0.23047 0.20755 0.24219 0.18441 0.25911 0.17515 0.26432 0.16357 0.26042 0.13811 0.25781 0.13117 0.25130 0.11033 0.24609 0.08950 0.00000 0.06635 0.00000 0.18209
6 0.50501 0.00000 0.46016 0.11132 0.31110 0.10361 0.33136 0.22959 0.41240 0.24759 0.12963 1.00000 1.00000 1.00000 1.00000 0.55537 0.81181 0.22702 0.67433 0.00000 0.50501 0.00000
7 0.42906 0.00000 0.43266 0.05891 0.42228 0.06108 0.41923 0.09688 0.46258 0.10230 0.47052 0.06759 0.46380 0.05457 0.46319 0.00000 0.42906 0.00000
7 0.75543 0.00000 0.75238 0.07105 0.74223 0.07514 0.74199 0.11553 0.79084 0.12855 0.79573 0.08082 0.77191 0.07431 0.77863 0.00000 0.75543 0.00000
