6 0.03670 0.00000 0.01779 0.23957 0.18945 0.60003 0.26984 0.75238 0.24534 0.90332 0.18645 0.95886 0.48033 1.00000 0.96330 1.00000 1.00000 0.53491 1.00000 0.52583 0.88701 0.42458 0.70472 0.31714 0.39028 0.12011 0.23715 0.00778 0.20023 0.00000 0.03670 0.00000
5 0.47249 0.00000 0.47065 0.02501 0.47095 0.04216 0.48383 0.07757 0.48714 0.10666 0.47642 0.11854 0.47830 0.13284 0.45490 0.13358 0.45290 0.14936 0.49622 0.16813 0.53624 0.15233 0.53543 0.14155 0.51299 0.12842 0.51298 0.10359 0.50181 0.10202 0.50033 0.07305 0.51180 0.07429 0.52255 0.03615 0.52534 0.00079 0.51967 0.00000 0.47249 0.00000
6 0.04969 0.58643 0.04917 0.58635 0.04885 0.59035 0.04938 0.59042 0.04969 0.58643
6 0.03670 0.00000 0.01779 0.23957 0.18945 0.60003 0.26984 0.75238 0.24534 0.90332 0.18645 0.95886 0.48033 1.00000 0.96330 1.00000 1.00000 0.53491 1.00000 0.52583 0.88701 0.42458 0.70472 0.31714 0.39028 0.12011 0.23715 0.00778 0.20023 0.00000 0.03670 0.00000
5 0.47249 0.00000 0.47065 0.02501 0.47095 0.04216 0.48383 0.07757 0.48714 0.10666 0.47642 0.11854 0.47830 0.13284 0.45490 0.13358 0.45290 0.14936 0.49622 0.16813 0.53624 0.15233 0.53543 0.14155 0.51299 0.12842 0.51298 0.10359 0.50181 0.10202 0.50033 0.07305 0.51180 0.07429 0.52255 0.03615 0.52534 0.00079 0.51967 0.00000 0.47249 0.00000
6 0.04969 0.58643 0.04917 0.58635 0.04885 0.59035 0.04938 0.59042 0.04969 0.58643
6 0.03670 0.00000 0.01779 0.23957 0.18945 0.60003 0.26984 0.75238 0.24534 0.90332 0.18645 0.95886 0.48033 1.00000 0.96330 1.00000 1.00000 0.53491 1.00000 0.52583 0.88701 0.42458 0.70472 0.31714 0.39028 0.12011 0.23715 0.00778 0.20023 0.00000 0.03670 0.00000
5 0.47249 0.00000 0.47065 0.02501 0.47095 0.04216 0.48383 0.07757 0.48714 0.10666 0.47642 0.11854 0.47830 0.13284 0.45490 0.13358 0.45290 0.14936 0.49622 0.16813 0.53624 0.15233 0.53543 0.14155 0.51299 0.12842 0.51298 0.10359 0.50181 0.10202 0.50033 0.07305 0.51180 0.07429 0.52255 0.03615 0.52534 0.00079 0.51967 0.00000 0.47249 0.00000
6 0.04969 0.58643 0.04917 0.58635 0.04885 0.59035 0.04938 0.59042 0.04969 0.58643
6 0.03670 0.00000 0.01779 0.23957 0.18945 0.60003 0.26984 0.75238 0.24534 0.90332 0.18645 0.95886 0.48033 1.00000 0.96330 1.00000 1.00000 0.53491 1.00000 0.52583 0.88701 0.42458 0.70472 0.31714 0.39028 0.12011 0.23715 0.00778 0.20023 0.00000 0.03670 0.00000
5 0.47249 0.00000 0.47065 0.02501 0.47095 0.04216 0.48383 0.07757 0.48714 0.10666 0.47642 0.11854 0.47830 0.13284 0.45490 0.13358 0.45290 0.14936 0.49622 0.16813 0.53624 0.15233 0.53543 0.14155 0.51299 0.12842 0.51298 0.10359 0.50181 0.10202 0.50033 0.07305 0.51180 0.07429 0.52255 0.03615 0.52534 0.00079 0.51967 0.00000 0.47249 0.00000
6 0.04969 0.58643 0.04917 0.58635 0.04885 0.59035 0.04938 0.59042 0.04969 0.58643
6 0.03670 0.00000 0.01779 0.23957 0.18945 0.60003 0.26984 0.75238 0.24534 0.90332 0.18645 0.95886 0.48033 1.00000 0.96330 1.00000 1.00000 0.53491 1.00000 0.52583 0.88701 0.42458 0.70472 0.31714 0.39028 0.12011 0.23715 0.00778 0.20023 0.00000 0.03670 0.00000
5 0.47249 0.00000 0.47065 0.02501 0.47095 0.04216 0.48383 0.07757 0.48714 0.10666 0.47642 0.11854 0.47830 0.13284 0.45490 0.13358 0.45290 0.14936 0.49622 0.16813 0.53624 0.15233 0.53543 0.14155 0.51299 0.12842 0.51298 0.10359 0.50181 0.10202 0.50033 0.07305 0.51180 0.07429 0.52255 0.03615 0.52534 0.00079 0.51967 0.00000 0.47249 0.00000
6 0.04969 0.58643 0.04917 0.58635 0.04885 0.59035 0.04938 0.59042 0.04969 0.58643
6 0.03670 0.00000 0.01779 0.23957 0.18945 0.60003 0.26984 0.75238 0.24534 0.90332 0.18645 0.95886 0.48033 1.00000 0.96330 1.00000 1.00000 0.53491 1.00000 0.52583 0.88701 0.42458 0.70472 0.31714 0.39028 0.12011 0.23715 0.00778 0.20023 0.00000 0.03670 0.00000
5 0.47249 0.00000 0.47065 0.02501 0.47095 0.04216 0.48383 0.07757 0.48714 0.10666 0.47642 0.11854 0.47830 0.13284 0.45490 0.13358 0.45290 0.14936 0.49622 0.16813 0.53624 0.15233 0.53543 0.14155 0.51299 0.12842 0.51298 0.10359 0.50181 0.10202 0.50033 0.07305 0.51180 0.07429 0.52255 0.03615 0.52534 0.00079 0.51967 0.00000 0.47249 0.00000
6 0.04969 0.58643 0.04917 0.58635 0.04885 0.59035 0.04938 0.59042 0.04969 0.58643
