6 1.00000 0.46509 0.99894 0.45171 0.97053 0.40930 0.81666 0.16910 0.77839 0.12755 0.69396 0.08725 0.60409 0.07066 0.49653 0.07375 0.35351 0.09898 0.00000 0.18974 0.00000 0.33077 0.26951 0.26637 0.31126 0.26895 0.31637 0.29219 0.31295 0.30625 0.05837 1.00000 0.51925 1.00000 1.00000 0.92284 1.00000 0.46509
5 0.00000 0.18933 0.01133 0.18779 0.03501 0.16636 0.03227 0.15227 0.00967 0.15486 0.00454 0.14342 0.00000 0.14097 0.00000 0.18933
6 1.00000 0.46509 0.99894 0.45171 0.97053 0.40930 0.81666 0.16910 0.77839 0.12755 0.69396 0.08725 0.60409 0.07066 0.49653 0.07375 0.35351 0.09898 0.00000 0.18974 0.00000 0.33077 0.26951 0.26637 0.31126 0.26895 0.31637 0.29219 0.31295 0.30625 0.05837 1.00000 0.51925 1.00000 1.00000 0.92284 1.00000 0.46509
5 0.00000 0.18933 0.01133 0.18779 0.03501 0.16636 0.03227 0.15227 0.00967 0.15486 0.00454 0.14342 0.00000 0.14097 0.00000 0.18933
6 1.00000 0.46509 0.99894 0.45171 0.97053 0.40930 0.81666 0.16910 0.77839 0.12755 0.69396 0.08725 0.60409 0.07066 0.49653 0.07375 0.35351 0.09898 0.00000 0.18974 0.00000 0.33077 0.26951 0.26637 0.31126 0.26895 0.31637 0.29219 0.31295 0.30625 0.05837 1.00000 0.51925 1.00000 1.00000 0.92284 1.00000 0.46509
5 0.00000 0.18933 0.01133 0.18779 0.03501 0.16636 0.03227 0.15227 0.00967 0.15486 0.00454 0.14342 0.00000 0.14097 0.00000 0.18933
6 1.00000 0.46509 0.99894 0.45171 0.97053 0.40930 0.81666 0.16910 0.77839 0.12755 0.69396 0.08725 0.60409 0.07066 0.49653 0.07375 0.35351 0.09898 0.00000 0.18974 0.00000 0.33077 0.26951 0.26637 0.31126 0.26895 0.31637 0.29219 0.31295 0.30625 0.05837 1.00000 0.51925 1.00000 1.00000 0.92284 1.00000 0.46509
5 0.00000 0.18933 0.01133 0.18779 0.03501 0.16636 0.03227 0.15227 0.00967 0.15486 0.00454 0.14342 0.00000 0.14097 0.00000 0.18933
6 1.00000 0.46509 0.99894 0.45171 0.97053 0.40930 0.81666 0.16910 0.77839 0.12755 0.69396 0.08725 0.60409 0.07066 0.49653 0.07375 0.35351 0.09898 0.00000 0.18974 0.00000 0.33077 0.26951 0.26637 0.31126 0.26895 0.31637 0.29219 0.31295 0.30625 0.05837 1.00000 0.51925 1.00000 1.00000 0.92284 1.00000 0.46509
5 0.00000 0.18933 0.01133 0.18779 0.03501 0.16636 0.03227 0.15227 0.00967 0.15486 0.00454 0.14342 0.00000 0.14097 0.00000 0.18933
6 1.00000 0.46509 0.99894 0.45171 0.97053 0.40930 0.81666 0.16910 0.77839 0.12755 0.69396 0.08725 0.60409 0.07066 0.49653 0.07375 0.35351 0.09898 0.00000 0.18974 0.00000 0.33077 0.26951 0.26637 0.31126 0.26895 0.31637 0.29219 0.31295 0.30625 0.05837 1.00000 0.51925 1.00000 1.00000 0.92284 1.00000 0.46509
5 0.00000 0.18933 0.01133 0.18779 0.03501 0.16636 0.03227 0.15227 0.00967 0.15486 0.00454 0.14342 0.00000 0.14097 0.00000 0.18933
