2 0.87205 0.63494 0.87155 0.62036 0.86750 0.61055 0.85552 0.60831 0.84466 0.59541 0.84067 0.59467 0.83823 0.58878 0.83936 0.57813 0.83605 0.56122 0.82008 0.55823 0.81840 0.54525 0.82027 0.52749 0.81865 0.52357 0.82252 0.50619 0.85784 0.42230 0.87618 0.36419 0.87806 0.34643 0.87400 0.33663 0.83407 0.32915 0.83170 0.33233 0.80774 0.32784 0.80537 0.33102 0.77543 0.32541 0.76906 0.32784 0.76313 0.33578 0.76363 0.35036 0.77711 0.39632 0.78459 0.44117 0.78384 0.44827 0.78665 0.45060 0.79195 0.46789 0.79856 0.50171 0.79294 0.55496 0.78938 0.55973 0.77940 0.55786 0.77584 0.56262 0.77310 0.56935 0.77322 0.58747 0.76967 0.59224 0.74533 0.59130 0.74103 0.60317 0.74633 0.62045 0.76480 0.63839 0.77291 0.65801 0.78008 0.65754 0.78713 0.63895 0.82145 0.64175 0.82382 0.63858 0.83580 0.64082 0.83817 0.63764 0.84815 0.63951 0.85545 0.65717 0.85713 0.67016 0.86231 0.66932 0.86419 0.65157 0.86893 0.64521 0.87205 0.63494
6 0.94227 1.00000 0.64510 0.40600 0.58679 0.35406 0.48655 0.31357 0.33482 0.28516 0.15388 0.26336 0.08916 0.32365 0.25795 0.35766 0.28249 0.36950 0.23215 0.43489 0.00000 0.72359 0.00000 0.91131 0.47375 1.00000 0.94227 1.00000
2 0.87205 0.63494 0.87155 0.62036 0.86750 0.61055 0.85552 0.60831 0.84466 0.59541 0.84067 0.59467 0.83823 0.58878 0.83936 0.57813 0.83605 0.56122 0.82008 0.55823 0.81840 0.54525 0.82027 0.52749 0.81865 0.52357 0.82252 0.50619 0.85784 0.42230 0.87618 0.36419 0.87806 0.34643 0.87400 0.33663 0.83407 0.32915 0.83170 0.33233 0.80774 0.32784 0.80537 0.33102 0.77543 0.32541 0.76906 0.32784 0.76313 0.33578 0.76363 0.35036 0.77711 0.39632 0.78459 0.44117 0.78384 0.44827 0.78665 0.45060 0.79195 0.46789 0.79856 0.50171 0.79294 0.55496 0.78938 0.55973 0.77940 0.55786 0.77584 0.56262 0.77310 0.56935 0.77322 0.58747 0.76967 0.59224 0.74533 0.59130 0.74103 0.60317 0.74633 0.62045 0.76480 0.63839 0.77291 0.65801 0.78008 0.65754 0.78713 0.63895 0.82145 0.64175 0.82382 0.63858 0.83580 0.64082 0.83817 0.63764 0.84815 0.63951 0.85545 0.65717 0.85713 0.67016 0.86231 0.66932 0.86419 0.65157 0.86893 0.64521 0.87205 0.63494
6 0.94227 1.00000 0.64510 0.40600 0.58679 0.35406 0.48655 0.31357 0.33482 0.28516 0.15388 0.26336 0.08916 0.32365 0.25795 0.35766 0.28249 0.36950 0.23215 0.43489 0.00000 0.72359 0.00000 0.91131 0.47375 1.00000 0.94227 1.00000
2 0.87205 0.63494 0.87155 0.62036 0.86750 0.61055 0.85552 0.60831 0.84466 0.59541 0.84067 0.59467 0.83823 0.58878 0.83936 0.57813 0.83605 0.56122 0.82008 0.55823 0.81840 0.54525 0.82027 0.52749 0.81865 0.52357 0.82252 0.50619 0.85784 0.42230 0.87618 0.36419 0.87806 0.34643 0.87400 0.33663 0.83407 0.32915 0.83170 0.33233 0.80774 0.32784 0.80537 0.33102 0.77543 0.32541 0.76906 0.32784 0.76313 0.33578 0.76363 0.35036 0.77711 0.39632 0.78459 0.44117 0.78384 0.44827 0.78665 0.45060 0.79195 0.46789 0.79856 0.50171 0.79294 0.55496 0.78938 0.55973 0.77940 0.55786 0.77584 0.56262 0.77310 0.56935 0.77322 0.58747 0.76967 0.59224 0.74533 0.59130 0.74103 0.60317 0.74633 0.62045 0.76480 0.63839 0.77291 0.65801 0.78008 0.65754 0.78713 0.63895 0.82145 0.64175 0.82382 0.63858 0.83580 0.64082 0.83817 0.63764 0.84815 0.63951 0.85545 0.65717 0.85713 0.67016 0.86231 0.66932 0.86419 0.65157 0.86893 0.64521 0.87205 0.63494
6 0.94227 1.00000 0.64510 0.40600 0.58679 0.35406 0.48655 0.31357 0.33482 0.28516 0.15388 0.26336 0.08916 0.32365 0.25795 0.35766 0.28249 0.36950 0.23215 0.43489 0.00000 0.72359 0.00000 0.91131 0.47375 1.00000 0.94227 1.00000
2 0.87205 0.63494 0.87155 0.62036 0.86750 0.61055 0.85552 0.60831 0.84466 0.59541 0.84067 0.59467 0.83823 0.58878 0.83936 0.57813 0.83605 0.56122 0.82008 0.55823 0.81840 0.54525 0.82027 0.52749 0.81865 0.52357 0.82252 0.50619 0.85784 0.42230 0.87618 0.36419 0.87806 0.34643 0.87400 0.33663 0.83407 0.32915 0.83170 0.33233 0.80774 0.32784 0.80537 0.33102 0.77543 0.32541 0.76906 0.32784 0.76313 0.33578 0.76363 0.35036 0.77711 0.39632 0.78459 0.44117 0.78384 0.44827 0.78665 0.45060 0.79195 0.46789 0.79856 0.50171 0.79294 0.55496 0.78938 0.55973 0.77940 0.55786 0.77584 0.56262 0.77310 0.56935 0.77322 0.58747 0.76967 0.59224 0.74533 0.59130 0.74103 0.60317 0.74633 0.62045 0.76480 0.63839 0.77291 0.65801 0.78008 0.65754 0.78713 0.63895 0.82145 0.64175 0.82382 0.63858 0.83580 0.64082 0.83817 0.63764 0.84815 0.63951 0.85545 0.65717 0.85713 0.67016 0.86231 0.66932 0.86419 0.65157 0.86893 0.64521 0.87205 0.63494
6 0.94227 1.00000 0.64510 0.40600 0.58679 0.35406 0.48655 0.31357 0.33482 0.28516 0.15388 0.26336 0.08916 0.32365 0.25795 0.35766 0.28249 0.36950 0.23215 0.43489 0.00000 0.72359 0.00000 0.91131 0.47375 1.00000 0.94227 1.00000
2 0.87205 0.63494 0.87155 0.62036 0.86750 0.61055 0.85552 0.60831 0.84466 0.59541 0.84067 0.59467 0.83823 0.58878 0.83936 0.57813 0.83605 0.56122 0.82008 0.55823 0.81840 0.54525 0.82027 0.52749 0.81865 0.52357 0.82252 0.50619 0.85784 0.42230 0.87618 0.36419 0.87806 0.34643 0.87400 0.33663 0.83407 0.32915 0.83170 0.33233 0.80774 0.32784 0.80537 0.33102 0.77543 0.32541 0.76906 0.32784 0.76313 0.33578 0.76363 0.35036 0.77711 0.39632 0.78459 0.44117 0.78384 0.44827 0.78665 0.45060 0.79195 0.46789 0.79856 0.50171 0.79294 0.55496 0.78938 0.55973 0.77940 0.55786 0.77584 0.56262 0.77310 0.56935 0.77322 0.58747 0.76967 0.59224 0.74533 0.59130 0.74103 0.60317 0.74633 0.62045 0.76480 0.63839 0.77291 0.65801 0.78008 0.65754 0.78713 0.63895 0.82145 0.64175 0.82382 0.63858 0.83580 0.64082 0.83817 0.63764 0.84815 0.63951 0.85545 0.65717 0.85713 0.67016 0.86231 0.66932 0.86419 0.65157 0.86893 0.64521 0.87205 0.63494
6 0.94227 1.00000 0.64510 0.40600 0.58679 0.35406 0.48655 0.31357 0.33482 0.28516 0.15388 0.26336 0.08916 0.32365 0.25795 0.35766 0.28249 0.36950 0.23215 0.43489 0.00000 0.72359 0.00000 0.91131 0.47375 1.00000 0.94227 1.00000
2 0.87205 0.63494 0.87155 0.62036 0.86750 0.61055 0.85552 0.60831 0.84466 0.59541 0.84067 0.59467 0.83823 0.58878 0.83936 0.57813 0.83605 0.56122 0.82008 0.55823 0.81840 0.54525 0.82027 0.52749 0.81865 0.52357 0.82252 0.50619 0.85784 0.42230 0.87618 0.36419 0.87806 0.34643 0.87400 0.33663 0.83407 0.32915 0.83170 0.33233 0.80774 0.32784 0.80537 0.33102 0.77543 0.32541 0.76906 0.32784 0.76313 0.33578 0.76363 0.35036 0.77711 0.39632 0.78459 0.44117 0.78384 0.44827 0.78665 0.45060 0.79195 0.46789 0.79856 0.50171 0.79294 0.55496 0.78938 0.55973 0.77940 0.55786 0.77584 0.56262 0.77310 0.56935 0.77322 0.58747 0.76967 0.59224 0.74533 0.59130 0.74103 0.60317 0.74633 0.62045 0.76480 0.63839 0.77291 0.65801 0.78008 0.65754 0.78713 0.63895 0.82145 0.64175 0.82382 0.63858 0.83580 0.64082 0.83817 0.63764 0.84815 0.63951 0.85545 0.65717 0.85713 0.67016 0.86231 0.66932 0.86419 0.65157 0.86893 0.64521 0.87205 0.63494
6 0.94227 1.00000 0.64510 0.40600 0.58679 0.35406 0.48655 0.31357 0.33482 0.28516 0.15388 0.26336 0.08916 0.32365 0.25795 0.35766 0.28249 0.36950 0.23215 0.43489 0.00000 0.72359 0.00000 0.91131 0.47375 1.00000 0.94227 1.00000
