2 0.83496 0.62153 0.83691 0.61805 0.85059 0.61805 0.85938 0.63715 0.86426 0.64236 0.86523 0.62673 0.87109 0.61632 0.87109 0.59548 0.86621 0.58680 0.83691 0.57292 0.83399 0.56771 0.83399 0.55382 0.82910 0.54167 0.81543 0.54167 0.81250 0.53646 0.81055 0.51215 0.80859 0.50868 0.81055 0.49132 0.81445 0.48438 0.81836 0.46354 0.82617 0.43577 0.83008 0.42882 0.83008 0.42188 0.84180 0.38021 0.84961 0.33854 0.84961 0.32812 0.84473 0.31597 0.80957 0.31597 0.80762 0.31945 0.78418 0.31945 0.78223 0.32292 0.74512 0.32292 0.73633 0.33160 0.73633 0.34548 0.75586 0.39062 0.75977 0.41146 0.76367 0.41493 0.76367 0.42535 0.78125 0.47048 0.78711 0.50173 0.78711 0.54340 0.78223 0.54861 0.77441 0.54861 0.76953 0.55729 0.76855 0.58333 0.74707 0.58333 0.74219 0.58854 0.74219 0.60243 0.74707 0.61111 0.77441 0.63195 0.77832 0.64236 0.78223 0.64583 0.78516 0.64410 0.79004 0.62500 0.79785 0.62500 0.79980 0.62153 0.83496 0.62153
6 0.99609 1.00000 0.63542 0.44213 0.58073 0.39120 0.50911 0.35185 0.39583 0.34954 0.15495 0.35417 0.11198 0.42593 0.24089 0.42361 0.27604 0.43287 0.26302 0.45602 0.00000 0.90046 0.00000 1.00000 0.99609 1.00000
2 0.83496 0.62153 0.83691 0.61805 0.85059 0.61805 0.85938 0.63715 0.86426 0.64236 0.86523 0.62673 0.87109 0.61632 0.87109 0.59548 0.86621 0.58680 0.83691 0.57292 0.83399 0.56771 0.83399 0.55382 0.82910 0.54167 0.81543 0.54167 0.81250 0.53646 0.81055 0.51215 0.80859 0.50868 0.81055 0.49132 0.81445 0.48438 0.81836 0.46354 0.82617 0.43577 0.83008 0.42882 0.83008 0.42188 0.84180 0.38021 0.84961 0.33854 0.84961 0.32812 0.84473 0.31597 0.80957 0.31597 0.80762 0.31945 0.78418 0.31945 0.78223 0.32292 0.74512 0.32292 0.73633 0.33160 0.73633 0.34548 0.75586 0.39062 0.75977 0.41146 0.76367 0.41493 0.76367 0.42535 0.78125 0.47048 0.78711 0.50173 0.78711 0.54340 0.78223 0.54861 0.77441 0.54861 0.76953 0.55729 0.76855 0.58333 0.74707 0.58333 0.74219 0.58854 0.74219 0.60243 0.74707 0.61111 0.77441 0.63195 0.77832 0.64236 0.78223 0.64583 0.78516 0.64410 0.79004 0.62500 0.79785 0.62500 0.79980 0.62153 0.83496 0.62153
6 0.99609 1.00000 0.63542 0.44213 0.58073 0.39120 0.50911 0.35185 0.39583 0.34954 0.15495 0.35417 0.11198 0.42593 0.24089 0.42361 0.27604 0.43287 0.26302 0.45602 0.00000 0.90046 0.00000 1.00000 0.99609 1.00000
2 0.83496 0.62153 0.83691 0.61805 0.85059 0.61805 0.85938 0.63715 0.86426 0.64236 0.86523 0.62673 0.87109 0.61632 0.87109 0.59548 0.86621 0.58680 0.83691 0.57292 0.83399 0.56771 0.83399 0.55382 0.82910 0.54167 0.81543 0.54167 0.81250 0.53646 0.81055 0.51215 0.80859 0.50868 0.81055 0.49132 0.81445 0.48438 0.81836 0.46354 0.82617 0.43577 0.83008 0.42882 0.83008 0.42188 0.84180 0.38021 0.84961 0.33854 0.84961 0.32812 0.84473 0.31597 0.80957 0.31597 0.80762 0.31945 0.78418 0.31945 0.78223 0.32292 0.74512 0.32292 0.73633 0.33160 0.73633 0.34548 0.75586 0.39062 0.75977 0.41146 0.76367 0.41493 0.76367 0.42535 0.78125 0.47048 0.78711 0.50173 0.78711 0.54340 0.78223 0.54861 0.77441 0.54861 0.76953 0.55729 0.76855 0.58333 0.74707 0.58333 0.74219 0.58854 0.74219 0.60243 0.74707 0.61111 0.77441 0.63195 0.77832 0.64236 0.78223 0.64583 0.78516 0.64410 0.79004 0.62500 0.79785 0.62500 0.79980 0.62153 0.83496 0.62153
6 0.99609 1.00000 0.63542 0.44213 0.58073 0.39120 0.50911 0.35185 0.39583 0.34954 0.15495 0.35417 0.11198 0.42593 0.24089 0.42361 0.27604 0.43287 0.26302 0.45602 0.00000 0.90046 0.00000 1.00000 0.99609 1.00000
2 0.83496 0.62153 0.83691 0.61805 0.85059 0.61805 0.85938 0.63715 0.86426 0.64236 0.86523 0.62673 0.87109 0.61632 0.87109 0.59548 0.86621 0.58680 0.83691 0.57292 0.83399 0.56771 0.83399 0.55382 0.82910 0.54167 0.81543 0.54167 0.81250 0.53646 0.81055 0.51215 0.80859 0.50868 0.81055 0.49132 0.81445 0.48438 0.81836 0.46354 0.82617 0.43577 0.83008 0.42882 0.83008 0.42188 0.84180 0.38021 0.84961 0.33854 0.84961 0.32812 0.84473 0.31597 0.80957 0.31597 0.80762 0.31945 0.78418 0.31945 0.78223 0.32292 0.74512 0.32292 0.73633 0.33160 0.73633 0.34548 0.75586 0.39062 0.75977 0.41146 0.76367 0.41493 0.76367 0.42535 0.78125 0.47048 0.78711 0.50173 0.78711 0.54340 0.78223 0.54861 0.77441 0.54861 0.76953 0.55729 0.76855 0.58333 0.74707 0.58333 0.74219 0.58854 0.74219 0.60243 0.74707 0.61111 0.77441 0.63195 0.77832 0.64236 0.78223 0.64583 0.78516 0.64410 0.79004 0.62500 0.79785 0.62500 0.79980 0.62153 0.83496 0.62153
6 0.99609 1.00000 0.63542 0.44213 0.58073 0.39120 0.50911 0.35185 0.39583 0.34954 0.15495 0.35417 0.11198 0.42593 0.24089 0.42361 0.27604 0.43287 0.26302 0.45602 0.00000 0.90046 0.00000 1.00000 0.99609 1.00000
2 0.83496 0.62153 0.83691 0.61805 0.85059 0.61805 0.85938 0.63715 0.86426 0.64236 0.86523 0.62673 0.87109 0.61632 0.87109 0.59548 0.86621 0.58680 0.83691 0.57292 0.83399 0.56771 0.83399 0.55382 0.82910 0.54167 0.81543 0.54167 0.81250 0.53646 0.81055 0.51215 0.80859 0.50868 0.81055 0.49132 0.81445 0.48438 0.81836 0.46354 0.82617 0.43577 0.83008 0.42882 0.83008 0.42188 0.84180 0.38021 0.84961 0.33854 0.84961 0.32812 0.84473 0.31597 0.80957 0.31597 0.80762 0.31945 0.78418 0.31945 0.78223 0.32292 0.74512 0.32292 0.73633 0.33160 0.73633 0.34548 0.75586 0.39062 0.75977 0.41146 0.76367 0.41493 0.76367 0.42535 0.78125 0.47048 0.78711 0.50173 0.78711 0.54340 0.78223 0.54861 0.77441 0.54861 0.76953 0.55729 0.76855 0.58333 0.74707 0.58333 0.74219 0.58854 0.74219 0.60243 0.74707 0.61111 0.77441 0.63195 0.77832 0.64236 0.78223 0.64583 0.78516 0.64410 0.79004 0.62500 0.79785 0.62500 0.79980 0.62153 0.83496 0.62153
6 0.99609 1.00000 0.63542 0.44213 0.58073 0.39120 0.50911 0.35185 0.39583 0.34954 0.15495 0.35417 0.11198 0.42593 0.24089 0.42361 0.27604 0.43287 0.26302 0.45602 0.00000 0.90046 0.00000 1.00000 0.99609 1.00000
2 0.83496 0.62153 0.83691 0.61805 0.85059 0.61805 0.85938 0.63715 0.86426 0.64236 0.86523 0.62673 0.87109 0.61632 0.87109 0.59548 0.86621 0.58680 0.83691 0.57292 0.83399 0.56771 0.83399 0.55382 0.82910 0.54167 0.81543 0.54167 0.81250 0.53646 0.81055 0.51215 0.80859 0.50868 0.81055 0.49132 0.81445 0.48438 0.81836 0.46354 0.82617 0.43577 0.83008 0.42882 0.83008 0.42188 0.84180 0.38021 0.84961 0.33854 0.84961 0.32812 0.84473 0.31597 0.80957 0.31597 0.80762 0.31945 0.78418 0.31945 0.78223 0.32292 0.74512 0.32292 0.73633 0.33160 0.73633 0.34548 0.75586 0.39062 0.75977 0.41146 0.76367 0.41493 0.76367 0.42535 0.78125 0.47048 0.78711 0.50173 0.78711 0.54340 0.78223 0.54861 0.77441 0.54861 0.76953 0.55729 0.76855 0.58333 0.74707 0.58333 0.74219 0.58854 0.74219 0.60243 0.74707 0.61111 0.77441 0.63195 0.77832 0.64236 0.78223 0.64583 0.78516 0.64410 0.79004 0.62500 0.79785 0.62500 0.79980 0.62153 0.83496 0.62153
6 0.99609 1.00000 0.63542 0.44213 0.58073 0.39120 0.50911 0.35185 0.39583 0.34954 0.15495 0.35417 0.11198 0.42593 0.24089 0.42361 0.27604 0.43287 0.26302 0.45602 0.00000 0.90046 0.00000 1.00000 0.99609 1.00000
