2 0.88263 0.65739 0.87923 0.65196 0.87578 0.61821 0.87352 0.61459 0.87504 0.59937 0.88247 0.57241 0.88217 0.56487 0.88792 0.54936 0.90597 0.46876 0.91432 0.41151 0.91358 0.39268 0.91117 0.38529 0.83387 0.38880 0.83190 0.39271 0.79382 0.39537 0.79185 0.39929 0.78339 0.39987 0.77847 0.40966 0.78133 0.42835 0.79038 0.44283 0.79535 0.46137 0.81874 0.51641 0.82612 0.54234 0.84241 0.57898 0.84497 0.59013 0.84976 0.65780 0.84681 0.66367 0.83215 0.66847 0.82723 0.67826 0.82797 0.69710 0.82502 0.70297 0.79751 0.70489 0.79471 0.71453 0.79545 0.73337 0.80549 0.74589 0.81199 0.74921 0.81878 0.76007 0.84067 0.77743 0.85549 0.77640 0.85745 0.77249 0.87226 0.77145 0.87423 0.76754 0.93755 0.75934 0.94917 0.78497 0.95439 0.78272 0.95394 0.77142 0.95168 0.76780 0.95743 0.75229 0.95654 0.72968 0.94650 0.71716 0.94001 0.71384 0.93322 0.70298 0.91161 0.69315 0.90581 0.68033 0.90521 0.66526 0.89955 0.65621 0.88263 0.65739
6 0.50983 1.00000 0.94788 0.96942 0.63796 0.46921 0.58793 0.41982 0.49447 0.38101 0.37520 0.36918 0.23959 0.37361 0.07739 0.38494 0.01111 0.49786 0.09030 0.49737 0.21029 0.49151 0.22790 0.50791 0.21751 0.53130 0.01704 0.95044 0.01899 1.00000 0.50983 1.00000
2 0.88263 0.65739 0.87923 0.65196 0.87578 0.61821 0.87352 0.61459 0.87504 0.59937 0.88247 0.57241 0.88217 0.56487 0.88792 0.54936 0.90597 0.46876 0.91432 0.41151 0.91358 0.39268 0.91117 0.38529 0.83387 0.38880 0.83190 0.39271 0.79382 0.39537 0.79185 0.39929 0.78339 0.39987 0.77847 0.40966 0.78133 0.42835 0.79038 0.44283 0.79535 0.46137 0.81874 0.51641 0.82612 0.54234 0.84241 0.57898 0.84497 0.59013 0.84976 0.65780 0.84681 0.66367 0.83215 0.66847 0.82723 0.67826 0.82797 0.69710 0.82502 0.70297 0.79751 0.70489 0.79471 0.71453 0.79545 0.73337 0.80549 0.74589 0.81199 0.74921 0.81878 0.76007 0.84067 0.77743 0.85549 0.77640 0.85745 0.77249 0.87226 0.77145 0.87423 0.76754 0.93755 0.75934 0.94917 0.78497 0.95439 0.78272 0.95394 0.77142 0.95168 0.76780 0.95743 0.75229 0.95654 0.72968 0.94650 0.71716 0.94001 0.71384 0.93322 0.70298 0.91161 0.69315 0.90581 0.68033 0.90521 0.66526 0.89955 0.65621 0.88263 0.65739
6 0.50983 1.00000 0.94788 0.96942 0.63796 0.46921 0.58793 0.41982 0.49447 0.38101 0.37520 0.36918 0.23959 0.37361 0.07739 0.38494 0.01111 0.49786 0.09030 0.49737 0.21029 0.49151 0.22790 0.50791 0.21751 0.53130 0.01704 0.95044 0.01899 1.00000 0.50983 1.00000
2 0.88263 0.65739 0.87923 0.65196 0.87578 0.61821 0.87352 0.61459 0.87504 0.59937 0.88247 0.57241 0.88217 0.56487 0.88792 0.54936 0.90597 0.46876 0.91432 0.41151 0.91358 0.39268 0.91117 0.38529 0.83387 0.38880 0.83190 0.39271 0.79382 0.39537 0.79185 0.39929 0.78339 0.39987 0.77847 0.40966 0.78133 0.42835 0.79038 0.44283 0.79535 0.46137 0.81874 0.51641 0.82612 0.54234 0.84241 0.57898 0.84497 0.59013 0.84976 0.65780 0.84681 0.66367 0.83215 0.66847 0.82723 0.67826 0.82797 0.69710 0.82502 0.70297 0.79751 0.70489 0.79471 0.71453 0.79545 0.73337 0.80549 0.74589 0.81199 0.74921 0.81878 0.76007 0.84067 0.77743 0.85549 0.77640 0.85745 0.77249 0.87226 0.77145 0.87423 0.76754 0.93755 0.75934 0.94917 0.78497 0.95439 0.78272 0.95394 0.77142 0.95168 0.76780 0.95743 0.75229 0.95654 0.72968 0.94650 0.71716 0.94001 0.71384 0.93322 0.70298 0.91161 0.69315 0.90581 0.68033 0.90521 0.66526 0.89955 0.65621 0.88263 0.65739
6 0.50983 1.00000 0.94788 0.96942 0.63796 0.46921 0.58793 0.41982 0.49447 0.38101 0.37520 0.36918 0.23959 0.37361 0.07739 0.38494 0.01111 0.49786 0.09030 0.49737 0.21029 0.49151 0.22790 0.50791 0.21751 0.53130 0.01704 0.95044 0.01899 1.00000 0.50983 1.00000
2 0.88263 0.65739 0.87923 0.65196 0.87578 0.61821 0.87352 0.61459 0.87504 0.59937 0.88247 0.57241 0.88217 0.56487 0.88792 0.54936 0.90597 0.46876 0.91432 0.41151 0.91358 0.39268 0.91117 0.38529 0.83387 0.38880 0.83190 0.39271 0.79382 0.39537 0.79185 0.39929 0.78339 0.39987 0.77847 0.40966 0.78133 0.42835 0.79038 0.44283 0.79535 0.46137 0.81874 0.51641 0.82612 0.54234 0.84241 0.57898 0.84497 0.59013 0.84976 0.65780 0.84681 0.66367 0.83215 0.66847 0.82723 0.67826 0.82797 0.69710 0.82502 0.70297 0.79751 0.70489 0.79471 0.71453 0.79545 0.73337 0.80549 0.74589 0.81199 0.74921 0.81878 0.76007 0.84067 0.77743 0.85549 0.77640 0.85745 0.77249 0.87226 0.77145 0.87423 0.76754 0.93755 0.75934 0.94917 0.78497 0.95439 0.78272 0.95394 0.77142 0.95168 0.76780 0.95743 0.75229 0.95654 0.72968 0.94650 0.71716 0.94001 0.71384 0.93322 0.70298 0.91161 0.69315 0.90581 0.68033 0.90521 0.66526 0.89955 0.65621 0.88263 0.65739
6 0.50983 1.00000 0.94788 0.96942 0.63796 0.46921 0.58793 0.41982 0.49447 0.38101 0.37520 0.36918 0.23959 0.37361 0.07739 0.38494 0.01111 0.49786 0.09030 0.49737 0.21029 0.49151 0.22790 0.50791 0.21751 0.53130 0.01704 0.95044 0.01899 1.00000 0.50983 1.00000
2 0.88263 0.65739 0.87923 0.65196 0.87578 0.61821 0.87352 0.61459 0.87504 0.59937 0.88247 0.57241 0.88217 0.56487 0.88792 0.54936 0.90597 0.46876 0.91432 0.41151 0.91358 0.39268 0.91117 0.38529 0.83387 0.38880 0.83190 0.39271 0.79382 0.39537 0.79185 0.39929 0.78339 0.39987 0.77847 0.40966 0.78133 0.42835 0.79038 0.44283 0.79535 0.46137 0.81874 0.51641 0.82612 0.54234 0.84241 0.57898 0.84497 0.59013 0.84976 0.65780 0.84681 0.66367 0.83215 0.66847 0.82723 0.67826 0.82797 0.69710 0.82502 0.70297 0.79751 0.70489 0.79471 0.71453 0.79545 0.73337 0.80549 0.74589 0.81199 0.74921 0.81878 0.76007 0.84067 0.77743 0.85549 0.77640 0.85745 0.77249 0.87226 0.77145 0.87423 0.76754 0.93755 0.75934 0.94917 0.78497 0.95439 0.78272 0.95394 0.77142 0.95168 0.76780 0.95743 0.75229 0.95654 0.72968 0.94650 0.71716 0.94001 0.71384 0.93322 0.70298 0.91161 0.69315 0.90581 0.68033 0.90521 0.66526 0.89955 0.65621 0.88263 0.65739
6 0.50983 1.00000 0.94788 0.96942 0.63796 0.46921 0.58793 0.41982 0.49447 0.38101 0.37520 0.36918 0.23959 0.37361 0.07739 0.38494 0.01111 0.49786 0.09030 0.49737 0.21029 0.49151 0.22790 0.50791 0.21751 0.53130 0.01704 0.95044 0.01899 1.00000 0.50983 1.00000
2 0.88263 0.65739 0.87923 0.65196 0.87578 0.61821 0.87352 0.61459 0.87504 0.59937 0.88247 0.57241 0.88217 0.56487 0.88792 0.54936 0.90597 0.46876 0.91432 0.41151 0.91358 0.39268 0.91117 0.38529 0.83387 0.38880 0.83190 0.39271 0.79382 0.39537 0.79185 0.39929 0.78339 0.39987 0.77847 0.40966 0.78133 0.42835 0.79038 0.44283 0.79535 0.46137 0.81874 0.51641 0.82612 0.54234 0.84241 0.57898 0.84497 0.59013 0.84976 0.65780 0.84681 0.66367 0.83215 0.66847 0.82723 0.67826 0.82797 0.69710 0.82502 0.70297 0.79751 0.70489 0.79471 0.71453 0.79545 0.73337 0.80549 0.74589 0.81199 0.74921 0.81878 0.76007 0.84067 0.77743 0.85549 0.77640 0.85745 0.77249 0.87226 0.77145 0.87423 0.76754 0.93755 0.75934 0.94917 0.78497 0.95439 0.78272 0.95394 0.77142 0.95168 0.76780 0.95743 0.75229 0.95654 0.72968 0.94650 0.71716 0.94001 0.71384 0.93322 0.70298 0.91161 0.69315 0.90581 0.68033 0.90521 0.66526 0.89955 0.65621 0.88263 0.65739
6 0.50983 1.00000 0.94788 0.96942 0.63796 0.46921 0.58793 0.41982 0.49447 0.38101 0.37520 0.36918 0.23959 0.37361 0.07739 0.38494 0.01111 0.49786 0.09030 0.49737 0.21029 0.49151 0.22790 0.50791 0.21751 0.53130 0.01704 0.95044 0.01899 1.00000 0.50983 1.00000
