2 0.82770 0.50887 0.82840 0.49809 0.82418 0.48493 0.81206 0.48352 0.80939 0.47778 0.80878 0.45599 0.80700 0.45216 0.81518 0.42054 0.83013 0.37885 0.83464 0.37214 0.85373 0.29835 0.85491 0.28039 0.85223 0.27465 0.81387 0.27018 0.81161 0.27354 0.78940 0.27095 0.78714 0.27430 0.76291 0.27148 0.76066 0.27484 0.75460 0.27413 0.74896 0.28252 0.74980 0.30072 0.76360 0.33852 0.76645 0.35695 0.77002 0.36461 0.76931 0.37538 0.77645 0.39069 0.78644 0.42443 0.78573 0.43521 0.78752 0.43904 0.78539 0.47136 0.78718 0.47519 0.78332 0.48741 0.77524 0.48647 0.76759 0.49462 0.76481 0.52145 0.74236 0.52245 0.73898 0.52749 0.73850 0.53467 0.74094 0.54400 0.76019 0.56073 0.77315 0.58033 0.77630 0.57889 0.78668 0.56020 0.82124 0.56060 0.83383 0.55483 0.84167 0.55936 0.85035 0.58209 0.85374 0.57706 0.85468 0.56269 0.85919 0.55598 0.85972 0.53251 0.85211 0.52438 0.83215 0.51844 0.82770 0.50887
6 0.96907 1.00000 0.97372 0.92921 0.72804 0.51837 0.63517 0.36277 0.59651 0.33172 0.51897 0.29373 0.40906 0.27368 0.28727 0.26914 0.14798 0.26255 0.09733 0.33146 0.22673 0.34413 0.26307 0.34836 0.27979 0.36237 0.27631 0.37403 0.22425 0.46448 0.00000 0.87287 0.00000 0.94364 0.48361 1.00000 0.96907 1.00000
2 0.82770 0.50887 0.82840 0.49809 0.82418 0.48493 0.81206 0.48352 0.80939 0.47778 0.80878 0.45599 0.80700 0.45216 0.81518 0.42054 0.83013 0.37885 0.83464 0.37214 0.85373 0.29835 0.85491 0.28039 0.85223 0.27465 0.81387 0.27018 0.81161 0.27354 0.78940 0.27095 0.78714 0.27430 0.76291 0.27148 0.76066 0.27484 0.75460 0.27413 0.74896 0.28252 0.74980 0.30072 0.76360 0.33852 0.76645 0.35695 0.77002 0.36461 0.76931 0.37538 0.77645 0.39069 0.78644 0.42443 0.78573 0.43521 0.78752 0.43904 0.78539 0.47136 0.78718 0.47519 0.78332 0.48741 0.77524 0.48647 0.76759 0.49462 0.76481 0.52145 0.74236 0.52245 0.73898 0.52749 0.73850 0.53467 0.74094 0.54400 0.76019 0.56073 0.77315 0.58033 0.77630 0.57889 0.78668 0.56020 0.82124 0.56060 0.83383 0.55483 0.84167 0.55936 0.85035 0.58209 0.85374 0.57706 0.85468 0.56269 0.85919 0.55598 0.85972 0.53251 0.85211 0.52438 0.83215 0.51844 0.82770 0.50887
6 0.96907 1.00000 0.97372 0.92921 0.72804 0.51837 0.63517 0.36277 0.59651 0.33172 0.51897 0.29373 0.40906 0.27368 0.28727 0.26914 0.14798 0.26255 0.09733 0.33146 0.22673 0.34413 0.26307 0.34836 0.27979 0.36237 0.27631 0.37403 0.22425 0.46448 0.00000 0.87287 0.00000 0.94364 0.48361 1.00000 0.96907 1.00000
2 0.82770 0.50887 0.82840 0.49809 0.82418 0.48493 0.81206 0.48352 0.80939 0.47778 0.80878 0.45599 0.80700 0.45216 0.81518 0.42054 0.83013 0.37885 0.83464 0.37214 0.85373 0.29835 0.85491 0.28039 0.85223 0.27465 0.81387 0.27018 0.81161 0.27354 0.78940 0.27095 0.78714 0.27430 0.76291 0.27148 0.76066 0.27484 0.75460 0.27413 0.74896 0.28252 0.74980 0.30072 0.76360 0.33852 0.76645 0.35695 0.77002 0.36461 0.76931 0.37538 0.77645 0.39069 0.78644 0.42443 0.78573 0.43521 0.78752 0.43904 0.78539 0.47136 0.78718 0.47519 0.78332 0.48741 0.77524 0.48647 0.76759 0.49462 0.76481 0.52145 0.74236 0.52245 0.73898 0.52749 0.73850 0.53467 0.74094 0.54400 0.76019 0.56073 0.77315 0.58033 0.77630 0.57889 0.78668 0.56020 0.82124 0.56060 0.83383 0.55483 0.84167 0.55936 0.85035 0.58209 0.85374 0.57706 0.85468 0.56269 0.85919 0.55598 0.85972 0.53251 0.85211 0.52438 0.83215 0.51844 0.82770 0.50887
6 0.96907 1.00000 0.97372 0.92921 0.72804 0.51837 0.63517 0.36277 0.59651 0.33172 0.51897 0.29373 0.40906 0.27368 0.28727 0.26914 0.14798 0.26255 0.09733 0.33146 0.22673 0.34413 0.26307 0.34836 0.27979 0.36237 0.27631 0.37403 0.22425 0.46448 0.00000 0.87287 0.00000 0.94364 0.48361 1.00000 0.96907 1.00000
2 0.82770 0.50887 0.82840 0.49809 0.82418 0.48493 0.81206 0.48352 0.80939 0.47778 0.80878 0.45599 0.80700 0.45216 0.81518 0.42054 0.83013 0.37885 0.83464 0.37214 0.85373 0.29835 0.85491 0.28039 0.85223 0.27465 0.81387 0.27018 0.81161 0.27354 0.78940 0.27095 0.78714 0.27430 0.76291 0.27148 0.76066 0.27484 0.75460 0.27413 0.74896 0.28252 0.74980 0.30072 0.76360 0.33852 0.76645 0.35695 0.77002 0.36461 0.76931 0.37538 0.77645 0.39069 0.78644 0.42443 0.78573 0.43521 0.78752 0.43904 0.78539 0.47136 0.78718 0.47519 0.78332 0.48741 0.77524 0.48647 0.76759 0.49462 0.76481 0.52145 0.74236 0.52245 0.73898 0.52749 0.73850 0.53467 0.74094 0.54400 0.76019 0.56073 0.77315 0.58033 0.77630 0.57889 0.78668 0.56020 0.82124 0.56060 0.83383 0.55483 0.84167 0.55936 0.85035 0.58209 0.85374 0.57706 0.85468 0.56269 0.85919 0.55598 0.85972 0.53251 0.85211 0.52438 0.83215 0.51844 0.82770 0.50887
6 0.96907 1.00000 0.97372 0.92921 0.72804 0.51837 0.63517 0.36277 0.59651 0.33172 0.51897 0.29373 0.40906 0.27368 0.28727 0.26914 0.14798 0.26255 0.09733 0.33146 0.22673 0.34413 0.26307 0.34836 0.27979 0.36237 0.27631 0.37403 0.22425 0.46448 0.00000 0.87287 0.00000 0.94364 0.48361 1.00000 0.96907 1.00000
2 0.82770 0.50887 0.82840 0.49809 0.82418 0.48493 0.81206 0.48352 0.80939 0.47778 0.80878 0.45599 0.80700 0.45216 0.81518 0.42054 0.83013 0.37885 0.83464 0.37214 0.85373 0.29835 0.85491 0.28039 0.85223 0.27465 0.81387 0.27018 0.81161 0.27354 0.78940 0.27095 0.78714 0.27430 0.76291 0.27148 0.76066 0.27484 0.75460 0.27413 0.74896 0.28252 0.74980 0.30072 0.76360 0.33852 0.76645 0.35695 0.77002 0.36461 0.76931 0.37538 0.77645 0.39069 0.78644 0.42443 0.78573 0.43521 0.78752 0.43904 0.78539 0.47136 0.78718 0.47519 0.78332 0.48741 0.77524 0.48647 0.76759 0.49462 0.76481 0.52145 0.74236 0.52245 0.73898 0.52749 0.73850 0.53467 0.74094 0.54400 0.76019 0.56073 0.77315 0.58033 0.77630 0.57889 0.78668 0.56020 0.82124 0.56060 0.83383 0.55483 0.84167 0.55936 0.85035 0.58209 0.85374 0.57706 0.85468 0.56269 0.85919 0.55598 0.85972 0.53251 0.85211 0.52438 0.83215 0.51844 0.82770 0.50887
6 0.96907 1.00000 0.97372 0.92921 0.72804 0.51837 0.63517 0.36277 0.59651 0.33172 0.51897 0.29373 0.40906 0.27368 0.28727 0.26914 0.14798 0.26255 0.09733 0.33146 0.22673 0.34413 0.26307 0.34836 0.27979 0.36237 0.27631 0.37403 0.22425 0.46448 0.00000 0.87287 0.00000 0.94364 0.48361 1.00000 0.96907 1.00000
2 0.82770 0.50887 0.82840 0.49809 0.82418 0.48493 0.81206 0.48352 0.80939 0.47778 0.80878 0.45599 0.80700 0.45216 0.81518 0.42054 0.83013 0.37885 0.83464 0.37214 0.85373 0.29835 0.85491 0.28039 0.85223 0.27465 0.81387 0.27018 0.81161 0.27354 0.78940 0.27095 0.78714 0.27430 0.76291 0.27148 0.76066 0.27484 0.75460 0.27413 0.74896 0.28252 0.74980 0.30072 0.76360 0.33852 0.76645 0.35695 0.77002 0.36461 0.76931 0.37538 0.77645 0.39069 0.78644 0.42443 0.78573 0.43521 0.78752 0.43904 0.78539 0.47136 0.78718 0.47519 0.78332 0.48741 0.77524 0.48647 0.76759 0.49462 0.76481 0.52145 0.74236 0.52245 0.73898 0.52749 0.73850 0.53467 0.74094 0.54400 0.76019 0.56073 0.77315 0.58033 0.77630 0.57889 0.78668 0.56020 0.82124 0.56060 0.83383 0.55483 0.84167 0.55936 0.85035 0.58209 0.85374 0.57706 0.85468 0.56269 0.85919 0.55598 0.85972 0.53251 0.85211 0.52438 0.83215 0.51844 0.82770 0.50887
6 0.96907 1.00000 0.97372 0.92921 0.72804 0.51837 0.63517 0.36277 0.59651 0.33172 0.51897 0.29373 0.40906 0.27368 0.28727 0.26914 0.14798 0.26255 0.09733 0.33146 0.22673 0.34413 0.26307 0.34836 0.27979 0.36237 0.27631 0.37403 0.22425 0.46448 0.00000 0.87287 0.00000 0.94364 0.48361 1.00000 0.96907 1.00000
