2 0.74121 0.40278 0.74902 0.40278 0.75684 0.41667 0.76074 0.41667 0.76172 0.40452 0.76562 0.39410 0.76562 0.38368 0.76074 0.37500 0.73926 0.36458 0.73633 0.35938 0.73340 0.34375 0.72363 0.34375 0.71875 0.33160 0.71875 0.32118 0.71680 0.31771 0.72070 0.28993 0.73633 0.23785 0.73828 0.21702 0.74414 0.19271 0.74609 0.16840 0.74121 0.15972 0.71973 0.15972 0.71777 0.16320 0.70020 0.16320 0.69824 0.16667 0.66894 0.17014 0.66699 0.17361 0.66113 0.17361 0.65820 0.17882 0.65820 0.18923 0.67773 0.23785 0.68750 0.27257 0.69727 0.29340 0.69922 0.30035 0.69922 0.32812 0.70117 0.33160 0.69922 0.34896 0.68750 0.35590 0.68750 0.37673 0.68457 0.38195 0.66894 0.38542 0.66601 0.39062 0.66601 0.40104 0.68066 0.41667 0.68457 0.41667 0.69434 0.43055 0.69922 0.42882 0.70215 0.42708 0.70801 0.41320 0.73145 0.40972 0.74121 0.40278
6 1.00000 0.80787 0.56641 0.28241 0.54167 0.25463 0.50391 0.23380 0.44792 0.21991 0.35547 0.21528 0.22787 0.22454 0.11068 0.23380 0.06250 0.31018 0.21745 0.29861 0.23698 0.30787 0.24349 0.31713 0.22005 0.37268 0.02344 1.00000 0.02474 1.00000 1.00000 1.00000 1.00000 0.80787
2 0.74121 0.40278 0.74902 0.40278 0.75684 0.41667 0.76074 0.41667 0.76172 0.40452 0.76562 0.39410 0.76562 0.38368 0.76074 0.37500 0.73926 0.36458 0.73633 0.35938 0.73340 0.34375 0.72363 0.34375 0.71875 0.33160 0.71875 0.32118 0.71680 0.31771 0.72070 0.28993 0.73633 0.23785 0.73828 0.21702 0.74414 0.19271 0.74609 0.16840 0.74121 0.15972 0.71973 0.15972 0.71777 0.16320 0.70020 0.16320 0.69824 0.16667 0.66894 0.17014 0.66699 0.17361 0.66113 0.17361 0.65820 0.17882 0.65820 0.18923 0.67773 0.23785 0.68750 0.27257 0.69727 0.29340 0.69922 0.30035 0.69922 0.32812 0.70117 0.33160 0.69922 0.34896 0.68750 0.35590 0.68750 0.37673 0.68457 0.38195 0.66894 0.38542 0.66601 0.39062 0.66601 0.40104 0.68066 0.41667 0.68457 0.41667 0.69434 0.43055 0.69922 0.42882 0.70215 0.42708 0.70801 0.41320 0.73145 0.40972 0.74121 0.40278
6 1.00000 0.80787 0.56641 0.28241 0.54167 0.25463 0.50391 0.23380 0.44792 0.21991 0.35547 0.21528 0.22787 0.22454 0.11068 0.23380 0.06250 0.31018 0.21745 0.29861 0.23698 0.30787 0.24349 0.31713 0.22005 0.37268 0.02344 1.00000 0.02474 1.00000 1.00000 1.00000 1.00000 0.80787
2 0.74121 0.40278 0.74902 0.40278 0.75684 0.41667 0.76074 0.41667 0.76172 0.40452 0.76562 0.39410 0.76562 0.38368 0.76074 0.37500 0.73926 0.36458 0.73633 0.35938 0.73340 0.34375 0.72363 0.34375 0.71875 0.33160 0.71875 0.32118 0.71680 0.31771 0.72070 0.28993 0.73633 0.23785 0.73828 0.21702 0.74414 0.19271 0.74609 0.16840 0.74121 0.15972 0.71973 0.15972 0.71777 0.16320 0.70020 0.16320 0.69824 0.16667 0.66894 0.17014 0.66699 0.17361 0.66113 0.17361 0.65820 0.17882 0.65820 0.18923 0.67773 0.23785 0.68750 0.27257 0.69727 0.29340 0.69922 0.30035 0.69922 0.32812 0.70117 0.33160 0.69922 0.34896 0.68750 0.35590 0.68750 0.37673 0.68457 0.38195 0.66894 0.38542 0.66601 0.39062 0.66601 0.40104 0.68066 0.41667 0.68457 0.41667 0.69434 0.43055 0.69922 0.42882 0.70215 0.42708 0.70801 0.41320 0.73145 0.40972 0.74121 0.40278
6 1.00000 0.80787 0.56641 0.28241 0.54167 0.25463 0.50391 0.23380 0.44792 0.21991 0.35547 0.21528 0.22787 0.22454 0.11068 0.23380 0.06250 0.31018 0.21745 0.29861 0.23698 0.30787 0.24349 0.31713 0.22005 0.37268 0.02344 1.00000 0.02474 1.00000 1.00000 1.00000 1.00000 0.80787
2 0.74121 0.40278 0.74902 0.40278 0.75684 0.41667 0.76074 0.41667 0.76172 0.40452 0.76562 0.39410 0.76562 0.38368 0.76074 0.37500 0.73926 0.36458 0.73633 0.35938 0.73340 0.34375 0.72363 0.34375 0.71875 0.33160 0.71875 0.32118 0.71680 0.31771 0.72070 0.28993 0.73633 0.23785 0.73828 0.21702 0.74414 0.19271 0.74609 0.16840 0.74121 0.15972 0.71973 0.15972 0.71777 0.16320 0.70020 0.16320 0.69824 0.16667 0.66894 0.17014 0.66699 0.17361 0.66113 0.17361 0.65820 0.17882 0.65820 0.18923 0.67773 0.23785 0.68750 0.27257 0.69727 0.29340 0.69922 0.30035 0.69922 0.32812 0.70117 0.33160 0.69922 0.34896 0.68750 0.35590 0.68750 0.37673 0.68457 0.38195 0.66894 0.38542 0.66601 0.39062 0.66601 0.40104 0.68066 0.41667 0.68457 0.41667 0.69434 0.43055 0.69922 0.42882 0.70215 0.42708 0.70801 0.41320 0.73145 0.40972 0.74121 0.40278
6 1.00000 0.80787 0.56641 0.28241 0.54167 0.25463 0.50391 0.23380 0.44792 0.21991 0.35547 0.21528 0.22787 0.22454 0.11068 0.23380 0.06250 0.31018 0.21745 0.29861 0.23698 0.30787 0.24349 0.31713 0.22005 0.37268 0.02344 1.00000 0.02474 1.00000 1.00000 1.00000 1.00000 0.80787
2 0.74121 0.40278 0.74902 0.40278 0.75684 0.41667 0.76074 0.41667 0.76172 0.40452 0.76562 0.39410 0.76562 0.38368 0.76074 0.37500 0.73926 0.36458 0.73633 0.35938 0.73340 0.34375 0.72363 0.34375 0.71875 0.33160 0.71875 0.32118 0.71680 0.31771 0.72070 0.28993 0.73633 0.23785 0.73828 0.21702 0.74414 0.19271 0.74609 0.16840 0.74121 0.15972 0.71973 0.15972 0.71777 0.16320 0.70020 0.16320 0.69824 0.16667 0.66894 0.17014 0.66699 0.17361 0.66113 0.17361 0.65820 0.17882 0.65820 0.18923 0.67773 0.23785 0.68750 0.27257 0.69727 0.29340 0.69922 0.30035 0.69922 0.32812 0.70117 0.33160 0.69922 0.34896 0.68750 0.35590 0.68750 0.37673 0.68457 0.38195 0.66894 0.38542 0.66601 0.39062 0.66601 0.40104 0.68066 0.41667 0.68457 0.41667 0.69434 0.43055 0.69922 0.42882 0.70215 0.42708 0.70801 0.41320 0.73145 0.40972 0.74121 0.40278
6 1.00000 0.80787 0.56641 0.28241 0.54167 0.25463 0.50391 0.23380 0.44792 0.21991 0.35547 0.21528 0.22787 0.22454 0.11068 0.23380 0.06250 0.31018 0.21745 0.29861 0.23698 0.30787 0.24349 0.31713 0.22005 0.37268 0.02344 1.00000 0.02474 1.00000 1.00000 1.00000 1.00000 0.80787
2 0.74121 0.40278 0.74902 0.40278 0.75684 0.41667 0.76074 0.41667 0.76172 0.40452 0.76562 0.39410 0.76562 0.38368 0.76074 0.37500 0.73926 0.36458 0.73633 0.35938 0.73340 0.34375 0.72363 0.34375 0.71875 0.33160 0.71875 0.32118 0.71680 0.31771 0.72070 0.28993 0.73633 0.23785 0.73828 0.21702 0.74414 0.19271 0.74609 0.16840 0.74121 0.15972 0.71973 0.15972 0.71777 0.16320 0.70020 0.16320 0.69824 0.16667 0.66894 0.17014 0.66699 0.17361 0.66113 0.17361 0.65820 0.17882 0.65820 0.18923 0.67773 0.23785 0.68750 0.27257 0.69727 0.29340 0.69922 0.30035 0.69922 0.32812 0.70117 0.33160 0.69922 0.34896 0.68750 0.35590 0.68750 0.37673 0.68457 0.38195 0.66894 0.38542 0.66601 0.39062 0.66601 0.40104 0.68066 0.41667 0.68457 0.41667 0.69434 0.43055 0.69922 0.42882 0.70215 0.42708 0.70801 0.41320 0.73145 0.40972 0.74121 0.40278
6 1.00000 0.80787 0.56641 0.28241 0.54167 0.25463 0.50391 0.23380 0.44792 0.21991 0.35547 0.21528 0.22787 0.22454 0.11068 0.23380 0.06250 0.31018 0.21745 0.29861 0.23698 0.30787 0.24349 0.31713 0.22005 0.37268 0.02344 1.00000 0.02474 1.00000 1.00000 1.00000 1.00000 0.80787
