6 0.00000 0.00000 0.00000 0.05555 0.08203 0.06482 0.09505 0.05555 0.11068 0.03935 0.11068 0.01620 0.10026 0.00000 0.00000 0.00000
6 0.12500 0.00000 0.12500 0.03472 0.12891 0.05787 0.15755 0.06018 0.15755 0.07870 0.24740 0.09259 0.00000 0.71065 0.00000 1.00000 1.00000 1.00000 1.00000 0.79167 0.53906 0.00000 0.12500 0.00000
1 0.88086 0.35243 0.87598 0.34375 0.86523 0.33507 0.86328 0.32812 0.86523 0.32118 0.86523 0.29688 0.89746 0.27778 0.90918 0.26389 0.92773 0.22743 0.92773 0.22048 0.93555 0.18923 0.93555 0.12327 0.92773 0.09896 0.90527 0.06945 0.89941 0.06597 0.87207 0.06597 0.84863 0.08680 0.83399 0.11285 0.82422 0.13368 0.81250 0.17535 0.81055 0.20660 0.81250 0.21007 0.81250 0.23090 0.81836 0.24827 0.81836 0.25521 0.84180 0.28993 0.83594 0.31423 0.83594 0.32812 0.83106 0.33680 0.82520 0.34028 0.81348 0.34028 0.80762 0.35070 0.77832 0.35070 0.77344 0.35938 0.77344 0.38368 0.78809 0.40278 0.80176 0.42708 0.81348 0.43750 0.82129 0.43750 0.82324 0.44097 0.83106 0.44097 0.83301 0.43750 0.90430 0.43923 0.91211 0.42882 0.91211 0.41840 0.88281 0.36979 0.88086 0.35243
6 0.00000 0.00000 0.00000 0.05555 0.08203 0.06482 0.09505 0.05555 0.11068 0.03935 0.11068 0.01620 0.10026 0.00000 0.00000 0.00000
6 0.12500 0.00000 0.12500 0.03472 0.12891 0.05787 0.15755 0.06018 0.15755 0.07870 0.24740 0.09259 0.00000 0.71065 0.00000 1.00000 1.00000 1.00000 1.00000 0.79167 0.53906 0.00000 0.12500 0.00000
1 0.88086 0.35243 0.87598 0.34375 0.86523 0.33507 0.86328 0.32812 0.86523 0.32118 0.86523 0.29688 0.89746 0.27778 0.90918 0.26389 0.92773 0.22743 0.92773 0.22048 0.93555 0.18923 0.93555 0.12327 0.92773 0.09896 0.90527 0.06945 0.89941 0.06597 0.87207 0.06597 0.84863 0.08680 0.83399 0.11285 0.82422 0.13368 0.81250 0.17535 0.81055 0.20660 0.81250 0.21007 0.81250 0.23090 0.81836 0.24827 0.81836 0.25521 0.84180 0.28993 0.83594 0.31423 0.83594 0.32812 0.83106 0.33680 0.82520 0.34028 0.81348 0.34028 0.80762 0.35070 0.77832 0.35070 0.77344 0.35938 0.77344 0.38368 0.78809 0.40278 0.80176 0.42708 0.81348 0.43750 0.82129 0.43750 0.82324 0.44097 0.83106 0.44097 0.83301 0.43750 0.90430 0.43923 0.91211 0.42882 0.91211 0.41840 0.88281 0.36979 0.88086 0.35243
6 0.00000 0.00000 0.00000 0.05555 0.08203 0.06482 0.09505 0.05555 0.11068 0.03935 0.11068 0.01620 0.10026 0.00000 0.00000 0.00000
6 0.12500 0.00000 0.12500 0.03472 0.12891 0.05787 0.15755 0.06018 0.15755 0.07870 0.24740 0.09259 0.00000 0.71065 0.00000 1.00000 1.00000 1.00000 1.00000 0.79167 0.53906 0.00000 0.12500 0.00000
1 0.88086 0.35243 0.87598 0.34375 0.86523 0.33507 0.86328 0.32812 0.86523 0.32118 0.86523 0.29688 0.89746 0.27778 0.90918 0.26389 0.92773 0.22743 0.92773 0.22048 0.93555 0.18923 0.93555 0.12327 0.92773 0.09896 0.90527 0.06945 0.89941 0.06597 0.87207 0.06597 0.84863 0.08680 0.83399 0.11285 0.82422 0.13368 0.81250 0.17535 0.81055 0.20660 0.81250 0.21007 0.81250 0.23090 0.81836 0.24827 0.81836 0.25521 0.84180 0.28993 0.83594 0.31423 0.83594 0.32812 0.83106 0.33680 0.82520 0.34028 0.81348 0.34028 0.80762 0.35070 0.77832 0.35070 0.77344 0.35938 0.77344 0.38368 0.78809 0.40278 0.80176 0.42708 0.81348 0.43750 0.82129 0.43750 0.82324 0.44097 0.83106 0.44097 0.83301 0.43750 0.90430 0.43923 0.91211 0.42882 0.91211 0.41840 0.88281 0.36979 0.88086 0.35243
6 0.00000 0.00000 0.00000 0.05555 0.08203 0.06482 0.09505 0.05555 0.11068 0.03935 0.11068 0.01620 0.10026 0.00000 0.00000 0.00000
6 0.12500 0.00000 0.12500 0.03472 0.12891 0.05787 0.15755 0.06018 0.15755 0.07870 0.24740 0.09259 0.00000 0.71065 0.00000 1.00000 1.00000 1.00000 1.00000 0.79167 0.53906 0.00000 0.12500 0.00000
1 0.88086 0.35243 0.87598 0.34375 0.86523 0.33507 0.86328 0.32812 0.86523 0.32118 0.86523 0.29688 0.89746 0.27778 0.90918 0.26389 0.92773 0.22743 0.92773 0.22048 0.93555 0.18923 0.93555 0.12327 0.92773 0.09896 0.90527 0.06945 0.89941 0.06597 0.87207 0.06597 0.84863 0.08680 0.83399 0.11285 0.82422 0.13368 0.81250 0.17535 0.81055 0.20660 0.81250 0.21007 0.81250 0.23090 0.81836 0.24827 0.81836 0.25521 0.84180 0.28993 0.83594 0.31423 0.83594 0.32812 0.83106 0.33680 0.82520 0.34028 0.81348 0.34028 0.80762 0.35070 0.77832 0.35070 0.77344 0.35938 0.77344 0.38368 0.78809 0.40278 0.80176 0.42708 0.81348 0.43750 0.82129 0.43750 0.82324 0.44097 0.83106 0.44097 0.83301 0.43750 0.90430 0.43923 0.91211 0.42882 0.91211 0.41840 0.88281 0.36979 0.88086 0.35243
6 0.00000 0.00000 0.00000 0.05555 0.08203 0.06482 0.09505 0.05555 0.11068 0.03935 0.11068 0.01620 0.10026 0.00000 0.00000 0.00000
6 0.12500 0.00000 0.12500 0.03472 0.12891 0.05787 0.15755 0.06018 0.15755 0.07870 0.24740 0.09259 0.00000 0.71065 0.00000 1.00000 1.00000 1.00000 1.00000 0.79167 0.53906 0.00000 0.12500 0.00000
1 0.88086 0.35243 0.87598 0.34375 0.86523 0.33507 0.86328 0.32812 0.86523 0.32118 0.86523 0.29688 0.89746 0.27778 0.90918 0.26389 0.92773 0.22743 0.92773 0.22048 0.93555 0.18923 0.93555 0.12327 0.92773 0.09896 0.90527 0.06945 0.89941 0.06597 0.87207 0.06597 0.84863 0.08680 0.83399 0.11285 0.82422 0.13368 0.81250 0.17535 0.81055 0.20660 0.81250 0.21007 0.81250 0.23090 0.81836 0.24827 0.81836 0.25521 0.84180 0.28993 0.83594 0.31423 0.83594 0.32812 0.83106 0.33680 0.82520 0.34028 0.81348 0.34028 0.80762 0.35070 0.77832 0.35070 0.77344 0.35938 0.77344 0.38368 0.78809 0.40278 0.80176 0.42708 0.81348 0.43750 0.82129 0.43750 0.82324 0.44097 0.83106 0.44097 0.83301 0.43750 0.90430 0.43923 0.91211 0.42882 0.91211 0.41840 0.88281 0.36979 0.88086 0.35243
6 0.00000 0.00000 0.00000 0.05555 0.08203 0.06482 0.09505 0.05555 0.11068 0.03935 0.11068 0.01620 0.10026 0.00000 0.00000 0.00000
6 0.12500 0.00000 0.12500 0.03472 0.12891 0.05787 0.15755 0.06018 0.15755 0.07870 0.24740 0.09259 0.00000 0.71065 0.00000 1.00000 1.00000 1.00000 1.00000 0.79167 0.53906 0.00000 0.12500 0.00000
1 0.88086 0.35243 0.87598 0.34375 0.86523 0.33507 0.86328 0.32812 0.86523 0.32118 0.86523 0.29688 0.89746 0.27778 0.90918 0.26389 0.92773 0.22743 0.92773 0.22048 0.93555 0.18923 0.93555 0.12327 0.92773 0.09896 0.90527 0.06945 0.89941 0.06597 0.87207 0.06597 0.84863 0.08680 0.83399 0.11285 0.82422 0.13368 0.81250 0.17535 0.81055 0.20660 0.81250 0.21007 0.81250 0.23090 0.81836 0.24827 0.81836 0.25521 0.84180 0.28993 0.83594 0.31423 0.83594 0.32812 0.83106 0.33680 0.82520 0.34028 0.81348 0.34028 0.80762 0.35070 0.77832 0.35070 0.77344 0.35938 0.77344 0.38368 0.78809 0.40278 0.80176 0.42708 0.81348 0.43750 0.82129 0.43750 0.82324 0.44097 0.83106 0.44097 0.83301 0.43750 0.90430 0.43923 0.91211 0.42882 0.91211 0.41840 0.88281 0.36979 0.88086 0.35243
