1 0.81879 0.00000 0.81311 0.00730 0.79326 0.06433 0.78895 0.10190 0.79111 0.14194 0.79352 0.14517 0.79783 0.16642 0.80341 0.18008 0.82915 0.20835 0.82763 0.25275 0.82351 0.26272 0.80968 0.26898 0.80309 0.28492 0.79865 0.28208 0.77430 0.28664 0.77018 0.29660 0.77170 0.31102 0.78774 0.33559 0.81348 0.36386 0.81957 0.36272 0.82198 0.36595 0.91006 0.34762 0.91501 0.33566 0.91387 0.32485 0.90506 0.30995 0.89377 0.30104 0.88052 0.28330 0.87658 0.26565 0.86853 0.25796 0.86447 0.25873 0.85845 0.25066 0.85667 0.21423 0.85915 0.20825 0.87297 0.20199 0.89136 0.18016 0.90740 0.14591 0.91286 0.11915 0.91552 0.08556 0.90944 0.02788 0.90107 0.00738 0.89555 0.00000 0.81879 0.00000
6 0.47375 0.00000 0.06989 0.07561 0.07832 0.10687 0.10994 0.10585 0.11163 0.13495 0.20083 0.13050 0.02403 0.77430 0.04784 1.00000 0.52625 1.00000 1.00000 0.91131 1.00000 0.62898 0.50782 0.00000 0.47375 0.00000
6 0.00000 0.14061 0.03055 0.13787 0.03444 0.12244 0.05262 0.11168 0.05219 0.09461 0.05820 0.08613 0.05457 0.07847 0.00000 0.08869 0.00000 0.14061
1 0.81879 0.00000 0.81311 0.00730 0.79326 0.06433 0.78895 0.10190 0.79111 0.14194 0.79352 0.14517 0.79783 0.16642 0.80341 0.18008 0.82915 0.20835 0.82763 0.25275 0.82351 0.26272 0.80968 0.26898 0.80309 0.28492 0.79865 0.28208 0.77430 0.28664 0.77018 0.29660 0.77170 0.31102 0.78774 0.33559 0.81348 0.36386 0.81957 0.36272 0.82198 0.36595 0.91006 0.34762 0.91501 0.33566 0.91387 0.32485 0.90506 0.30995 0.89377 0.30104 0.88052 0.28330 0.87658 0.26565 0.86853 0.25796 0.86447 0.25873 0.85845 0.25066 0.85667 0.21423 0.85915 0.20825 0.87297 0.20199 0.89136 0.18016 0.90740 0.14591 0.91286 0.11915 0.91552 0.08556 0.90944 0.02788 0.90107 0.00738 0.89555 0.00000 0.81879 0.00000
6 0.47375 0.00000 0.06989 0.07561 0.07832 0.10687 0.10994 0.10585 0.11163 0.13495 0.20083 0.13050 0.02403 0.77430 0.04784 1.00000 0.52625 1.00000 1.00000 0.91131 1.00000 0.62898 0.50782 0.00000 0.47375 0.00000
6 0.00000 0.14061 0.03055 0.13787 0.03444 0.12244 0.05262 0.11168 0.05219 0.09461 0.05820 0.08613 0.05457 0.07847 0.00000 0.08869 0.00000 0.14061
1 0.81879 0.00000 0.81311 0.00730 0.79326 0.06433 0.78895 0.10190 0.79111 0.14194 0.79352 0.14517 0.79783 0.16642 0.80341 0.18008 0.82915 0.20835 0.82763 0.25275 0.82351 0.26272 0.80968 0.26898 0.80309 0.28492 0.79865 0.28208 0.77430 0.28664 0.77018 0.29660 0.77170 0.31102 0.78774 0.33559 0.81348 0.36386 0.81957 0.36272 0.82198 0.36595 0.91006 0.34762 0.91501 0.33566 0.91387 0.32485 0.90506 0.30995 0.89377 0.30104 0.88052 0.28330 0.87658 0.26565 0.86853 0.25796 0.86447 0.25873 0.85845 0.25066 0.85667 0.21423 0.85915 0.20825 0.87297 0.20199 0.89136 0.18016 0.90740 0.14591 0.91286 0.11915 0.91552 0.08556 0.90944 0.02788 0.90107 0.00738 0.89555 0.00000 0.81879 0.00000
6 0.47375 0.00000 0.06989 0.07561 0.07832 0.10687 0.10994 0.10585 0.11163 0.13495 0.20083 0.13050 0.02403 0.77430 0.04784 1.00000 0.52625 1.00000 1.00000 0.91131 1.00000 0.62898 0.50782 0.00000 0.47375 0.00000
6 0.00000 0.14061 0.03055 0.13787 0.03444 0.12244 0.05262 0.11168 0.05219 0.09461 0.05820 0.08613 0.05457 0.07847 0.00000 0.08869 0.00000 0.14061
1 0.81879 0.00000 0.81311 0.00730 0.79326 0.06433 0.78895 0.10190 0.79111 0.14194 0.79352 0.14517 0.79783 0.16642 0.80341 0.18008 0.82915 0.20835 0.82763 0.25275 0.82351 0.26272 0.80968 0.26898 0.80309 0.28492 0.79865 0.28208 0.77430 0.28664 0.77018 0.29660 0.77170 0.31102 0.78774 0.33559 0.81348 0.36386 0.81957 0.36272 0.82198 0.36595 0.91006 0.34762 0.91501 0.33566 0.91387 0.32485 0.90506 0.30995 0.89377 0.30104 0.88052 0.28330 0.87658 0.26565 0.86853 0.25796 0.86447 0.25873 0.85845 0.25066 0.85667 0.21423 0.85915 0.20825 0.87297 0.20199 0.89136 0.18016 0.90740 0.14591 0.91286 0.11915 0.91552 0.08556 0.90944 0.02788 0.90107 0.00738 0.89555 0.00000 0.81879 0.00000
6 0.47375 0.00000 0.06989 0.07561 0.07832 0.10687 0.10994 0.10585 0.11163 0.13495 0.20083 0.13050 0.02403 0.77430 0.04784 1.00000 0.52625 1.00000 1.00000 0.91131 1.00000 0.62898 0.50782 0.00000 0.47375 0.00000
6 0.00000 0.14061 0.03055 0.13787 0.03444 0.12244 0.05262 0.11168 0.05219 0.09461 0.05820 0.08613 0.05457 0.07847 0.00000 0.08869 0.00000 0.14061
1 0.81879 0.00000 0.81311 0.00730 0.79326 0.06433 0.78895 0.10190 0.79111 0.14194 0.79352 0.14517 0.79783 0.16642 0.80341 0.18008 0.82915 0.20835 0.82763 0.25275 0.82351 0.26272 0.80968 0.26898 0.80309 0.28492 0.79865 0.28208 0.77430 0.28664 0.77018 0.29660 0.77170 0.31102 0.78774 0.33559 0.81348 0.36386 0.81957 0.36272 0.82198 0.36595 0.91006 0.34762 0.91501 0.33566 0.91387 0.32485 0.90506 0.30995 0.89377 0.30104 0.88052 0.28330 0.87658 0.26565 0.86853 0.25796 0.86447 0.25873 0.85845 0.25066 0.85667 0.21423 0.85915 0.20825 0.87297 0.20199 0.89136 0.18016 0.90740 0.14591 0.91286 0.11915 0.91552 0.08556 0.90944 0.02788 0.90107 0.00738 0.89555 0.00000 0.81879 0.00000
6 0.47375 0.00000 0.06989 0.07561 0.07832 0.10687 0.10994 0.10585 0.11163 0.13495 0.20083 0.13050 0.02403 0.77430 0.04784 1.00000 0.52625 1.00000 1.00000 0.91131 1.00000 0.62898 0.50782 0.00000 0.47375 0.00000
6 0.00000 0.14061 0.03055 0.13787 0.03444 0.12244 0.05262 0.11168 0.05219 0.09461 0.05820 0.08613 0.05457 0.07847 0.00000 0.08869 0.00000 0.14061
