7 0.35938 0.61632 0.35938 0.58854 0.36133 0.58507 0.35938 0.57812 0.36133 0.56771 0.35938 0.56423 0.35742 0.46354 0.33691 0.46180 0.33399 0.46702 0.33594 0.61632 0.31738 0.62500 0.31348 0.63195 0.30957 0.63195 0.30859 0.63715 0.31152 0.64236 0.31738 0.64236 0.32129 0.64930 0.33301 0.65278 0.33594 0.66146 0.34375 0.67188 0.34375 0.67882 0.35254 0.69445 0.35938 0.69271 0.37305 0.67188 0.37305 0.62327 0.37012 0.61805 0.35938 0.61632
7 0.41601 0.56423 0.41601 0.53646 0.41309 0.53472 0.40918 0.54167 0.40137 0.54167 0.39844 0.53646 0.40039 0.52952 0.40039 0.47396 0.39648 0.46007 0.39844 0.45660 0.39844 0.43229 0.39551 0.42708 0.37988 0.42708 0.37695 0.43229 0.37695 0.47743 0.37891 0.48090 0.37891 0.51562 0.38086 0.51910 0.38281 0.53993 0.37988 0.54514 0.37207 0.54167 0.36914 0.55035 0.36914 0.56423 0.37402 0.57986 0.37598 0.57639 0.38867 0.57812 0.40527 0.57639 0.40918 0.56945 0.41309 0.56945 0.41601 0.56423
4 0.82715 0.67708 0.81738 0.67014 0.81445 0.66493 0.81445 0.65798 0.80957 0.64930 0.80371 0.64930 0.80078 0.64410 0.80078 0.63021 0.80371 0.62500 0.81348 0.62153 0.81934 0.61458 0.83203 0.59202 0.83789 0.56771 0.83594 0.53646 0.83203 0.52257 0.82129 0.50347 0.80762 0.49305 0.78809 0.49305 0.77832 0.50000 0.76367 0.52604 0.75977 0.54340 0.75977 0.57465 0.76172 0.58507 0.77148 0.61285 0.78516 0.62673 0.78516 0.63715 0.78320 0.64757 0.77441 0.64930 0.76855 0.66667 0.75488 0.66667 0.75195 0.67188 0.75195 0.68923 0.75586 0.70312 0.76074 0.70833 0.76660 0.72222 0.78223 0.73958 0.83008 0.73785 0.83399 0.73090 0.83399 0.70660 0.83789 0.69618 0.82715 0.67708
6 0.31348 0.62500 0.32324 0.61458 0.33301 0.61458 0.33399 0.58854 0.33106 0.58680 0.32910 0.57986 0.30176 0.58333 0.29980 0.58680 0.26465 0.58680 0.26172 0.59202 0.26172 0.61979 0.26758 0.64410 0.27051 0.64930 0.28320 0.64757 0.28809 0.63889 0.30371 0.63889 0.30566 0.62847 0.31348 0.62500
6 0.00000 0.66840 0.01172 0.66840 0.10645 0.66667 0.10840 0.66320 0.21582 0.66320 0.21777 0.65972 0.22559 0.65972 0.23145 0.65278 0.24512 0.64930 0.24805 0.63715 0.24805 0.60590 0.24219 0.59548 0.23828 0.58160 0.23340 0.57639 0.22754 0.57639 0.22559 0.57986 0.19434 0.57986 0.18848 0.58680 0.16699 0.58680 0.16504 0.59028 0.11621 0.59028 0.11035 0.58333 0.05371 0.58333 0.05176 0.58680 0.04199 0.58680 0.04004 0.58333 0.00879 0.58333 0.00000 0.58854 0.00000 0.66840
6 0.92090 0.94097 0.91113 0.92361 0.90332 0.91667 0.89355 0.89930 0.86230 0.85764 0.85742 0.84896 0.85938 0.84548 0.85840 0.84028 0.85254 0.84028 0.83887 0.82639 0.83496 0.81597 0.81543 0.79167 0.79590 0.76042 0.77441 0.73611 0.76465 0.71875 0.75488 0.70833 0.74805 0.68923 0.74316 0.68403 0.73926 0.67361 0.73340 0.67014 0.72363 0.65278 0.71973 0.65278 0.71875 0.64062 0.72168 0.63542 0.73535 0.63542 0.73730 0.64583 0.74707 0.64236 0.74219 0.61285 0.73926 0.60764 0.72754 0.60417 0.71191 0.57292 0.69824 0.56945 0.69434 0.56250 0.67090 0.56250 0.66894 0.56597 0.66699 0.56250 0.66113 0.56597 0.61621 0.56597 0.61426 0.56945 0.45410 0.56945 0.45215 0.57292 0.44629 0.56945 0.44434 0.57292 0.43652 0.57292 0.43262 0.57986 0.42480 0.57639 0.42285 0.57986 0.41504 0.57986 0.40527 0.58680 0.38770 0.58680 0.38574 0.59028 0.37402 0.58680 0.37109 0.59202 0.37207 0.59722 0.38184 0.59722 0.38574 0.59375 0.39160 0.60070 0.39551 0.60070 0.39648 0.60590 0.39355 0.60417 0.38281 0.61979 0.38281 0.63715 0.38477 0.64410 0.37695 0.66146 0.37305 0.68229 0.36328 0.69618 0.35742 0.71702 0.33984 0.75173 0.32617 0.78646 0.31445 0.80382 0.31445 0.81077 0.31055 0.82118 0.29492 0.85590 0.27734 0.88715 0.27148 0.90452 0.26172 0.92535 0.25781 0.92882 0.23047 0.99132 0.23145 0.99653 0.95703 0.99479 0.95410 0.98611 0.94043 0.96875 0.92871 0.94792 0.92090 0.94097
6 0.77832 0.62153 0.76758 0.61285 0.76367 0.59202 0.75488 0.57292 0.73145 0.57292 0.72949 0.57639 0.71484 0.57812 0.72168 0.58333 0.72559 0.59375 0.73340 0.60070 0.73535 0.60764 0.74121 0.61111 0.74414 0.61979 0.74316 0.62500 0.72754 0.62500 0.72461 0.63021 0.72656 0.63368 0.72656 0.64410 0.72461 0.64757 0.72754 0.65278 0.73340 0.65625 0.76758 0.65452 0.77051 0.64930 0.78223 0.64583 0.78320 0.63021 0.77832 0.62153
6 0.87207 0.57292 0.86035 0.57292 0.85840 0.56945 0.85449 0.57292 0.84082 0.57292 0.82129 0.61458 0.80273 0.63021 0.80273 0.64410 0.81152 0.64930 0.81738 0.65972 0.83106 0.65972 0.83301 0.65625 0.88867 0.65798 0.99902 0.65625 1.00000 0.57812 0.87402 0.57639 0.87207 0.57292
7 0.35938 0.61632 0.35938 0.58854 0.36133 0.58507 0.35938 0.57812 0.36133 0.56771 0.35938 0.56423 0.35742 0.46354 0.33691 0.46180 0.33399 0.46702 0.33594 0.61632 0.31738 0.62500 0.31348 0.63195 0.30957 0.63195 0.30859 0.63715 0.31152 0.64236 0.31738 0.64236 0.32129 0.64930 0.33301 0.65278 0.33594 0.66146 0.34375 0.67188 0.34375 0.67882 0.35254 0.69445 0.35938 0.69271 0.37305 0.67188 0.37305 0.62327 0.37012 0.61805 0.35938 0.61632
7 0.41601 0.56423 0.41601 0.53646 0.41309 0.53472 0.40918 0.54167 0.40137 0.54167 0.39844 0.53646 0.40039 0.52952 0.40039 0.47396 0.39648 0.46007 0.39844 0.45660 0.39844 0.43229 0.39551 0.42708 0.37988 0.42708 0.37695 0.43229 0.37695 0.47743 0.37891 0.48090 0.37891 0.51562 0.38086 0.51910 0.38281 0.53993 0.37988 0.54514 0.37207 0.54167 0.36914 0.55035 0.36914 0.56423 0.37402 0.57986 0.37598 0.57639 0.38867 0.57812 0.40527 0.57639 0.40918 0.56945 0.41309 0.56945 0.41601 0.56423
4 0.82715 0.67708 0.81738 0.67014 0.81445 0.66493 0.81445 0.65798 0.80957 0.64930 0.80371 0.64930 0.80078 0.64410 0.80078 0.63021 0.80371 0.62500 0.81348 0.62153 0.81934 0.61458 0.83203 0.59202 0.83789 0.56771 0.83594 0.53646 0.83203 0.52257 0.82129 0.50347 0.80762 0.49305 0.78809 0.49305 0.77832 0.50000 0.76367 0.52604 0.75977 0.54340 0.75977 0.57465 0.76172 0.58507 0.77148 0.61285 0.78516 0.62673 0.78516 0.63715 0.78320 0.64757 0.77441 0.64930 0.76855 0.66667 0.75488 0.66667 0.75195 0.67188 0.75195 0.68923 0.75586 0.70312 0.76074 0.70833 0.76660 0.72222 0.78223 0.73958 0.83008 0.73785 0.83399 0.73090 0.83399 0.70660 0.83789 0.69618 0.82715 0.67708
6 0.31348 0.62500 0.32324 0.61458 0.33301 0.61458 0.33399 0.58854 0.33106 0.58680 0.32910 0.57986 0.30176 0.58333 0.29980 0.58680 0.26465 0.58680 0.26172 0.59202 0.26172 0.61979 0.26758 0.64410 0.27051 0.64930 0.28320 0.64757 0.28809 0.63889 0.30371 0.63889 0.30566 0.62847 0.31348 0.62500
6 0.00000 0.66840 0.01172 0.66840 0.10645 0.66667 0.10840 0.66320 0.21582 0.66320 0.21777 0.65972 0.22559 0.65972 0.23145 0.65278 0.24512 0.64930 0.24805 0.63715 0.24805 0.60590 0.24219 0.59548 0.23828 0.58160 0.23340 0.57639 0.22754 0.57639 0.22559 0.57986 0.19434 0.57986 0.18848 0.58680 0.16699 0.58680 0.16504 0.59028 0.11621 0.59028 0.11035 0.58333 0.05371 0.58333 0.05176 0.58680 0.04199 0.58680 0.04004 0.58333 0.00879 0.58333 0.00000 0.58854 0.00000 0.66840
6 0.92090 0.94097 0.91113 0.92361 0.90332 0.91667 0.89355 0.89930 0.86230 0.85764 0.85742 0.84896 0.85938 0.84548 0.85840 0.84028 0.85254 0.84028 0.83887 0.82639 0.83496 0.81597 0.81543 0.79167 0.79590 0.76042 0.77441 0.73611 0.76465 0.71875 0.75488 0.70833 0.74805 0.68923 0.74316 0.68403 0.73926 0.67361 0.73340 0.67014 0.72363 0.65278 0.71973 0.65278 0.71875 0.64062 0.72168 0.63542 0.73535 0.63542 0.73730 0.64583 0.74707 0.64236 0.74219 0.61285 0.73926 0.60764 0.72754 0.60417 0.71191 0.57292 0.69824 0.56945 0.69434 0.56250 0.67090 0.56250 0.66894 0.56597 0.66699 0.56250 0.66113 0.56597 0.61621 0.56597 0.61426 0.56945 0.45410 0.56945 0.45215 0.57292 0.44629 0.56945 0.44434 0.57292 0.43652 0.57292 0.43262 0.57986 0.42480 0.57639 0.42285 0.57986 0.41504 0.57986 0.40527 0.58680 0.38770 0.58680 0.38574 0.59028 0.37402 0.58680 0.37109 0.59202 0.37207 0.59722 0.38184 0.59722 0.38574 0.59375 0.39160 0.60070 0.39551 0.60070 0.39648 0.60590 0.39355 0.60417 0.38281 0.61979 0.38281 0.63715 0.38477 0.64410 0.37695 0.66146 0.37305 0.68229 0.36328 0.69618 0.35742 0.71702 0.33984 0.75173 0.32617 0.78646 0.31445 0.80382 0.31445 0.81077 0.31055 0.82118 0.29492 0.85590 0.27734 0.88715 0.27148 0.90452 0.26172 0.92535 0.25781 0.92882 0.23047 0.99132 0.23145 0.99653 0.95703 0.99479 0.95410 0.98611 0.94043 0.96875 0.92871 0.94792 0.92090 0.94097
6 0.77832 0.62153 0.76758 0.61285 0.76367 0.59202 0.75488 0.57292 0.73145 0.57292 0.72949 0.57639 0.71484 0.57812 0.72168 0.58333 0.72559 0.59375 0.73340 0.60070 0.73535 0.60764 0.74121 0.61111 0.74414 0.61979 0.74316 0.62500 0.72754 0.62500 0.72461 0.63021 0.72656 0.63368 0.72656 0.64410 0.72461 0.64757 0.72754 0.65278 0.73340 0.65625 0.76758 0.65452 0.77051 0.64930 0.78223 0.64583 0.78320 0.63021 0.77832 0.62153
6 0.87207 0.57292 0.86035 0.57292 0.85840 0.56945 0.85449 0.57292 0.84082 0.57292 0.82129 0.61458 0.80273 0.63021 0.80273 0.64410 0.81152 0.64930 0.81738 0.65972 0.83106 0.65972 0.83301 0.65625 0.88867 0.65798 0.99902 0.65625 1.00000 0.57812 0.87402 0.57639 0.87207 0.57292
7 0.35938 0.61632 0.35938 0.58854 0.36133 0.58507 0.35938 0.57812 0.36133 0.56771 0.35938 0.56423 0.35742 0.46354 0.33691 0.46180 0.33399 0.46702 0.33594 0.61632 0.31738 0.62500 0.31348 0.63195 0.30957 0.63195 0.30859 0.63715 0.31152 0.64236 0.31738 0.64236 0.32129 0.64930 0.33301 0.65278 0.33594 0.66146 0.34375 0.67188 0.34375 0.67882 0.35254 0.69445 0.35938 0.69271 0.37305 0.67188 0.37305 0.62327 0.37012 0.61805 0.35938 0.61632
7 0.41601 0.56423 0.41601 0.53646 0.41309 0.53472 0.40918 0.54167 0.40137 0.54167 0.39844 0.53646 0.40039 0.52952 0.40039 0.47396 0.39648 0.46007 0.39844 0.45660 0.39844 0.43229 0.39551 0.42708 0.37988 0.42708 0.37695 0.43229 0.37695 0.47743 0.37891 0.48090 0.37891 0.51562 0.38086 0.51910 0.38281 0.53993 0.37988 0.54514 0.37207 0.54167 0.36914 0.55035 0.36914 0.56423 0.37402 0.57986 0.37598 0.57639 0.38867 0.57812 0.40527 0.57639 0.40918 0.56945 0.41309 0.56945 0.41601 0.56423
4 0.82715 0.67708 0.81738 0.67014 0.81445 0.66493 0.81445 0.65798 0.80957 0.64930 0.80371 0.64930 0.80078 0.64410 0.80078 0.63021 0.80371 0.62500 0.81348 0.62153 0.81934 0.61458 0.83203 0.59202 0.83789 0.56771 0.83594 0.53646 0.83203 0.52257 0.82129 0.50347 0.80762 0.49305 0.78809 0.49305 0.77832 0.50000 0.76367 0.52604 0.75977 0.54340 0.75977 0.57465 0.76172 0.58507 0.77148 0.61285 0.78516 0.62673 0.78516 0.63715 0.78320 0.64757 0.77441 0.64930 0.76855 0.66667 0.75488 0.66667 0.75195 0.67188 0.75195 0.68923 0.75586 0.70312 0.76074 0.70833 0.76660 0.72222 0.78223 0.73958 0.83008 0.73785 0.83399 0.73090 0.83399 0.70660 0.83789 0.69618 0.82715 0.67708
6 0.31348 0.62500 0.32324 0.61458 0.33301 0.61458 0.33399 0.58854 0.33106 0.58680 0.32910 0.57986 0.30176 0.58333 0.29980 0.58680 0.26465 0.58680 0.26172 0.59202 0.26172 0.61979 0.26758 0.64410 0.27051 0.64930 0.28320 0.64757 0.28809 0.63889 0.30371 0.63889 0.30566 0.62847 0.31348 0.62500
6 0.00000 0.66840 0.01172 0.66840 0.10645 0.66667 0.10840 0.66320 0.21582 0.66320 0.21777 0.65972 0.22559 0.65972 0.23145 0.65278 0.24512 0.64930 0.24805 0.63715 0.24805 0.60590 0.24219 0.59548 0.23828 0.58160 0.23340 0.57639 0.22754 0.57639 0.22559 0.57986 0.19434 0.57986 0.18848 0.58680 0.16699 0.58680 0.16504 0.59028 0.11621 0.59028 0.11035 0.58333 0.05371 0.58333 0.05176 0.58680 0.04199 0.58680 0.04004 0.58333 0.00879 0.58333 0.00000 0.58854 0.00000 0.66840
6 0.92090 0.94097 0.91113 0.92361 0.90332 0.91667 0.89355 0.89930 0.86230 0.85764 0.85742 0.84896 0.85938 0.84548 0.85840 0.84028 0.85254 0.84028 0.83887 0.82639 0.83496 0.81597 0.81543 0.79167 0.79590 0.76042 0.77441 0.73611 0.76465 0.71875 0.75488 0.70833 0.74805 0.68923 0.74316 0.68403 0.73926 0.67361 0.73340 0.67014 0.72363 0.65278 0.71973 0.65278 0.71875 0.64062 0.72168 0.63542 0.73535 0.63542 0.73730 0.64583 0.74707 0.64236 0.74219 0.61285 0.73926 0.60764 0.72754 0.60417 0.71191 0.57292 0.69824 0.56945 0.69434 0.56250 0.67090 0.56250 0.66894 0.56597 0.66699 0.56250 0.66113 0.56597 0.61621 0.56597 0.61426 0.56945 0.45410 0.56945 0.45215 0.57292 0.44629 0.56945 0.44434 0.57292 0.43652 0.57292 0.43262 0.57986 0.42480 0.57639 0.42285 0.57986 0.41504 0.57986 0.40527 0.58680 0.38770 0.58680 0.38574 0.59028 0.37402 0.58680 0.37109 0.59202 0.37207 0.59722 0.38184 0.59722 0.38574 0.59375 0.39160 0.60070 0.39551 0.60070 0.39648 0.60590 0.39355 0.60417 0.38281 0.61979 0.38281 0.63715 0.38477 0.64410 0.37695 0.66146 0.37305 0.68229 0.36328 0.69618 0.35742 0.71702 0.33984 0.75173 0.32617 0.78646 0.31445 0.80382 0.31445 0.81077 0.31055 0.82118 0.29492 0.85590 0.27734 0.88715 0.27148 0.90452 0.26172 0.92535 0.25781 0.92882 0.23047 0.99132 0.23145 0.99653 0.95703 0.99479 0.95410 0.98611 0.94043 0.96875 0.92871 0.94792 0.92090 0.94097
6 0.77832 0.62153 0.76758 0.61285 0.76367 0.59202 0.75488 0.57292 0.73145 0.57292 0.72949 0.57639 0.71484 0.57812 0.72168 0.58333 0.72559 0.59375 0.73340 0.60070 0.73535 0.60764 0.74121 0.61111 0.74414 0.61979 0.74316 0.62500 0.72754 0.62500 0.72461 0.63021 0.72656 0.63368 0.72656 0.64410 0.72461 0.64757 0.72754 0.65278 0.73340 0.65625 0.76758 0.65452 0.77051 0.64930 0.78223 0.64583 0.78320 0.63021 0.77832 0.62153
6 0.87207 0.57292 0.86035 0.57292 0.85840 0.56945 0.85449 0.57292 0.84082 0.57292 0.82129 0.61458 0.80273 0.63021 0.80273 0.64410 0.81152 0.64930 0.81738 0.65972 0.83106 0.65972 0.83301 0.65625 0.88867 0.65798 0.99902 0.65625 1.00000 0.57812 0.87402 0.57639 0.87207 0.57292
7 0.35938 0.61632 0.35938 0.58854 0.36133 0.58507 0.35938 0.57812 0.36133 0.56771 0.35938 0.56423 0.35742 0.46354 0.33691 0.46180 0.33399 0.46702 0.33594 0.61632 0.31738 0.62500 0.31348 0.63195 0.30957 0.63195 0.30859 0.63715 0.31152 0.64236 0.31738 0.64236 0.32129 0.64930 0.33301 0.65278 0.33594 0.66146 0.34375 0.67188 0.34375 0.67882 0.35254 0.69445 0.35938 0.69271 0.37305 0.67188 0.37305 0.62327 0.37012 0.61805 0.35938 0.61632
7 0.41601 0.56423 0.41601 0.53646 0.41309 0.53472 0.40918 0.54167 0.40137 0.54167 0.39844 0.53646 0.40039 0.52952 0.40039 0.47396 0.39648 0.46007 0.39844 0.45660 0.39844 0.43229 0.39551 0.42708 0.37988 0.42708 0.37695 0.43229 0.37695 0.47743 0.37891 0.48090 0.37891 0.51562 0.38086 0.51910 0.38281 0.53993 0.37988 0.54514 0.37207 0.54167 0.36914 0.55035 0.36914 0.56423 0.37402 0.57986 0.37598 0.57639 0.38867 0.57812 0.40527 0.57639 0.40918 0.56945 0.41309 0.56945 0.41601 0.56423
4 0.82715 0.67708 0.81738 0.67014 0.81445 0.66493 0.81445 0.65798 0.80957 0.64930 0.80371 0.64930 0.80078 0.64410 0.80078 0.63021 0.80371 0.62500 0.81348 0.62153 0.81934 0.61458 0.83203 0.59202 0.83789 0.56771 0.83594 0.53646 0.83203 0.52257 0.82129 0.50347 0.80762 0.49305 0.78809 0.49305 0.77832 0.50000 0.76367 0.52604 0.75977 0.54340 0.75977 0.57465 0.76172 0.58507 0.77148 0.61285 0.78516 0.62673 0.78516 0.63715 0.78320 0.64757 0.77441 0.64930 0.76855 0.66667 0.75488 0.66667 0.75195 0.67188 0.75195 0.68923 0.75586 0.70312 0.76074 0.70833 0.76660 0.72222 0.78223 0.73958 0.83008 0.73785 0.83399 0.73090 0.83399 0.70660 0.83789 0.69618 0.82715 0.67708
6 0.31348 0.62500 0.32324 0.61458 0.33301 0.61458 0.33399 0.58854 0.33106 0.58680 0.32910 0.57986 0.30176 0.58333 0.29980 0.58680 0.26465 0.58680 0.26172 0.59202 0.26172 0.61979 0.26758 0.64410 0.27051 0.64930 0.28320 0.64757 0.28809 0.63889 0.30371 0.63889 0.30566 0.62847 0.31348 0.62500
6 0.00000 0.66840 0.01172 0.66840 0.10645 0.66667 0.10840 0.66320 0.21582 0.66320 0.21777 0.65972 0.22559 0.65972 0.23145 0.65278 0.24512 0.64930 0.24805 0.63715 0.24805 0.60590 0.24219 0.59548 0.23828 0.58160 0.23340 0.57639 0.22754 0.57639 0.22559 0.57986 0.19434 0.57986 0.18848 0.58680 0.16699 0.58680 0.16504 0.59028 0.11621 0.59028 0.11035 0.58333 0.05371 0.58333 0.05176 0.58680 0.04199 0.58680 0.04004 0.58333 0.00879 0.58333 0.00000 0.58854 0.00000 0.66840
6 0.92090 0.94097 0.91113 0.92361 0.90332 0.91667 0.89355 0.89930 0.86230 0.85764 0.85742 0.84896 0.85938 0.84548 0.85840 0.84028 0.85254 0.84028 0.83887 0.82639 0.83496 0.81597 0.81543 0.79167 0.79590 0.76042 0.77441 0.73611 0.76465 0.71875 0.75488 0.70833 0.74805 0.68923 0.74316 0.68403 0.73926 0.67361 0.73340 0.67014 0.72363 0.65278 0.71973 0.65278 0.71875 0.64062 0.72168 0.63542 0.73535 0.63542 0.73730 0.64583 0.74707 0.64236 0.74219 0.61285 0.73926 0.60764 0.72754 0.60417 0.71191 0.57292 0.69824 0.56945 0.69434 0.56250 0.67090 0.56250 0.66894 0.56597 0.66699 0.56250 0.66113 0.56597 0.61621 0.56597 0.61426 0.56945 0.45410 0.56945 0.45215 0.57292 0.44629 0.56945 0.44434 0.57292 0.43652 0.57292 0.43262 0.57986 0.42480 0.57639 0.42285 0.57986 0.41504 0.57986 0.40527 0.58680 0.38770 0.58680 0.38574 0.59028 0.37402 0.58680 0.37109 0.59202 0.37207 0.59722 0.38184 0.59722 0.38574 0.59375 0.39160 0.60070 0.39551 0.60070 0.39648 0.60590 0.39355 0.60417 0.38281 0.61979 0.38281 0.63715 0.38477 0.64410 0.37695 0.66146 0.37305 0.68229 0.36328 0.69618 0.35742 0.71702 0.33984 0.75173 0.32617 0.78646 0.31445 0.80382 0.31445 0.81077 0.31055 0.82118 0.29492 0.85590 0.27734 0.88715 0.27148 0.90452 0.26172 0.92535 0.25781 0.92882 0.23047 0.99132 0.23145 0.99653 0.95703 0.99479 0.95410 0.98611 0.94043 0.96875 0.92871 0.94792 0.92090 0.94097
6 0.77832 0.62153 0.76758 0.61285 0.76367 0.59202 0.75488 0.57292 0.73145 0.57292 0.72949 0.57639 0.71484 0.57812 0.72168 0.58333 0.72559 0.59375 0.73340 0.60070 0.73535 0.60764 0.74121 0.61111 0.74414 0.61979 0.74316 0.62500 0.72754 0.62500 0.72461 0.63021 0.72656 0.63368 0.72656 0.64410 0.72461 0.64757 0.72754 0.65278 0.73340 0.65625 0.76758 0.65452 0.77051 0.64930 0.78223 0.64583 0.78320 0.63021 0.77832 0.62153
6 0.87207 0.57292 0.86035 0.57292 0.85840 0.56945 0.85449 0.57292 0.84082 0.57292 0.82129 0.61458 0.80273 0.63021 0.80273 0.64410 0.81152 0.64930 0.81738 0.65972 0.83106 0.65972 0.83301 0.65625 0.88867 0.65798 0.99902 0.65625 1.00000 0.57812 0.87402 0.57639 0.87207 0.57292
7 0.35938 0.61632 0.35938 0.58854 0.36133 0.58507 0.35938 0.57812 0.36133 0.56771 0.35938 0.56423 0.35742 0.46354 0.33691 0.46180 0.33399 0.46702 0.33594 0.61632 0.31738 0.62500 0.31348 0.63195 0.30957 0.63195 0.30859 0.63715 0.31152 0.64236 0.31738 0.64236 0.32129 0.64930 0.33301 0.65278 0.33594 0.66146 0.34375 0.67188 0.34375 0.67882 0.35254 0.69445 0.35938 0.69271 0.37305 0.67188 0.37305 0.62327 0.37012 0.61805 0.35938 0.61632
7 0.41601 0.56423 0.41601 0.53646 0.41309 0.53472 0.40918 0.54167 0.40137 0.54167 0.39844 0.53646 0.40039 0.52952 0.40039 0.47396 0.39648 0.46007 0.39844 0.45660 0.39844 0.43229 0.39551 0.42708 0.37988 0.42708 0.37695 0.43229 0.37695 0.47743 0.37891 0.48090 0.37891 0.51562 0.38086 0.51910 0.38281 0.53993 0.37988 0.54514 0.37207 0.54167 0.36914 0.55035 0.36914 0.56423 0.37402 0.57986 0.37598 0.57639 0.38867 0.57812 0.40527 0.57639 0.40918 0.56945 0.41309 0.56945 0.41601 0.56423
4 0.82715 0.67708 0.81738 0.67014 0.81445 0.66493 0.81445 0.65798 0.80957 0.64930 0.80371 0.64930 0.80078 0.64410 0.80078 0.63021 0.80371 0.62500 0.81348 0.62153 0.81934 0.61458 0.83203 0.59202 0.83789 0.56771 0.83594 0.53646 0.83203 0.52257 0.82129 0.50347 0.80762 0.49305 0.78809 0.49305 0.77832 0.50000 0.76367 0.52604 0.75977 0.54340 0.75977 0.57465 0.76172 0.58507 0.77148 0.61285 0.78516 0.62673 0.78516 0.63715 0.78320 0.64757 0.77441 0.64930 0.76855 0.66667 0.75488 0.66667 0.75195 0.67188 0.75195 0.68923 0.75586 0.70312 0.76074 0.70833 0.76660 0.72222 0.78223 0.73958 0.83008 0.73785 0.83399 0.73090 0.83399 0.70660 0.83789 0.69618 0.82715 0.67708
6 0.31348 0.62500 0.32324 0.61458 0.33301 0.61458 0.33399 0.58854 0.33106 0.58680 0.32910 0.57986 0.30176 0.58333 0.29980 0.58680 0.26465 0.58680 0.26172 0.59202 0.26172 0.61979 0.26758 0.64410 0.27051 0.64930 0.28320 0.64757 0.28809 0.63889 0.30371 0.63889 0.30566 0.62847 0.31348 0.62500
6 0.00000 0.66840 0.01172 0.66840 0.10645 0.66667 0.10840 0.66320 0.21582 0.66320 0.21777 0.65972 0.22559 0.65972 0.23145 0.65278 0.24512 0.64930 0.24805 0.63715 0.24805 0.60590 0.24219 0.59548 0.23828 0.58160 0.23340 0.57639 0.22754 0.57639 0.22559 0.57986 0.19434 0.57986 0.18848 0.58680 0.16699 0.58680 0.16504 0.59028 0.11621 0.59028 0.11035 0.58333 0.05371 0.58333 0.05176 0.58680 0.04199 0.58680 0.04004 0.58333 0.00879 0.58333 0.00000 0.58854 0.00000 0.66840
6 0.92090 0.94097 0.91113 0.92361 0.90332 0.91667 0.89355 0.89930 0.86230 0.85764 0.85742 0.84896 0.85938 0.84548 0.85840 0.84028 0.85254 0.84028 0.83887 0.82639 0.83496 0.81597 0.81543 0.79167 0.79590 0.76042 0.77441 0.73611 0.76465 0.71875 0.75488 0.70833 0.74805 0.68923 0.74316 0.68403 0.73926 0.67361 0.73340 0.67014 0.72363 0.65278 0.71973 0.65278 0.71875 0.64062 0.72168 0.63542 0.73535 0.63542 0.73730 0.64583 0.74707 0.64236 0.74219 0.61285 0.73926 0.60764 0.72754 0.60417 0.71191 0.57292 0.69824 0.56945 0.69434 0.56250 0.67090 0.56250 0.66894 0.56597 0.66699 0.56250 0.66113 0.56597 0.61621 0.56597 0.61426 0.56945 0.45410 0.56945 0.45215 0.57292 0.44629 0.56945 0.44434 0.57292 0.43652 0.57292 0.43262 0.57986 0.42480 0.57639 0.42285 0.57986 0.41504 0.57986 0.40527 0.58680 0.38770 0.58680 0.38574 0.59028 0.37402 0.58680 0.37109 0.59202 0.37207 0.59722 0.38184 0.59722 0.38574 0.59375 0.39160 0.60070 0.39551 0.60070 0.39648 0.60590 0.39355 0.60417 0.38281 0.61979 0.38281 0.63715 0.38477 0.64410 0.37695 0.66146 0.37305 0.68229 0.36328 0.69618 0.35742 0.71702 0.33984 0.75173 0.32617 0.78646 0.31445 0.80382 0.31445 0.81077 0.31055 0.82118 0.29492 0.85590 0.27734 0.88715 0.27148 0.90452 0.26172 0.92535 0.25781 0.92882 0.23047 0.99132 0.23145 0.99653 0.95703 0.99479 0.95410 0.98611 0.94043 0.96875 0.92871 0.94792 0.92090 0.94097
6 0.77832 0.62153 0.76758 0.61285 0.76367 0.59202 0.75488 0.57292 0.73145 0.57292 0.72949 0.57639 0.71484 0.57812 0.72168 0.58333 0.72559 0.59375 0.73340 0.60070 0.73535 0.60764 0.74121 0.61111 0.74414 0.61979 0.74316 0.62500 0.72754 0.62500 0.72461 0.63021 0.72656 0.63368 0.72656 0.64410 0.72461 0.64757 0.72754 0.65278 0.73340 0.65625 0.76758 0.65452 0.77051 0.64930 0.78223 0.64583 0.78320 0.63021 0.77832 0.62153
6 0.87207 0.57292 0.86035 0.57292 0.85840 0.56945 0.85449 0.57292 0.84082 0.57292 0.82129 0.61458 0.80273 0.63021 0.80273 0.64410 0.81152 0.64930 0.81738 0.65972 0.83106 0.65972 0.83301 0.65625 0.88867 0.65798 0.99902 0.65625 1.00000 0.57812 0.87402 0.57639 0.87207 0.57292
7 0.35938 0.61632 0.35938 0.58854 0.36133 0.58507 0.35938 0.57812 0.36133 0.56771 0.35938 0.56423 0.35742 0.46354 0.33691 0.46180 0.33399 0.46702 0.33594 0.61632 0.31738 0.62500 0.31348 0.63195 0.30957 0.63195 0.30859 0.63715 0.31152 0.64236 0.31738 0.64236 0.32129 0.64930 0.33301 0.65278 0.33594 0.66146 0.34375 0.67188 0.34375 0.67882 0.35254 0.69445 0.35938 0.69271 0.37305 0.67188 0.37305 0.62327 0.37012 0.61805 0.35938 0.61632
7 0.41601 0.56423 0.41601 0.53646 0.41309 0.53472 0.40918 0.54167 0.40137 0.54167 0.39844 0.53646 0.40039 0.52952 0.40039 0.47396 0.39648 0.46007 0.39844 0.45660 0.39844 0.43229 0.39551 0.42708 0.37988 0.42708 0.37695 0.43229 0.37695 0.47743 0.37891 0.48090 0.37891 0.51562 0.38086 0.51910 0.38281 0.53993 0.37988 0.54514 0.37207 0.54167 0.36914 0.55035 0.36914 0.56423 0.37402 0.57986 0.37598 0.57639 0.38867 0.57812 0.40527 0.57639 0.40918 0.56945 0.41309 0.56945 0.41601 0.56423
4 0.82715 0.67708 0.81738 0.67014 0.81445 0.66493 0.81445 0.65798 0.80957 0.64930 0.80371 0.64930 0.80078 0.64410 0.80078 0.63021 0.80371 0.62500 0.81348 0.62153 0.81934 0.61458 0.83203 0.59202 0.83789 0.56771 0.83594 0.53646 0.83203 0.52257 0.82129 0.50347 0.80762 0.49305 0.78809 0.49305 0.77832 0.50000 0.76367 0.52604 0.75977 0.54340 0.75977 0.57465 0.76172 0.58507 0.77148 0.61285 0.78516 0.62673 0.78516 0.63715 0.78320 0.64757 0.77441 0.64930 0.76855 0.66667 0.75488 0.66667 0.75195 0.67188 0.75195 0.68923 0.75586 0.70312 0.76074 0.70833 0.76660 0.72222 0.78223 0.73958 0.83008 0.73785 0.83399 0.73090 0.83399 0.70660 0.83789 0.69618 0.82715 0.67708
6 0.31348 0.62500 0.32324 0.61458 0.33301 0.61458 0.33399 0.58854 0.33106 0.58680 0.32910 0.57986 0.30176 0.58333 0.29980 0.58680 0.26465 0.58680 0.26172 0.59202 0.26172 0.61979 0.26758 0.64410 0.27051 0.64930 0.28320 0.64757 0.28809 0.63889 0.30371 0.63889 0.30566 0.62847 0.31348 0.62500
6 0.00000 0.66840 0.01172 0.66840 0.10645 0.66667 0.10840 0.66320 0.21582 0.66320 0.21777 0.65972 0.22559 0.65972 0.23145 0.65278 0.24512 0.64930 0.24805 0.63715 0.24805 0.60590 0.24219 0.59548 0.23828 0.58160 0.23340 0.57639 0.22754 0.57639 0.22559 0.57986 0.19434 0.57986 0.18848 0.58680 0.16699 0.58680 0.16504 0.59028 0.11621 0.59028 0.11035 0.58333 0.05371 0.58333 0.05176 0.58680 0.04199 0.58680 0.04004 0.58333 0.00879 0.58333 0.00000 0.58854 0.00000 0.66840
6 0.92090 0.94097 0.91113 0.92361 0.90332 0.91667 0.89355 0.89930 0.86230 0.85764 0.85742 0.84896 0.85938 0.84548 0.85840 0.84028 0.85254 0.84028 0.83887 0.82639 0.83496 0.81597 0.81543 0.79167 0.79590 0.76042 0.77441 0.73611 0.76465 0.71875 0.75488 0.70833 0.74805 0.68923 0.74316 0.68403 0.73926 0.67361 0.73340 0.67014 0.72363 0.65278 0.71973 0.65278 0.71875 0.64062 0.72168 0.63542 0.73535 0.63542 0.73730 0.64583 0.74707 0.64236 0.74219 0.61285 0.73926 0.60764 0.72754 0.60417 0.71191 0.57292 0.69824 0.56945 0.69434 0.56250 0.67090 0.56250 0.66894 0.56597 0.66699 0.56250 0.66113 0.56597 0.61621 0.56597 0.61426 0.56945 0.45410 0.56945 0.45215 0.57292 0.44629 0.56945 0.44434 0.57292 0.43652 0.57292 0.43262 0.57986 0.42480 0.57639 0.42285 0.57986 0.41504 0.57986 0.40527 0.58680 0.38770 0.58680 0.38574 0.59028 0.37402 0.58680 0.37109 0.59202 0.37207 0.59722 0.38184 0.59722 0.38574 0.59375 0.39160 0.60070 0.39551 0.60070 0.39648 0.60590 0.39355 0.60417 0.38281 0.61979 0.38281 0.63715 0.38477 0.64410 0.37695 0.66146 0.37305 0.68229 0.36328 0.69618 0.35742 0.71702 0.33984 0.75173 0.32617 0.78646 0.31445 0.80382 0.31445 0.81077 0.31055 0.82118 0.29492 0.85590 0.27734 0.88715 0.27148 0.90452 0.26172 0.92535 0.25781 0.92882 0.23047 0.99132 0.23145 0.99653 0.95703 0.99479 0.95410 0.98611 0.94043 0.96875 0.92871 0.94792 0.92090 0.94097
6 0.77832 0.62153 0.76758 0.61285 0.76367 0.59202 0.75488 0.57292 0.73145 0.57292 0.72949 0.57639 0.71484 0.57812 0.72168 0.58333 0.72559 0.59375 0.73340 0.60070 0.73535 0.60764 0.74121 0.61111 0.74414 0.61979 0.74316 0.62500 0.72754 0.62500 0.72461 0.63021 0.72656 0.63368 0.72656 0.64410 0.72461 0.64757 0.72754 0.65278 0.73340 0.65625 0.76758 0.65452 0.77051 0.64930 0.78223 0.64583 0.78320 0.63021 0.77832 0.62153
6 0.87207 0.57292 0.86035 0.57292 0.85840 0.56945 0.85449 0.57292 0.84082 0.57292 0.82129 0.61458 0.80273 0.63021 0.80273 0.64410 0.81152 0.64930 0.81738 0.65972 0.83106 0.65972 0.83301 0.65625 0.88867 0.65798 0.99902 0.65625 1.00000 0.57812 0.87402 0.57639 0.87207 0.57292
