6 0.29785 0.95486 0.28613 0.95139 0.25879 0.93055 0.24316 0.92361 0.23340 0.91320 0.21973 0.90972 0.21387 0.90278 0.19824 0.89583 0.18262 0.88195 0.17676 0.88195 0.14746 0.86458 0.14160 0.85764 0.12402 0.85070 0.11816 0.84375 0.11230 0.84375 0.10645 0.83680 0.08887 0.82639 0.07715 0.82292 0.04980 0.80208 0.03027 0.79514 0.02246 0.78472 0.01660 0.78472 0.00684 0.77430 0.00000 0.77257 0.00098 0.99653 0.35156 0.99827 0.35547 0.99479 0.34277 0.98264 0.31934 0.97222 0.29785 0.95486
1 0.00000 0.75868 0.00684 0.76042 0.01270 0.77083 0.02344 0.76910 0.02832 0.76389 0.05371 0.76389 0.05566 0.76042 0.06152 0.76042 0.06738 0.75347 0.07715 0.75000 0.08399 0.74132 0.08106 0.72917 0.06348 0.71875 0.05371 0.69445 0.04492 0.68923 0.04297 0.67882 0.04297 0.66146 0.04785 0.65278 0.05762 0.64930 0.06348 0.64236 0.07617 0.61632 0.08008 0.59896 0.08008 0.56077 0.07422 0.53993 0.06152 0.52083 0.04394 0.51042 0.02832 0.51389 0.02441 0.52083 0.01855 0.52430 0.00391 0.55729 0.00000 0.57812 0.00000 0.61285 0.00586 0.63368 0.01465 0.64930 0.02344 0.65798 0.02148 0.69271 0.00879 0.70139 0.00586 0.71354 0.00000 0.71702 0.00000 0.75868
6 0.29785 0.95486 0.28613 0.95139 0.25879 0.93055 0.24316 0.92361 0.23340 0.91320 0.21973 0.90972 0.21387 0.90278 0.19824 0.89583 0.18262 0.88195 0.17676 0.88195 0.14746 0.86458 0.14160 0.85764 0.12402 0.85070 0.11816 0.84375 0.11230 0.84375 0.10645 0.83680 0.08887 0.82639 0.07715 0.82292 0.04980 0.80208 0.03027 0.79514 0.02246 0.78472 0.01660 0.78472 0.00684 0.77430 0.00000 0.77257 0.00098 0.99653 0.35156 0.99827 0.35547 0.99479 0.34277 0.98264 0.31934 0.97222 0.29785 0.95486
1 0.00000 0.75868 0.00684 0.76042 0.01270 0.77083 0.02344 0.76910 0.02832 0.76389 0.05371 0.76389 0.05566 0.76042 0.06152 0.76042 0.06738 0.75347 0.07715 0.75000 0.08399 0.74132 0.08106 0.72917 0.06348 0.71875 0.05371 0.69445 0.04492 0.68923 0.04297 0.67882 0.04297 0.66146 0.04785 0.65278 0.05762 0.64930 0.06348 0.64236 0.07617 0.61632 0.08008 0.59896 0.08008 0.56077 0.07422 0.53993 0.06152 0.52083 0.04394 0.51042 0.02832 0.51389 0.02441 0.52083 0.01855 0.52430 0.00391 0.55729 0.00000 0.57812 0.00000 0.61285 0.00586 0.63368 0.01465 0.64930 0.02344 0.65798 0.02148 0.69271 0.00879 0.70139 0.00586 0.71354 0.00000 0.71702 0.00000 0.75868
6 0.29785 0.95486 0.28613 0.95139 0.25879 0.93055 0.24316 0.92361 0.23340 0.91320 0.21973 0.90972 0.21387 0.90278 0.19824 0.89583 0.18262 0.88195 0.17676 0.88195 0.14746 0.86458 0.14160 0.85764 0.12402 0.85070 0.11816 0.84375 0.11230 0.84375 0.10645 0.83680 0.08887 0.82639 0.07715 0.82292 0.04980 0.80208 0.03027 0.79514 0.02246 0.78472 0.01660 0.78472 0.00684 0.77430 0.00000 0.77257 0.00098 0.99653 0.35156 0.99827 0.35547 0.99479 0.34277 0.98264 0.31934 0.97222 0.29785 0.95486
1 0.00000 0.75868 0.00684 0.76042 0.01270 0.77083 0.02344 0.76910 0.02832 0.76389 0.05371 0.76389 0.05566 0.76042 0.06152 0.76042 0.06738 0.75347 0.07715 0.75000 0.08399 0.74132 0.08106 0.72917 0.06348 0.71875 0.05371 0.69445 0.04492 0.68923 0.04297 0.67882 0.04297 0.66146 0.04785 0.65278 0.05762 0.64930 0.06348 0.64236 0.07617 0.61632 0.08008 0.59896 0.08008 0.56077 0.07422 0.53993 0.06152 0.52083 0.04394 0.51042 0.02832 0.51389 0.02441 0.52083 0.01855 0.52430 0.00391 0.55729 0.00000 0.57812 0.00000 0.61285 0.00586 0.63368 0.01465 0.64930 0.02344 0.65798 0.02148 0.69271 0.00879 0.70139 0.00586 0.71354 0.00000 0.71702 0.00000 0.75868
6 0.29785 0.95486 0.28613 0.95139 0.25879 0.93055 0.24316 0.92361 0.23340 0.91320 0.21973 0.90972 0.21387 0.90278 0.19824 0.89583 0.18262 0.88195 0.17676 0.88195 0.14746 0.86458 0.14160 0.85764 0.12402 0.85070 0.11816 0.84375 0.11230 0.84375 0.10645 0.83680 0.08887 0.82639 0.07715 0.82292 0.04980 0.80208 0.03027 0.79514 0.02246 0.78472 0.01660 0.78472 0.00684 0.77430 0.00000 0.77257 0.00098 0.99653 0.35156 0.99827 0.35547 0.99479 0.34277 0.98264 0.31934 0.97222 0.29785 0.95486
1 0.00000 0.75868 0.00684 0.76042 0.01270 0.77083 0.02344 0.76910 0.02832 0.76389 0.05371 0.76389 0.05566 0.76042 0.06152 0.76042 0.06738 0.75347 0.07715 0.75000 0.08399 0.74132 0.08106 0.72917 0.06348 0.71875 0.05371 0.69445 0.04492 0.68923 0.04297 0.67882 0.04297 0.66146 0.04785 0.65278 0.05762 0.64930 0.06348 0.64236 0.07617 0.61632 0.08008 0.59896 0.08008 0.56077 0.07422 0.53993 0.06152 0.52083 0.04394 0.51042 0.02832 0.51389 0.02441 0.52083 0.01855 0.52430 0.00391 0.55729 0.00000 0.57812 0.00000 0.61285 0.00586 0.63368 0.01465 0.64930 0.02344 0.65798 0.02148 0.69271 0.00879 0.70139 0.00586 0.71354 0.00000 0.71702 0.00000 0.75868
6 0.29785 0.95486 0.28613 0.95139 0.25879 0.93055 0.24316 0.92361 0.23340 0.91320 0.21973 0.90972 0.21387 0.90278 0.19824 0.89583 0.18262 0.88195 0.17676 0.88195 0.14746 0.86458 0.14160 0.85764 0.12402 0.85070 0.11816 0.84375 0.11230 0.84375 0.10645 0.83680 0.08887 0.82639 0.07715 0.82292 0.04980 0.80208 0.03027 0.79514 0.02246 0.78472 0.01660 0.78472 0.00684 0.77430 0.00000 0.77257 0.00098 0.99653 0.35156 0.99827 0.35547 0.99479 0.34277 0.98264 0.31934 0.97222 0.29785 0.95486
1 0.00000 0.75868 0.00684 0.76042 0.01270 0.77083 0.02344 0.76910 0.02832 0.76389 0.05371 0.76389 0.05566 0.76042 0.06152 0.76042 0.06738 0.75347 0.07715 0.75000 0.08399 0.74132 0.08106 0.72917 0.06348 0.71875 0.05371 0.69445 0.04492 0.68923 0.04297 0.67882 0.04297 0.66146 0.04785 0.65278 0.05762 0.64930 0.06348 0.64236 0.07617 0.61632 0.08008 0.59896 0.08008 0.56077 0.07422 0.53993 0.06152 0.52083 0.04394 0.51042 0.02832 0.51389 0.02441 0.52083 0.01855 0.52430 0.00391 0.55729 0.00000 0.57812 0.00000 0.61285 0.00586 0.63368 0.01465 0.64930 0.02344 0.65798 0.02148 0.69271 0.00879 0.70139 0.00586 0.71354 0.00000 0.71702 0.00000 0.75868
6 0.29785 0.95486 0.28613 0.95139 0.25879 0.93055 0.24316 0.92361 0.23340 0.91320 0.21973 0.90972 0.21387 0.90278 0.19824 0.89583 0.18262 0.88195 0.17676 0.88195 0.14746 0.86458 0.14160 0.85764 0.12402 0.85070 0.11816 0.84375 0.11230 0.84375 0.10645 0.83680 0.08887 0.82639 0.07715 0.82292 0.04980 0.80208 0.03027 0.79514 0.02246 0.78472 0.01660 0.78472 0.00684 0.77430 0.00000 0.77257 0.00098 0.99653 0.35156 0.99827 0.35547 0.99479 0.34277 0.98264 0.31934 0.97222 0.29785 0.95486
1 0.00000 0.75868 0.00684 0.76042 0.01270 0.77083 0.02344 0.76910 0.02832 0.76389 0.05371 0.76389 0.05566 0.76042 0.06152 0.76042 0.06738 0.75347 0.07715 0.75000 0.08399 0.74132 0.08106 0.72917 0.06348 0.71875 0.05371 0.69445 0.04492 0.68923 0.04297 0.67882 0.04297 0.66146 0.04785 0.65278 0.05762 0.64930 0.06348 0.64236 0.07617 0.61632 0.08008 0.59896 0.08008 0.56077 0.07422 0.53993 0.06152 0.52083 0.04394 0.51042 0.02832 0.51389 0.02441 0.52083 0.01855 0.52430 0.00391 0.55729 0.00000 0.57812 0.00000 0.61285 0.00586 0.63368 0.01465 0.64930 0.02344 0.65798 0.02148 0.69271 0.00879 0.70139 0.00586 0.71354 0.00000 0.71702 0.00000 0.75868
