6 0.50989 1.00000 0.49484 0.97668 0.48199 0.96341 0.46988 0.94304 0.46589 0.94229 0.45740 0.92622 0.44817 0.91725 0.43245 0.89259 0.41598 0.87502 0.39502 0.84214 0.36969 0.81205 0.35596 0.78776 0.33950 0.77020 0.31130 0.72871 0.28759 0.70255 0.26301 0.66537 0.25216 0.65248 0.24816 0.65173 0.24492 0.64388 0.23930 0.63921 0.22271 0.60352 0.21872 0.60277 0.20137 0.57419 0.19738 0.57344 0.18652 0.56055 0.17442 0.54018 0.16282 0.53439 0.15795 0.52261 0.14872 0.51364 0.13662 0.49328 0.12538 0.48393 0.11328 0.46357 0.09769 0.45703 0.09606 0.45310 0.08209 0.45048 0.08047 0.44656 0.03455 0.43796 0.03292 0.43404 0.00253 0.42947 0.00000 0.45343 0.00000 0.91131 0.47375 1.00000 0.50989 1.00000
1 0.40108 0.67855 0.42211 0.66257 0.43865 0.63127 0.44314 0.58867 0.43977 0.56270 0.43085 0.54112 0.41999 0.52823 0.40602 0.52561 0.39529 0.53084 0.37476 0.56139 0.36540 0.59222 0.36390 0.60642 0.36652 0.63950 0.37706 0.66500 0.38106 0.66575 0.38511 0.67556 0.38274 0.67873 0.37974 0.70714 0.37020 0.71078 0.36427 0.71872 0.36233 0.72741 0.34399 0.72759 0.34043 0.73236 0.33894 0.74656 0.35871 0.78104 0.36233 0.78533 0.36950 0.78487 0.40900 0.78683 0.41137 0.78365 0.41736 0.78477 0.42566 0.77366 0.42716 0.75946 0.41387 0.74068 0.40987 0.73993 0.40894 0.71984 0.40651 0.71396 0.40052 0.71284 0.39809 0.70695 0.40108 0.67855
7 0.16519 0.53121 0.19632 0.53523 0.20144 0.52532 0.20219 0.51822 0.19975 0.51234 0.19539 0.51514 0.18696 0.50813 0.19745 0.40873 0.18903 0.40172 0.18348 0.40611 0.17374 0.49842 0.16662 0.50795 0.16275 0.52532 0.16519 0.53121
6 0.50989 1.00000 0.49484 0.97668 0.48199 0.96341 0.46988 0.94304 0.46589 0.94229 0.45740 0.92622 0.44817 0.91725 0.43245 0.89259 0.41598 0.87502 0.39502 0.84214 0.36969 0.81205 0.35596 0.78776 0.33950 0.77020 0.31130 0.72871 0.28759 0.70255 0.26301 0.66537 0.25216 0.65248 0.24816 0.65173 0.24492 0.64388 0.23930 0.63921 0.22271 0.60352 0.21872 0.60277 0.20137 0.57419 0.19738 0.57344 0.18652 0.56055 0.17442 0.54018 0.16282 0.53439 0.15795 0.52261 0.14872 0.51364 0.13662 0.49328 0.12538 0.48393 0.11328 0.46357 0.09769 0.45703 0.09606 0.45310 0.08209 0.45048 0.08047 0.44656 0.03455 0.43796 0.03292 0.43404 0.00253 0.42947 0.00000 0.45343 0.00000 0.91131 0.47375 1.00000 0.50989 1.00000
1 0.40108 0.67855 0.42211 0.66257 0.43865 0.63127 0.44314 0.58867 0.43977 0.56270 0.43085 0.54112 0.41999 0.52823 0.40602 0.52561 0.39529 0.53084 0.37476 0.56139 0.36540 0.59222 0.36390 0.60642 0.36652 0.63950 0.37706 0.66500 0.38106 0.66575 0.38511 0.67556 0.38274 0.67873 0.37974 0.70714 0.37020 0.71078 0.36427 0.71872 0.36233 0.72741 0.34399 0.72759 0.34043 0.73236 0.33894 0.74656 0.35871 0.78104 0.36233 0.78533 0.36950 0.78487 0.40900 0.78683 0.41137 0.78365 0.41736 0.78477 0.42566 0.77366 0.42716 0.75946 0.41387 0.74068 0.40987 0.73993 0.40894 0.71984 0.40651 0.71396 0.40052 0.71284 0.39809 0.70695 0.40108 0.67855
7 0.16519 0.53121 0.19632 0.53523 0.20144 0.52532 0.20219 0.51822 0.19975 0.51234 0.19539 0.51514 0.18696 0.50813 0.19745 0.40873 0.18903 0.40172 0.18348 0.40611 0.17374 0.49842 0.16662 0.50795 0.16275 0.52532 0.16519 0.53121
6 0.50989 1.00000 0.49484 0.97668 0.48199 0.96341 0.46988 0.94304 0.46589 0.94229 0.45740 0.92622 0.44817 0.91725 0.43245 0.89259 0.41598 0.87502 0.39502 0.84214 0.36969 0.81205 0.35596 0.78776 0.33950 0.77020 0.31130 0.72871 0.28759 0.70255 0.26301 0.66537 0.25216 0.65248 0.24816 0.65173 0.24492 0.64388 0.23930 0.63921 0.22271 0.60352 0.21872 0.60277 0.20137 0.57419 0.19738 0.57344 0.18652 0.56055 0.17442 0.54018 0.16282 0.53439 0.15795 0.52261 0.14872 0.51364 0.13662 0.49328 0.12538 0.48393 0.11328 0.46357 0.09769 0.45703 0.09606 0.45310 0.08209 0.45048 0.08047 0.44656 0.03455 0.43796 0.03292 0.43404 0.00253 0.42947 0.00000 0.45343 0.00000 0.91131 0.47375 1.00000 0.50989 1.00000
1 0.40108 0.67855 0.42211 0.66257 0.43865 0.63127 0.44314 0.58867 0.43977 0.56270 0.43085 0.54112 0.41999 0.52823 0.40602 0.52561 0.39529 0.53084 0.37476 0.56139 0.36540 0.59222 0.36390 0.60642 0.36652 0.63950 0.37706 0.66500 0.38106 0.66575 0.38511 0.67556 0.38274 0.67873 0.37974 0.70714 0.37020 0.71078 0.36427 0.71872 0.36233 0.72741 0.34399 0.72759 0.34043 0.73236 0.33894 0.74656 0.35871 0.78104 0.36233 0.78533 0.36950 0.78487 0.40900 0.78683 0.41137 0.78365 0.41736 0.78477 0.42566 0.77366 0.42716 0.75946 0.41387 0.74068 0.40987 0.73993 0.40894 0.71984 0.40651 0.71396 0.40052 0.71284 0.39809 0.70695 0.40108 0.67855
7 0.16519 0.53121 0.19632 0.53523 0.20144 0.52532 0.20219 0.51822 0.19975 0.51234 0.19539 0.51514 0.18696 0.50813 0.19745 0.40873 0.18903 0.40172 0.18348 0.40611 0.17374 0.49842 0.16662 0.50795 0.16275 0.52532 0.16519 0.53121
6 0.50989 1.00000 0.49484 0.97668 0.48199 0.96341 0.46988 0.94304 0.46589 0.94229 0.45740 0.92622 0.44817 0.91725 0.43245 0.89259 0.41598 0.87502 0.39502 0.84214 0.36969 0.81205 0.35596 0.78776 0.33950 0.77020 0.31130 0.72871 0.28759 0.70255 0.26301 0.66537 0.25216 0.65248 0.24816 0.65173 0.24492 0.64388 0.23930 0.63921 0.22271 0.60352 0.21872 0.60277 0.20137 0.57419 0.19738 0.57344 0.18652 0.56055 0.17442 0.54018 0.16282 0.53439 0.15795 0.52261 0.14872 0.51364 0.13662 0.49328 0.12538 0.48393 0.11328 0.46357 0.09769 0.45703 0.09606 0.45310 0.08209 0.45048 0.08047 0.44656 0.03455 0.43796 0.03292 0.43404 0.00253 0.42947 0.00000 0.45343 0.00000 0.91131 0.47375 1.00000 0.50989 1.00000
1 0.40108 0.67855 0.42211 0.66257 0.43865 0.63127 0.44314 0.58867 0.43977 0.56270 0.43085 0.54112 0.41999 0.52823 0.40602 0.52561 0.39529 0.53084 0.37476 0.56139 0.36540 0.59222 0.36390 0.60642 0.36652 0.63950 0.37706 0.66500 0.38106 0.66575 0.38511 0.67556 0.38274 0.67873 0.37974 0.70714 0.37020 0.71078 0.36427 0.71872 0.36233 0.72741 0.34399 0.72759 0.34043 0.73236 0.33894 0.74656 0.35871 0.78104 0.36233 0.78533 0.36950 0.78487 0.40900 0.78683 0.41137 0.78365 0.41736 0.78477 0.42566 0.77366 0.42716 0.75946 0.41387 0.74068 0.40987 0.73993 0.40894 0.71984 0.40651 0.71396 0.40052 0.71284 0.39809 0.70695 0.40108 0.67855
7 0.16519 0.53121 0.19632 0.53523 0.20144 0.52532 0.20219 0.51822 0.19975 0.51234 0.19539 0.51514 0.18696 0.50813 0.19745 0.40873 0.18903 0.40172 0.18348 0.40611 0.17374 0.49842 0.16662 0.50795 0.16275 0.52532 0.16519 0.53121
6 0.50989 1.00000 0.49484 0.97668 0.48199 0.96341 0.46988 0.94304 0.46589 0.94229 0.45740 0.92622 0.44817 0.91725 0.43245 0.89259 0.41598 0.87502 0.39502 0.84214 0.36969 0.81205 0.35596 0.78776 0.33950 0.77020 0.31130 0.72871 0.28759 0.70255 0.26301 0.66537 0.25216 0.65248 0.24816 0.65173 0.24492 0.64388 0.23930 0.63921 0.22271 0.60352 0.21872 0.60277 0.20137 0.57419 0.19738 0.57344 0.18652 0.56055 0.17442 0.54018 0.16282 0.53439 0.15795 0.52261 0.14872 0.51364 0.13662 0.49328 0.12538 0.48393 0.11328 0.46357 0.09769 0.45703 0.09606 0.45310 0.08209 0.45048 0.08047 0.44656 0.03455 0.43796 0.03292 0.43404 0.00253 0.42947 0.00000 0.45343 0.00000 0.91131 0.47375 1.00000 0.50989 1.00000
1 0.40108 0.67855 0.42211 0.66257 0.43865 0.63127 0.44314 0.58867 0.43977 0.56270 0.43085 0.54112 0.41999 0.52823 0.40602 0.52561 0.39529 0.53084 0.37476 0.56139 0.36540 0.59222 0.36390 0.60642 0.36652 0.63950 0.37706 0.66500 0.38106 0.66575 0.38511 0.67556 0.38274 0.67873 0.37974 0.70714 0.37020 0.71078 0.36427 0.71872 0.36233 0.72741 0.34399 0.72759 0.34043 0.73236 0.33894 0.74656 0.35871 0.78104 0.36233 0.78533 0.36950 0.78487 0.40900 0.78683 0.41137 0.78365 0.41736 0.78477 0.42566 0.77366 0.42716 0.75946 0.41387 0.74068 0.40987 0.73993 0.40894 0.71984 0.40651 0.71396 0.40052 0.71284 0.39809 0.70695 0.40108 0.67855
7 0.16519 0.53121 0.19632 0.53523 0.20144 0.52532 0.20219 0.51822 0.19975 0.51234 0.19539 0.51514 0.18696 0.50813 0.19745 0.40873 0.18903 0.40172 0.18348 0.40611 0.17374 0.49842 0.16662 0.50795 0.16275 0.52532 0.16519 0.53121
6 0.50989 1.00000 0.49484 0.97668 0.48199 0.96341 0.46988 0.94304 0.46589 0.94229 0.45740 0.92622 0.44817 0.91725 0.43245 0.89259 0.41598 0.87502 0.39502 0.84214 0.36969 0.81205 0.35596 0.78776 0.33950 0.77020 0.31130 0.72871 0.28759 0.70255 0.26301 0.66537 0.25216 0.65248 0.24816 0.65173 0.24492 0.64388 0.23930 0.63921 0.22271 0.60352 0.21872 0.60277 0.20137 0.57419 0.19738 0.57344 0.18652 0.56055 0.17442 0.54018 0.16282 0.53439 0.15795 0.52261 0.14872 0.51364 0.13662 0.49328 0.12538 0.48393 0.11328 0.46357 0.09769 0.45703 0.09606 0.45310 0.08209 0.45048 0.08047 0.44656 0.03455 0.43796 0.03292 0.43404 0.00253 0.42947 0.00000 0.45343 0.00000 0.91131 0.47375 1.00000 0.50989 1.00000
1 0.40108 0.67855 0.42211 0.66257 0.43865 0.63127 0.44314 0.58867 0.43977 0.56270 0.43085 0.54112 0.41999 0.52823 0.40602 0.52561 0.39529 0.53084 0.37476 0.56139 0.36540 0.59222 0.36390 0.60642 0.36652 0.63950 0.37706 0.66500 0.38106 0.66575 0.38511 0.67556 0.38274 0.67873 0.37974 0.70714 0.37020 0.71078 0.36427 0.71872 0.36233 0.72741 0.34399 0.72759 0.34043 0.73236 0.33894 0.74656 0.35871 0.78104 0.36233 0.78533 0.36950 0.78487 0.40900 0.78683 0.41137 0.78365 0.41736 0.78477 0.42566 0.77366 0.42716 0.75946 0.41387 0.74068 0.40987 0.73993 0.40894 0.71984 0.40651 0.71396 0.40052 0.71284 0.39809 0.70695 0.40108 0.67855
7 0.16519 0.53121 0.19632 0.53523 0.20144 0.52532 0.20219 0.51822 0.19975 0.51234 0.19539 0.51514 0.18696 0.50813 0.19745 0.40873 0.18903 0.40172 0.18348 0.40611 0.17374 0.49842 0.16662 0.50795 0.16275 0.52532 0.16519 0.53121
