7 0.43652 0.63281 0.43848 0.63542 0.44824 0.63542 0.45020 0.63281 0.45215 0.63281 0.45508 0.62891 0.45508 0.58464 0.45313 0.58203 0.45313 0.57422 0.44824 0.56771 0.44629 0.57031 0.44434 0.57031 0.44043 0.57552 0.43555 0.56901 0.43750 0.56641 0.43750 0.52995 0.43555 0.52734 0.43555 0.51172 0.43750 0.50911 0.43750 0.48568 0.43555 0.48307 0.43555 0.47005 0.43750 0.46745 0.43750 0.42839 0.43457 0.42448 0.43262 0.42448 0.43066 0.42188 0.40332 0.42188 0.40039 0.42578 0.40039 0.43359 0.39844 0.43620 0.39844 0.45964 0.40039 0.46224 0.40039 0.48828 0.39844 0.49089 0.39844 0.49609 0.40039 0.49870 0.40039 0.56380 0.40234 0.56641 0.40234 0.57161 0.40137 0.57292 0.39160 0.57292 0.38965 0.57031 0.38770 0.57292 0.38477 0.57422 0.38477 0.58203 0.38281 0.58464 0.38281 0.63411 0.38574 0.63542 0.38770 0.63802 0.39355 0.63802 0.39453 0.63672 0.39551 0.63542 0.42285 0.63542 0.42480 0.63281 0.43652 0.63281
6 0.97966 1.00000 1.00000 0.95900 0.96974 0.90939 0.99950 0.89947 1.00000 0.61839 0.00248 0.65476 0.00000 1.00000 0.97966 1.00000
7 0.43652 0.63281 0.43848 0.63542 0.44824 0.63542 0.45020 0.63281 0.45215 0.63281 0.45508 0.62891 0.45508 0.58464 0.45313 0.58203 0.45313 0.57422 0.44824 0.56771 0.44629 0.57031 0.44434 0.57031 0.44043 0.57552 0.43555 0.56901 0.43750 0.56641 0.43750 0.52995 0.43555 0.52734 0.43555 0.51172 0.43750 0.50911 0.43750 0.48568 0.43555 0.48307 0.43555 0.47005 0.43750 0.46745 0.43750 0.42839 0.43457 0.42448 0.43262 0.42448 0.43066 0.42188 0.40332 0.42188 0.40039 0.42578 0.40039 0.43359 0.39844 0.43620 0.39844 0.45964 0.40039 0.46224 0.40039 0.48828 0.39844 0.49089 0.39844 0.49609 0.40039 0.49870 0.40039 0.56380 0.40234 0.56641 0.40234 0.57161 0.40137 0.57292 0.39160 0.57292 0.38965 0.57031 0.38770 0.57292 0.38477 0.57422 0.38477 0.58203 0.38281 0.58464 0.38281 0.63411 0.38574 0.63542 0.38770 0.63802 0.39355 0.63802 0.39453 0.63672 0.39551 0.63542 0.42285 0.63542 0.42480 0.63281 0.43652 0.63281
6 0.97966 1.00000 1.00000 0.95900 0.96974 0.90939 0.99950 0.89947 1.00000 0.61839 0.00248 0.65476 0.00000 1.00000 0.97966 1.00000
7 0.43652 0.63281 0.43848 0.63542 0.44824 0.63542 0.45020 0.63281 0.45215 0.63281 0.45508 0.62891 0.45508 0.58464 0.45313 0.58203 0.45313 0.57422 0.44824 0.56771 0.44629 0.57031 0.44434 0.57031 0.44043 0.57552 0.43555 0.56901 0.43750 0.56641 0.43750 0.52995 0.43555 0.52734 0.43555 0.51172 0.43750 0.50911 0.43750 0.48568 0.43555 0.48307 0.43555 0.47005 0.43750 0.46745 0.43750 0.42839 0.43457 0.42448 0.43262 0.42448 0.43066 0.42188 0.40332 0.42188 0.40039 0.42578 0.40039 0.43359 0.39844 0.43620 0.39844 0.45964 0.40039 0.46224 0.40039 0.48828 0.39844 0.49089 0.39844 0.49609 0.40039 0.49870 0.40039 0.56380 0.40234 0.56641 0.40234 0.57161 0.40137 0.57292 0.39160 0.57292 0.38965 0.57031 0.38770 0.57292 0.38477 0.57422 0.38477 0.58203 0.38281 0.58464 0.38281 0.63411 0.38574 0.63542 0.38770 0.63802 0.39355 0.63802 0.39453 0.63672 0.39551 0.63542 0.42285 0.63542 0.42480 0.63281 0.43652 0.63281
6 0.97966 1.00000 1.00000 0.95900 0.96974 0.90939 0.99950 0.89947 1.00000 0.61839 0.00248 0.65476 0.00000 1.00000 0.97966 1.00000
7 0.43652 0.63281 0.43848 0.63542 0.44824 0.63542 0.45020 0.63281 0.45215 0.63281 0.45508 0.62891 0.45508 0.58464 0.45313 0.58203 0.45313 0.57422 0.44824 0.56771 0.44629 0.57031 0.44434 0.57031 0.44043 0.57552 0.43555 0.56901 0.43750 0.56641 0.43750 0.52995 0.43555 0.52734 0.43555 0.51172 0.43750 0.50911 0.43750 0.48568 0.43555 0.48307 0.43555 0.47005 0.43750 0.46745 0.43750 0.42839 0.43457 0.42448 0.43262 0.42448 0.43066 0.42188 0.40332 0.42188 0.40039 0.42578 0.40039 0.43359 0.39844 0.43620 0.39844 0.45964 0.40039 0.46224 0.40039 0.48828 0.39844 0.49089 0.39844 0.49609 0.40039 0.49870 0.40039 0.56380 0.40234 0.56641 0.40234 0.57161 0.40137 0.57292 0.39160 0.57292 0.38965 0.57031 0.38770 0.57292 0.38477 0.57422 0.38477 0.58203 0.38281 0.58464 0.38281 0.63411 0.38574 0.63542 0.38770 0.63802 0.39355 0.63802 0.39453 0.63672 0.39551 0.63542 0.42285 0.63542 0.42480 0.63281 0.43652 0.63281
6 0.97966 1.00000 1.00000 0.95900 0.96974 0.90939 0.99950 0.89947 1.00000 0.61839 0.00248 0.65476 0.00000 1.00000 0.97966 1.00000
7 0.43652 0.63281 0.43848 0.63542 0.44824 0.63542 0.45020 0.63281 0.45215 0.63281 0.45508 0.62891 0.45508 0.58464 0.45313 0.58203 0.45313 0.57422 0.44824 0.56771 0.44629 0.57031 0.44434 0.57031 0.44043 0.57552 0.43555 0.56901 0.43750 0.56641 0.43750 0.52995 0.43555 0.52734 0.43555 0.51172 0.43750 0.50911 0.43750 0.48568 0.43555 0.48307 0.43555 0.47005 0.43750 0.46745 0.43750 0.42839 0.43457 0.42448 0.43262 0.42448 0.43066 0.42188 0.40332 0.42188 0.40039 0.42578 0.40039 0.43359 0.39844 0.43620 0.39844 0.45964 0.40039 0.46224 0.40039 0.48828 0.39844 0.49089 0.39844 0.49609 0.40039 0.49870 0.40039 0.56380 0.40234 0.56641 0.40234 0.57161 0.40137 0.57292 0.39160 0.57292 0.38965 0.57031 0.38770 0.57292 0.38477 0.57422 0.38477 0.58203 0.38281 0.58464 0.38281 0.63411 0.38574 0.63542 0.38770 0.63802 0.39355 0.63802 0.39453 0.63672 0.39551 0.63542 0.42285 0.63542 0.42480 0.63281 0.43652 0.63281
6 0.97966 1.00000 1.00000 0.95900 0.96974 0.90939 0.99950 0.89947 1.00000 0.61839 0.00248 0.65476 0.00000 1.00000 0.97966 1.00000
