6 0.00648 0.00000 0.00530 0.09005 0.16832 0.11094 0.18570 0.07864 0.19834 0.08397 0.20278 0.06898 0.20304 0.04886 0.20179 0.03626 0.19082 0.01085 0.18923 0.00000 0.00648 0.00000
6 0.40609 0.00000 0.40128 0.01322 0.21634 0.00389 0.21569 0.05419 0.22416 0.05439 0.22655 0.08714 0.25332 0.09280 0.25582 0.11801 0.35165 0.13533 0.00726 0.98862 0.49672 1.00000 0.99352 1.00000 0.99872 0.60347 0.67644 0.00403 0.50328 0.00000 0.40609 0.00000
6 0.00648 0.00000 0.00530 0.09005 0.16832 0.11094 0.18570 0.07864 0.19834 0.08397 0.20278 0.06898 0.20304 0.04886 0.20179 0.03626 0.19082 0.01085 0.18923 0.00000 0.00648 0.00000
6 0.40609 0.00000 0.40128 0.01322 0.21634 0.00389 0.21569 0.05419 0.22416 0.05439 0.22655 0.08714 0.25332 0.09280 0.25582 0.11801 0.35165 0.13533 0.00726 0.98862 0.49672 1.00000 0.99352 1.00000 0.99872 0.60347 0.67644 0.00403 0.50328 0.00000 0.40609 0.00000
6 0.00648 0.00000 0.00530 0.09005 0.16832 0.11094 0.18570 0.07864 0.19834 0.08397 0.20278 0.06898 0.20304 0.04886 0.20179 0.03626 0.19082 0.01085 0.18923 0.00000 0.00648 0.00000
6 0.40609 0.00000 0.40128 0.01322 0.21634 0.00389 0.21569 0.05419 0.22416 0.05439 0.22655 0.08714 0.25332 0.09280 0.25582 0.11801 0.35165 0.13533 0.00726 0.98862 0.49672 1.00000 0.99352 1.00000 0.99872 0.60347 0.67644 0.00403 0.50328 0.00000 0.40609 0.00000
6 0.00648 0.00000 0.00530 0.09005 0.16832 0.11094 0.18570 0.07864 0.19834 0.08397 0.20278 0.06898 0.20304 0.04886 0.20179 0.03626 0.19082 0.01085 0.18923 0.00000 0.00648 0.00000
6 0.40609 0.00000 0.40128 0.01322 0.21634 0.00389 0.21569 0.05419 0.22416 0.05439 0.22655 0.08714 0.25332 0.09280 0.25582 0.11801 0.35165 0.13533 0.00726 0.98862 0.49672 1.00000 0.99352 1.00000 0.99872 0.60347 0.67644 0.00403 0.50328 0.00000 0.40609 0.00000
6 0.00648 0.00000 0.00530 0.09005 0.16832 0.11094 0.18570 0.07864 0.19834 0.08397 0.20278 0.06898 0.20304 0.04886 0.20179 0.03626 0.19082 0.01085 0.18923 0.00000 0.00648 0.00000
6 0.40609 0.00000 0.40128 0.01322 0.21634 0.00389 0.21569 0.05419 0.22416 0.05439 0.22655 0.08714 0.25332 0.09280 0.25582 0.11801 0.35165 0.13533 0.00726 0.98862 0.49672 1.00000 0.99352 1.00000 0.99872 0.60347 0.67644 0.00403 0.50328 0.00000 0.40609 0.00000
6 0.00648 0.00000 0.00530 0.09005 0.16832 0.11094 0.18570 0.07864 0.19834 0.08397 0.20278 0.06898 0.20304 0.04886 0.20179 0.03626 0.19082 0.01085 0.18923 0.00000 0.00648 0.00000
6 0.40609 0.00000 0.40128 0.01322 0.21634 0.00389 0.21569 0.05419 0.22416 0.05439 0.22655 0.08714 0.25332 0.09280 0.25582 0.11801 0.35165 0.13533 0.00726 0.98862 0.49672 1.00000 0.99352 1.00000 0.99872 0.60347 0.67644 0.00403 0.50328 0.00000 0.40609 0.00000
