6 0.00000 0.89028 0.21792 0.94146 0.20133 0.91900 0.19722 0.91804 0.17393 0.88623 0.16983 0.88526 0.15740 0.86729 0.15330 0.86633 0.12844 0.83039 0.11709 0.82020 0.10720 0.79906 0.09272 0.78061 0.08294 0.77455 0.04107 0.72333 0.02562 0.71217 0.00000 0.67808 0.00000 0.89028
5 0.21586 0.79031 0.21887 0.77434 0.20285 0.77058 0.20825 0.72976 0.22211 0.73302 0.25143 0.68352 0.25650 0.61483 0.23845 0.57248 0.20722 0.57229 0.18215 0.61325 0.16518 0.68073 0.18704 0.72478 0.18840 0.77513 0.16581 0.77379 0.15929 0.79608 0.12944 0.79225 0.12396 0.82352 0.16443 0.85843 0.23715 0.84534 0.24138 0.82013 0.21586 0.79031
6 0.00000 0.89028 0.21792 0.94146 0.20133 0.91900 0.19722 0.91804 0.17393 0.88623 0.16983 0.88526 0.15740 0.86729 0.15330 0.86633 0.12844 0.83039 0.11709 0.82020 0.10720 0.79906 0.09272 0.78061 0.08294 0.77455 0.04107 0.72333 0.02562 0.71217 0.00000 0.67808 0.00000 0.89028
5 0.21586 0.79031 0.21887 0.77434 0.20285 0.77058 0.20825 0.72976 0.22211 0.73302 0.25143 0.68352 0.25650 0.61483 0.23845 0.57248 0.20722 0.57229 0.18215 0.61325 0.16518 0.68073 0.18704 0.72478 0.18840 0.77513 0.16581 0.77379 0.15929 0.79608 0.12944 0.79225 0.12396 0.82352 0.16443 0.85843 0.23715 0.84534 0.24138 0.82013 0.21586 0.79031
6 0.00000 0.89028 0.21792 0.94146 0.20133 0.91900 0.19722 0.91804 0.17393 0.88623 0.16983 0.88526 0.15740 0.86729 0.15330 0.86633 0.12844 0.83039 0.11709 0.82020 0.10720 0.79906 0.09272 0.78061 0.08294 0.77455 0.04107 0.72333 0.02562 0.71217 0.00000 0.67808 0.00000 0.89028
5 0.21586 0.79031 0.21887 0.77434 0.20285 0.77058 0.20825 0.72976 0.22211 0.73302 0.25143 0.68352 0.25650 0.61483 0.23845 0.57248 0.20722 0.57229 0.18215 0.61325 0.16518 0.68073 0.18704 0.72478 0.18840 0.77513 0.16581 0.77379 0.15929 0.79608 0.12944 0.79225 0.12396 0.82352 0.16443 0.85843 0.23715 0.84534 0.24138 0.82013 0.21586 0.79031
6 0.00000 0.89028 0.21792 0.94146 0.20133 0.91900 0.19722 0.91804 0.17393 0.88623 0.16983 0.88526 0.15740 0.86729 0.15330 0.86633 0.12844 0.83039 0.11709 0.82020 0.10720 0.79906 0.09272 0.78061 0.08294 0.77455 0.04107 0.72333 0.02562 0.71217 0.00000 0.67808 0.00000 0.89028
5 0.21586 0.79031 0.21887 0.77434 0.20285 0.77058 0.20825 0.72976 0.22211 0.73302 0.25143 0.68352 0.25650 0.61483 0.23845 0.57248 0.20722 0.57229 0.18215 0.61325 0.16518 0.68073 0.18704 0.72478 0.18840 0.77513 0.16581 0.77379 0.15929 0.79608 0.12944 0.79225 0.12396 0.82352 0.16443 0.85843 0.23715 0.84534 0.24138 0.82013 0.21586 0.79031
6 0.00000 0.89028 0.21792 0.94146 0.20133 0.91900 0.19722 0.91804 0.17393 0.88623 0.16983 0.88526 0.15740 0.86729 0.15330 0.86633 0.12844 0.83039 0.11709 0.82020 0.10720 0.79906 0.09272 0.78061 0.08294 0.77455 0.04107 0.72333 0.02562 0.71217 0.00000 0.67808 0.00000 0.89028
5 0.21586 0.79031 0.21887 0.77434 0.20285 0.77058 0.20825 0.72976 0.22211 0.73302 0.25143 0.68352 0.25650 0.61483 0.23845 0.57248 0.20722 0.57229 0.18215 0.61325 0.16518 0.68073 0.18704 0.72478 0.18840 0.77513 0.16581 0.77379 0.15929 0.79608 0.12944 0.79225 0.12396 0.82352 0.16443 0.85843 0.23715 0.84534 0.24138 0.82013 0.21586 0.79031
6 0.00000 0.89028 0.21792 0.94146 0.20133 0.91900 0.19722 0.91804 0.17393 0.88623 0.16983 0.88526 0.15740 0.86729 0.15330 0.86633 0.12844 0.83039 0.11709 0.82020 0.10720 0.79906 0.09272 0.78061 0.08294 0.77455 0.04107 0.72333 0.02562 0.71217 0.00000 0.67808 0.00000 0.89028
5 0.21586 0.79031 0.21887 0.77434 0.20285 0.77058 0.20825 0.72976 0.22211 0.73302 0.25143 0.68352 0.25650 0.61483 0.23845 0.57248 0.20722 0.57229 0.18215 0.61325 0.16518 0.68073 0.18704 0.72478 0.18840 0.77513 0.16581 0.77379 0.15929 0.79608 0.12944 0.79225 0.12396 0.82352 0.16443 0.85843 0.23715 0.84534 0.24138 0.82013 0.21586 0.79031
