6 0.51967 1.00000 0.60495 0.98806 0.56208 0.94877 0.51760 0.90157 0.51094 0.89869 0.49914 0.88507 0.47886 0.87265 0.46010 0.85237 0.44889 0.84631 0.40926 0.80606 0.36567 0.77018 0.34208 0.74295 0.33783 0.74355 0.33087 0.73689 0.31360 0.73549 0.31118 0.73202 0.30058 0.73350 0.28938 0.72743 0.27452 0.72951 0.27211 0.72604 0.23999 0.72671 0.23757 0.72324 0.02118 0.75353 0.01936 0.75761 0.01760 0.75794 0.03670 1.00000 0.51967 1.00000
2 0.52199 0.79410 0.51836 0.78888 0.51747 0.77755 0.51505 0.77408 0.51416 0.76275 0.51750 0.75084 0.51936 0.72004 0.52424 0.70028 0.52335 0.68895 0.52762 0.66164 0.52706 0.62737 0.52102 0.61868 0.45373 0.63573 0.44978 0.64010 0.44735 0.64998 0.46246 0.67839 0.46547 0.68942 0.47816 0.71436 0.47876 0.72191 0.49629 0.75380 0.49778 0.77268 0.50020 0.77616 0.50228 0.80258 0.49318 0.80958 0.49045 0.81569 0.49406 0.83426 0.49132 0.84037 0.47465 0.84652 0.47463 0.85988 0.48734 0.87146 0.49613 0.87405 0.50550 0.88418 0.50854 0.88185 0.51280 0.86789 0.53584 0.86085 0.54585 0.85182 0.55645 0.85033 0.56159 0.86106 0.56584 0.86047 0.56768 0.84304 0.56649 0.82794 0.56286 0.82272 0.54317 0.81785 0.53260 0.79261 0.52199 0.79410
6 0.51967 1.00000 0.60495 0.98806 0.56208 0.94877 0.51760 0.90157 0.51094 0.89869 0.49914 0.88507 0.47886 0.87265 0.46010 0.85237 0.44889 0.84631 0.40926 0.80606 0.36567 0.77018 0.34208 0.74295 0.33783 0.74355 0.33087 0.73689 0.31360 0.73549 0.31118 0.73202 0.30058 0.73350 0.28938 0.72743 0.27452 0.72951 0.27211 0.72604 0.23999 0.72671 0.23757 0.72324 0.02118 0.75353 0.01936 0.75761 0.01760 0.75794 0.03670 1.00000 0.51967 1.00000
2 0.52199 0.79410 0.51836 0.78888 0.51747 0.77755 0.51505 0.77408 0.51416 0.76275 0.51750 0.75084 0.51936 0.72004 0.52424 0.70028 0.52335 0.68895 0.52762 0.66164 0.52706 0.62737 0.52102 0.61868 0.45373 0.63573 0.44978 0.64010 0.44735 0.64998 0.46246 0.67839 0.46547 0.68942 0.47816 0.71436 0.47876 0.72191 0.49629 0.75380 0.49778 0.77268 0.50020 0.77616 0.50228 0.80258 0.49318 0.80958 0.49045 0.81569 0.49406 0.83426 0.49132 0.84037 0.47465 0.84652 0.47463 0.85988 0.48734 0.87146 0.49613 0.87405 0.50550 0.88418 0.50854 0.88185 0.51280 0.86789 0.53584 0.86085 0.54585 0.85182 0.55645 0.85033 0.56159 0.86106 0.56584 0.86047 0.56768 0.84304 0.56649 0.82794 0.56286 0.82272 0.54317 0.81785 0.53260 0.79261 0.52199 0.79410
6 0.51967 1.00000 0.60495 0.98806 0.56208 0.94877 0.51760 0.90157 0.51094 0.89869 0.49914 0.88507 0.47886 0.87265 0.46010 0.85237 0.44889 0.84631 0.40926 0.80606 0.36567 0.77018 0.34208 0.74295 0.33783 0.74355 0.33087 0.73689 0.31360 0.73549 0.31118 0.73202 0.30058 0.73350 0.28938 0.72743 0.27452 0.72951 0.27211 0.72604 0.23999 0.72671 0.23757 0.72324 0.02118 0.75353 0.01936 0.75761 0.01760 0.75794 0.03670 1.00000 0.51967 1.00000
2 0.52199 0.79410 0.51836 0.78888 0.51747 0.77755 0.51505 0.77408 0.51416 0.76275 0.51750 0.75084 0.51936 0.72004 0.52424 0.70028 0.52335 0.68895 0.52762 0.66164 0.52706 0.62737 0.52102 0.61868 0.45373 0.63573 0.44978 0.64010 0.44735 0.64998 0.46246 0.67839 0.46547 0.68942 0.47816 0.71436 0.47876 0.72191 0.49629 0.75380 0.49778 0.77268 0.50020 0.77616 0.50228 0.80258 0.49318 0.80958 0.49045 0.81569 0.49406 0.83426 0.49132 0.84037 0.47465 0.84652 0.47463 0.85988 0.48734 0.87146 0.49613 0.87405 0.50550 0.88418 0.50854 0.88185 0.51280 0.86789 0.53584 0.86085 0.54585 0.85182 0.55645 0.85033 0.56159 0.86106 0.56584 0.86047 0.56768 0.84304 0.56649 0.82794 0.56286 0.82272 0.54317 0.81785 0.53260 0.79261 0.52199 0.79410
6 0.51967 1.00000 0.60495 0.98806 0.56208 0.94877 0.51760 0.90157 0.51094 0.89869 0.49914 0.88507 0.47886 0.87265 0.46010 0.85237 0.44889 0.84631 0.40926 0.80606 0.36567 0.77018 0.34208 0.74295 0.33783 0.74355 0.33087 0.73689 0.31360 0.73549 0.31118 0.73202 0.30058 0.73350 0.28938 0.72743 0.27452 0.72951 0.27211 0.72604 0.23999 0.72671 0.23757 0.72324 0.02118 0.75353 0.01936 0.75761 0.01760 0.75794 0.03670 1.00000 0.51967 1.00000
2 0.52199 0.79410 0.51836 0.78888 0.51747 0.77755 0.51505 0.77408 0.51416 0.76275 0.51750 0.75084 0.51936 0.72004 0.52424 0.70028 0.52335 0.68895 0.52762 0.66164 0.52706 0.62737 0.52102 0.61868 0.45373 0.63573 0.44978 0.64010 0.44735 0.64998 0.46246 0.67839 0.46547 0.68942 0.47816 0.71436 0.47876 0.72191 0.49629 0.75380 0.49778 0.77268 0.50020 0.77616 0.50228 0.80258 0.49318 0.80958 0.49045 0.81569 0.49406 0.83426 0.49132 0.84037 0.47465 0.84652 0.47463 0.85988 0.48734 0.87146 0.49613 0.87405 0.50550 0.88418 0.50854 0.88185 0.51280 0.86789 0.53584 0.86085 0.54585 0.85182 0.55645 0.85033 0.56159 0.86106 0.56584 0.86047 0.56768 0.84304 0.56649 0.82794 0.56286 0.82272 0.54317 0.81785 0.53260 0.79261 0.52199 0.79410
6 0.51967 1.00000 0.60495 0.98806 0.56208 0.94877 0.51760 0.90157 0.51094 0.89869 0.49914 0.88507 0.47886 0.87265 0.46010 0.85237 0.44889 0.84631 0.40926 0.80606 0.36567 0.77018 0.34208 0.74295 0.33783 0.74355 0.33087 0.73689 0.31360 0.73549 0.31118 0.73202 0.30058 0.73350 0.28938 0.72743 0.27452 0.72951 0.27211 0.72604 0.23999 0.72671 0.23757 0.72324 0.02118 0.75353 0.01936 0.75761 0.01760 0.75794 0.03670 1.00000 0.51967 1.00000
2 0.52199 0.79410 0.51836 0.78888 0.51747 0.77755 0.51505 0.77408 0.51416 0.76275 0.51750 0.75084 0.51936 0.72004 0.52424 0.70028 0.52335 0.68895 0.52762 0.66164 0.52706 0.62737 0.52102 0.61868 0.45373 0.63573 0.44978 0.64010 0.44735 0.64998 0.46246 0.67839 0.46547 0.68942 0.47816 0.71436 0.47876 0.72191 0.49629 0.75380 0.49778 0.77268 0.50020 0.77616 0.50228 0.80258 0.49318 0.80958 0.49045 0.81569 0.49406 0.83426 0.49132 0.84037 0.47465 0.84652 0.47463 0.85988 0.48734 0.87146 0.49613 0.87405 0.50550 0.88418 0.50854 0.88185 0.51280 0.86789 0.53584 0.86085 0.54585 0.85182 0.55645 0.85033 0.56159 0.86106 0.56584 0.86047 0.56768 0.84304 0.56649 0.82794 0.56286 0.82272 0.54317 0.81785 0.53260 0.79261 0.52199 0.79410
6 0.51967 1.00000 0.60495 0.98806 0.56208 0.94877 0.51760 0.90157 0.51094 0.89869 0.49914 0.88507 0.47886 0.87265 0.46010 0.85237 0.44889 0.84631 0.40926 0.80606 0.36567 0.77018 0.34208 0.74295 0.33783 0.74355 0.33087 0.73689 0.31360 0.73549 0.31118 0.73202 0.30058 0.73350 0.28938 0.72743 0.27452 0.72951 0.27211 0.72604 0.23999 0.72671 0.23757 0.72324 0.02118 0.75353 0.01936 0.75761 0.01760 0.75794 0.03670 1.00000 0.51967 1.00000
2 0.52199 0.79410 0.51836 0.78888 0.51747 0.77755 0.51505 0.77408 0.51416 0.76275 0.51750 0.75084 0.51936 0.72004 0.52424 0.70028 0.52335 0.68895 0.52762 0.66164 0.52706 0.62737 0.52102 0.61868 0.45373 0.63573 0.44978 0.64010 0.44735 0.64998 0.46246 0.67839 0.46547 0.68942 0.47816 0.71436 0.47876 0.72191 0.49629 0.75380 0.49778 0.77268 0.50020 0.77616 0.50228 0.80258 0.49318 0.80958 0.49045 0.81569 0.49406 0.83426 0.49132 0.84037 0.47465 0.84652 0.47463 0.85988 0.48734 0.87146 0.49613 0.87405 0.50550 0.88418 0.50854 0.88185 0.51280 0.86789 0.53584 0.86085 0.54585 0.85182 0.55645 0.85033 0.56159 0.86106 0.56584 0.86047 0.56768 0.84304 0.56649 0.82794 0.56286 0.82272 0.54317 0.81785 0.53260 0.79261 0.52199 0.79410
