6 1.00000 0.64648 0.73549 0.37604 0.57957 0.21292 0.49549 0.19168 0.41830 0.19627 0.33643 0.20913 0.23517 0.23548 0.14446 0.26973 0.01787 0.30575 0.00000 0.31229 0.00000 0.41118 0.08282 0.38234 0.19368 0.34187 0.21842 0.33970 0.22837 0.35510 0.22165 0.38347 0.07418 1.00000 0.52625 1.00000 1.00000 0.91131 1.00000 0.64648
5 1.00000 0.45343 0.99719 0.42677 0.99658 0.42824 0.98402 0.41765 0.97904 0.37050 0.98893 0.35571 0.98964 0.35527 0.96405 0.11269 0.94123 0.12057 0.93619 0.14185 0.91388 0.18670 0.90011 0.23366 0.90278 0.25905 0.90113 0.26305 0.90801 0.32833 0.91165 0.33320 0.91573 0.33243 0.91770 0.34131 0.92338 0.34579 0.93103 0.35915 0.93511 0.35839 0.93951 0.37051 0.94640 0.37662 0.94972 0.42777 0.94595 0.44142 0.92797 0.44848 0.92338 0.46413 0.90094 0.46833 0.89928 0.47234 0.89686 0.46910 0.87811 0.46891 0.87435 0.48255 0.87703 0.50794 0.88104 0.51643 0.88755 0.51891 0.90170 0.53476 0.91267 0.54010 0.93129 0.55880 0.93537 0.55804 0.94672 0.56701 0.97567 0.56529 0.97733 0.56128 0.98753 0.55937 0.98918 0.55536 1.00000 0.55023 1.00000 0.45343
6 1.00000 0.64648 0.73549 0.37604 0.57957 0.21292 0.49549 0.19168 0.41830 0.19627 0.33643 0.20913 0.23517 0.23548 0.14446 0.26973 0.01787 0.30575 0.00000 0.31229 0.00000 0.41118 0.08282 0.38234 0.19368 0.34187 0.21842 0.33970 0.22837 0.35510 0.22165 0.38347 0.07418 1.00000 0.52625 1.00000 1.00000 0.91131 1.00000 0.64648
5 1.00000 0.45343 0.99719 0.42677 0.99658 0.42824 0.98402 0.41765 0.97904 0.37050 0.98893 0.35571 0.98964 0.35527 0.96405 0.11269 0.94123 0.12057 0.93619 0.14185 0.91388 0.18670 0.90011 0.23366 0.90278 0.25905 0.90113 0.26305 0.90801 0.32833 0.91165 0.33320 0.91573 0.33243 0.91770 0.34131 0.92338 0.34579 0.93103 0.35915 0.93511 0.35839 0.93951 0.37051 0.94640 0.37662 0.94972 0.42777 0.94595 0.44142 0.92797 0.44848 0.92338 0.46413 0.90094 0.46833 0.89928 0.47234 0.89686 0.46910 0.87811 0.46891 0.87435 0.48255 0.87703 0.50794 0.88104 0.51643 0.88755 0.51891 0.90170 0.53476 0.91267 0.54010 0.93129 0.55880 0.93537 0.55804 0.94672 0.56701 0.97567 0.56529 0.97733 0.56128 0.98753 0.55937 0.98918 0.55536 1.00000 0.55023 1.00000 0.45343
6 1.00000 0.64648 0.73549 0.37604 0.57957 0.21292 0.49549 0.19168 0.41830 0.19627 0.33643 0.20913 0.23517 0.23548 0.14446 0.26973 0.01787 0.30575 0.00000 0.31229 0.00000 0.41118 0.08282 0.38234 0.19368 0.34187 0.21842 0.33970 0.22837 0.35510 0.22165 0.38347 0.07418 1.00000 0.52625 1.00000 1.00000 0.91131 1.00000 0.64648
5 1.00000 0.45343 0.99719 0.42677 0.99658 0.42824 0.98402 0.41765 0.97904 0.37050 0.98893 0.35571 0.98964 0.35527 0.96405 0.11269 0.94123 0.12057 0.93619 0.14185 0.91388 0.18670 0.90011 0.23366 0.90278 0.25905 0.90113 0.26305 0.90801 0.32833 0.91165 0.33320 0.91573 0.33243 0.91770 0.34131 0.92338 0.34579 0.93103 0.35915 0.93511 0.35839 0.93951 0.37051 0.94640 0.37662 0.94972 0.42777 0.94595 0.44142 0.92797 0.44848 0.92338 0.46413 0.90094 0.46833 0.89928 0.47234 0.89686 0.46910 0.87811 0.46891 0.87435 0.48255 0.87703 0.50794 0.88104 0.51643 0.88755 0.51891 0.90170 0.53476 0.91267 0.54010 0.93129 0.55880 0.93537 0.55804 0.94672 0.56701 0.97567 0.56529 0.97733 0.56128 0.98753 0.55937 0.98918 0.55536 1.00000 0.55023 1.00000 0.45343
6 1.00000 0.64648 0.73549 0.37604 0.57957 0.21292 0.49549 0.19168 0.41830 0.19627 0.33643 0.20913 0.23517 0.23548 0.14446 0.26973 0.01787 0.30575 0.00000 0.31229 0.00000 0.41118 0.08282 0.38234 0.19368 0.34187 0.21842 0.33970 0.22837 0.35510 0.22165 0.38347 0.07418 1.00000 0.52625 1.00000 1.00000 0.91131 1.00000 0.64648
5 1.00000 0.45343 0.99719 0.42677 0.99658 0.42824 0.98402 0.41765 0.97904 0.37050 0.98893 0.35571 0.98964 0.35527 0.96405 0.11269 0.94123 0.12057 0.93619 0.14185 0.91388 0.18670 0.90011 0.23366 0.90278 0.25905 0.90113 0.26305 0.90801 0.32833 0.91165 0.33320 0.91573 0.33243 0.91770 0.34131 0.92338 0.34579 0.93103 0.35915 0.93511 0.35839 0.93951 0.37051 0.94640 0.37662 0.94972 0.42777 0.94595 0.44142 0.92797 0.44848 0.92338 0.46413 0.90094 0.46833 0.89928 0.47234 0.89686 0.46910 0.87811 0.46891 0.87435 0.48255 0.87703 0.50794 0.88104 0.51643 0.88755 0.51891 0.90170 0.53476 0.91267 0.54010 0.93129 0.55880 0.93537 0.55804 0.94672 0.56701 0.97567 0.56529 0.97733 0.56128 0.98753 0.55937 0.98918 0.55536 1.00000 0.55023 1.00000 0.45343
6 1.00000 0.64648 0.73549 0.37604 0.57957 0.21292 0.49549 0.19168 0.41830 0.19627 0.33643 0.20913 0.23517 0.23548 0.14446 0.26973 0.01787 0.30575 0.00000 0.31229 0.00000 0.41118 0.08282 0.38234 0.19368 0.34187 0.21842 0.33970 0.22837 0.35510 0.22165 0.38347 0.07418 1.00000 0.52625 1.00000 1.00000 0.91131 1.00000 0.64648
5 1.00000 0.45343 0.99719 0.42677 0.99658 0.42824 0.98402 0.41765 0.97904 0.37050 0.98893 0.35571 0.98964 0.35527 0.96405 0.11269 0.94123 0.12057 0.93619 0.14185 0.91388 0.18670 0.90011 0.23366 0.90278 0.25905 0.90113 0.26305 0.90801 0.32833 0.91165 0.33320 0.91573 0.33243 0.91770 0.34131 0.92338 0.34579 0.93103 0.35915 0.93511 0.35839 0.93951 0.37051 0.94640 0.37662 0.94972 0.42777 0.94595 0.44142 0.92797 0.44848 0.92338 0.46413 0.90094 0.46833 0.89928 0.47234 0.89686 0.46910 0.87811 0.46891 0.87435 0.48255 0.87703 0.50794 0.88104 0.51643 0.88755 0.51891 0.90170 0.53476 0.91267 0.54010 0.93129 0.55880 0.93537 0.55804 0.94672 0.56701 0.97567 0.56529 0.97733 0.56128 0.98753 0.55937 0.98918 0.55536 1.00000 0.55023 1.00000 0.45343
6 1.00000 0.64648 0.73549 0.37604 0.57957 0.21292 0.49549 0.19168 0.41830 0.19627 0.33643 0.20913 0.23517 0.23548 0.14446 0.26973 0.01787 0.30575 0.00000 0.31229 0.00000 0.41118 0.08282 0.38234 0.19368 0.34187 0.21842 0.33970 0.22837 0.35510 0.22165 0.38347 0.07418 1.00000 0.52625 1.00000 1.00000 0.91131 1.00000 0.64648
5 1.00000 0.45343 0.99719 0.42677 0.99658 0.42824 0.98402 0.41765 0.97904 0.37050 0.98893 0.35571 0.98964 0.35527 0.96405 0.11269 0.94123 0.12057 0.93619 0.14185 0.91388 0.18670 0.90011 0.23366 0.90278 0.25905 0.90113 0.26305 0.90801 0.32833 0.91165 0.33320 0.91573 0.33243 0.91770 0.34131 0.92338 0.34579 0.93103 0.35915 0.93511 0.35839 0.93951 0.37051 0.94640 0.37662 0.94972 0.42777 0.94595 0.44142 0.92797 0.44848 0.92338 0.46413 0.90094 0.46833 0.89928 0.47234 0.89686 0.46910 0.87811 0.46891 0.87435 0.48255 0.87703 0.50794 0.88104 0.51643 0.88755 0.51891 0.90170 0.53476 0.91267 0.54010 0.93129 0.55880 0.93537 0.55804 0.94672 0.56701 0.97567 0.56529 0.97733 0.56128 0.98753 0.55937 0.98918 0.55536 1.00000 0.55023 1.00000 0.45343
