4 0.72363 0.54861 0.71875 0.53646 0.71094 0.52604 0.70899 0.51562 0.71191 0.51042 0.71973 0.50695 0.72852 0.49132 0.73242 0.47743 0.73242 0.45660 0.72852 0.44271 0.71973 0.42708 0.70996 0.42014 0.69629 0.42361 0.68359 0.44271 0.67969 0.46007 0.67969 0.47396 0.68555 0.49827 0.69043 0.50695 0.69727 0.51215 0.69727 0.52604 0.69043 0.53125 0.68945 0.53993 0.68652 0.54514 0.68066 0.54514 0.67773 0.55035 0.67773 0.56077 0.68262 0.57292 0.69824 0.59028 0.70996 0.59028 0.71191 0.58680 0.71582 0.59028 0.72070 0.58854 0.72754 0.58680 0.73047 0.58160 0.73047 0.55382 0.72363 0.54861
7 0.39844 0.52257 0.40234 0.51215 0.40234 0.41840 0.39746 0.40625 0.38770 0.40625 0.38477 0.41146 0.38672 0.52604 0.37207 0.52430 0.36426 0.53125 0.36523 0.54340 0.36230 0.54861 0.36133 0.53993 0.36328 0.53646 0.35840 0.53472 0.35156 0.54688 0.35156 0.57465 0.35352 0.57812 0.35156 0.58507 0.36035 0.59375 0.39453 0.59202 0.40625 0.57118 0.41211 0.54340 0.40918 0.52778 0.39844 0.52257
7 0.42871 0.48958 0.42383 0.47743 0.42187 0.39757 0.41894 0.38889 0.40918 0.38889 0.40430 0.39410 0.40625 0.49479 0.41113 0.51042 0.42578 0.50868 0.43359 0.49479 0.43359 0.48090 0.43262 0.47917 0.42871 0.48958
6 1.00000 0.98438 0.97852 0.94965 0.97559 0.93055 0.96387 0.93403 0.95996 0.91667 0.95410 0.92014 0.95020 0.91320 0.94629 0.91320 0.93652 0.89236 0.92969 0.89062 0.92773 0.88368 0.92969 0.88021 0.92871 0.87500 0.92285 0.87847 0.92187 0.86979 0.91894 0.86458 0.91699 0.87153 0.91406 0.86632 0.91211 0.85938 0.91309 0.85070 0.90723 0.84722 0.89941 0.85070 0.88965 0.83680 0.88379 0.83333 0.83887 0.77083 0.82129 0.75347 0.82031 0.74827 0.80957 0.73264 0.80566 0.73264 0.80371 0.72570 0.79785 0.72222 0.79394 0.71180 0.77637 0.69445 0.75684 0.66667 0.74707 0.65972 0.73926 0.64583 0.73535 0.64583 0.73145 0.63889 0.72559 0.63542 0.70020 0.59722 0.68066 0.57639 0.67969 0.57118 0.66504 0.54861 0.66113 0.54861 0.65820 0.53993 0.65039 0.52952 0.65527 0.52778 0.65625 0.51910 0.65918 0.51389 0.66504 0.51389 0.66601 0.51215 0.66309 0.50695 0.65723 0.50695 0.65527 0.50347 0.61816 0.50347 0.61621 0.50000 0.61035 0.50000 0.60840 0.50347 0.57324 0.50347 0.57129 0.50695 0.56152 0.50695 0.55957 0.50347 0.55566 0.50695 0.54785 0.50695 0.54590 0.50347 0.53613 0.50347 0.53418 0.50695 0.53027 0.50347 0.52246 0.50347 0.52051 0.50695 0.50488 0.50347 0.50293 0.50695 0.46973 0.50695 0.46777 0.51042 0.46191 0.51042 0.45996 0.50695 0.45801 0.51042 0.43848 0.51042 0.43066 0.51736 0.42187 0.53646 0.42187 0.54340 0.41406 0.55729 0.41406 0.56423 0.39258 0.60590 0.38281 0.63368 0.33789 0.71702 0.33399 0.73090 0.32422 0.74827 0.32227 0.75868 0.27539 0.85243 0.26953 0.86979 0.26367 0.87673 0.24219 0.92882 0.23926 0.93055 0.23535 0.94097 0.23340 0.93750 0.23047 0.93923 0.23047 0.95312 0.21680 0.98090 0.21289 0.99479 1.00000 0.99479 1.00000 0.98438
6 0.10645 0.56597 0.12793 0.56597 0.12988 0.56250 0.20801 0.55903 0.21094 0.55382 0.21094 0.54340 0.21484 0.53646 0.21680 0.52257 0.12207 0.52083 0.12012 0.52430 0.09082 0.52430 0.08887 0.52778 0.03809 0.52778 0.03613 0.52430 0.00098 0.52778 0.00000 0.57465 0.01758 0.57465 0.03613 0.57292 0.03809 0.56945 0.10449 0.56945 0.10645 0.56597
6 0.69531 0.51910 0.68652 0.50695 0.68066 0.51042 0.66894 0.50347 0.64746 0.50347 0.64551 0.50000 0.63672 0.50521 0.63672 0.51215 0.65723 0.54167 0.66699 0.54861 0.67578 0.54688 0.68652 0.54167 0.68750 0.53298 0.69238 0.52778 0.69531 0.51910
6 1.00000 0.49827 0.91504 0.49653 0.91309 0.50000 0.86035 0.50000 0.85840 0.50347 0.80566 0.50347 0.80371 0.50695 0.72168 0.50695 0.71484 0.51562 0.71875 0.53646 0.72363 0.54514 0.72949 0.54861 0.74707 0.54861 0.74902 0.54514 0.77637 0.54514 0.77832 0.54861 0.80078 0.54688 0.85254 0.54514 0.85449 0.54167 0.91504 0.54167 0.91699 0.54514 0.99512 0.54167 1.00000 0.53646 1.00000 0.49827
4 0.72363 0.54861 0.71875 0.53646 0.71094 0.52604 0.70899 0.51562 0.71191 0.51042 0.71973 0.50695 0.72852 0.49132 0.73242 0.47743 0.73242 0.45660 0.72852 0.44271 0.71973 0.42708 0.70996 0.42014 0.69629 0.42361 0.68359 0.44271 0.67969 0.46007 0.67969 0.47396 0.68555 0.49827 0.69043 0.50695 0.69727 0.51215 0.69727 0.52604 0.69043 0.53125 0.68945 0.53993 0.68652 0.54514 0.68066 0.54514 0.67773 0.55035 0.67773 0.56077 0.68262 0.57292 0.69824 0.59028 0.70996 0.59028 0.71191 0.58680 0.71582 0.59028 0.72070 0.58854 0.72754 0.58680 0.73047 0.58160 0.73047 0.55382 0.72363 0.54861
7 0.39844 0.52257 0.40234 0.51215 0.40234 0.41840 0.39746 0.40625 0.38770 0.40625 0.38477 0.41146 0.38672 0.52604 0.37207 0.52430 0.36426 0.53125 0.36523 0.54340 0.36230 0.54861 0.36133 0.53993 0.36328 0.53646 0.35840 0.53472 0.35156 0.54688 0.35156 0.57465 0.35352 0.57812 0.35156 0.58507 0.36035 0.59375 0.39453 0.59202 0.40625 0.57118 0.41211 0.54340 0.40918 0.52778 0.39844 0.52257
7 0.42871 0.48958 0.42383 0.47743 0.42187 0.39757 0.41894 0.38889 0.40918 0.38889 0.40430 0.39410 0.40625 0.49479 0.41113 0.51042 0.42578 0.50868 0.43359 0.49479 0.43359 0.48090 0.43262 0.47917 0.42871 0.48958
6 1.00000 0.98438 0.97852 0.94965 0.97559 0.93055 0.96387 0.93403 0.95996 0.91667 0.95410 0.92014 0.95020 0.91320 0.94629 0.91320 0.93652 0.89236 0.92969 0.89062 0.92773 0.88368 0.92969 0.88021 0.92871 0.87500 0.92285 0.87847 0.92187 0.86979 0.91894 0.86458 0.91699 0.87153 0.91406 0.86632 0.91211 0.85938 0.91309 0.85070 0.90723 0.84722 0.89941 0.85070 0.88965 0.83680 0.88379 0.83333 0.83887 0.77083 0.82129 0.75347 0.82031 0.74827 0.80957 0.73264 0.80566 0.73264 0.80371 0.72570 0.79785 0.72222 0.79394 0.71180 0.77637 0.69445 0.75684 0.66667 0.74707 0.65972 0.73926 0.64583 0.73535 0.64583 0.73145 0.63889 0.72559 0.63542 0.70020 0.59722 0.68066 0.57639 0.67969 0.57118 0.66504 0.54861 0.66113 0.54861 0.65820 0.53993 0.65039 0.52952 0.65527 0.52778 0.65625 0.51910 0.65918 0.51389 0.66504 0.51389 0.66601 0.51215 0.66309 0.50695 0.65723 0.50695 0.65527 0.50347 0.61816 0.50347 0.61621 0.50000 0.61035 0.50000 0.60840 0.50347 0.57324 0.50347 0.57129 0.50695 0.56152 0.50695 0.55957 0.50347 0.55566 0.50695 0.54785 0.50695 0.54590 0.50347 0.53613 0.50347 0.53418 0.50695 0.53027 0.50347 0.52246 0.50347 0.52051 0.50695 0.50488 0.50347 0.50293 0.50695 0.46973 0.50695 0.46777 0.51042 0.46191 0.51042 0.45996 0.50695 0.45801 0.51042 0.43848 0.51042 0.43066 0.51736 0.42187 0.53646 0.42187 0.54340 0.41406 0.55729 0.41406 0.56423 0.39258 0.60590 0.38281 0.63368 0.33789 0.71702 0.33399 0.73090 0.32422 0.74827 0.32227 0.75868 0.27539 0.85243 0.26953 0.86979 0.26367 0.87673 0.24219 0.92882 0.23926 0.93055 0.23535 0.94097 0.23340 0.93750 0.23047 0.93923 0.23047 0.95312 0.21680 0.98090 0.21289 0.99479 1.00000 0.99479 1.00000 0.98438
6 0.10645 0.56597 0.12793 0.56597 0.12988 0.56250 0.20801 0.55903 0.21094 0.55382 0.21094 0.54340 0.21484 0.53646 0.21680 0.52257 0.12207 0.52083 0.12012 0.52430 0.09082 0.52430 0.08887 0.52778 0.03809 0.52778 0.03613 0.52430 0.00098 0.52778 0.00000 0.57465 0.01758 0.57465 0.03613 0.57292 0.03809 0.56945 0.10449 0.56945 0.10645 0.56597
6 0.69531 0.51910 0.68652 0.50695 0.68066 0.51042 0.66894 0.50347 0.64746 0.50347 0.64551 0.50000 0.63672 0.50521 0.63672 0.51215 0.65723 0.54167 0.66699 0.54861 0.67578 0.54688 0.68652 0.54167 0.68750 0.53298 0.69238 0.52778 0.69531 0.51910
6 1.00000 0.49827 0.91504 0.49653 0.91309 0.50000 0.86035 0.50000 0.85840 0.50347 0.80566 0.50347 0.80371 0.50695 0.72168 0.50695 0.71484 0.51562 0.71875 0.53646 0.72363 0.54514 0.72949 0.54861 0.74707 0.54861 0.74902 0.54514 0.77637 0.54514 0.77832 0.54861 0.80078 0.54688 0.85254 0.54514 0.85449 0.54167 0.91504 0.54167 0.91699 0.54514 0.99512 0.54167 1.00000 0.53646 1.00000 0.49827
4 0.72363 0.54861 0.71875 0.53646 0.71094 0.52604 0.70899 0.51562 0.71191 0.51042 0.71973 0.50695 0.72852 0.49132 0.73242 0.47743 0.73242 0.45660 0.72852 0.44271 0.71973 0.42708 0.70996 0.42014 0.69629 0.42361 0.68359 0.44271 0.67969 0.46007 0.67969 0.47396 0.68555 0.49827 0.69043 0.50695 0.69727 0.51215 0.69727 0.52604 0.69043 0.53125 0.68945 0.53993 0.68652 0.54514 0.68066 0.54514 0.67773 0.55035 0.67773 0.56077 0.68262 0.57292 0.69824 0.59028 0.70996 0.59028 0.71191 0.58680 0.71582 0.59028 0.72070 0.58854 0.72754 0.58680 0.73047 0.58160 0.73047 0.55382 0.72363 0.54861
7 0.39844 0.52257 0.40234 0.51215 0.40234 0.41840 0.39746 0.40625 0.38770 0.40625 0.38477 0.41146 0.38672 0.52604 0.37207 0.52430 0.36426 0.53125 0.36523 0.54340 0.36230 0.54861 0.36133 0.53993 0.36328 0.53646 0.35840 0.53472 0.35156 0.54688 0.35156 0.57465 0.35352 0.57812 0.35156 0.58507 0.36035 0.59375 0.39453 0.59202 0.40625 0.57118 0.41211 0.54340 0.40918 0.52778 0.39844 0.52257
7 0.42871 0.48958 0.42383 0.47743 0.42187 0.39757 0.41894 0.38889 0.40918 0.38889 0.40430 0.39410 0.40625 0.49479 0.41113 0.51042 0.42578 0.50868 0.43359 0.49479 0.43359 0.48090 0.43262 0.47917 0.42871 0.48958
6 1.00000 0.98438 0.97852 0.94965 0.97559 0.93055 0.96387 0.93403 0.95996 0.91667 0.95410 0.92014 0.95020 0.91320 0.94629 0.91320 0.93652 0.89236 0.92969 0.89062 0.92773 0.88368 0.92969 0.88021 0.92871 0.87500 0.92285 0.87847 0.92187 0.86979 0.91894 0.86458 0.91699 0.87153 0.91406 0.86632 0.91211 0.85938 0.91309 0.85070 0.90723 0.84722 0.89941 0.85070 0.88965 0.83680 0.88379 0.83333 0.83887 0.77083 0.82129 0.75347 0.82031 0.74827 0.80957 0.73264 0.80566 0.73264 0.80371 0.72570 0.79785 0.72222 0.79394 0.71180 0.77637 0.69445 0.75684 0.66667 0.74707 0.65972 0.73926 0.64583 0.73535 0.64583 0.73145 0.63889 0.72559 0.63542 0.70020 0.59722 0.68066 0.57639 0.67969 0.57118 0.66504 0.54861 0.66113 0.54861 0.65820 0.53993 0.65039 0.52952 0.65527 0.52778 0.65625 0.51910 0.65918 0.51389 0.66504 0.51389 0.66601 0.51215 0.66309 0.50695 0.65723 0.50695 0.65527 0.50347 0.61816 0.50347 0.61621 0.50000 0.61035 0.50000 0.60840 0.50347 0.57324 0.50347 0.57129 0.50695 0.56152 0.50695 0.55957 0.50347 0.55566 0.50695 0.54785 0.50695 0.54590 0.50347 0.53613 0.50347 0.53418 0.50695 0.53027 0.50347 0.52246 0.50347 0.52051 0.50695 0.50488 0.50347 0.50293 0.50695 0.46973 0.50695 0.46777 0.51042 0.46191 0.51042 0.45996 0.50695 0.45801 0.51042 0.43848 0.51042 0.43066 0.51736 0.42187 0.53646 0.42187 0.54340 0.41406 0.55729 0.41406 0.56423 0.39258 0.60590 0.38281 0.63368 0.33789 0.71702 0.33399 0.73090 0.32422 0.74827 0.32227 0.75868 0.27539 0.85243 0.26953 0.86979 0.26367 0.87673 0.24219 0.92882 0.23926 0.93055 0.23535 0.94097 0.23340 0.93750 0.23047 0.93923 0.23047 0.95312 0.21680 0.98090 0.21289 0.99479 1.00000 0.99479 1.00000 0.98438
6 0.10645 0.56597 0.12793 0.56597 0.12988 0.56250 0.20801 0.55903 0.21094 0.55382 0.21094 0.54340 0.21484 0.53646 0.21680 0.52257 0.12207 0.52083 0.12012 0.52430 0.09082 0.52430 0.08887 0.52778 0.03809 0.52778 0.03613 0.52430 0.00098 0.52778 0.00000 0.57465 0.01758 0.57465 0.03613 0.57292 0.03809 0.56945 0.10449 0.56945 0.10645 0.56597
6 0.69531 0.51910 0.68652 0.50695 0.68066 0.51042 0.66894 0.50347 0.64746 0.50347 0.64551 0.50000 0.63672 0.50521 0.63672 0.51215 0.65723 0.54167 0.66699 0.54861 0.67578 0.54688 0.68652 0.54167 0.68750 0.53298 0.69238 0.52778 0.69531 0.51910
6 1.00000 0.49827 0.91504 0.49653 0.91309 0.50000 0.86035 0.50000 0.85840 0.50347 0.80566 0.50347 0.80371 0.50695 0.72168 0.50695 0.71484 0.51562 0.71875 0.53646 0.72363 0.54514 0.72949 0.54861 0.74707 0.54861 0.74902 0.54514 0.77637 0.54514 0.77832 0.54861 0.80078 0.54688 0.85254 0.54514 0.85449 0.54167 0.91504 0.54167 0.91699 0.54514 0.99512 0.54167 1.00000 0.53646 1.00000 0.49827
4 0.72363 0.54861 0.71875 0.53646 0.71094 0.52604 0.70899 0.51562 0.71191 0.51042 0.71973 0.50695 0.72852 0.49132 0.73242 0.47743 0.73242 0.45660 0.72852 0.44271 0.71973 0.42708 0.70996 0.42014 0.69629 0.42361 0.68359 0.44271 0.67969 0.46007 0.67969 0.47396 0.68555 0.49827 0.69043 0.50695 0.69727 0.51215 0.69727 0.52604 0.69043 0.53125 0.68945 0.53993 0.68652 0.54514 0.68066 0.54514 0.67773 0.55035 0.67773 0.56077 0.68262 0.57292 0.69824 0.59028 0.70996 0.59028 0.71191 0.58680 0.71582 0.59028 0.72070 0.58854 0.72754 0.58680 0.73047 0.58160 0.73047 0.55382 0.72363 0.54861
7 0.39844 0.52257 0.40234 0.51215 0.40234 0.41840 0.39746 0.40625 0.38770 0.40625 0.38477 0.41146 0.38672 0.52604 0.37207 0.52430 0.36426 0.53125 0.36523 0.54340 0.36230 0.54861 0.36133 0.53993 0.36328 0.53646 0.35840 0.53472 0.35156 0.54688 0.35156 0.57465 0.35352 0.57812 0.35156 0.58507 0.36035 0.59375 0.39453 0.59202 0.40625 0.57118 0.41211 0.54340 0.40918 0.52778 0.39844 0.52257
7 0.42871 0.48958 0.42383 0.47743 0.42187 0.39757 0.41894 0.38889 0.40918 0.38889 0.40430 0.39410 0.40625 0.49479 0.41113 0.51042 0.42578 0.50868 0.43359 0.49479 0.43359 0.48090 0.43262 0.47917 0.42871 0.48958
6 1.00000 0.98438 0.97852 0.94965 0.97559 0.93055 0.96387 0.93403 0.95996 0.91667 0.95410 0.92014 0.95020 0.91320 0.94629 0.91320 0.93652 0.89236 0.92969 0.89062 0.92773 0.88368 0.92969 0.88021 0.92871 0.87500 0.92285 0.87847 0.92187 0.86979 0.91894 0.86458 0.91699 0.87153 0.91406 0.86632 0.91211 0.85938 0.91309 0.85070 0.90723 0.84722 0.89941 0.85070 0.88965 0.83680 0.88379 0.83333 0.83887 0.77083 0.82129 0.75347 0.82031 0.74827 0.80957 0.73264 0.80566 0.73264 0.80371 0.72570 0.79785 0.72222 0.79394 0.71180 0.77637 0.69445 0.75684 0.66667 0.74707 0.65972 0.73926 0.64583 0.73535 0.64583 0.73145 0.63889 0.72559 0.63542 0.70020 0.59722 0.68066 0.57639 0.67969 0.57118 0.66504 0.54861 0.66113 0.54861 0.65820 0.53993 0.65039 0.52952 0.65527 0.52778 0.65625 0.51910 0.65918 0.51389 0.66504 0.51389 0.66601 0.51215 0.66309 0.50695 0.65723 0.50695 0.65527 0.50347 0.61816 0.50347 0.61621 0.50000 0.61035 0.50000 0.60840 0.50347 0.57324 0.50347 0.57129 0.50695 0.56152 0.50695 0.55957 0.50347 0.55566 0.50695 0.54785 0.50695 0.54590 0.50347 0.53613 0.50347 0.53418 0.50695 0.53027 0.50347 0.52246 0.50347 0.52051 0.50695 0.50488 0.50347 0.50293 0.50695 0.46973 0.50695 0.46777 0.51042 0.46191 0.51042 0.45996 0.50695 0.45801 0.51042 0.43848 0.51042 0.43066 0.51736 0.42187 0.53646 0.42187 0.54340 0.41406 0.55729 0.41406 0.56423 0.39258 0.60590 0.38281 0.63368 0.33789 0.71702 0.33399 0.73090 0.32422 0.74827 0.32227 0.75868 0.27539 0.85243 0.26953 0.86979 0.26367 0.87673 0.24219 0.92882 0.23926 0.93055 0.23535 0.94097 0.23340 0.93750 0.23047 0.93923 0.23047 0.95312 0.21680 0.98090 0.21289 0.99479 1.00000 0.99479 1.00000 0.98438
6 0.10645 0.56597 0.12793 0.56597 0.12988 0.56250 0.20801 0.55903 0.21094 0.55382 0.21094 0.54340 0.21484 0.53646 0.21680 0.52257 0.12207 0.52083 0.12012 0.52430 0.09082 0.52430 0.08887 0.52778 0.03809 0.52778 0.03613 0.52430 0.00098 0.52778 0.00000 0.57465 0.01758 0.57465 0.03613 0.57292 0.03809 0.56945 0.10449 0.56945 0.10645 0.56597
6 0.69531 0.51910 0.68652 0.50695 0.68066 0.51042 0.66894 0.50347 0.64746 0.50347 0.64551 0.50000 0.63672 0.50521 0.63672 0.51215 0.65723 0.54167 0.66699 0.54861 0.67578 0.54688 0.68652 0.54167 0.68750 0.53298 0.69238 0.52778 0.69531 0.51910
6 1.00000 0.49827 0.91504 0.49653 0.91309 0.50000 0.86035 0.50000 0.85840 0.50347 0.80566 0.50347 0.80371 0.50695 0.72168 0.50695 0.71484 0.51562 0.71875 0.53646 0.72363 0.54514 0.72949 0.54861 0.74707 0.54861 0.74902 0.54514 0.77637 0.54514 0.77832 0.54861 0.80078 0.54688 0.85254 0.54514 0.85449 0.54167 0.91504 0.54167 0.91699 0.54514 0.99512 0.54167 1.00000 0.53646 1.00000 0.49827
4 0.72363 0.54861 0.71875 0.53646 0.71094 0.52604 0.70899 0.51562 0.71191 0.51042 0.71973 0.50695 0.72852 0.49132 0.73242 0.47743 0.73242 0.45660 0.72852 0.44271 0.71973 0.42708 0.70996 0.42014 0.69629 0.42361 0.68359 0.44271 0.67969 0.46007 0.67969 0.47396 0.68555 0.49827 0.69043 0.50695 0.69727 0.51215 0.69727 0.52604 0.69043 0.53125 0.68945 0.53993 0.68652 0.54514 0.68066 0.54514 0.67773 0.55035 0.67773 0.56077 0.68262 0.57292 0.69824 0.59028 0.70996 0.59028 0.71191 0.58680 0.71582 0.59028 0.72070 0.58854 0.72754 0.58680 0.73047 0.58160 0.73047 0.55382 0.72363 0.54861
7 0.39844 0.52257 0.40234 0.51215 0.40234 0.41840 0.39746 0.40625 0.38770 0.40625 0.38477 0.41146 0.38672 0.52604 0.37207 0.52430 0.36426 0.53125 0.36523 0.54340 0.36230 0.54861 0.36133 0.53993 0.36328 0.53646 0.35840 0.53472 0.35156 0.54688 0.35156 0.57465 0.35352 0.57812 0.35156 0.58507 0.36035 0.59375 0.39453 0.59202 0.40625 0.57118 0.41211 0.54340 0.40918 0.52778 0.39844 0.52257
7 0.42871 0.48958 0.42383 0.47743 0.42187 0.39757 0.41894 0.38889 0.40918 0.38889 0.40430 0.39410 0.40625 0.49479 0.41113 0.51042 0.42578 0.50868 0.43359 0.49479 0.43359 0.48090 0.43262 0.47917 0.42871 0.48958
6 1.00000 0.98438 0.97852 0.94965 0.97559 0.93055 0.96387 0.93403 0.95996 0.91667 0.95410 0.92014 0.95020 0.91320 0.94629 0.91320 0.93652 0.89236 0.92969 0.89062 0.92773 0.88368 0.92969 0.88021 0.92871 0.87500 0.92285 0.87847 0.92187 0.86979 0.91894 0.86458 0.91699 0.87153 0.91406 0.86632 0.91211 0.85938 0.91309 0.85070 0.90723 0.84722 0.89941 0.85070 0.88965 0.83680 0.88379 0.83333 0.83887 0.77083 0.82129 0.75347 0.82031 0.74827 0.80957 0.73264 0.80566 0.73264 0.80371 0.72570 0.79785 0.72222 0.79394 0.71180 0.77637 0.69445 0.75684 0.66667 0.74707 0.65972 0.73926 0.64583 0.73535 0.64583 0.73145 0.63889 0.72559 0.63542 0.70020 0.59722 0.68066 0.57639 0.67969 0.57118 0.66504 0.54861 0.66113 0.54861 0.65820 0.53993 0.65039 0.52952 0.65527 0.52778 0.65625 0.51910 0.65918 0.51389 0.66504 0.51389 0.66601 0.51215 0.66309 0.50695 0.65723 0.50695 0.65527 0.50347 0.61816 0.50347 0.61621 0.50000 0.61035 0.50000 0.60840 0.50347 0.57324 0.50347 0.57129 0.50695 0.56152 0.50695 0.55957 0.50347 0.55566 0.50695 0.54785 0.50695 0.54590 0.50347 0.53613 0.50347 0.53418 0.50695 0.53027 0.50347 0.52246 0.50347 0.52051 0.50695 0.50488 0.50347 0.50293 0.50695 0.46973 0.50695 0.46777 0.51042 0.46191 0.51042 0.45996 0.50695 0.45801 0.51042 0.43848 0.51042 0.43066 0.51736 0.42187 0.53646 0.42187 0.54340 0.41406 0.55729 0.41406 0.56423 0.39258 0.60590 0.38281 0.63368 0.33789 0.71702 0.33399 0.73090 0.32422 0.74827 0.32227 0.75868 0.27539 0.85243 0.26953 0.86979 0.26367 0.87673 0.24219 0.92882 0.23926 0.93055 0.23535 0.94097 0.23340 0.93750 0.23047 0.93923 0.23047 0.95312 0.21680 0.98090 0.21289 0.99479 1.00000 0.99479 1.00000 0.98438
6 0.10645 0.56597 0.12793 0.56597 0.12988 0.56250 0.20801 0.55903 0.21094 0.55382 0.21094 0.54340 0.21484 0.53646 0.21680 0.52257 0.12207 0.52083 0.12012 0.52430 0.09082 0.52430 0.08887 0.52778 0.03809 0.52778 0.03613 0.52430 0.00098 0.52778 0.00000 0.57465 0.01758 0.57465 0.03613 0.57292 0.03809 0.56945 0.10449 0.56945 0.10645 0.56597
6 0.69531 0.51910 0.68652 0.50695 0.68066 0.51042 0.66894 0.50347 0.64746 0.50347 0.64551 0.50000 0.63672 0.50521 0.63672 0.51215 0.65723 0.54167 0.66699 0.54861 0.67578 0.54688 0.68652 0.54167 0.68750 0.53298 0.69238 0.52778 0.69531 0.51910
6 1.00000 0.49827 0.91504 0.49653 0.91309 0.50000 0.86035 0.50000 0.85840 0.50347 0.80566 0.50347 0.80371 0.50695 0.72168 0.50695 0.71484 0.51562 0.71875 0.53646 0.72363 0.54514 0.72949 0.54861 0.74707 0.54861 0.74902 0.54514 0.77637 0.54514 0.77832 0.54861 0.80078 0.54688 0.85254 0.54514 0.85449 0.54167 0.91504 0.54167 0.91699 0.54514 0.99512 0.54167 1.00000 0.53646 1.00000 0.49827
4 0.72363 0.54861 0.71875 0.53646 0.71094 0.52604 0.70899 0.51562 0.71191 0.51042 0.71973 0.50695 0.72852 0.49132 0.73242 0.47743 0.73242 0.45660 0.72852 0.44271 0.71973 0.42708 0.70996 0.42014 0.69629 0.42361 0.68359 0.44271 0.67969 0.46007 0.67969 0.47396 0.68555 0.49827 0.69043 0.50695 0.69727 0.51215 0.69727 0.52604 0.69043 0.53125 0.68945 0.53993 0.68652 0.54514 0.68066 0.54514 0.67773 0.55035 0.67773 0.56077 0.68262 0.57292 0.69824 0.59028 0.70996 0.59028 0.71191 0.58680 0.71582 0.59028 0.72070 0.58854 0.72754 0.58680 0.73047 0.58160 0.73047 0.55382 0.72363 0.54861
7 0.39844 0.52257 0.40234 0.51215 0.40234 0.41840 0.39746 0.40625 0.38770 0.40625 0.38477 0.41146 0.38672 0.52604 0.37207 0.52430 0.36426 0.53125 0.36523 0.54340 0.36230 0.54861 0.36133 0.53993 0.36328 0.53646 0.35840 0.53472 0.35156 0.54688 0.35156 0.57465 0.35352 0.57812 0.35156 0.58507 0.36035 0.59375 0.39453 0.59202 0.40625 0.57118 0.41211 0.54340 0.40918 0.52778 0.39844 0.52257
7 0.42871 0.48958 0.42383 0.47743 0.42187 0.39757 0.41894 0.38889 0.40918 0.38889 0.40430 0.39410 0.40625 0.49479 0.41113 0.51042 0.42578 0.50868 0.43359 0.49479 0.43359 0.48090 0.43262 0.47917 0.42871 0.48958
6 1.00000 0.98438 0.97852 0.94965 0.97559 0.93055 0.96387 0.93403 0.95996 0.91667 0.95410 0.92014 0.95020 0.91320 0.94629 0.91320 0.93652 0.89236 0.92969 0.89062 0.92773 0.88368 0.92969 0.88021 0.92871 0.87500 0.92285 0.87847 0.92187 0.86979 0.91894 0.86458 0.91699 0.87153 0.91406 0.86632 0.91211 0.85938 0.91309 0.85070 0.90723 0.84722 0.89941 0.85070 0.88965 0.83680 0.88379 0.83333 0.83887 0.77083 0.82129 0.75347 0.82031 0.74827 0.80957 0.73264 0.80566 0.73264 0.80371 0.72570 0.79785 0.72222 0.79394 0.71180 0.77637 0.69445 0.75684 0.66667 0.74707 0.65972 0.73926 0.64583 0.73535 0.64583 0.73145 0.63889 0.72559 0.63542 0.70020 0.59722 0.68066 0.57639 0.67969 0.57118 0.66504 0.54861 0.66113 0.54861 0.65820 0.53993 0.65039 0.52952 0.65527 0.52778 0.65625 0.51910 0.65918 0.51389 0.66504 0.51389 0.66601 0.51215 0.66309 0.50695 0.65723 0.50695 0.65527 0.50347 0.61816 0.50347 0.61621 0.50000 0.61035 0.50000 0.60840 0.50347 0.57324 0.50347 0.57129 0.50695 0.56152 0.50695 0.55957 0.50347 0.55566 0.50695 0.54785 0.50695 0.54590 0.50347 0.53613 0.50347 0.53418 0.50695 0.53027 0.50347 0.52246 0.50347 0.52051 0.50695 0.50488 0.50347 0.50293 0.50695 0.46973 0.50695 0.46777 0.51042 0.46191 0.51042 0.45996 0.50695 0.45801 0.51042 0.43848 0.51042 0.43066 0.51736 0.42187 0.53646 0.42187 0.54340 0.41406 0.55729 0.41406 0.56423 0.39258 0.60590 0.38281 0.63368 0.33789 0.71702 0.33399 0.73090 0.32422 0.74827 0.32227 0.75868 0.27539 0.85243 0.26953 0.86979 0.26367 0.87673 0.24219 0.92882 0.23926 0.93055 0.23535 0.94097 0.23340 0.93750 0.23047 0.93923 0.23047 0.95312 0.21680 0.98090 0.21289 0.99479 1.00000 0.99479 1.00000 0.98438
6 0.10645 0.56597 0.12793 0.56597 0.12988 0.56250 0.20801 0.55903 0.21094 0.55382 0.21094 0.54340 0.21484 0.53646 0.21680 0.52257 0.12207 0.52083 0.12012 0.52430 0.09082 0.52430 0.08887 0.52778 0.03809 0.52778 0.03613 0.52430 0.00098 0.52778 0.00000 0.57465 0.01758 0.57465 0.03613 0.57292 0.03809 0.56945 0.10449 0.56945 0.10645 0.56597
6 0.69531 0.51910 0.68652 0.50695 0.68066 0.51042 0.66894 0.50347 0.64746 0.50347 0.64551 0.50000 0.63672 0.50521 0.63672 0.51215 0.65723 0.54167 0.66699 0.54861 0.67578 0.54688 0.68652 0.54167 0.68750 0.53298 0.69238 0.52778 0.69531 0.51910
6 1.00000 0.49827 0.91504 0.49653 0.91309 0.50000 0.86035 0.50000 0.85840 0.50347 0.80566 0.50347 0.80371 0.50695 0.72168 0.50695 0.71484 0.51562 0.71875 0.53646 0.72363 0.54514 0.72949 0.54861 0.74707 0.54861 0.74902 0.54514 0.77637 0.54514 0.77832 0.54861 0.80078 0.54688 0.85254 0.54514 0.85449 0.54167 0.91504 0.54167 0.91699 0.54514 0.99512 0.54167 1.00000 0.53646 1.00000 0.49827
