6 1.00000 0.84340 0.99271 0.83291 0.98601 0.83002 0.97841 0.81572 0.97414 0.81632 0.96714 0.80962 0.95955 0.79532 0.95528 0.79592 0.94828 0.78922 0.94068 0.77493 0.93428 0.77582 0.91084 0.75222 0.85394 0.68723 0.82381 0.66073 0.80921 0.63974 0.79551 0.63014 0.78121 0.61294 0.73251 0.56984 0.71548 0.54535 0.71121 0.54595 0.70421 0.53925 0.66861 0.49815 0.65735 0.49205 0.65310 0.47921 0.65463 0.47131 0.65222 0.45437 0.64765 0.45117 0.63272 0.45326 0.63028 0.44976 0.61748 0.45155 0.61381 0.45975 0.61138 0.45625 0.60071 0.45774 0.59888 0.46184 0.54767 0.46901 0.54584 0.47311 0.54340 0.46961 0.53944 0.47400 0.53487 0.47080 0.53090 0.47520 0.52634 0.47200 0.52237 0.47639 0.51780 0.47319 0.51384 0.47759 0.50927 0.47438 0.50530 0.47878 0.49860 0.47588 0.49677 0.47997 0.46263 0.48475 0.46079 0.48885 0.45836 0.48535 0.44770 0.48684 0.44586 0.49094 0.42452 0.49393 0.41659 0.50272 0.41504 0.52405 0.40096 0.56442 0.40157 0.57202 0.39820 0.58401 0.39056 0.59660 0.38413 0.62438 0.36212 0.67354 0.35722 0.69342 0.34438 0.72209 0.34314 0.73379 0.33457 0.76187 0.30613 0.83880 0.28042 0.92304 0.26422 0.96370 0.25402 1.00000 0.51967 1.00000 1.00000 0.93275 1.00000 0.84340
6 0.67075 0.49786 0.68660 0.49371 0.69391 0.49077 0.69423 0.48113 0.70187 0.46854 0.70127 0.46094 0.69762 0.45570 0.68422 0.44989 0.64063 0.45791 0.64123 0.46551 0.64975 0.47775 0.66345 0.48736 0.66618 0.49465 0.67075 0.49786
6 0.89911 0.41213 0.89728 0.41622 0.83754 0.42459 0.83570 0.42868 0.74823 0.44093 0.74639 0.44503 0.72719 0.44771 0.72260 0.45796 0.72867 0.48014 0.73689 0.48859 0.79328 0.47878 0.87740 0.46508 0.87924 0.46098 0.93684 0.45292 0.93928 0.45642 0.95421 0.45433 0.95604 0.45023 0.99836 0.44431 0.99450 0.39541 0.98415 0.39638 0.98232 0.40048 0.93325 0.40735 0.93141 0.41144 0.90154 0.41563 0.89911 0.41213
6 0.20013 0.57526 0.20535 0.54573 0.20475 0.53814 0.13953 0.54535 0.13769 0.54945 0.13526 0.54595 0.13343 0.55004 0.09716 0.55512 0.09532 0.55921 0.00311 0.57437 0.00653 0.61772 0.06478 0.60957 0.06662 0.60547 0.07301 0.60457 0.07545 0.60807 0.08552 0.59898 0.20013 0.57526
4 0.73125 0.37611 0.71573 0.35716 0.69866 0.35955 0.69073 0.36834 0.68431 0.38268 0.68124 0.39847 0.68304 0.42126 0.69124 0.44315 0.69732 0.45189 0.70402 0.45480 0.70584 0.46414 0.69637 0.48083 0.69605 0.49047 0.68782 0.49546 0.68536 0.50541 0.69875 0.52465 0.71031 0.53455 0.73897 0.52862 0.74387 0.50873 0.74297 0.49734 0.73445 0.48509 0.72897 0.48394 0.72837 0.47635 0.71894 0.46615 0.71804 0.45475 0.72902 0.44362 0.73544 0.42928 0.73821 0.40969 0.73671 0.39070 0.73125 0.37611
7 0.38943 0.52764 0.38854 0.51625 0.38367 0.50925 0.39130 0.49666 0.38078 0.39062 0.36250 0.39126 0.36338 0.41609 0.36581 0.41959 0.37210 0.49935 0.37454 0.50285 0.37604 0.52184 0.38212 0.53058 0.38943 0.52764
7 0.38381 0.40171 0.39314 0.49256 0.41448 0.48957 0.41723 0.48343 0.42241 0.48079 0.42061 0.45800 0.41726 0.45655 0.41359 0.46474 0.40781 0.45979 0.39878 0.37274 0.39513 0.36749 0.38233 0.36928 0.37958 0.37543 0.38138 0.39821 0.38381 0.40171
6 1.00000 0.84340 0.99271 0.83291 0.98601 0.83002 0.97841 0.81572 0.97414 0.81632 0.96714 0.80962 0.95955 0.79532 0.95528 0.79592 0.94828 0.78922 0.94068 0.77493 0.93428 0.77582 0.91084 0.75222 0.85394 0.68723 0.82381 0.66073 0.80921 0.63974 0.79551 0.63014 0.78121 0.61294 0.73251 0.56984 0.71548 0.54535 0.71121 0.54595 0.70421 0.53925 0.66861 0.49815 0.65735 0.49205 0.65310 0.47921 0.65463 0.47131 0.65222 0.45437 0.64765 0.45117 0.63272 0.45326 0.63028 0.44976 0.61748 0.45155 0.61381 0.45975 0.61138 0.45625 0.60071 0.45774 0.59888 0.46184 0.54767 0.46901 0.54584 0.47311 0.54340 0.46961 0.53944 0.47400 0.53487 0.47080 0.53090 0.47520 0.52634 0.47200 0.52237 0.47639 0.51780 0.47319 0.51384 0.47759 0.50927 0.47438 0.50530 0.47878 0.49860 0.47588 0.49677 0.47997 0.46263 0.48475 0.46079 0.48885 0.45836 0.48535 0.44770 0.48684 0.44586 0.49094 0.42452 0.49393 0.41659 0.50272 0.41504 0.52405 0.40096 0.56442 0.40157 0.57202 0.39820 0.58401 0.39056 0.59660 0.38413 0.62438 0.36212 0.67354 0.35722 0.69342 0.34438 0.72209 0.34314 0.73379 0.33457 0.76187 0.30613 0.83880 0.28042 0.92304 0.26422 0.96370 0.25402 1.00000 0.51967 1.00000 1.00000 0.93275 1.00000 0.84340
6 0.67075 0.49786 0.68660 0.49371 0.69391 0.49077 0.69423 0.48113 0.70187 0.46854 0.70127 0.46094 0.69762 0.45570 0.68422 0.44989 0.64063 0.45791 0.64123 0.46551 0.64975 0.47775 0.66345 0.48736 0.66618 0.49465 0.67075 0.49786
6 0.89911 0.41213 0.89728 0.41622 0.83754 0.42459 0.83570 0.42868 0.74823 0.44093 0.74639 0.44503 0.72719 0.44771 0.72260 0.45796 0.72867 0.48014 0.73689 0.48859 0.79328 0.47878 0.87740 0.46508 0.87924 0.46098 0.93684 0.45292 0.93928 0.45642 0.95421 0.45433 0.95604 0.45023 0.99836 0.44431 0.99450 0.39541 0.98415 0.39638 0.98232 0.40048 0.93325 0.40735 0.93141 0.41144 0.90154 0.41563 0.89911 0.41213
6 0.20013 0.57526 0.20535 0.54573 0.20475 0.53814 0.13953 0.54535 0.13769 0.54945 0.13526 0.54595 0.13343 0.55004 0.09716 0.55512 0.09532 0.55921 0.00311 0.57437 0.00653 0.61772 0.06478 0.60957 0.06662 0.60547 0.07301 0.60457 0.07545 0.60807 0.08552 0.59898 0.20013 0.57526
4 0.73125 0.37611 0.71573 0.35716 0.69866 0.35955 0.69073 0.36834 0.68431 0.38268 0.68124 0.39847 0.68304 0.42126 0.69124 0.44315 0.69732 0.45189 0.70402 0.45480 0.70584 0.46414 0.69637 0.48083 0.69605 0.49047 0.68782 0.49546 0.68536 0.50541 0.69875 0.52465 0.71031 0.53455 0.73897 0.52862 0.74387 0.50873 0.74297 0.49734 0.73445 0.48509 0.72897 0.48394 0.72837 0.47635 0.71894 0.46615 0.71804 0.45475 0.72902 0.44362 0.73544 0.42928 0.73821 0.40969 0.73671 0.39070 0.73125 0.37611
7 0.38943 0.52764 0.38854 0.51625 0.38367 0.50925 0.39130 0.49666 0.38078 0.39062 0.36250 0.39126 0.36338 0.41609 0.36581 0.41959 0.37210 0.49935 0.37454 0.50285 0.37604 0.52184 0.38212 0.53058 0.38943 0.52764
7 0.38381 0.40171 0.39314 0.49256 0.41448 0.48957 0.41723 0.48343 0.42241 0.48079 0.42061 0.45800 0.41726 0.45655 0.41359 0.46474 0.40781 0.45979 0.39878 0.37274 0.39513 0.36749 0.38233 0.36928 0.37958 0.37543 0.38138 0.39821 0.38381 0.40171
6 1.00000 0.84340 0.99271 0.83291 0.98601 0.83002 0.97841 0.81572 0.97414 0.81632 0.96714 0.80962 0.95955 0.79532 0.95528 0.79592 0.94828 0.78922 0.94068 0.77493 0.93428 0.77582 0.91084 0.75222 0.85394 0.68723 0.82381 0.66073 0.80921 0.63974 0.79551 0.63014 0.78121 0.61294 0.73251 0.56984 0.71548 0.54535 0.71121 0.54595 0.70421 0.53925 0.66861 0.49815 0.65735 0.49205 0.65310 0.47921 0.65463 0.47131 0.65222 0.45437 0.64765 0.45117 0.63272 0.45326 0.63028 0.44976 0.61748 0.45155 0.61381 0.45975 0.61138 0.45625 0.60071 0.45774 0.59888 0.46184 0.54767 0.46901 0.54584 0.47311 0.54340 0.46961 0.53944 0.47400 0.53487 0.47080 0.53090 0.47520 0.52634 0.47200 0.52237 0.47639 0.51780 0.47319 0.51384 0.47759 0.50927 0.47438 0.50530 0.47878 0.49860 0.47588 0.49677 0.47997 0.46263 0.48475 0.46079 0.48885 0.45836 0.48535 0.44770 0.48684 0.44586 0.49094 0.42452 0.49393 0.41659 0.50272 0.41504 0.52405 0.40096 0.56442 0.40157 0.57202 0.39820 0.58401 0.39056 0.59660 0.38413 0.62438 0.36212 0.67354 0.35722 0.69342 0.34438 0.72209 0.34314 0.73379 0.33457 0.76187 0.30613 0.83880 0.28042 0.92304 0.26422 0.96370 0.25402 1.00000 0.51967 1.00000 1.00000 0.93275 1.00000 0.84340
6 0.67075 0.49786 0.68660 0.49371 0.69391 0.49077 0.69423 0.48113 0.70187 0.46854 0.70127 0.46094 0.69762 0.45570 0.68422 0.44989 0.64063 0.45791 0.64123 0.46551 0.64975 0.47775 0.66345 0.48736 0.66618 0.49465 0.67075 0.49786
6 0.89911 0.41213 0.89728 0.41622 0.83754 0.42459 0.83570 0.42868 0.74823 0.44093 0.74639 0.44503 0.72719 0.44771 0.72260 0.45796 0.72867 0.48014 0.73689 0.48859 0.79328 0.47878 0.87740 0.46508 0.87924 0.46098 0.93684 0.45292 0.93928 0.45642 0.95421 0.45433 0.95604 0.45023 0.99836 0.44431 0.99450 0.39541 0.98415 0.39638 0.98232 0.40048 0.93325 0.40735 0.93141 0.41144 0.90154 0.41563 0.89911 0.41213
6 0.20013 0.57526 0.20535 0.54573 0.20475 0.53814 0.13953 0.54535 0.13769 0.54945 0.13526 0.54595 0.13343 0.55004 0.09716 0.55512 0.09532 0.55921 0.00311 0.57437 0.00653 0.61772 0.06478 0.60957 0.06662 0.60547 0.07301 0.60457 0.07545 0.60807 0.08552 0.59898 0.20013 0.57526
4 0.73125 0.37611 0.71573 0.35716 0.69866 0.35955 0.69073 0.36834 0.68431 0.38268 0.68124 0.39847 0.68304 0.42126 0.69124 0.44315 0.69732 0.45189 0.70402 0.45480 0.70584 0.46414 0.69637 0.48083 0.69605 0.49047 0.68782 0.49546 0.68536 0.50541 0.69875 0.52465 0.71031 0.53455 0.73897 0.52862 0.74387 0.50873 0.74297 0.49734 0.73445 0.48509 0.72897 0.48394 0.72837 0.47635 0.71894 0.46615 0.71804 0.45475 0.72902 0.44362 0.73544 0.42928 0.73821 0.40969 0.73671 0.39070 0.73125 0.37611
7 0.38943 0.52764 0.38854 0.51625 0.38367 0.50925 0.39130 0.49666 0.38078 0.39062 0.36250 0.39126 0.36338 0.41609 0.36581 0.41959 0.37210 0.49935 0.37454 0.50285 0.37604 0.52184 0.38212 0.53058 0.38943 0.52764
7 0.38381 0.40171 0.39314 0.49256 0.41448 0.48957 0.41723 0.48343 0.42241 0.48079 0.42061 0.45800 0.41726 0.45655 0.41359 0.46474 0.40781 0.45979 0.39878 0.37274 0.39513 0.36749 0.38233 0.36928 0.37958 0.37543 0.38138 0.39821 0.38381 0.40171
