6 1.00000 0.54167 0.72266 0.06018 0.54427 0.04861 0.48698 0.19676 0.29297 0.17130 0.29427 0.20370 0.28646 0.21759 0.28646 0.29398 0.29167 0.28935 0.29297 0.31482 0.33073 0.32407 0.33203 0.35880 0.43359 0.36574 0.23177 1.00000 1.00000 1.00000 1.00000 0.54167
6 0.00000 0.31713 0.23177 0.34491 0.23047 0.35185 0.23958 0.31945 0.26823 0.30324 0.26953 0.28241 0.26562 0.26620 0.25911 0.26389 0.25521 0.25000 0.24479 0.22685 0.24479 0.20139 0.23958 0.18518 0.00000 0.15972 0.00000 0.31713
7 0.85059 0.17014 0.83399 0.16840 0.83594 0.13715 0.83789 0.13368 0.83789 0.11285 0.84180 0.09202 0.84375 0.04688 0.84570 0.04340 0.84570 0.01910 0.84082 0.01389 0.83106 0.01389 0.82617 0.01910 0.82617 0.03298 0.82422 0.03646 0.82422 0.05729 0.82227 0.06077 0.82227 0.07812 0.82031 0.08160 0.82031 0.10938 0.81836 0.11285 0.81836 0.13021 0.81641 0.13368 0.81641 0.16146 0.81445 0.16840 0.80273 0.18577 0.80078 0.20660 0.80371 0.21875 0.80957 0.21180 0.81543 0.21180 0.81738 0.21528 0.82324 0.21180 0.82520 0.21875 0.83106 0.21528 0.84863 0.21528 0.85156 0.22396 0.85352 0.22396 0.85742 0.21354 0.85938 0.17535 0.85449 0.16667 0.85059 0.17014
7 0.46191 0.00000 0.45899 0.00868 0.45899 0.02604 0.45313 0.05035 0.45508 0.07812 0.45899 0.09202 0.45703 0.09896 0.45703 0.14062 0.45215 0.14236 0.44531 0.15452 0.44531 0.19618 0.44824 0.20139 0.44922 0.19965 0.48633 0.19618 0.48633 0.17882 0.49023 0.16493 0.48828 0.15798 0.49023 0.14757 0.48438 0.14062 0.48438 0.11632 0.48633 0.11285 0.48633 0.07812 0.49023 0.07812 0.49023 0.06423 0.48828 0.06423 0.48730 0.07292 0.48633 0.05729 0.48438 0.05382 0.48438 0.00868 0.47949 0.00000 0.46191 0.00000
5 0.04199 0.14930 0.04492 0.14410 0.04492 0.13368 0.04199 0.12500 0.01855 0.12847 0.00977 0.10243 0.00977 0.08854 0.01367 0.08507 0.01953 0.06423 0.01953 0.03298 0.01367 0.00173 0.00098 0.00000 0.00000 0.15452 0.01855 0.15972 0.02637 0.15278 0.04199 0.14930
6 1.00000 0.54167 0.72266 0.06018 0.54427 0.04861 0.48698 0.19676 0.29297 0.17130 0.29427 0.20370 0.28646 0.21759 0.28646 0.29398 0.29167 0.28935 0.29297 0.31482 0.33073 0.32407 0.33203 0.35880 0.43359 0.36574 0.23177 1.00000 1.00000 1.00000 1.00000 0.54167
6 0.00000 0.31713 0.23177 0.34491 0.23047 0.35185 0.23958 0.31945 0.26823 0.30324 0.26953 0.28241 0.26562 0.26620 0.25911 0.26389 0.25521 0.25000 0.24479 0.22685 0.24479 0.20139 0.23958 0.18518 0.00000 0.15972 0.00000 0.31713
7 0.85059 0.17014 0.83399 0.16840 0.83594 0.13715 0.83789 0.13368 0.83789 0.11285 0.84180 0.09202 0.84375 0.04688 0.84570 0.04340 0.84570 0.01910 0.84082 0.01389 0.83106 0.01389 0.82617 0.01910 0.82617 0.03298 0.82422 0.03646 0.82422 0.05729 0.82227 0.06077 0.82227 0.07812 0.82031 0.08160 0.82031 0.10938 0.81836 0.11285 0.81836 0.13021 0.81641 0.13368 0.81641 0.16146 0.81445 0.16840 0.80273 0.18577 0.80078 0.20660 0.80371 0.21875 0.80957 0.21180 0.81543 0.21180 0.81738 0.21528 0.82324 0.21180 0.82520 0.21875 0.83106 0.21528 0.84863 0.21528 0.85156 0.22396 0.85352 0.22396 0.85742 0.21354 0.85938 0.17535 0.85449 0.16667 0.85059 0.17014
7 0.46191 0.00000 0.45899 0.00868 0.45899 0.02604 0.45313 0.05035 0.45508 0.07812 0.45899 0.09202 0.45703 0.09896 0.45703 0.14062 0.45215 0.14236 0.44531 0.15452 0.44531 0.19618 0.44824 0.20139 0.44922 0.19965 0.48633 0.19618 0.48633 0.17882 0.49023 0.16493 0.48828 0.15798 0.49023 0.14757 0.48438 0.14062 0.48438 0.11632 0.48633 0.11285 0.48633 0.07812 0.49023 0.07812 0.49023 0.06423 0.48828 0.06423 0.48730 0.07292 0.48633 0.05729 0.48438 0.05382 0.48438 0.00868 0.47949 0.00000 0.46191 0.00000
5 0.04199 0.14930 0.04492 0.14410 0.04492 0.13368 0.04199 0.12500 0.01855 0.12847 0.00977 0.10243 0.00977 0.08854 0.01367 0.08507 0.01953 0.06423 0.01953 0.03298 0.01367 0.00173 0.00098 0.00000 0.00000 0.15452 0.01855 0.15972 0.02637 0.15278 0.04199 0.14930
6 1.00000 0.54167 0.72266 0.06018 0.54427 0.04861 0.48698 0.19676 0.29297 0.17130 0.29427 0.20370 0.28646 0.21759 0.28646 0.29398 0.29167 0.28935 0.29297 0.31482 0.33073 0.32407 0.33203 0.35880 0.43359 0.36574 0.23177 1.00000 1.00000 1.00000 1.00000 0.54167
6 0.00000 0.31713 0.23177 0.34491 0.23047 0.35185 0.23958 0.31945 0.26823 0.30324 0.26953 0.28241 0.26562 0.26620 0.25911 0.26389 0.25521 0.25000 0.24479 0.22685 0.24479 0.20139 0.23958 0.18518 0.00000 0.15972 0.00000 0.31713
7 0.85059 0.17014 0.83399 0.16840 0.83594 0.13715 0.83789 0.13368 0.83789 0.11285 0.84180 0.09202 0.84375 0.04688 0.84570 0.04340 0.84570 0.01910 0.84082 0.01389 0.83106 0.01389 0.82617 0.01910 0.82617 0.03298 0.82422 0.03646 0.82422 0.05729 0.82227 0.06077 0.82227 0.07812 0.82031 0.08160 0.82031 0.10938 0.81836 0.11285 0.81836 0.13021 0.81641 0.13368 0.81641 0.16146 0.81445 0.16840 0.80273 0.18577 0.80078 0.20660 0.80371 0.21875 0.80957 0.21180 0.81543 0.21180 0.81738 0.21528 0.82324 0.21180 0.82520 0.21875 0.83106 0.21528 0.84863 0.21528 0.85156 0.22396 0.85352 0.22396 0.85742 0.21354 0.85938 0.17535 0.85449 0.16667 0.85059 0.17014
7 0.46191 0.00000 0.45899 0.00868 0.45899 0.02604 0.45313 0.05035 0.45508 0.07812 0.45899 0.09202 0.45703 0.09896 0.45703 0.14062 0.45215 0.14236 0.44531 0.15452 0.44531 0.19618 0.44824 0.20139 0.44922 0.19965 0.48633 0.19618 0.48633 0.17882 0.49023 0.16493 0.48828 0.15798 0.49023 0.14757 0.48438 0.14062 0.48438 0.11632 0.48633 0.11285 0.48633 0.07812 0.49023 0.07812 0.49023 0.06423 0.48828 0.06423 0.48730 0.07292 0.48633 0.05729 0.48438 0.05382 0.48438 0.00868 0.47949 0.00000 0.46191 0.00000
5 0.04199 0.14930 0.04492 0.14410 0.04492 0.13368 0.04199 0.12500 0.01855 0.12847 0.00977 0.10243 0.00977 0.08854 0.01367 0.08507 0.01953 0.06423 0.01953 0.03298 0.01367 0.00173 0.00098 0.00000 0.00000 0.15452 0.01855 0.15972 0.02637 0.15278 0.04199 0.14930
