6 0.00000 0.21065 0.23698 0.23611 0.23958 0.25000 0.25521 0.21528 0.27213 0.20833 0.27474 0.18750 0.27474 0.16898 0.26432 0.13889 0.25000 0.11343 0.00000 0.08796 0.00000 0.21065
6 0.51953 0.00000 0.47266 0.12500 0.29557 0.12268 0.28906 0.16435 0.29297 0.21528 0.32682 0.21528 0.32813 0.24305 0.42057 0.25000 0.16667 0.98611 1.00000 1.00000 1.00000 0.55324 0.68359 0.00000 0.51953 0.00000
6 0.00000 0.21065 0.23698 0.23611 0.23958 0.25000 0.25521 0.21528 0.27213 0.20833 0.27474 0.18750 0.27474 0.16898 0.26432 0.13889 0.25000 0.11343 0.00000 0.08796 0.00000 0.21065
6 0.51953 0.00000 0.47266 0.12500 0.29557 0.12268 0.28906 0.16435 0.29297 0.21528 0.32682 0.21528 0.32813 0.24305 0.42057 0.25000 0.16667 0.98611 1.00000 1.00000 1.00000 0.55324 0.68359 0.00000 0.51953 0.00000
6 0.00000 0.21065 0.23698 0.23611 0.23958 0.25000 0.25521 0.21528 0.27213 0.20833 0.27474 0.18750 0.27474 0.16898 0.26432 0.13889 0.25000 0.11343 0.00000 0.08796 0.00000 0.21065
6 0.51953 0.00000 0.47266 0.12500 0.29557 0.12268 0.28906 0.16435 0.29297 0.21528 0.32682 0.21528 0.32813 0.24305 0.42057 0.25000 0.16667 0.98611 1.00000 1.00000 1.00000 0.55324 0.68359 0.00000 0.51953 0.00000
6 0.00000 0.21065 0.23698 0.23611 0.23958 0.25000 0.25521 0.21528 0.27213 0.20833 0.27474 0.18750 0.27474 0.16898 0.26432 0.13889 0.25000 0.11343 0.00000 0.08796 0.00000 0.21065
6 0.51953 0.00000 0.47266 0.12500 0.29557 0.12268 0.28906 0.16435 0.29297 0.21528 0.32682 0.21528 0.32813 0.24305 0.42057 0.25000 0.16667 0.98611 1.00000 1.00000 1.00000 0.55324 0.68359 0.00000 0.51953 0.00000
6 0.00000 0.21065 0.23698 0.23611 0.23958 0.25000 0.25521 0.21528 0.27213 0.20833 0.27474 0.18750 0.27474 0.16898 0.26432 0.13889 0.25000 0.11343 0.00000 0.08796 0.00000 0.21065
6 0.51953 0.00000 0.47266 0.12500 0.29557 0.12268 0.28906 0.16435 0.29297 0.21528 0.32682 0.21528 0.32813 0.24305 0.42057 0.25000 0.16667 0.98611 1.00000 1.00000 1.00000 0.55324 0.68359 0.00000 0.51953 0.00000
6 0.00000 0.21065 0.23698 0.23611 0.23958 0.25000 0.25521 0.21528 0.27213 0.20833 0.27474 0.18750 0.27474 0.16898 0.26432 0.13889 0.25000 0.11343 0.00000 0.08796 0.00000 0.21065
6 0.51953 0.00000 0.47266 0.12500 0.29557 0.12268 0.28906 0.16435 0.29297 0.21528 0.32682 0.21528 0.32813 0.24305 0.42057 0.25000 0.16667 0.98611 1.00000 1.00000 1.00000 0.55324 0.68359 0.00000 0.51953 0.00000
