5 1.00000 0.25774 0.99638 0.25702 0.96875 0.30618 0.96678 0.30618 0.94803 0.34305 0.94803 0.36061 0.94408 0.37816 0.94408 0.40274 0.94211 0.40625 0.94211 0.44488 0.94803 0.45189 0.95987 0.47998 0.97566 0.50807 0.97171 0.52212 0.97171 0.55372 0.96678 0.56601 0.94704 0.57304 0.94112 0.58357 0.92138 0.58357 0.91349 0.59059 0.90757 0.58708 0.89375 0.58708 0.89079 0.59234 0.89079 0.61693 0.89276 0.62395 0.90559 0.64326 0.91349 0.64677 0.95494 0.69241 0.96086 0.69593 1.00000 0.69276 1.00000 0.25774
6 1.00000 0.80185 0.74605 0.43493 0.63948 0.26405 0.57237 0.23127 0.51448 0.21957 0.45789 0.20318 0.38158 0.21021 0.30132 0.21723 0.25263 0.21723 0.16711 0.23361 0.09211 0.24064 0.00000 0.26278 0.00000 0.35225 0.22763 0.32023 0.24868 0.32257 0.26448 0.32725 0.26579 0.33427 0.25000 0.37641 0.02151 1.00000 1.00000 1.00000 1.00000 0.80185
5 1.00000 0.25774 0.99638 0.25702 0.96875 0.30618 0.96678 0.30618 0.94803 0.34305 0.94803 0.36061 0.94408 0.37816 0.94408 0.40274 0.94211 0.40625 0.94211 0.44488 0.94803 0.45189 0.95987 0.47998 0.97566 0.50807 0.97171 0.52212 0.97171 0.55372 0.96678 0.56601 0.94704 0.57304 0.94112 0.58357 0.92138 0.58357 0.91349 0.59059 0.90757 0.58708 0.89375 0.58708 0.89079 0.59234 0.89079 0.61693 0.89276 0.62395 0.90559 0.64326 0.91349 0.64677 0.95494 0.69241 0.96086 0.69593 1.00000 0.69276 1.00000 0.25774
6 1.00000 0.80185 0.74605 0.43493 0.63948 0.26405 0.57237 0.23127 0.51448 0.21957 0.45789 0.20318 0.38158 0.21021 0.30132 0.21723 0.25263 0.21723 0.16711 0.23361 0.09211 0.24064 0.00000 0.26278 0.00000 0.35225 0.22763 0.32023 0.24868 0.32257 0.26448 0.32725 0.26579 0.33427 0.25000 0.37641 0.02151 1.00000 1.00000 1.00000 1.00000 0.80185
5 1.00000 0.25774 0.99638 0.25702 0.96875 0.30618 0.96678 0.30618 0.94803 0.34305 0.94803 0.36061 0.94408 0.37816 0.94408 0.40274 0.94211 0.40625 0.94211 0.44488 0.94803 0.45189 0.95987 0.47998 0.97566 0.50807 0.97171 0.52212 0.97171 0.55372 0.96678 0.56601 0.94704 0.57304 0.94112 0.58357 0.92138 0.58357 0.91349 0.59059 0.90757 0.58708 0.89375 0.58708 0.89079 0.59234 0.89079 0.61693 0.89276 0.62395 0.90559 0.64326 0.91349 0.64677 0.95494 0.69241 0.96086 0.69593 1.00000 0.69276 1.00000 0.25774
6 1.00000 0.80185 0.74605 0.43493 0.63948 0.26405 0.57237 0.23127 0.51448 0.21957 0.45789 0.20318 0.38158 0.21021 0.30132 0.21723 0.25263 0.21723 0.16711 0.23361 0.09211 0.24064 0.00000 0.26278 0.00000 0.35225 0.22763 0.32023 0.24868 0.32257 0.26448 0.32725 0.26579 0.33427 0.25000 0.37641 0.02151 1.00000 1.00000 1.00000 1.00000 0.80185
5 1.00000 0.25774 0.99638 0.25702 0.96875 0.30618 0.96678 0.30618 0.94803 0.34305 0.94803 0.36061 0.94408 0.37816 0.94408 0.40274 0.94211 0.40625 0.94211 0.44488 0.94803 0.45189 0.95987 0.47998 0.97566 0.50807 0.97171 0.52212 0.97171 0.55372 0.96678 0.56601 0.94704 0.57304 0.94112 0.58357 0.92138 0.58357 0.91349 0.59059 0.90757 0.58708 0.89375 0.58708 0.89079 0.59234 0.89079 0.61693 0.89276 0.62395 0.90559 0.64326 0.91349 0.64677 0.95494 0.69241 0.96086 0.69593 1.00000 0.69276 1.00000 0.25774
6 1.00000 0.80185 0.74605 0.43493 0.63948 0.26405 0.57237 0.23127 0.51448 0.21957 0.45789 0.20318 0.38158 0.21021 0.30132 0.21723 0.25263 0.21723 0.16711 0.23361 0.09211 0.24064 0.00000 0.26278 0.00000 0.35225 0.22763 0.32023 0.24868 0.32257 0.26448 0.32725 0.26579 0.33427 0.25000 0.37641 0.02151 1.00000 1.00000 1.00000 1.00000 0.80185
5 1.00000 0.25774 0.99638 0.25702 0.96875 0.30618 0.96678 0.30618 0.94803 0.34305 0.94803 0.36061 0.94408 0.37816 0.94408 0.40274 0.94211 0.40625 0.94211 0.44488 0.94803 0.45189 0.95987 0.47998 0.97566 0.50807 0.97171 0.52212 0.97171 0.55372 0.96678 0.56601 0.94704 0.57304 0.94112 0.58357 0.92138 0.58357 0.91349 0.59059 0.90757 0.58708 0.89375 0.58708 0.89079 0.59234 0.89079 0.61693 0.89276 0.62395 0.90559 0.64326 0.91349 0.64677 0.95494 0.69241 0.96086 0.69593 1.00000 0.69276 1.00000 0.25774
6 1.00000 0.80185 0.74605 0.43493 0.63948 0.26405 0.57237 0.23127 0.51448 0.21957 0.45789 0.20318 0.38158 0.21021 0.30132 0.21723 0.25263 0.21723 0.16711 0.23361 0.09211 0.24064 0.00000 0.26278 0.00000 0.35225 0.22763 0.32023 0.24868 0.32257 0.26448 0.32725 0.26579 0.33427 0.25000 0.37641 0.02151 1.00000 1.00000 1.00000 1.00000 0.80185
5 1.00000 0.25774 0.99638 0.25702 0.96875 0.30618 0.96678 0.30618 0.94803 0.34305 0.94803 0.36061 0.94408 0.37816 0.94408 0.40274 0.94211 0.40625 0.94211 0.44488 0.94803 0.45189 0.95987 0.47998 0.97566 0.50807 0.97171 0.52212 0.97171 0.55372 0.96678 0.56601 0.94704 0.57304 0.94112 0.58357 0.92138 0.58357 0.91349 0.59059 0.90757 0.58708 0.89375 0.58708 0.89079 0.59234 0.89079 0.61693 0.89276 0.62395 0.90559 0.64326 0.91349 0.64677 0.95494 0.69241 0.96086 0.69593 1.00000 0.69276 1.00000 0.25774
6 1.00000 0.80185 0.74605 0.43493 0.63948 0.26405 0.57237 0.23127 0.51448 0.21957 0.45789 0.20318 0.38158 0.21021 0.30132 0.21723 0.25263 0.21723 0.16711 0.23361 0.09211 0.24064 0.00000 0.26278 0.00000 0.35225 0.22763 0.32023 0.24868 0.32257 0.26448 0.32725 0.26579 0.33427 0.25000 0.37641 0.02151 1.00000 1.00000 1.00000 1.00000 0.80185
