1 0.76782 0.16462 0.76511 0.19404 0.76826 0.22816 0.77743 0.25392 0.78329 0.25862 0.78934 0.27267 0.78351 0.29039 0.78216 0.30510 0.77667 0.31913 0.76099 0.31843 0.75531 0.32311 0.75102 0.33547 0.73655 0.33311 0.72967 0.33945 0.72139 0.33809 0.71917 0.35080 0.74424 0.40903 0.75183 0.41774 0.77458 0.42146 0.77699 0.41812 0.78319 0.41913 0.78492 0.42315 0.83782 0.42993 0.84109 0.42860 0.84504 0.41991 0.84639 0.40520 0.82151 0.35634 0.82114 0.33761 0.81855 0.33158 0.80802 0.32053 0.80938 0.30582 0.81179 0.30248 0.81348 0.28409 0.81709 0.27908 0.82777 0.27709 0.85221 0.26242 0.88023 0.22034 0.88914 0.19193 0.89524 0.12572 0.89141 0.09896 0.87811 0.07252 0.85543 0.05438 0.85433 0.05420 0.85225 0.05709 0.83570 0.05439 0.82021 0.06305 0.79013 0.10480 0.77707 0.13253 0.76782 0.16462
6 0.19754 0.00000 0.00862 0.36571 0.00000 0.45927 0.00000 0.92198 0.47704 1.00000 0.95767 1.00000 0.96401 0.93116 0.54133 0.00300 0.52296 0.00000 0.19754 0.00000
1 0.76782 0.16462 0.76511 0.19404 0.76826 0.22816 0.77743 0.25392 0.78329 0.25862 0.78934 0.27267 0.78351 0.29039 0.78216 0.30510 0.77667 0.31913 0.76099 0.31843 0.75531 0.32311 0.75102 0.33547 0.73655 0.33311 0.72967 0.33945 0.72139 0.33809 0.71917 0.35080 0.74424 0.40903 0.75183 0.41774 0.77458 0.42146 0.77699 0.41812 0.78319 0.41913 0.78492 0.42315 0.83782 0.42993 0.84109 0.42860 0.84504 0.41991 0.84639 0.40520 0.82151 0.35634 0.82114 0.33761 0.81855 0.33158 0.80802 0.32053 0.80938 0.30582 0.81179 0.30248 0.81348 0.28409 0.81709 0.27908 0.82777 0.27709 0.85221 0.26242 0.88023 0.22034 0.88914 0.19193 0.89524 0.12572 0.89141 0.09896 0.87811 0.07252 0.85543 0.05438 0.85433 0.05420 0.85225 0.05709 0.83570 0.05439 0.82021 0.06305 0.79013 0.10480 0.77707 0.13253 0.76782 0.16462
6 0.19754 0.00000 0.00862 0.36571 0.00000 0.45927 0.00000 0.92198 0.47704 1.00000 0.95767 1.00000 0.96401 0.93116 0.54133 0.00300 0.52296 0.00000 0.19754 0.00000
1 0.76782 0.16462 0.76511 0.19404 0.76826 0.22816 0.77743 0.25392 0.78329 0.25862 0.78934 0.27267 0.78351 0.29039 0.78216 0.30510 0.77667 0.31913 0.76099 0.31843 0.75531 0.32311 0.75102 0.33547 0.73655 0.33311 0.72967 0.33945 0.72139 0.33809 0.71917 0.35080 0.74424 0.40903 0.75183 0.41774 0.77458 0.42146 0.77699 0.41812 0.78319 0.41913 0.78492 0.42315 0.83782 0.42993 0.84109 0.42860 0.84504 0.41991 0.84639 0.40520 0.82151 0.35634 0.82114 0.33761 0.81855 0.33158 0.80802 0.32053 0.80938 0.30582 0.81179 0.30248 0.81348 0.28409 0.81709 0.27908 0.82777 0.27709 0.85221 0.26242 0.88023 0.22034 0.88914 0.19193 0.89524 0.12572 0.89141 0.09896 0.87811 0.07252 0.85543 0.05438 0.85433 0.05420 0.85225 0.05709 0.83570 0.05439 0.82021 0.06305 0.79013 0.10480 0.77707 0.13253 0.76782 0.16462
6 0.19754 0.00000 0.00862 0.36571 0.00000 0.45927 0.00000 0.92198 0.47704 1.00000 0.95767 1.00000 0.96401 0.93116 0.54133 0.00300 0.52296 0.00000 0.19754 0.00000
1 0.76782 0.16462 0.76511 0.19404 0.76826 0.22816 0.77743 0.25392 0.78329 0.25862 0.78934 0.27267 0.78351 0.29039 0.78216 0.30510 0.77667 0.31913 0.76099 0.31843 0.75531 0.32311 0.75102 0.33547 0.73655 0.33311 0.72967 0.33945 0.72139 0.33809 0.71917 0.35080 0.74424 0.40903 0.75183 0.41774 0.77458 0.42146 0.77699 0.41812 0.78319 0.41913 0.78492 0.42315 0.83782 0.42993 0.84109 0.42860 0.84504 0.41991 0.84639 0.40520 0.82151 0.35634 0.82114 0.33761 0.81855 0.33158 0.80802 0.32053 0.80938 0.30582 0.81179 0.30248 0.81348 0.28409 0.81709 0.27908 0.82777 0.27709 0.85221 0.26242 0.88023 0.22034 0.88914 0.19193 0.89524 0.12572 0.89141 0.09896 0.87811 0.07252 0.85543 0.05438 0.85433 0.05420 0.85225 0.05709 0.83570 0.05439 0.82021 0.06305 0.79013 0.10480 0.77707 0.13253 0.76782 0.16462
6 0.19754 0.00000 0.00862 0.36571 0.00000 0.45927 0.00000 0.92198 0.47704 1.00000 0.95767 1.00000 0.96401 0.93116 0.54133 0.00300 0.52296 0.00000 0.19754 0.00000
1 0.76782 0.16462 0.76511 0.19404 0.76826 0.22816 0.77743 0.25392 0.78329 0.25862 0.78934 0.27267 0.78351 0.29039 0.78216 0.30510 0.77667 0.31913 0.76099 0.31843 0.75531 0.32311 0.75102 0.33547 0.73655 0.33311 0.72967 0.33945 0.72139 0.33809 0.71917 0.35080 0.74424 0.40903 0.75183 0.41774 0.77458 0.42146 0.77699 0.41812 0.78319 0.41913 0.78492 0.42315 0.83782 0.42993 0.84109 0.42860 0.84504 0.41991 0.84639 0.40520 0.82151 0.35634 0.82114 0.33761 0.81855 0.33158 0.80802 0.32053 0.80938 0.30582 0.81179 0.30248 0.81348 0.28409 0.81709 0.27908 0.82777 0.27709 0.85221 0.26242 0.88023 0.22034 0.88914 0.19193 0.89524 0.12572 0.89141 0.09896 0.87811 0.07252 0.85543 0.05438 0.85433 0.05420 0.85225 0.05709 0.83570 0.05439 0.82021 0.06305 0.79013 0.10480 0.77707 0.13253 0.76782 0.16462
6 0.19754 0.00000 0.00862 0.36571 0.00000 0.45927 0.00000 0.92198 0.47704 1.00000 0.95767 1.00000 0.96401 0.93116 0.54133 0.00300 0.52296 0.00000 0.19754 0.00000
