6 1.00000 0.44172 0.85861 0.32993 0.68008 0.26782 0.37240 0.15856 0.10326 0.04975 0.00000 0.05272 0.00000 0.36888 0.21519 0.62686 0.28146 0.76599 0.15805 1.00000 1.00000 1.00000 1.00000 0.44172
5 0.36656 0.00000 0.36713 0.02560 0.36870 0.04182 0.38356 0.07370 0.38887 0.10086 0.37960 0.11354 0.38245 0.12687 0.36033 0.13067 0.35962 0.14590 0.40208 0.15795 0.43883 0.13765 0.43726 0.12754 0.41501 0.11806 0.41314 0.09451 0.40243 0.09451 0.39887 0.06723 0.40672 0.06342 0.41468 0.02627 0.41456 0.00000 0.36656 0.00000
6 1.00000 0.44172 0.85861 0.32993 0.68008 0.26782 0.37240 0.15856 0.10326 0.04975 0.00000 0.05272 0.00000 0.36888 0.21519 0.62686 0.28146 0.76599 0.15805 1.00000 1.00000 1.00000 1.00000 0.44172
5 0.36656 0.00000 0.36713 0.02560 0.36870 0.04182 0.38356 0.07370 0.38887 0.10086 0.37960 0.11354 0.38245 0.12687 0.36033 0.13067 0.35962 0.14590 0.40208 0.15795 0.43883 0.13765 0.43726 0.12754 0.41501 0.11806 0.41314 0.09451 0.40243 0.09451 0.39887 0.06723 0.40672 0.06342 0.41468 0.02627 0.41456 0.00000 0.36656 0.00000
6 1.00000 0.44172 0.85861 0.32993 0.68008 0.26782 0.37240 0.15856 0.10326 0.04975 0.00000 0.05272 0.00000 0.36888 0.21519 0.62686 0.28146 0.76599 0.15805 1.00000 1.00000 1.00000 1.00000 0.44172
5 0.36656 0.00000 0.36713 0.02560 0.36870 0.04182 0.38356 0.07370 0.38887 0.10086 0.37960 0.11354 0.38245 0.12687 0.36033 0.13067 0.35962 0.14590 0.40208 0.15795 0.43883 0.13765 0.43726 0.12754 0.41501 0.11806 0.41314 0.09451 0.40243 0.09451 0.39887 0.06723 0.40672 0.06342 0.41468 0.02627 0.41456 0.00000 0.36656 0.00000
6 1.00000 0.44172 0.85861 0.32993 0.68008 0.26782 0.37240 0.15856 0.10326 0.04975 0.00000 0.05272 0.00000 0.36888 0.21519 0.62686 0.28146 0.76599 0.15805 1.00000 1.00000 1.00000 1.00000 0.44172
5 0.36656 0.00000 0.36713 0.02560 0.36870 0.04182 0.38356 0.07370 0.38887 0.10086 0.37960 0.11354 0.38245 0.12687 0.36033 0.13067 0.35962 0.14590 0.40208 0.15795 0.43883 0.13765 0.43726 0.12754 0.41501 0.11806 0.41314 0.09451 0.40243 0.09451 0.39887 0.06723 0.40672 0.06342 0.41468 0.02627 0.41456 0.00000 0.36656 0.00000
6 1.00000 0.44172 0.85861 0.32993 0.68008 0.26782 0.37240 0.15856 0.10326 0.04975 0.00000 0.05272 0.00000 0.36888 0.21519 0.62686 0.28146 0.76599 0.15805 1.00000 1.00000 1.00000 1.00000 0.44172
5 0.36656 0.00000 0.36713 0.02560 0.36870 0.04182 0.38356 0.07370 0.38887 0.10086 0.37960 0.11354 0.38245 0.12687 0.36033 0.13067 0.35962 0.14590 0.40208 0.15795 0.43883 0.13765 0.43726 0.12754 0.41501 0.11806 0.41314 0.09451 0.40243 0.09451 0.39887 0.06723 0.40672 0.06342 0.41468 0.02627 0.41456 0.00000 0.36656 0.00000
6 1.00000 0.44172 0.85861 0.32993 0.68008 0.26782 0.37240 0.15856 0.10326 0.04975 0.00000 0.05272 0.00000 0.36888 0.21519 0.62686 0.28146 0.76599 0.15805 1.00000 1.00000 1.00000 1.00000 0.44172
5 0.36656 0.00000 0.36713 0.02560 0.36870 0.04182 0.38356 0.07370 0.38887 0.10086 0.37960 0.11354 0.38245 0.12687 0.36033 0.13067 0.35962 0.14590 0.40208 0.15795 0.43883 0.13765 0.43726 0.12754 0.41501 0.11806 0.41314 0.09451 0.40243 0.09451 0.39887 0.06723 0.40672 0.06342 0.41468 0.02627 0.41456 0.00000 0.36656 0.00000
