6 1.00000 0.46509 0.99845 0.44551 0.54320 0.02343 0.52029 0.01440 0.48505 0.00804 0.43163 0.00682 0.31556 0.02307 0.21181 0.04793 0.00310 0.11158 0.00000 0.11246 0.00000 0.19718 0.22784 0.13807 0.12156 1.00000 0.51967 1.00000 1.00000 0.93275 1.00000 0.46509
5 0.77206 0.00000 0.77449 0.05586 0.77614 0.07504 0.80098 0.10776 0.80039 0.14824 0.78430 0.17238 0.75491 0.18996 0.75440 0.21360 0.80138 0.25080 0.88484 0.21638 0.88254 0.18725 0.84940 0.16327 0.84501 0.14368 0.83204 0.14129 0.82869 0.09883 0.84898 0.07999 0.85803 0.02966 0.86093 0.01476 0.86064 0.00000 0.77206 0.00000
6 1.00000 0.46509 0.99845 0.44551 0.54320 0.02343 0.52029 0.01440 0.48505 0.00804 0.43163 0.00682 0.31556 0.02307 0.21181 0.04793 0.00310 0.11158 0.00000 0.11246 0.00000 0.19718 0.22784 0.13807 0.12156 1.00000 0.51967 1.00000 1.00000 0.93275 1.00000 0.46509
5 0.77206 0.00000 0.77449 0.05586 0.77614 0.07504 0.80098 0.10776 0.80039 0.14824 0.78430 0.17238 0.75491 0.18996 0.75440 0.21360 0.80138 0.25080 0.88484 0.21638 0.88254 0.18725 0.84940 0.16327 0.84501 0.14368 0.83204 0.14129 0.82869 0.09883 0.84898 0.07999 0.85803 0.02966 0.86093 0.01476 0.86064 0.00000 0.77206 0.00000
6 1.00000 0.46509 0.99845 0.44551 0.54320 0.02343 0.52029 0.01440 0.48505 0.00804 0.43163 0.00682 0.31556 0.02307 0.21181 0.04793 0.00310 0.11158 0.00000 0.11246 0.00000 0.19718 0.22784 0.13807 0.12156 1.00000 0.51967 1.00000 1.00000 0.93275 1.00000 0.46509
5 0.77206 0.00000 0.77449 0.05586 0.77614 0.07504 0.80098 0.10776 0.80039 0.14824 0.78430 0.17238 0.75491 0.18996 0.75440 0.21360 0.80138 0.25080 0.88484 0.21638 0.88254 0.18725 0.84940 0.16327 0.84501 0.14368 0.83204 0.14129 0.82869 0.09883 0.84898 0.07999 0.85803 0.02966 0.86093 0.01476 0.86064 0.00000 0.77206 0.00000
6 1.00000 0.46509 0.99845 0.44551 0.54320 0.02343 0.52029 0.01440 0.48505 0.00804 0.43163 0.00682 0.31556 0.02307 0.21181 0.04793 0.00310 0.11158 0.00000 0.11246 0.00000 0.19718 0.22784 0.13807 0.12156 1.00000 0.51967 1.00000 1.00000 0.93275 1.00000 0.46509
5 0.77206 0.00000 0.77449 0.05586 0.77614 0.07504 0.80098 0.10776 0.80039 0.14824 0.78430 0.17238 0.75491 0.18996 0.75440 0.21360 0.80138 0.25080 0.88484 0.21638 0.88254 0.18725 0.84940 0.16327 0.84501 0.14368 0.83204 0.14129 0.82869 0.09883 0.84898 0.07999 0.85803 0.02966 0.86093 0.01476 0.86064 0.00000 0.77206 0.00000
6 1.00000 0.46509 0.99845 0.44551 0.54320 0.02343 0.52029 0.01440 0.48505 0.00804 0.43163 0.00682 0.31556 0.02307 0.21181 0.04793 0.00310 0.11158 0.00000 0.11246 0.00000 0.19718 0.22784 0.13807 0.12156 1.00000 0.51967 1.00000 1.00000 0.93275 1.00000 0.46509
5 0.77206 0.00000 0.77449 0.05586 0.77614 0.07504 0.80098 0.10776 0.80039 0.14824 0.78430 0.17238 0.75491 0.18996 0.75440 0.21360 0.80138 0.25080 0.88484 0.21638 0.88254 0.18725 0.84940 0.16327 0.84501 0.14368 0.83204 0.14129 0.82869 0.09883 0.84898 0.07999 0.85803 0.02966 0.86093 0.01476 0.86064 0.00000 0.77206 0.00000
6 1.00000 0.46509 0.99845 0.44551 0.54320 0.02343 0.52029 0.01440 0.48505 0.00804 0.43163 0.00682 0.31556 0.02307 0.21181 0.04793 0.00310 0.11158 0.00000 0.11246 0.00000 0.19718 0.22784 0.13807 0.12156 1.00000 0.51967 1.00000 1.00000 0.93275 1.00000 0.46509
5 0.77206 0.00000 0.77449 0.05586 0.77614 0.07504 0.80098 0.10776 0.80039 0.14824 0.78430 0.17238 0.75491 0.18996 0.75440 0.21360 0.80138 0.25080 0.88484 0.21638 0.88254 0.18725 0.84940 0.16327 0.84501 0.14368 0.83204 0.14129 0.82869 0.09883 0.84898 0.07999 0.85803 0.02966 0.86093 0.01476 0.86064 0.00000 0.77206 0.00000
