7 0.32600 0.43819 0.31389 0.59153 0.29406 0.59731 0.28940 0.60378 0.28540 0.60312 0.28391 0.60830 0.28642 0.61413 0.29243 0.61511 0.29577 0.62288 0.30745 0.62840 0.30963 0.63779 0.31665 0.64977 0.31599 0.65689 0.32352 0.67437 0.33069 0.67374 0.34667 0.65468 0.35126 0.60486 0.34875 0.59904 0.33791 0.59545 0.34053 0.56699 0.34286 0.56376 0.34152 0.55631 0.34450 0.54596 0.34283 0.54208 0.35034 0.43856 0.32949 0.43334 0.32600 0.43819
7 0.39069 0.44155 0.39302 0.43832 0.39531 0.41341 0.39280 0.40758 0.37679 0.40496 0.37330 0.40981 0.36904 0.45607 0.37071 0.45995 0.36743 0.49554 0.36911 0.49942 0.36914 0.52110 0.36564 0.52595 0.35797 0.52108 0.35415 0.52948 0.35283 0.54371 0.35636 0.56055 0.35869 0.55732 0.37153 0.56122 0.38871 0.56223 0.39336 0.55576 0.39737 0.55642 0.40086 0.55157 0.40348 0.52311 0.40065 0.52083 0.39599 0.52730 0.38798 0.52599 0.38548 0.52016 0.38813 0.51337 0.39338 0.45643 0.39069 0.44155
4 0.79234 0.67881 0.80267 0.67689 0.80933 0.67075 0.82447 0.64975 0.83277 0.62582 0.83372 0.59347 0.83103 0.57858 0.82183 0.55721 0.80880 0.54425 0.78879 0.54097 0.77813 0.54645 0.76066 0.57069 0.75502 0.58782 0.75207 0.61985 0.75309 0.63085 0.76047 0.66095 0.77316 0.67748 0.77218 0.68815 0.76919 0.69850 0.76003 0.69881 0.75238 0.71562 0.73838 0.71333 0.73488 0.71817 0.73324 0.73596 0.73593 0.75085 0.74044 0.75701 0.74513 0.77222 0.75950 0.79263 0.80869 0.79888 0.81335 0.79241 0.81565 0.76750 0.82063 0.75748 0.81143 0.73611 0.80208 0.72736 0.79957 0.72153 0.80023 0.71441 0.79605 0.70470 0.79004 0.70372 0.78753 0.69789 0.78884 0.68366 0.79234 0.67881
6 0.24364 0.54934 0.24015 0.55418 0.23752 0.58265 0.24123 0.60854 0.24374 0.61437 0.25691 0.61471 0.26274 0.60664 0.27874 0.60926 0.28173 0.59891 0.29006 0.59666 0.30105 0.58762 0.31106 0.58926 0.31452 0.56273 0.31168 0.56046 0.31033 0.55302 0.28199 0.55200 0.27966 0.55523 0.24364 0.54934
6 0.00000 0.59394 0.07401 0.60467 0.07634 0.60144 0.18640 0.61944 0.18873 0.61621 0.19673 0.61752 0.20339 0.61138 0.21773 0.61011 0.22188 0.59815 0.22483 0.56612 0.21981 0.55447 0.21712 0.53958 0.21261 0.53342 0.20661 0.53244 0.20428 0.53567 0.17226 0.53044 0.16560 0.53657 0.14359 0.53297 0.14126 0.53620 0.09123 0.52802 0.08588 0.51992 0.02785 0.51043 0.02552 0.51366 0.01552 0.51202 0.01384 0.50814 0.00000 0.50587 0.00000 0.59394
6 0.87172 1.00000 0.86684 0.99440 0.85848 0.97497 0.83040 0.92704 0.82621 0.91732 0.82854 0.91409 0.82803 0.90859 0.82203 0.90761 0.80933 0.89109 0.80632 0.87975 0.78860 0.85157 0.77154 0.81627 0.75183 0.78777 0.74346 0.76834 0.73444 0.75603 0.72924 0.73531 0.72473 0.72916 0.72171 0.71782 0.71604 0.71329 0.70767 0.69386 0.70367 0.69320 0.70382 0.68059 0.70731 0.67574 0.72132 0.67803 0.72233 0.68903 0.73267 0.68711 0.73045 0.65604 0.72794 0.65021 0.71626 0.64470 0.70321 0.61005 0.68953 0.60420 0.68618 0.59643 0.66217 0.59250 0.65984 0.59573 0.65816 0.59185 0.65183 0.59443 0.60581 0.58690 0.60348 0.59013 0.43939 0.56329 0.43706 0.56652 0.43138 0.56198 0.42906 0.56521 0.42105 0.56390 0.41639 0.57037 0.40872 0.56550 0.40639 0.56873 0.39838 0.56742 0.38772 0.57290 0.36971 0.56995 0.36738 0.57318 0.35570 0.56766 0.35221 0.57251 0.35272 0.57801 0.36272 0.57965 0.36706 0.57674 0.37240 0.58484 0.37640 0.58550 0.37691 0.59100 0.37408 0.58873 0.36159 0.60294 0.35995 0.62073 0.36130 0.62818 0.35165 0.64466 0.34568 0.66536 0.33437 0.67795 0.32640 0.69832 0.30511 0.73096 0.28782 0.76425 0.27417 0.78008 0.27351 0.78720 0.26853 0.79721 0.24924 0.83018 0.22828 0.85926 0.22063 0.87607 0.20866 0.89579 0.20433 0.89869 0.17474 0.95056 0.47704 1.00000 0.87172 1.00000
6 0.71525 0.63369 0.72260 0.64212 0.72394 0.64956 0.72962 0.65410 0.73180 0.66349 0.73030 0.66866 0.71430 0.66604 0.71080 0.67089 0.71248 0.67478 0.71149 0.68545 0.70916 0.68868 0.71167 0.69451 0.71735 0.69905 0.75253 0.70300 0.75602 0.69815 0.76836 0.69656 0.77084 0.68071 0.76665 0.67100 0.75647 0.66030 0.75443 0.63829 0.74723 0.61725 0.72322 0.61332 0.72089 0.61655 0.70572 0.61588 0.71223 0.62236 0.71525 0.63369
6 0.83528 0.63165 0.81133 0.67108 0.79084 0.68398 0.78953 0.69821 0.79805 0.70503 0.80307 0.71668 0.81707 0.71897 0.81940 0.71574 0.87627 0.72685 0.98141 0.74237 0.98882 0.66205 0.86897 0.64077 0.86730 0.63689 0.85529 0.63493 0.85362 0.63104 0.84929 0.63394 0.83528 0.63165
7 0.32600 0.43819 0.31389 0.59153 0.29406 0.59731 0.28940 0.60378 0.28540 0.60312 0.28391 0.60830 0.28642 0.61413 0.29243 0.61511 0.29577 0.62288 0.30745 0.62840 0.30963 0.63779 0.31665 0.64977 0.31599 0.65689 0.32352 0.67437 0.33069 0.67374 0.34667 0.65468 0.35126 0.60486 0.34875 0.59904 0.33791 0.59545 0.34053 0.56699 0.34286 0.56376 0.34152 0.55631 0.34450 0.54596 0.34283 0.54208 0.35034 0.43856 0.32949 0.43334 0.32600 0.43819
7 0.39069 0.44155 0.39302 0.43832 0.39531 0.41341 0.39280 0.40758 0.37679 0.40496 0.37330 0.40981 0.36904 0.45607 0.37071 0.45995 0.36743 0.49554 0.36911 0.49942 0.36914 0.52110 0.36564 0.52595 0.35797 0.52108 0.35415 0.52948 0.35283 0.54371 0.35636 0.56055 0.35869 0.55732 0.37153 0.56122 0.38871 0.56223 0.39336 0.55576 0.39737 0.55642 0.40086 0.55157 0.40348 0.52311 0.40065 0.52083 0.39599 0.52730 0.38798 0.52599 0.38548 0.52016 0.38813 0.51337 0.39338 0.45643 0.39069 0.44155
4 0.79234 0.67881 0.80267 0.67689 0.80933 0.67075 0.82447 0.64975 0.83277 0.62582 0.83372 0.59347 0.83103 0.57858 0.82183 0.55721 0.80880 0.54425 0.78879 0.54097 0.77813 0.54645 0.76066 0.57069 0.75502 0.58782 0.75207 0.61985 0.75309 0.63085 0.76047 0.66095 0.77316 0.67748 0.77218 0.68815 0.76919 0.69850 0.76003 0.69881 0.75238 0.71562 0.73838 0.71333 0.73488 0.71817 0.73324 0.73596 0.73593 0.75085 0.74044 0.75701 0.74513 0.77222 0.75950 0.79263 0.80869 0.79888 0.81335 0.79241 0.81565 0.76750 0.82063 0.75748 0.81143 0.73611 0.80208 0.72736 0.79957 0.72153 0.80023 0.71441 0.79605 0.70470 0.79004 0.70372 0.78753 0.69789 0.78884 0.68366 0.79234 0.67881
6 0.24364 0.54934 0.24015 0.55418 0.23752 0.58265 0.24123 0.60854 0.24374 0.61437 0.25691 0.61471 0.26274 0.60664 0.27874 0.60926 0.28173 0.59891 0.29006 0.59666 0.30105 0.58762 0.31106 0.58926 0.31452 0.56273 0.31168 0.56046 0.31033 0.55302 0.28199 0.55200 0.27966 0.55523 0.24364 0.54934
6 0.00000 0.59394 0.07401 0.60467 0.07634 0.60144 0.18640 0.61944 0.18873 0.61621 0.19673 0.61752 0.20339 0.61138 0.21773 0.61011 0.22188 0.59815 0.22483 0.56612 0.21981 0.55447 0.21712 0.53958 0.21261 0.53342 0.20661 0.53244 0.20428 0.53567 0.17226 0.53044 0.16560 0.53657 0.14359 0.53297 0.14126 0.53620 0.09123 0.52802 0.08588 0.51992 0.02785 0.51043 0.02552 0.51366 0.01552 0.51202 0.01384 0.50814 0.00000 0.50587 0.00000 0.59394
6 0.87172 1.00000 0.86684 0.99440 0.85848 0.97497 0.83040 0.92704 0.82621 0.91732 0.82854 0.91409 0.82803 0.90859 0.82203 0.90761 0.80933 0.89109 0.80632 0.87975 0.78860 0.85157 0.77154 0.81627 0.75183 0.78777 0.74346 0.76834 0.73444 0.75603 0.72924 0.73531 0.72473 0.72916 0.72171 0.71782 0.71604 0.71329 0.70767 0.69386 0.70367 0.69320 0.70382 0.68059 0.70731 0.67574 0.72132 0.67803 0.72233 0.68903 0.73267 0.68711 0.73045 0.65604 0.72794 0.65021 0.71626 0.64470 0.70321 0.61005 0.68953 0.60420 0.68618 0.59643 0.66217 0.59250 0.65984 0.59573 0.65816 0.59185 0.65183 0.59443 0.60581 0.58690 0.60348 0.59013 0.43939 0.56329 0.43706 0.56652 0.43138 0.56198 0.42906 0.56521 0.42105 0.56390 0.41639 0.57037 0.40872 0.56550 0.40639 0.56873 0.39838 0.56742 0.38772 0.57290 0.36971 0.56995 0.36738 0.57318 0.35570 0.56766 0.35221 0.57251 0.35272 0.57801 0.36272 0.57965 0.36706 0.57674 0.37240 0.58484 0.37640 0.58550 0.37691 0.59100 0.37408 0.58873 0.36159 0.60294 0.35995 0.62073 0.36130 0.62818 0.35165 0.64466 0.34568 0.66536 0.33437 0.67795 0.32640 0.69832 0.30511 0.73096 0.28782 0.76425 0.27417 0.78008 0.27351 0.78720 0.26853 0.79721 0.24924 0.83018 0.22828 0.85926 0.22063 0.87607 0.20866 0.89579 0.20433 0.89869 0.17474 0.95056 0.47704 1.00000 0.87172 1.00000
6 0.71525 0.63369 0.72260 0.64212 0.72394 0.64956 0.72962 0.65410 0.73180 0.66349 0.73030 0.66866 0.71430 0.66604 0.71080 0.67089 0.71248 0.67478 0.71149 0.68545 0.70916 0.68868 0.71167 0.69451 0.71735 0.69905 0.75253 0.70300 0.75602 0.69815 0.76836 0.69656 0.77084 0.68071 0.76665 0.67100 0.75647 0.66030 0.75443 0.63829 0.74723 0.61725 0.72322 0.61332 0.72089 0.61655 0.70572 0.61588 0.71223 0.62236 0.71525 0.63369
6 0.83528 0.63165 0.81133 0.67108 0.79084 0.68398 0.78953 0.69821 0.79805 0.70503 0.80307 0.71668 0.81707 0.71897 0.81940 0.71574 0.87627 0.72685 0.98141 0.74237 0.98882 0.66205 0.86897 0.64077 0.86730 0.63689 0.85529 0.63493 0.85362 0.63104 0.84929 0.63394 0.83528 0.63165
7 0.32600 0.43819 0.31389 0.59153 0.29406 0.59731 0.28940 0.60378 0.28540 0.60312 0.28391 0.60830 0.28642 0.61413 0.29243 0.61511 0.29577 0.62288 0.30745 0.62840 0.30963 0.63779 0.31665 0.64977 0.31599 0.65689 0.32352 0.67437 0.33069 0.67374 0.34667 0.65468 0.35126 0.60486 0.34875 0.59904 0.33791 0.59545 0.34053 0.56699 0.34286 0.56376 0.34152 0.55631 0.34450 0.54596 0.34283 0.54208 0.35034 0.43856 0.32949 0.43334 0.32600 0.43819
7 0.39069 0.44155 0.39302 0.43832 0.39531 0.41341 0.39280 0.40758 0.37679 0.40496 0.37330 0.40981 0.36904 0.45607 0.37071 0.45995 0.36743 0.49554 0.36911 0.49942 0.36914 0.52110 0.36564 0.52595 0.35797 0.52108 0.35415 0.52948 0.35283 0.54371 0.35636 0.56055 0.35869 0.55732 0.37153 0.56122 0.38871 0.56223 0.39336 0.55576 0.39737 0.55642 0.40086 0.55157 0.40348 0.52311 0.40065 0.52083 0.39599 0.52730 0.38798 0.52599 0.38548 0.52016 0.38813 0.51337 0.39338 0.45643 0.39069 0.44155
4 0.79234 0.67881 0.80267 0.67689 0.80933 0.67075 0.82447 0.64975 0.83277 0.62582 0.83372 0.59347 0.83103 0.57858 0.82183 0.55721 0.80880 0.54425 0.78879 0.54097 0.77813 0.54645 0.76066 0.57069 0.75502 0.58782 0.75207 0.61985 0.75309 0.63085 0.76047 0.66095 0.77316 0.67748 0.77218 0.68815 0.76919 0.69850 0.76003 0.69881 0.75238 0.71562 0.73838 0.71333 0.73488 0.71817 0.73324 0.73596 0.73593 0.75085 0.74044 0.75701 0.74513 0.77222 0.75950 0.79263 0.80869 0.79888 0.81335 0.79241 0.81565 0.76750 0.82063 0.75748 0.81143 0.73611 0.80208 0.72736 0.79957 0.72153 0.80023 0.71441 0.79605 0.70470 0.79004 0.70372 0.78753 0.69789 0.78884 0.68366 0.79234 0.67881
6 0.24364 0.54934 0.24015 0.55418 0.23752 0.58265 0.24123 0.60854 0.24374 0.61437 0.25691 0.61471 0.26274 0.60664 0.27874 0.60926 0.28173 0.59891 0.29006 0.59666 0.30105 0.58762 0.31106 0.58926 0.31452 0.56273 0.31168 0.56046 0.31033 0.55302 0.28199 0.55200 0.27966 0.55523 0.24364 0.54934
6 0.00000 0.59394 0.07401 0.60467 0.07634 0.60144 0.18640 0.61944 0.18873 0.61621 0.19673 0.61752 0.20339 0.61138 0.21773 0.61011 0.22188 0.59815 0.22483 0.56612 0.21981 0.55447 0.21712 0.53958 0.21261 0.53342 0.20661 0.53244 0.20428 0.53567 0.17226 0.53044 0.16560 0.53657 0.14359 0.53297 0.14126 0.53620 0.09123 0.52802 0.08588 0.51992 0.02785 0.51043 0.02552 0.51366 0.01552 0.51202 0.01384 0.50814 0.00000 0.50587 0.00000 0.59394
6 0.87172 1.00000 0.86684 0.99440 0.85848 0.97497 0.83040 0.92704 0.82621 0.91732 0.82854 0.91409 0.82803 0.90859 0.82203 0.90761 0.80933 0.89109 0.80632 0.87975 0.78860 0.85157 0.77154 0.81627 0.75183 0.78777 0.74346 0.76834 0.73444 0.75603 0.72924 0.73531 0.72473 0.72916 0.72171 0.71782 0.71604 0.71329 0.70767 0.69386 0.70367 0.69320 0.70382 0.68059 0.70731 0.67574 0.72132 0.67803 0.72233 0.68903 0.73267 0.68711 0.73045 0.65604 0.72794 0.65021 0.71626 0.64470 0.70321 0.61005 0.68953 0.60420 0.68618 0.59643 0.66217 0.59250 0.65984 0.59573 0.65816 0.59185 0.65183 0.59443 0.60581 0.58690 0.60348 0.59013 0.43939 0.56329 0.43706 0.56652 0.43138 0.56198 0.42906 0.56521 0.42105 0.56390 0.41639 0.57037 0.40872 0.56550 0.40639 0.56873 0.39838 0.56742 0.38772 0.57290 0.36971 0.56995 0.36738 0.57318 0.35570 0.56766 0.35221 0.57251 0.35272 0.57801 0.36272 0.57965 0.36706 0.57674 0.37240 0.58484 0.37640 0.58550 0.37691 0.59100 0.37408 0.58873 0.36159 0.60294 0.35995 0.62073 0.36130 0.62818 0.35165 0.64466 0.34568 0.66536 0.33437 0.67795 0.32640 0.69832 0.30511 0.73096 0.28782 0.76425 0.27417 0.78008 0.27351 0.78720 0.26853 0.79721 0.24924 0.83018 0.22828 0.85926 0.22063 0.87607 0.20866 0.89579 0.20433 0.89869 0.17474 0.95056 0.47704 1.00000 0.87172 1.00000
6 0.71525 0.63369 0.72260 0.64212 0.72394 0.64956 0.72962 0.65410 0.73180 0.66349 0.73030 0.66866 0.71430 0.66604 0.71080 0.67089 0.71248 0.67478 0.71149 0.68545 0.70916 0.68868 0.71167 0.69451 0.71735 0.69905 0.75253 0.70300 0.75602 0.69815 0.76836 0.69656 0.77084 0.68071 0.76665 0.67100 0.75647 0.66030 0.75443 0.63829 0.74723 0.61725 0.72322 0.61332 0.72089 0.61655 0.70572 0.61588 0.71223 0.62236 0.71525 0.63369
6 0.83528 0.63165 0.81133 0.67108 0.79084 0.68398 0.78953 0.69821 0.79805 0.70503 0.80307 0.71668 0.81707 0.71897 0.81940 0.71574 0.87627 0.72685 0.98141 0.74237 0.98882 0.66205 0.86897 0.64077 0.86730 0.63689 0.85529 0.63493 0.85362 0.63104 0.84929 0.63394 0.83528 0.63165
