6 0.27637 0.95486 0.25684 0.93403 0.25293 0.93403 0.22754 0.90972 0.22363 0.90972 0.20606 0.89236 0.20215 0.89236 0.19824 0.88542 0.19434 0.88542 0.18066 0.87153 0.17676 0.87153 0.16504 0.85764 0.16113 0.85764 0.09473 0.79861 0.08887 0.78820 0.07715 0.78125 0.05566 0.77778 0.05371 0.77430 0.01465 0.77083 0.01270 0.76736 0.00000 0.76910 0.00098 0.99653 0.00684 0.99305 0.00879 0.99653 0.31641 0.99827 0.31152 0.98611 0.29394 0.97222 0.28027 0.95486 0.27637 0.95486
2 0.29199 0.88889 0.29980 0.89583 0.30469 0.88368 0.30371 0.86458 0.28418 0.85764 0.28125 0.84202 0.27637 0.83680 0.27051 0.84028 0.26562 0.83160 0.26367 0.82118 0.26367 0.81077 0.26758 0.80035 0.26953 0.78298 0.27344 0.77257 0.27344 0.76562 0.27734 0.75521 0.28320 0.72396 0.28516 0.68923 0.28223 0.68403 0.22754 0.69097 0.22559 0.69445 0.21582 0.69445 0.21094 0.70312 0.21289 0.71702 0.22266 0.73438 0.23438 0.77257 0.24609 0.79688 0.24805 0.80729 0.24805 0.83160 0.25000 0.83507 0.25000 0.84202 0.24512 0.85070 0.24121 0.85070 0.23828 0.85590 0.23828 0.88021 0.22168 0.88542 0.21875 0.89410 0.22070 0.90104 0.22559 0.90625 0.23340 0.90625 0.24805 0.91493 0.25684 0.90278 0.26270 0.90278 0.28027 0.89236 0.29199 0.88889
6 0.27637 0.95486 0.25684 0.93403 0.25293 0.93403 0.22754 0.90972 0.22363 0.90972 0.20606 0.89236 0.20215 0.89236 0.19824 0.88542 0.19434 0.88542 0.18066 0.87153 0.17676 0.87153 0.16504 0.85764 0.16113 0.85764 0.09473 0.79861 0.08887 0.78820 0.07715 0.78125 0.05566 0.77778 0.05371 0.77430 0.01465 0.77083 0.01270 0.76736 0.00000 0.76910 0.00098 0.99653 0.00684 0.99305 0.00879 0.99653 0.31641 0.99827 0.31152 0.98611 0.29394 0.97222 0.28027 0.95486 0.27637 0.95486
2 0.29199 0.88889 0.29980 0.89583 0.30469 0.88368 0.30371 0.86458 0.28418 0.85764 0.28125 0.84202 0.27637 0.83680 0.27051 0.84028 0.26562 0.83160 0.26367 0.82118 0.26367 0.81077 0.26758 0.80035 0.26953 0.78298 0.27344 0.77257 0.27344 0.76562 0.27734 0.75521 0.28320 0.72396 0.28516 0.68923 0.28223 0.68403 0.22754 0.69097 0.22559 0.69445 0.21582 0.69445 0.21094 0.70312 0.21289 0.71702 0.22266 0.73438 0.23438 0.77257 0.24609 0.79688 0.24805 0.80729 0.24805 0.83160 0.25000 0.83507 0.25000 0.84202 0.24512 0.85070 0.24121 0.85070 0.23828 0.85590 0.23828 0.88021 0.22168 0.88542 0.21875 0.89410 0.22070 0.90104 0.22559 0.90625 0.23340 0.90625 0.24805 0.91493 0.25684 0.90278 0.26270 0.90278 0.28027 0.89236 0.29199 0.88889
6 0.27637 0.95486 0.25684 0.93403 0.25293 0.93403 0.22754 0.90972 0.22363 0.90972 0.20606 0.89236 0.20215 0.89236 0.19824 0.88542 0.19434 0.88542 0.18066 0.87153 0.17676 0.87153 0.16504 0.85764 0.16113 0.85764 0.09473 0.79861 0.08887 0.78820 0.07715 0.78125 0.05566 0.77778 0.05371 0.77430 0.01465 0.77083 0.01270 0.76736 0.00000 0.76910 0.00098 0.99653 0.00684 0.99305 0.00879 0.99653 0.31641 0.99827 0.31152 0.98611 0.29394 0.97222 0.28027 0.95486 0.27637 0.95486
2 0.29199 0.88889 0.29980 0.89583 0.30469 0.88368 0.30371 0.86458 0.28418 0.85764 0.28125 0.84202 0.27637 0.83680 0.27051 0.84028 0.26562 0.83160 0.26367 0.82118 0.26367 0.81077 0.26758 0.80035 0.26953 0.78298 0.27344 0.77257 0.27344 0.76562 0.27734 0.75521 0.28320 0.72396 0.28516 0.68923 0.28223 0.68403 0.22754 0.69097 0.22559 0.69445 0.21582 0.69445 0.21094 0.70312 0.21289 0.71702 0.22266 0.73438 0.23438 0.77257 0.24609 0.79688 0.24805 0.80729 0.24805 0.83160 0.25000 0.83507 0.25000 0.84202 0.24512 0.85070 0.24121 0.85070 0.23828 0.85590 0.23828 0.88021 0.22168 0.88542 0.21875 0.89410 0.22070 0.90104 0.22559 0.90625 0.23340 0.90625 0.24805 0.91493 0.25684 0.90278 0.26270 0.90278 0.28027 0.89236 0.29199 0.88889
6 0.27637 0.95486 0.25684 0.93403 0.25293 0.93403 0.22754 0.90972 0.22363 0.90972 0.20606 0.89236 0.20215 0.89236 0.19824 0.88542 0.19434 0.88542 0.18066 0.87153 0.17676 0.87153 0.16504 0.85764 0.16113 0.85764 0.09473 0.79861 0.08887 0.78820 0.07715 0.78125 0.05566 0.77778 0.05371 0.77430 0.01465 0.77083 0.01270 0.76736 0.00000 0.76910 0.00098 0.99653 0.00684 0.99305 0.00879 0.99653 0.31641 0.99827 0.31152 0.98611 0.29394 0.97222 0.28027 0.95486 0.27637 0.95486
2 0.29199 0.88889 0.29980 0.89583 0.30469 0.88368 0.30371 0.86458 0.28418 0.85764 0.28125 0.84202 0.27637 0.83680 0.27051 0.84028 0.26562 0.83160 0.26367 0.82118 0.26367 0.81077 0.26758 0.80035 0.26953 0.78298 0.27344 0.77257 0.27344 0.76562 0.27734 0.75521 0.28320 0.72396 0.28516 0.68923 0.28223 0.68403 0.22754 0.69097 0.22559 0.69445 0.21582 0.69445 0.21094 0.70312 0.21289 0.71702 0.22266 0.73438 0.23438 0.77257 0.24609 0.79688 0.24805 0.80729 0.24805 0.83160 0.25000 0.83507 0.25000 0.84202 0.24512 0.85070 0.24121 0.85070 0.23828 0.85590 0.23828 0.88021 0.22168 0.88542 0.21875 0.89410 0.22070 0.90104 0.22559 0.90625 0.23340 0.90625 0.24805 0.91493 0.25684 0.90278 0.26270 0.90278 0.28027 0.89236 0.29199 0.88889
6 0.27637 0.95486 0.25684 0.93403 0.25293 0.93403 0.22754 0.90972 0.22363 0.90972 0.20606 0.89236 0.20215 0.89236 0.19824 0.88542 0.19434 0.88542 0.18066 0.87153 0.17676 0.87153 0.16504 0.85764 0.16113 0.85764 0.09473 0.79861 0.08887 0.78820 0.07715 0.78125 0.05566 0.77778 0.05371 0.77430 0.01465 0.77083 0.01270 0.76736 0.00000 0.76910 0.00098 0.99653 0.00684 0.99305 0.00879 0.99653 0.31641 0.99827 0.31152 0.98611 0.29394 0.97222 0.28027 0.95486 0.27637 0.95486
2 0.29199 0.88889 0.29980 0.89583 0.30469 0.88368 0.30371 0.86458 0.28418 0.85764 0.28125 0.84202 0.27637 0.83680 0.27051 0.84028 0.26562 0.83160 0.26367 0.82118 0.26367 0.81077 0.26758 0.80035 0.26953 0.78298 0.27344 0.77257 0.27344 0.76562 0.27734 0.75521 0.28320 0.72396 0.28516 0.68923 0.28223 0.68403 0.22754 0.69097 0.22559 0.69445 0.21582 0.69445 0.21094 0.70312 0.21289 0.71702 0.22266 0.73438 0.23438 0.77257 0.24609 0.79688 0.24805 0.80729 0.24805 0.83160 0.25000 0.83507 0.25000 0.84202 0.24512 0.85070 0.24121 0.85070 0.23828 0.85590 0.23828 0.88021 0.22168 0.88542 0.21875 0.89410 0.22070 0.90104 0.22559 0.90625 0.23340 0.90625 0.24805 0.91493 0.25684 0.90278 0.26270 0.90278 0.28027 0.89236 0.29199 0.88889
6 0.27637 0.95486 0.25684 0.93403 0.25293 0.93403 0.22754 0.90972 0.22363 0.90972 0.20606 0.89236 0.20215 0.89236 0.19824 0.88542 0.19434 0.88542 0.18066 0.87153 0.17676 0.87153 0.16504 0.85764 0.16113 0.85764 0.09473 0.79861 0.08887 0.78820 0.07715 0.78125 0.05566 0.77778 0.05371 0.77430 0.01465 0.77083 0.01270 0.76736 0.00000 0.76910 0.00098 0.99653 0.00684 0.99305 0.00879 0.99653 0.31641 0.99827 0.31152 0.98611 0.29394 0.97222 0.28027 0.95486 0.27637 0.95486
2 0.29199 0.88889 0.29980 0.89583 0.30469 0.88368 0.30371 0.86458 0.28418 0.85764 0.28125 0.84202 0.27637 0.83680 0.27051 0.84028 0.26562 0.83160 0.26367 0.82118 0.26367 0.81077 0.26758 0.80035 0.26953 0.78298 0.27344 0.77257 0.27344 0.76562 0.27734 0.75521 0.28320 0.72396 0.28516 0.68923 0.28223 0.68403 0.22754 0.69097 0.22559 0.69445 0.21582 0.69445 0.21094 0.70312 0.21289 0.71702 0.22266 0.73438 0.23438 0.77257 0.24609 0.79688 0.24805 0.80729 0.24805 0.83160 0.25000 0.83507 0.25000 0.84202 0.24512 0.85070 0.24121 0.85070 0.23828 0.85590 0.23828 0.88021 0.22168 0.88542 0.21875 0.89410 0.22070 0.90104 0.22559 0.90625 0.23340 0.90625 0.24805 0.91493 0.25684 0.90278 0.26270 0.90278 0.28027 0.89236 0.29199 0.88889
