6 0.38547 1.00000 0.37977 0.99472 0.37564 0.99520 0.34276 0.96945 0.33863 0.96993 0.31011 0.94737 0.30598 0.94785 0.29057 0.93486 0.28644 0.93534 0.25562 0.90935 0.24275 0.90345 0.22916 0.88655 0.21169 0.87379 0.20113 0.87133 0.15101 0.83649 0.13401 0.83108 0.08802 0.79576 0.06872 0.78692 0.03353 0.75774 0.02090 0.75551 0.01860 0.75208 0.01474 0.75354 0.03093 1.00000 0.38547 1.00000
5 0.33186 0.84090 0.33166 0.82454 0.31554 0.82641 0.31284 0.78537 0.32678 0.78374 0.34539 0.72616 0.33699 0.65847 0.31146 0.62398 0.28143 0.63451 0.26527 0.68244 0.26200 0.75305 0.29150 0.78785 0.30255 0.83573 0.28059 0.84219 0.27863 0.86583 0.24921 0.87238 0.24999 0.90429 0.29561 0.92394 0.36294 0.88644 0.36213 0.86078 0.33186 0.84090
6 0.38547 1.00000 0.37977 0.99472 0.37564 0.99520 0.34276 0.96945 0.33863 0.96993 0.31011 0.94737 0.30598 0.94785 0.29057 0.93486 0.28644 0.93534 0.25562 0.90935 0.24275 0.90345 0.22916 0.88655 0.21169 0.87379 0.20113 0.87133 0.15101 0.83649 0.13401 0.83108 0.08802 0.79576 0.06872 0.78692 0.03353 0.75774 0.02090 0.75551 0.01860 0.75208 0.01474 0.75354 0.03093 1.00000 0.38547 1.00000
5 0.33186 0.84090 0.33166 0.82454 0.31554 0.82641 0.31284 0.78537 0.32678 0.78374 0.34539 0.72616 0.33699 0.65847 0.31146 0.62398 0.28143 0.63451 0.26527 0.68244 0.26200 0.75305 0.29150 0.78785 0.30255 0.83573 0.28059 0.84219 0.27863 0.86583 0.24921 0.87238 0.24999 0.90429 0.29561 0.92394 0.36294 0.88644 0.36213 0.86078 0.33186 0.84090
6 0.38547 1.00000 0.37977 0.99472 0.37564 0.99520 0.34276 0.96945 0.33863 0.96993 0.31011 0.94737 0.30598 0.94785 0.29057 0.93486 0.28644 0.93534 0.25562 0.90935 0.24275 0.90345 0.22916 0.88655 0.21169 0.87379 0.20113 0.87133 0.15101 0.83649 0.13401 0.83108 0.08802 0.79576 0.06872 0.78692 0.03353 0.75774 0.02090 0.75551 0.01860 0.75208 0.01474 0.75354 0.03093 1.00000 0.38547 1.00000
5 0.33186 0.84090 0.33166 0.82454 0.31554 0.82641 0.31284 0.78537 0.32678 0.78374 0.34539 0.72616 0.33699 0.65847 0.31146 0.62398 0.28143 0.63451 0.26527 0.68244 0.26200 0.75305 0.29150 0.78785 0.30255 0.83573 0.28059 0.84219 0.27863 0.86583 0.24921 0.87238 0.24999 0.90429 0.29561 0.92394 0.36294 0.88644 0.36213 0.86078 0.33186 0.84090
6 0.38547 1.00000 0.37977 0.99472 0.37564 0.99520 0.34276 0.96945 0.33863 0.96993 0.31011 0.94737 0.30598 0.94785 0.29057 0.93486 0.28644 0.93534 0.25562 0.90935 0.24275 0.90345 0.22916 0.88655 0.21169 0.87379 0.20113 0.87133 0.15101 0.83649 0.13401 0.83108 0.08802 0.79576 0.06872 0.78692 0.03353 0.75774 0.02090 0.75551 0.01860 0.75208 0.01474 0.75354 0.03093 1.00000 0.38547 1.00000
5 0.33186 0.84090 0.33166 0.82454 0.31554 0.82641 0.31284 0.78537 0.32678 0.78374 0.34539 0.72616 0.33699 0.65847 0.31146 0.62398 0.28143 0.63451 0.26527 0.68244 0.26200 0.75305 0.29150 0.78785 0.30255 0.83573 0.28059 0.84219 0.27863 0.86583 0.24921 0.87238 0.24999 0.90429 0.29561 0.92394 0.36294 0.88644 0.36213 0.86078 0.33186 0.84090
6 0.38547 1.00000 0.37977 0.99472 0.37564 0.99520 0.34276 0.96945 0.33863 0.96993 0.31011 0.94737 0.30598 0.94785 0.29057 0.93486 0.28644 0.93534 0.25562 0.90935 0.24275 0.90345 0.22916 0.88655 0.21169 0.87379 0.20113 0.87133 0.15101 0.83649 0.13401 0.83108 0.08802 0.79576 0.06872 0.78692 0.03353 0.75774 0.02090 0.75551 0.01860 0.75208 0.01474 0.75354 0.03093 1.00000 0.38547 1.00000
5 0.33186 0.84090 0.33166 0.82454 0.31554 0.82641 0.31284 0.78537 0.32678 0.78374 0.34539 0.72616 0.33699 0.65847 0.31146 0.62398 0.28143 0.63451 0.26527 0.68244 0.26200 0.75305 0.29150 0.78785 0.30255 0.83573 0.28059 0.84219 0.27863 0.86583 0.24921 0.87238 0.24999 0.90429 0.29561 0.92394 0.36294 0.88644 0.36213 0.86078 0.33186 0.84090
6 0.38547 1.00000 0.37977 0.99472 0.37564 0.99520 0.34276 0.96945 0.33863 0.96993 0.31011 0.94737 0.30598 0.94785 0.29057 0.93486 0.28644 0.93534 0.25562 0.90935 0.24275 0.90345 0.22916 0.88655 0.21169 0.87379 0.20113 0.87133 0.15101 0.83649 0.13401 0.83108 0.08802 0.79576 0.06872 0.78692 0.03353 0.75774 0.02090 0.75551 0.01860 0.75208 0.01474 0.75354 0.03093 1.00000 0.38547 1.00000
5 0.33186 0.84090 0.33166 0.82454 0.31554 0.82641 0.31284 0.78537 0.32678 0.78374 0.34539 0.72616 0.33699 0.65847 0.31146 0.62398 0.28143 0.63451 0.26527 0.68244 0.26200 0.75305 0.29150 0.78785 0.30255 0.83573 0.28059 0.84219 0.27863 0.86583 0.24921 0.87238 0.24999 0.90429 0.29561 0.92394 0.36294 0.88644 0.36213 0.86078 0.33186 0.84090
