6 0.42050 0.00000 0.40798 0.02277 0.23509 0.00727 0.23220 0.06432 0.23759 0.07204 0.23541 0.10177 0.26599 0.10817 0.26673 0.13307 0.36830 0.15023 0.02582 0.97825 0.49345 1.00000 0.98720 1.00000 0.99815 0.58220 0.69010 0.00854 0.50655 0.00000 0.42050 0.00000
6 0.01280 0.00000 0.01044 0.09012 0.17779 0.11401 0.20503 0.08793 0.22009 0.04636 0.20653 0.03080 0.20312 0.00080 0.19713 0.00000 0.01280 0.00000
6 0.42050 0.00000 0.40798 0.02277 0.23509 0.00727 0.23220 0.06432 0.23759 0.07204 0.23541 0.10177 0.26599 0.10817 0.26673 0.13307 0.36830 0.15023 0.02582 0.97825 0.49345 1.00000 0.98720 1.00000 0.99815 0.58220 0.69010 0.00854 0.50655 0.00000 0.42050 0.00000
6 0.01280 0.00000 0.01044 0.09012 0.17779 0.11401 0.20503 0.08793 0.22009 0.04636 0.20653 0.03080 0.20312 0.00080 0.19713 0.00000 0.01280 0.00000
6 0.42050 0.00000 0.40798 0.02277 0.23509 0.00727 0.23220 0.06432 0.23759 0.07204 0.23541 0.10177 0.26599 0.10817 0.26673 0.13307 0.36830 0.15023 0.02582 0.97825 0.49345 1.00000 0.98720 1.00000 0.99815 0.58220 0.69010 0.00854 0.50655 0.00000 0.42050 0.00000
6 0.01280 0.00000 0.01044 0.09012 0.17779 0.11401 0.20503 0.08793 0.22009 0.04636 0.20653 0.03080 0.20312 0.00080 0.19713 0.00000 0.01280 0.00000
6 0.42050 0.00000 0.40798 0.02277 0.23509 0.00727 0.23220 0.06432 0.23759 0.07204 0.23541 0.10177 0.26599 0.10817 0.26673 0.13307 0.36830 0.15023 0.02582 0.97825 0.49345 1.00000 0.98720 1.00000 0.99815 0.58220 0.69010 0.00854 0.50655 0.00000 0.42050 0.00000
6 0.01280 0.00000 0.01044 0.09012 0.17779 0.11401 0.20503 0.08793 0.22009 0.04636 0.20653 0.03080 0.20312 0.00080 0.19713 0.00000 0.01280 0.00000
6 0.42050 0.00000 0.40798 0.02277 0.23509 0.00727 0.23220 0.06432 0.23759 0.07204 0.23541 0.10177 0.26599 0.10817 0.26673 0.13307 0.36830 0.15023 0.02582 0.97825 0.49345 1.00000 0.98720 1.00000 0.99815 0.58220 0.69010 0.00854 0.50655 0.00000 0.42050 0.00000
6 0.01280 0.00000 0.01044 0.09012 0.17779 0.11401 0.20503 0.08793 0.22009 0.04636 0.20653 0.03080 0.20312 0.00080 0.19713 0.00000 0.01280 0.00000
6 0.42050 0.00000 0.40798 0.02277 0.23509 0.00727 0.23220 0.06432 0.23759 0.07204 0.23541 0.10177 0.26599 0.10817 0.26673 0.13307 0.36830 0.15023 0.02582 0.97825 0.49345 1.00000 0.98720 1.00000 0.99815 0.58220 0.69010 0.00854 0.50655 0.00000 0.42050 0.00000
6 0.01280 0.00000 0.01044 0.09012 0.17779 0.11401 0.20503 0.08793 0.22009 0.04636 0.20653 0.03080 0.20312 0.00080 0.19713 0.00000 0.01280 0.00000
