6 0.00648 0.00000 0.00080 0.43342 0.17048 0.54707 0.21730 0.70473 0.00000 0.94866 0.00000 0.98845 0.49672 1.00000 0.99352 1.00000 1.00000 0.50581 1.00000 0.30530 0.85807 0.21413 0.69103 0.15010 0.48882 0.12701 0.02349 0.00000 0.00648 0.00000
5 0.26537 0.00000 0.26547 0.00124 0.25534 0.01463 0.25821 0.02900 0.23443 0.03254 0.23345 0.04886 0.27882 0.06286 0.31852 0.04198 0.31614 0.01945 0.29476 0.01555 0.29235 0.00000 0.26537 0.00000
6 0.00648 0.00000 0.00080 0.43342 0.17048 0.54707 0.21730 0.70473 0.00000 0.94866 0.00000 0.98845 0.49672 1.00000 0.99352 1.00000 1.00000 0.50581 1.00000 0.30530 0.85807 0.21413 0.69103 0.15010 0.48882 0.12701 0.02349 0.00000 0.00648 0.00000
5 0.26537 0.00000 0.26547 0.00124 0.25534 0.01463 0.25821 0.02900 0.23443 0.03254 0.23345 0.04886 0.27882 0.06286 0.31852 0.04198 0.31614 0.01945 0.29476 0.01555 0.29235 0.00000 0.26537 0.00000
6 0.00648 0.00000 0.00080 0.43342 0.17048 0.54707 0.21730 0.70473 0.00000 0.94866 0.00000 0.98845 0.49672 1.00000 0.99352 1.00000 1.00000 0.50581 1.00000 0.30530 0.85807 0.21413 0.69103 0.15010 0.48882 0.12701 0.02349 0.00000 0.00648 0.00000
5 0.26537 0.00000 0.26547 0.00124 0.25534 0.01463 0.25821 0.02900 0.23443 0.03254 0.23345 0.04886 0.27882 0.06286 0.31852 0.04198 0.31614 0.01945 0.29476 0.01555 0.29235 0.00000 0.26537 0.00000
6 0.00648 0.00000 0.00080 0.43342 0.17048 0.54707 0.21730 0.70473 0.00000 0.94866 0.00000 0.98845 0.49672 1.00000 0.99352 1.00000 1.00000 0.50581 1.00000 0.30530 0.85807 0.21413 0.69103 0.15010 0.48882 0.12701 0.02349 0.00000 0.00648 0.00000
5 0.26537 0.00000 0.26547 0.00124 0.25534 0.01463 0.25821 0.02900 0.23443 0.03254 0.23345 0.04886 0.27882 0.06286 0.31852 0.04198 0.31614 0.01945 0.29476 0.01555 0.29235 0.00000 0.26537 0.00000
6 0.00648 0.00000 0.00080 0.43342 0.17048 0.54707 0.21730 0.70473 0.00000 0.94866 0.00000 0.98845 0.49672 1.00000 0.99352 1.00000 1.00000 0.50581 1.00000 0.30530 0.85807 0.21413 0.69103 0.15010 0.48882 0.12701 0.02349 0.00000 0.00648 0.00000
5 0.26537 0.00000 0.26547 0.00124 0.25534 0.01463 0.25821 0.02900 0.23443 0.03254 0.23345 0.04886 0.27882 0.06286 0.31852 0.04198 0.31614 0.01945 0.29476 0.01555 0.29235 0.00000 0.26537 0.00000
6 0.00648 0.00000 0.00080 0.43342 0.17048 0.54707 0.21730 0.70473 0.00000 0.94866 0.00000 0.98845 0.49672 1.00000 0.99352 1.00000 1.00000 0.50581 1.00000 0.30530 0.85807 0.21413 0.69103 0.15010 0.48882 0.12701 0.02349 0.00000 0.00648 0.00000
5 0.26537 0.00000 0.26547 0.00124 0.25534 0.01463 0.25821 0.02900 0.23443 0.03254 0.23345 0.04886 0.27882 0.06286 0.31852 0.04198 0.31614 0.01945 0.29476 0.01555 0.29235 0.00000 0.26537 0.00000
