6 0.95767 1.00000 0.99591 0.58507 0.76704 0.03992 0.57962 0.00927 0.50716 0.13936 0.30868 0.09141 0.30276 0.10850 0.29882 0.18270 0.31001 0.18711 0.30766 0.21254 0.33980 0.22554 0.33177 0.26551 0.43887 0.29851 0.14046 0.94495 0.47704 1.00000 0.95767 1.00000
6 0.28407 0.18545 0.28571 0.16766 0.27928 0.15886 0.26950 0.13920 0.26447 0.11515 0.26609 0.08186 0.04056 0.01923 0.02541 0.18355 0.23754 0.25010 0.25769 0.20436 0.26911 0.20623 0.27815 0.20255 0.28005 0.19770 0.28407 0.18545
7 0.85726 0.16565 0.86189 0.16254 0.86209 0.17224 0.84799 0.17187 0.84815 0.15835 0.84297 0.15557 0.83389 0.17150 0.83108 0.20201 0.83591 0.20861 0.84374 0.19440 0.84802 0.19511 0.84982 0.19927 0.85624 0.20032 0.85947 0.21246 0.86730 0.19826 0.86909 0.20242 0.87765 0.20382 0.88143 0.22186 0.88571 0.22256 0.89140 0.20800 0.89351 0.18513 0.89600 0.18166 0.89527 0.16605 0.88884 0.16500 0.88085 0.19273 0.87513 0.18405 0.86781 0.18092 0.87062 0.15041 0.87701 0.12823 0.87912 0.10535 0.88162 0.10189 0.88372 0.07900 0.88622 0.07554 0.88768 0.05965 0.86841 0.05650 0.86730 0.06857 0.86480 0.07204 0.86164 0.10636 0.85915 0.10982 0.85422 0.16321 0.85726 0.16565
7 0.48500 0.00000 0.48045 0.06177 0.46807 0.07730 0.46380 0.11316 0.51244 0.12190 0.52718 0.09131 0.52671 0.06767 0.51751 0.07166 0.52359 0.00010 0.52296 0.00000 0.48500 0.00000
6 0.95767 1.00000 0.99591 0.58507 0.76704 0.03992 0.57962 0.00927 0.50716 0.13936 0.30868 0.09141 0.30276 0.10850 0.29882 0.18270 0.31001 0.18711 0.30766 0.21254 0.33980 0.22554 0.33177 0.26551 0.43887 0.29851 0.14046 0.94495 0.47704 1.00000 0.95767 1.00000
6 0.28407 0.18545 0.28571 0.16766 0.27928 0.15886 0.26950 0.13920 0.26447 0.11515 0.26609 0.08186 0.04056 0.01923 0.02541 0.18355 0.23754 0.25010 0.25769 0.20436 0.26911 0.20623 0.27815 0.20255 0.28005 0.19770 0.28407 0.18545
7 0.85726 0.16565 0.86189 0.16254 0.86209 0.17224 0.84799 0.17187 0.84815 0.15835 0.84297 0.15557 0.83389 0.17150 0.83108 0.20201 0.83591 0.20861 0.84374 0.19440 0.84802 0.19511 0.84982 0.19927 0.85624 0.20032 0.85947 0.21246 0.86730 0.19826 0.86909 0.20242 0.87765 0.20382 0.88143 0.22186 0.88571 0.22256 0.89140 0.20800 0.89351 0.18513 0.89600 0.18166 0.89527 0.16605 0.88884 0.16500 0.88085 0.19273 0.87513 0.18405 0.86781 0.18092 0.87062 0.15041 0.87701 0.12823 0.87912 0.10535 0.88162 0.10189 0.88372 0.07900 0.88622 0.07554 0.88768 0.05965 0.86841 0.05650 0.86730 0.06857 0.86480 0.07204 0.86164 0.10636 0.85915 0.10982 0.85422 0.16321 0.85726 0.16565
7 0.48500 0.00000 0.48045 0.06177 0.46807 0.07730 0.46380 0.11316 0.51244 0.12190 0.52718 0.09131 0.52671 0.06767 0.51751 0.07166 0.52359 0.00010 0.52296 0.00000 0.48500 0.00000
6 0.95767 1.00000 0.99591 0.58507 0.76704 0.03992 0.57962 0.00927 0.50716 0.13936 0.30868 0.09141 0.30276 0.10850 0.29882 0.18270 0.31001 0.18711 0.30766 0.21254 0.33980 0.22554 0.33177 0.26551 0.43887 0.29851 0.14046 0.94495 0.47704 1.00000 0.95767 1.00000
6 0.28407 0.18545 0.28571 0.16766 0.27928 0.15886 0.26950 0.13920 0.26447 0.11515 0.26609 0.08186 0.04056 0.01923 0.02541 0.18355 0.23754 0.25010 0.25769 0.20436 0.26911 0.20623 0.27815 0.20255 0.28005 0.19770 0.28407 0.18545
7 0.85726 0.16565 0.86189 0.16254 0.86209 0.17224 0.84799 0.17187 0.84815 0.15835 0.84297 0.15557 0.83389 0.17150 0.83108 0.20201 0.83591 0.20861 0.84374 0.19440 0.84802 0.19511 0.84982 0.19927 0.85624 0.20032 0.85947 0.21246 0.86730 0.19826 0.86909 0.20242 0.87765 0.20382 0.88143 0.22186 0.88571 0.22256 0.89140 0.20800 0.89351 0.18513 0.89600 0.18166 0.89527 0.16605 0.88884 0.16500 0.88085 0.19273 0.87513 0.18405 0.86781 0.18092 0.87062 0.15041 0.87701 0.12823 0.87912 0.10535 0.88162 0.10189 0.88372 0.07900 0.88622 0.07554 0.88768 0.05965 0.86841 0.05650 0.86730 0.06857 0.86480 0.07204 0.86164 0.10636 0.85915 0.10982 0.85422 0.16321 0.85726 0.16565
7 0.48500 0.00000 0.48045 0.06177 0.46807 0.07730 0.46380 0.11316 0.51244 0.12190 0.52718 0.09131 0.52671 0.06767 0.51751 0.07166 0.52359 0.00010 0.52296 0.00000 0.48500 0.00000
6 0.95767 1.00000 0.99591 0.58507 0.76704 0.03992 0.57962 0.00927 0.50716 0.13936 0.30868 0.09141 0.30276 0.10850 0.29882 0.18270 0.31001 0.18711 0.30766 0.21254 0.33980 0.22554 0.33177 0.26551 0.43887 0.29851 0.14046 0.94495 0.47704 1.00000 0.95767 1.00000
6 0.28407 0.18545 0.28571 0.16766 0.27928 0.15886 0.26950 0.13920 0.26447 0.11515 0.26609 0.08186 0.04056 0.01923 0.02541 0.18355 0.23754 0.25010 0.25769 0.20436 0.26911 0.20623 0.27815 0.20255 0.28005 0.19770 0.28407 0.18545
7 0.85726 0.16565 0.86189 0.16254 0.86209 0.17224 0.84799 0.17187 0.84815 0.15835 0.84297 0.15557 0.83389 0.17150 0.83108 0.20201 0.83591 0.20861 0.84374 0.19440 0.84802 0.19511 0.84982 0.19927 0.85624 0.20032 0.85947 0.21246 0.86730 0.19826 0.86909 0.20242 0.87765 0.20382 0.88143 0.22186 0.88571 0.22256 0.89140 0.20800 0.89351 0.18513 0.89600 0.18166 0.89527 0.16605 0.88884 0.16500 0.88085 0.19273 0.87513 0.18405 0.86781 0.18092 0.87062 0.15041 0.87701 0.12823 0.87912 0.10535 0.88162 0.10189 0.88372 0.07900 0.88622 0.07554 0.88768 0.05965 0.86841 0.05650 0.86730 0.06857 0.86480 0.07204 0.86164 0.10636 0.85915 0.10982 0.85422 0.16321 0.85726 0.16565
7 0.48500 0.00000 0.48045 0.06177 0.46807 0.07730 0.46380 0.11316 0.51244 0.12190 0.52718 0.09131 0.52671 0.06767 0.51751 0.07166 0.52359 0.00010 0.52296 0.00000 0.48500 0.00000
6 0.95767 1.00000 0.99591 0.58507 0.76704 0.03992 0.57962 0.00927 0.50716 0.13936 0.30868 0.09141 0.30276 0.10850 0.29882 0.18270 0.31001 0.18711 0.30766 0.21254 0.33980 0.22554 0.33177 0.26551 0.43887 0.29851 0.14046 0.94495 0.47704 1.00000 0.95767 1.00000
6 0.28407 0.18545 0.28571 0.16766 0.27928 0.15886 0.26950 0.13920 0.26447 0.11515 0.26609 0.08186 0.04056 0.01923 0.02541 0.18355 0.23754 0.25010 0.25769 0.20436 0.26911 0.20623 0.27815 0.20255 0.28005 0.19770 0.28407 0.18545
7 0.85726 0.16565 0.86189 0.16254 0.86209 0.17224 0.84799 0.17187 0.84815 0.15835 0.84297 0.15557 0.83389 0.17150 0.83108 0.20201 0.83591 0.20861 0.84374 0.19440 0.84802 0.19511 0.84982 0.19927 0.85624 0.20032 0.85947 0.21246 0.86730 0.19826 0.86909 0.20242 0.87765 0.20382 0.88143 0.22186 0.88571 0.22256 0.89140 0.20800 0.89351 0.18513 0.89600 0.18166 0.89527 0.16605 0.88884 0.16500 0.88085 0.19273 0.87513 0.18405 0.86781 0.18092 0.87062 0.15041 0.87701 0.12823 0.87912 0.10535 0.88162 0.10189 0.88372 0.07900 0.88622 0.07554 0.88768 0.05965 0.86841 0.05650 0.86730 0.06857 0.86480 0.07204 0.86164 0.10636 0.85915 0.10982 0.85422 0.16321 0.85726 0.16565
7 0.48500 0.00000 0.48045 0.06177 0.46807 0.07730 0.46380 0.11316 0.51244 0.12190 0.52718 0.09131 0.52671 0.06767 0.51751 0.07166 0.52359 0.00010 0.52296 0.00000 0.48500 0.00000
6 0.95767 1.00000 0.99591 0.58507 0.76704 0.03992 0.57962 0.00927 0.50716 0.13936 0.30868 0.09141 0.30276 0.10850 0.29882 0.18270 0.31001 0.18711 0.30766 0.21254 0.33980 0.22554 0.33177 0.26551 0.43887 0.29851 0.14046 0.94495 0.47704 1.00000 0.95767 1.00000
6 0.28407 0.18545 0.28571 0.16766 0.27928 0.15886 0.26950 0.13920 0.26447 0.11515 0.26609 0.08186 0.04056 0.01923 0.02541 0.18355 0.23754 0.25010 0.25769 0.20436 0.26911 0.20623 0.27815 0.20255 0.28005 0.19770 0.28407 0.18545
7 0.85726 0.16565 0.86189 0.16254 0.86209 0.17224 0.84799 0.17187 0.84815 0.15835 0.84297 0.15557 0.83389 0.17150 0.83108 0.20201 0.83591 0.20861 0.84374 0.19440 0.84802 0.19511 0.84982 0.19927 0.85624 0.20032 0.85947 0.21246 0.86730 0.19826 0.86909 0.20242 0.87765 0.20382 0.88143 0.22186 0.88571 0.22256 0.89140 0.20800 0.89351 0.18513 0.89600 0.18166 0.89527 0.16605 0.88884 0.16500 0.88085 0.19273 0.87513 0.18405 0.86781 0.18092 0.87062 0.15041 0.87701 0.12823 0.87912 0.10535 0.88162 0.10189 0.88372 0.07900 0.88622 0.07554 0.88768 0.05965 0.86841 0.05650 0.86730 0.06857 0.86480 0.07204 0.86164 0.10636 0.85915 0.10982 0.85422 0.16321 0.85726 0.16565
7 0.48500 0.00000 0.48045 0.06177 0.46807 0.07730 0.46380 0.11316 0.51244 0.12190 0.52718 0.09131 0.52671 0.06767 0.51751 0.07166 0.52359 0.00010 0.52296 0.00000 0.48500 0.00000
