6 0.09896 0.00000 0.09896 0.03935 0.12891 0.03935 0.13021 0.06945 0.22005 0.07870 0.00000 0.64815 0.00000 1.00000 1.00000 1.00000 0.99740 0.81250 0.51823 0.00000 0.09896 0.00000
1 0.83789 0.33854 0.83594 0.32118 0.83301 0.31597 0.82031 0.30382 0.82227 0.26910 0.82520 0.26389 0.83691 0.26042 0.85449 0.24653 0.86035 0.23958 0.87891 0.20312 0.88867 0.15798 0.88867 0.11285 0.88672 0.10938 0.88672 0.09896 0.88086 0.08160 0.86621 0.05903 0.84668 0.04514 0.82910 0.04514 0.82715 0.04861 0.81934 0.04861 0.80371 0.06597 0.78516 0.09896 0.77148 0.14062 0.77148 0.15104 0.76953 0.15452 0.76953 0.20312 0.77148 0.21354 0.77539 0.22743 0.79687 0.25868 0.79492 0.27952 0.79101 0.29340 0.79101 0.30382 0.78809 0.30903 0.77441 0.30903 0.77051 0.31250 0.76660 0.32292 0.75098 0.32292 0.74902 0.32639 0.73926 0.32292 0.73633 0.33160 0.73633 0.34896 0.73926 0.35764 0.75098 0.37153 0.76660 0.39930 0.77637 0.40625 0.78223 0.40278 0.85156 0.40452 0.86035 0.39930 0.86523 0.38715 0.86523 0.38021 0.83789 0.33854
6 0.09896 0.00000 0.09896 0.03935 0.12891 0.03935 0.13021 0.06945 0.22005 0.07870 0.00000 0.64815 0.00000 1.00000 1.00000 1.00000 0.99740 0.81250 0.51823 0.00000 0.09896 0.00000
1 0.83789 0.33854 0.83594 0.32118 0.83301 0.31597 0.82031 0.30382 0.82227 0.26910 0.82520 0.26389 0.83691 0.26042 0.85449 0.24653 0.86035 0.23958 0.87891 0.20312 0.88867 0.15798 0.88867 0.11285 0.88672 0.10938 0.88672 0.09896 0.88086 0.08160 0.86621 0.05903 0.84668 0.04514 0.82910 0.04514 0.82715 0.04861 0.81934 0.04861 0.80371 0.06597 0.78516 0.09896 0.77148 0.14062 0.77148 0.15104 0.76953 0.15452 0.76953 0.20312 0.77148 0.21354 0.77539 0.22743 0.79687 0.25868 0.79492 0.27952 0.79101 0.29340 0.79101 0.30382 0.78809 0.30903 0.77441 0.30903 0.77051 0.31250 0.76660 0.32292 0.75098 0.32292 0.74902 0.32639 0.73926 0.32292 0.73633 0.33160 0.73633 0.34896 0.73926 0.35764 0.75098 0.37153 0.76660 0.39930 0.77637 0.40625 0.78223 0.40278 0.85156 0.40452 0.86035 0.39930 0.86523 0.38715 0.86523 0.38021 0.83789 0.33854
6 0.09896 0.00000 0.09896 0.03935 0.12891 0.03935 0.13021 0.06945 0.22005 0.07870 0.00000 0.64815 0.00000 1.00000 1.00000 1.00000 0.99740 0.81250 0.51823 0.00000 0.09896 0.00000
1 0.83789 0.33854 0.83594 0.32118 0.83301 0.31597 0.82031 0.30382 0.82227 0.26910 0.82520 0.26389 0.83691 0.26042 0.85449 0.24653 0.86035 0.23958 0.87891 0.20312 0.88867 0.15798 0.88867 0.11285 0.88672 0.10938 0.88672 0.09896 0.88086 0.08160 0.86621 0.05903 0.84668 0.04514 0.82910 0.04514 0.82715 0.04861 0.81934 0.04861 0.80371 0.06597 0.78516 0.09896 0.77148 0.14062 0.77148 0.15104 0.76953 0.15452 0.76953 0.20312 0.77148 0.21354 0.77539 0.22743 0.79687 0.25868 0.79492 0.27952 0.79101 0.29340 0.79101 0.30382 0.78809 0.30903 0.77441 0.30903 0.77051 0.31250 0.76660 0.32292 0.75098 0.32292 0.74902 0.32639 0.73926 0.32292 0.73633 0.33160 0.73633 0.34896 0.73926 0.35764 0.75098 0.37153 0.76660 0.39930 0.77637 0.40625 0.78223 0.40278 0.85156 0.40452 0.86035 0.39930 0.86523 0.38715 0.86523 0.38021 0.83789 0.33854
6 0.09896 0.00000 0.09896 0.03935 0.12891 0.03935 0.13021 0.06945 0.22005 0.07870 0.00000 0.64815 0.00000 1.00000 1.00000 1.00000 0.99740 0.81250 0.51823 0.00000 0.09896 0.00000
1 0.83789 0.33854 0.83594 0.32118 0.83301 0.31597 0.82031 0.30382 0.82227 0.26910 0.82520 0.26389 0.83691 0.26042 0.85449 0.24653 0.86035 0.23958 0.87891 0.20312 0.88867 0.15798 0.88867 0.11285 0.88672 0.10938 0.88672 0.09896 0.88086 0.08160 0.86621 0.05903 0.84668 0.04514 0.82910 0.04514 0.82715 0.04861 0.81934 0.04861 0.80371 0.06597 0.78516 0.09896 0.77148 0.14062 0.77148 0.15104 0.76953 0.15452 0.76953 0.20312 0.77148 0.21354 0.77539 0.22743 0.79687 0.25868 0.79492 0.27952 0.79101 0.29340 0.79101 0.30382 0.78809 0.30903 0.77441 0.30903 0.77051 0.31250 0.76660 0.32292 0.75098 0.32292 0.74902 0.32639 0.73926 0.32292 0.73633 0.33160 0.73633 0.34896 0.73926 0.35764 0.75098 0.37153 0.76660 0.39930 0.77637 0.40625 0.78223 0.40278 0.85156 0.40452 0.86035 0.39930 0.86523 0.38715 0.86523 0.38021 0.83789 0.33854
6 0.09896 0.00000 0.09896 0.03935 0.12891 0.03935 0.13021 0.06945 0.22005 0.07870 0.00000 0.64815 0.00000 1.00000 1.00000 1.00000 0.99740 0.81250 0.51823 0.00000 0.09896 0.00000
1 0.83789 0.33854 0.83594 0.32118 0.83301 0.31597 0.82031 0.30382 0.82227 0.26910 0.82520 0.26389 0.83691 0.26042 0.85449 0.24653 0.86035 0.23958 0.87891 0.20312 0.88867 0.15798 0.88867 0.11285 0.88672 0.10938 0.88672 0.09896 0.88086 0.08160 0.86621 0.05903 0.84668 0.04514 0.82910 0.04514 0.82715 0.04861 0.81934 0.04861 0.80371 0.06597 0.78516 0.09896 0.77148 0.14062 0.77148 0.15104 0.76953 0.15452 0.76953 0.20312 0.77148 0.21354 0.77539 0.22743 0.79687 0.25868 0.79492 0.27952 0.79101 0.29340 0.79101 0.30382 0.78809 0.30903 0.77441 0.30903 0.77051 0.31250 0.76660 0.32292 0.75098 0.32292 0.74902 0.32639 0.73926 0.32292 0.73633 0.33160 0.73633 0.34896 0.73926 0.35764 0.75098 0.37153 0.76660 0.39930 0.77637 0.40625 0.78223 0.40278 0.85156 0.40452 0.86035 0.39930 0.86523 0.38715 0.86523 0.38021 0.83789 0.33854
6 0.09896 0.00000 0.09896 0.03935 0.12891 0.03935 0.13021 0.06945 0.22005 0.07870 0.00000 0.64815 0.00000 1.00000 1.00000 1.00000 0.99740 0.81250 0.51823 0.00000 0.09896 0.00000
1 0.83789 0.33854 0.83594 0.32118 0.83301 0.31597 0.82031 0.30382 0.82227 0.26910 0.82520 0.26389 0.83691 0.26042 0.85449 0.24653 0.86035 0.23958 0.87891 0.20312 0.88867 0.15798 0.88867 0.11285 0.88672 0.10938 0.88672 0.09896 0.88086 0.08160 0.86621 0.05903 0.84668 0.04514 0.82910 0.04514 0.82715 0.04861 0.81934 0.04861 0.80371 0.06597 0.78516 0.09896 0.77148 0.14062 0.77148 0.15104 0.76953 0.15452 0.76953 0.20312 0.77148 0.21354 0.77539 0.22743 0.79687 0.25868 0.79492 0.27952 0.79101 0.29340 0.79101 0.30382 0.78809 0.30903 0.77441 0.30903 0.77051 0.31250 0.76660 0.32292 0.75098 0.32292 0.74902 0.32639 0.73926 0.32292 0.73633 0.33160 0.73633 0.34896 0.73926 0.35764 0.75098 0.37153 0.76660 0.39930 0.77637 0.40625 0.78223 0.40278 0.85156 0.40452 0.86035 0.39930 0.86523 0.38715 0.86523 0.38021 0.83789 0.33854
