6 0.03093 0.00000 0.00000 0.47092 0.00000 0.94364 0.48361 1.00000 0.96907 1.00000 0.97095 0.97136 0.21196 0.00000 0.03093 0.00000
1 0.39107 0.00000 0.38874 0.00900 0.38747 0.05923 0.39055 0.07398 0.40562 0.10633 0.40518 0.14350 0.38511 0.16012 0.36145 0.17141 0.35758 0.18219 0.39221 0.22064 0.45834 0.21852 0.46310 0.18817 0.43862 0.18180 0.43685 0.14859 0.42552 0.14657 0.42493 0.11349 0.44248 0.09983 0.45729 0.07457 0.46248 0.05718 0.46553 0.01075 0.46307 0.00000 0.39107 0.00000
6 0.03093 0.00000 0.00000 0.47092 0.00000 0.94364 0.48361 1.00000 0.96907 1.00000 0.97095 0.97136 0.21196 0.00000 0.03093 0.00000
1 0.39107 0.00000 0.38874 0.00900 0.38747 0.05923 0.39055 0.07398 0.40562 0.10633 0.40518 0.14350 0.38511 0.16012 0.36145 0.17141 0.35758 0.18219 0.39221 0.22064 0.45834 0.21852 0.46310 0.18817 0.43862 0.18180 0.43685 0.14859 0.42552 0.14657 0.42493 0.11349 0.44248 0.09983 0.45729 0.07457 0.46248 0.05718 0.46553 0.01075 0.46307 0.00000 0.39107 0.00000
6 0.03093 0.00000 0.00000 0.47092 0.00000 0.94364 0.48361 1.00000 0.96907 1.00000 0.97095 0.97136 0.21196 0.00000 0.03093 0.00000
1 0.39107 0.00000 0.38874 0.00900 0.38747 0.05923 0.39055 0.07398 0.40562 0.10633 0.40518 0.14350 0.38511 0.16012 0.36145 0.17141 0.35758 0.18219 0.39221 0.22064 0.45834 0.21852 0.46310 0.18817 0.43862 0.18180 0.43685 0.14859 0.42552 0.14657 0.42493 0.11349 0.44248 0.09983 0.45729 0.07457 0.46248 0.05718 0.46553 0.01075 0.46307 0.00000 0.39107 0.00000
6 0.03093 0.00000 0.00000 0.47092 0.00000 0.94364 0.48361 1.00000 0.96907 1.00000 0.97095 0.97136 0.21196 0.00000 0.03093 0.00000
1 0.39107 0.00000 0.38874 0.00900 0.38747 0.05923 0.39055 0.07398 0.40562 0.10633 0.40518 0.14350 0.38511 0.16012 0.36145 0.17141 0.35758 0.18219 0.39221 0.22064 0.45834 0.21852 0.46310 0.18817 0.43862 0.18180 0.43685 0.14859 0.42552 0.14657 0.42493 0.11349 0.44248 0.09983 0.45729 0.07457 0.46248 0.05718 0.46553 0.01075 0.46307 0.00000 0.39107 0.00000
6 0.03093 0.00000 0.00000 0.47092 0.00000 0.94364 0.48361 1.00000 0.96907 1.00000 0.97095 0.97136 0.21196 0.00000 0.03093 0.00000
1 0.39107 0.00000 0.38874 0.00900 0.38747 0.05923 0.39055 0.07398 0.40562 0.10633 0.40518 0.14350 0.38511 0.16012 0.36145 0.17141 0.35758 0.18219 0.39221 0.22064 0.45834 0.21852 0.46310 0.18817 0.43862 0.18180 0.43685 0.14859 0.42552 0.14657 0.42493 0.11349 0.44248 0.09983 0.45729 0.07457 0.46248 0.05718 0.46553 0.01075 0.46307 0.00000 0.39107 0.00000
