6 1.00000 0.81547 0.86259 0.70534 0.66846 0.59176 0.00000 0.24104 0.00000 0.52326 0.02503 1.00000 0.51311 1.00000 1.00000 0.95465 1.00000 0.81547
1 0.10111 0.18334 0.10672 0.21103 0.09240 0.21320 0.09132 0.22986 0.06853 0.24157 0.06957 0.26152 0.11393 0.27743 0.17676 0.25899 0.17134 0.22650 0.14704 0.22876 0.14042 0.19355 0.12444 0.20259 0.11953 0.17672 0.13454 0.15768 0.14199 0.13537 0.14514 0.11672 0.14322 0.08019 0.13757 0.05135 0.12730 0.03349 0.07322 0.03853 0.06644 0.08313 0.06942 0.12120 0.08401 0.15748 0.09040 0.16865 0.09900 0.17471 0.10111 0.18334
6 1.00000 0.81547 0.86259 0.70534 0.66846 0.59176 0.00000 0.24104 0.00000 0.52326 0.02503 1.00000 0.51311 1.00000 1.00000 0.95465 1.00000 0.81547
1 0.10111 0.18334 0.10672 0.21103 0.09240 0.21320 0.09132 0.22986 0.06853 0.24157 0.06957 0.26152 0.11393 0.27743 0.17676 0.25899 0.17134 0.22650 0.14704 0.22876 0.14042 0.19355 0.12444 0.20259 0.11953 0.17672 0.13454 0.15768 0.14199 0.13537 0.14514 0.11672 0.14322 0.08019 0.13757 0.05135 0.12730 0.03349 0.07322 0.03853 0.06644 0.08313 0.06942 0.12120 0.08401 0.15748 0.09040 0.16865 0.09900 0.17471 0.10111 0.18334
6 1.00000 0.81547 0.86259 0.70534 0.66846 0.59176 0.00000 0.24104 0.00000 0.52326 0.02503 1.00000 0.51311 1.00000 1.00000 0.95465 1.00000 0.81547
1 0.10111 0.18334 0.10672 0.21103 0.09240 0.21320 0.09132 0.22986 0.06853 0.24157 0.06957 0.26152 0.11393 0.27743 0.17676 0.25899 0.17134 0.22650 0.14704 0.22876 0.14042 0.19355 0.12444 0.20259 0.11953 0.17672 0.13454 0.15768 0.14199 0.13537 0.14514 0.11672 0.14322 0.08019 0.13757 0.05135 0.12730 0.03349 0.07322 0.03853 0.06644 0.08313 0.06942 0.12120 0.08401 0.15748 0.09040 0.16865 0.09900 0.17471 0.10111 0.18334
6 1.00000 0.81547 0.86259 0.70534 0.66846 0.59176 0.00000 0.24104 0.00000 0.52326 0.02503 1.00000 0.51311 1.00000 1.00000 0.95465 1.00000 0.81547
1 0.10111 0.18334 0.10672 0.21103 0.09240 0.21320 0.09132 0.22986 0.06853 0.24157 0.06957 0.26152 0.11393 0.27743 0.17676 0.25899 0.17134 0.22650 0.14704 0.22876 0.14042 0.19355 0.12444 0.20259 0.11953 0.17672 0.13454 0.15768 0.14199 0.13537 0.14514 0.11672 0.14322 0.08019 0.13757 0.05135 0.12730 0.03349 0.07322 0.03853 0.06644 0.08313 0.06942 0.12120 0.08401 0.15748 0.09040 0.16865 0.09900 0.17471 0.10111 0.18334
6 1.00000 0.81547 0.86259 0.70534 0.66846 0.59176 0.00000 0.24104 0.00000 0.52326 0.02503 1.00000 0.51311 1.00000 1.00000 0.95465 1.00000 0.81547
1 0.10111 0.18334 0.10672 0.21103 0.09240 0.21320 0.09132 0.22986 0.06853 0.24157 0.06957 0.26152 0.11393 0.27743 0.17676 0.25899 0.17134 0.22650 0.14704 0.22876 0.14042 0.19355 0.12444 0.20259 0.11953 0.17672 0.13454 0.15768 0.14199 0.13537 0.14514 0.11672 0.14322 0.08019 0.13757 0.05135 0.12730 0.03349 0.07322 0.03853 0.06644 0.08313 0.06942 0.12120 0.08401 0.15748 0.09040 0.16865 0.09900 0.17471 0.10111 0.18334
6 1.00000 0.81547 0.86259 0.70534 0.66846 0.59176 0.00000 0.24104 0.00000 0.52326 0.02503 1.00000 0.51311 1.00000 1.00000 0.95465 1.00000 0.81547
1 0.10111 0.18334 0.10672 0.21103 0.09240 0.21320 0.09132 0.22986 0.06853 0.24157 0.06957 0.26152 0.11393 0.27743 0.17676 0.25899 0.17134 0.22650 0.14704 0.22876 0.14042 0.19355 0.12444 0.20259 0.11953 0.17672 0.13454 0.15768 0.14199 0.13537 0.14514 0.11672 0.14322 0.08019 0.13757 0.05135 0.12730 0.03349 0.07322 0.03853 0.06644 0.08313 0.06942 0.12120 0.08401 0.15748 0.09040 0.16865 0.09900 0.17471 0.10111 0.18334
