6 0.29980 0.61805 0.30176 0.61458 0.30957 0.61458 0.31055 0.58507 0.30762 0.57986 0.24707 0.57986 0.24512 0.58333 0.23340 0.58333 0.23047 0.59202 0.23242 0.63021 0.23633 0.63368 0.23633 0.64062 0.24121 0.65278 0.25391 0.65452 0.26465 0.64583 0.27637 0.64583 0.28809 0.62153 0.29980 0.61805
6 0.21484 0.64757 0.21875 0.63715 0.21680 0.60590 0.20215 0.57986 0.16113 0.57986 0.15918 0.58333 0.13574 0.58333 0.13379 0.58680 0.09082 0.58680 0.08301 0.57639 0.05566 0.57639 0.05371 0.57986 0.02637 0.57986 0.02441 0.58680 0.00098 0.58680 0.00000 0.67188 0.03711 0.67188 0.19238 0.66667 0.20215 0.65625 0.20801 0.65625 0.21484 0.64757
6 1.00000 0.57118 0.98340 0.56945 0.98145 0.56597 0.97168 0.56945 0.96973 0.56597 0.90918 0.56597 0.89746 0.55903 0.85449 0.55903 0.84180 0.59896 0.84180 0.60590 0.82910 0.61458 0.82813 0.61979 0.82031 0.63021 0.82617 0.63715 0.82813 0.64757 0.83203 0.65452 0.83106 0.66320 0.84277 0.66320 0.84473 0.66667 0.86133 0.66493 0.87305 0.66146 0.86035 0.65972 0.86035 0.65278 0.86816 0.65278 0.87402 0.64930 0.87793 0.64236 0.87988 0.64583 0.88379 0.64236 0.89355 0.64236 0.89551 0.64583 0.90137 0.64236 0.90332 0.64583 0.91504 0.64583 0.91699 0.64236 0.91894 0.64583 0.92871 0.64583 0.93066 0.64236 0.94043 0.64236 0.94434 0.64583 0.94629 0.63889 0.95606 0.64583 0.96191 0.64236 0.96973 0.64236 0.97168 0.64583 0.97754 0.64236 0.98730 0.64236 0.98926 0.64583 0.99902 0.64236 1.00000 0.62673 0.99121 0.62500 0.99023 0.61979 1.00000 0.61632 1.00000 0.57118
6 0.90918 0.92361 0.90332 0.90972 0.88184 0.88542 0.87207 0.86805 0.86230 0.85764 0.85645 0.84375 0.84668 0.83333 0.81934 0.78820 0.80371 0.77083 0.78809 0.74653 0.78418 0.74653 0.75391 0.69618 0.75000 0.68229 0.75488 0.68055 0.75586 0.67188 0.75879 0.66667 0.76465 0.66667 0.76758 0.66146 0.76855 0.65278 0.77051 0.65625 0.77441 0.64930 0.77832 0.64930 0.78906 0.63368 0.77344 0.59896 0.77148 0.58507 0.76562 0.57465 0.76562 0.56771 0.76270 0.56250 0.75293 0.56250 0.75098 0.55903 0.70801 0.56250 0.70215 0.55555 0.69434 0.55555 0.69238 0.55208 0.68066 0.55208 0.67871 0.55555 0.59863 0.55555 0.59668 0.55903 0.46973 0.55903 0.46777 0.56250 0.46387 0.55903 0.46191 0.56250 0.42090 0.56250 0.41504 0.56945 0.40918 0.56597 0.40527 0.57292 0.39551 0.57639 0.38965 0.58333 0.35840 0.58333 0.35645 0.57986 0.35059 0.58680 0.34668 0.58680 0.34570 0.59548 0.35449 0.59722 0.35938 0.60938 0.35938 0.65104 0.36133 0.65452 0.35742 0.66146 0.35547 0.67535 0.31836 0.75868 0.30664 0.77604 0.30273 0.78993 0.29101 0.81423 0.27930 0.83160 0.27930 0.83854 0.27539 0.84896 0.26953 0.85590 0.26367 0.87327 0.25391 0.88715 0.24805 0.90452 0.20508 0.98785 0.20606 0.99653 0.54004 0.99653 0.54199 0.99305 0.54394 0.99653 0.60059 0.99653 0.60254 0.99305 0.60645 0.99653 0.95313 0.99479 0.95313 0.98785 0.94043 0.96875 0.93652 0.95833 0.90918 0.92361
4 0.82617 0.66840 0.82324 0.65278 0.81348 0.64930 0.81055 0.64410 0.81055 0.62673 0.81738 0.62500 0.82910 0.61458 0.84570 0.58507 0.84961 0.57118 0.84961 0.52952 0.83984 0.50173 0.82715 0.48611 0.81543 0.48264 0.81348 0.47917 0.79004 0.48611 0.77344 0.51215 0.76953 0.52604 0.76758 0.53646 0.76758 0.56771 0.77930 0.60938 0.79199 0.62153 0.79492 0.62673 0.79492 0.63715 0.79199 0.64930 0.78125 0.65452 0.77832 0.67014 0.77051 0.67014 0.76270 0.67708 0.76074 0.67361 0.75977 0.68577 0.76562 0.69965 0.77441 0.71180 0.77832 0.70833 0.78223 0.71180 0.79394 0.71180 0.79590 0.70833 0.84180 0.71007 0.84473 0.70833 0.84766 0.69965 0.83887 0.68055 0.82617 0.66840
7 0.35156 0.62327 0.34863 0.61805 0.33399 0.61632 0.33789 0.60590 0.33594 0.46354 0.33301 0.45139 0.31152 0.45139 0.30859 0.45660 0.30859 0.50868 0.31055 0.51215 0.31055 0.58854 0.31250 0.59202 0.31250 0.61632 0.29394 0.62153 0.28125 0.64062 0.28809 0.64930 0.29785 0.65278 0.30762 0.66320 0.32910 0.69792 0.34180 0.69618 0.35156 0.67535 0.35352 0.65104 0.35156 0.64757 0.35156 0.62327
7 0.40137 0.52430 0.39941 0.52430 0.39551 0.53472 0.38574 0.53125 0.38281 0.52604 0.38672 0.51910 0.38672 0.49132 0.38477 0.48785 0.38477 0.45312 0.38281 0.44965 0.38477 0.43577 0.38281 0.43229 0.38184 0.41320 0.36230 0.41320 0.35938 0.41840 0.36133 0.42882 0.36133 0.46354 0.36328 0.46702 0.36328 0.50868 0.36719 0.52604 0.36621 0.53472 0.35645 0.53472 0.35352 0.53993 0.35352 0.56423 0.35547 0.57118 0.35840 0.57639 0.35938 0.57465 0.38965 0.57292 0.40430 0.55382 0.40430 0.53298 0.40137 0.52430
6 0.29980 0.61805 0.30176 0.61458 0.30957 0.61458 0.31055 0.58507 0.30762 0.57986 0.24707 0.57986 0.24512 0.58333 0.23340 0.58333 0.23047 0.59202 0.23242 0.63021 0.23633 0.63368 0.23633 0.64062 0.24121 0.65278 0.25391 0.65452 0.26465 0.64583 0.27637 0.64583 0.28809 0.62153 0.29980 0.61805
6 0.21484 0.64757 0.21875 0.63715 0.21680 0.60590 0.20215 0.57986 0.16113 0.57986 0.15918 0.58333 0.13574 0.58333 0.13379 0.58680 0.09082 0.58680 0.08301 0.57639 0.05566 0.57639 0.05371 0.57986 0.02637 0.57986 0.02441 0.58680 0.00098 0.58680 0.00000 0.67188 0.03711 0.67188 0.19238 0.66667 0.20215 0.65625 0.20801 0.65625 0.21484 0.64757
6 1.00000 0.57118 0.98340 0.56945 0.98145 0.56597 0.97168 0.56945 0.96973 0.56597 0.90918 0.56597 0.89746 0.55903 0.85449 0.55903 0.84180 0.59896 0.84180 0.60590 0.82910 0.61458 0.82813 0.61979 0.82031 0.63021 0.82617 0.63715 0.82813 0.64757 0.83203 0.65452 0.83106 0.66320 0.84277 0.66320 0.84473 0.66667 0.86133 0.66493 0.87305 0.66146 0.86035 0.65972 0.86035 0.65278 0.86816 0.65278 0.87402 0.64930 0.87793 0.64236 0.87988 0.64583 0.88379 0.64236 0.89355 0.64236 0.89551 0.64583 0.90137 0.64236 0.90332 0.64583 0.91504 0.64583 0.91699 0.64236 0.91894 0.64583 0.92871 0.64583 0.93066 0.64236 0.94043 0.64236 0.94434 0.64583 0.94629 0.63889 0.95606 0.64583 0.96191 0.64236 0.96973 0.64236 0.97168 0.64583 0.97754 0.64236 0.98730 0.64236 0.98926 0.64583 0.99902 0.64236 1.00000 0.62673 0.99121 0.62500 0.99023 0.61979 1.00000 0.61632 1.00000 0.57118
6 0.90918 0.92361 0.90332 0.90972 0.88184 0.88542 0.87207 0.86805 0.86230 0.85764 0.85645 0.84375 0.84668 0.83333 0.81934 0.78820 0.80371 0.77083 0.78809 0.74653 0.78418 0.74653 0.75391 0.69618 0.75000 0.68229 0.75488 0.68055 0.75586 0.67188 0.75879 0.66667 0.76465 0.66667 0.76758 0.66146 0.76855 0.65278 0.77051 0.65625 0.77441 0.64930 0.77832 0.64930 0.78906 0.63368 0.77344 0.59896 0.77148 0.58507 0.76562 0.57465 0.76562 0.56771 0.76270 0.56250 0.75293 0.56250 0.75098 0.55903 0.70801 0.56250 0.70215 0.55555 0.69434 0.55555 0.69238 0.55208 0.68066 0.55208 0.67871 0.55555 0.59863 0.55555 0.59668 0.55903 0.46973 0.55903 0.46777 0.56250 0.46387 0.55903 0.46191 0.56250 0.42090 0.56250 0.41504 0.56945 0.40918 0.56597 0.40527 0.57292 0.39551 0.57639 0.38965 0.58333 0.35840 0.58333 0.35645 0.57986 0.35059 0.58680 0.34668 0.58680 0.34570 0.59548 0.35449 0.59722 0.35938 0.60938 0.35938 0.65104 0.36133 0.65452 0.35742 0.66146 0.35547 0.67535 0.31836 0.75868 0.30664 0.77604 0.30273 0.78993 0.29101 0.81423 0.27930 0.83160 0.27930 0.83854 0.27539 0.84896 0.26953 0.85590 0.26367 0.87327 0.25391 0.88715 0.24805 0.90452 0.20508 0.98785 0.20606 0.99653 0.54004 0.99653 0.54199 0.99305 0.54394 0.99653 0.60059 0.99653 0.60254 0.99305 0.60645 0.99653 0.95313 0.99479 0.95313 0.98785 0.94043 0.96875 0.93652 0.95833 0.90918 0.92361
4 0.82617 0.66840 0.82324 0.65278 0.81348 0.64930 0.81055 0.64410 0.81055 0.62673 0.81738 0.62500 0.82910 0.61458 0.84570 0.58507 0.84961 0.57118 0.84961 0.52952 0.83984 0.50173 0.82715 0.48611 0.81543 0.48264 0.81348 0.47917 0.79004 0.48611 0.77344 0.51215 0.76953 0.52604 0.76758 0.53646 0.76758 0.56771 0.77930 0.60938 0.79199 0.62153 0.79492 0.62673 0.79492 0.63715 0.79199 0.64930 0.78125 0.65452 0.77832 0.67014 0.77051 0.67014 0.76270 0.67708 0.76074 0.67361 0.75977 0.68577 0.76562 0.69965 0.77441 0.71180 0.77832 0.70833 0.78223 0.71180 0.79394 0.71180 0.79590 0.70833 0.84180 0.71007 0.84473 0.70833 0.84766 0.69965 0.83887 0.68055 0.82617 0.66840
7 0.35156 0.62327 0.34863 0.61805 0.33399 0.61632 0.33789 0.60590 0.33594 0.46354 0.33301 0.45139 0.31152 0.45139 0.30859 0.45660 0.30859 0.50868 0.31055 0.51215 0.31055 0.58854 0.31250 0.59202 0.31250 0.61632 0.29394 0.62153 0.28125 0.64062 0.28809 0.64930 0.29785 0.65278 0.30762 0.66320 0.32910 0.69792 0.34180 0.69618 0.35156 0.67535 0.35352 0.65104 0.35156 0.64757 0.35156 0.62327
7 0.40137 0.52430 0.39941 0.52430 0.39551 0.53472 0.38574 0.53125 0.38281 0.52604 0.38672 0.51910 0.38672 0.49132 0.38477 0.48785 0.38477 0.45312 0.38281 0.44965 0.38477 0.43577 0.38281 0.43229 0.38184 0.41320 0.36230 0.41320 0.35938 0.41840 0.36133 0.42882 0.36133 0.46354 0.36328 0.46702 0.36328 0.50868 0.36719 0.52604 0.36621 0.53472 0.35645 0.53472 0.35352 0.53993 0.35352 0.56423 0.35547 0.57118 0.35840 0.57639 0.35938 0.57465 0.38965 0.57292 0.40430 0.55382 0.40430 0.53298 0.40137 0.52430
6 0.29980 0.61805 0.30176 0.61458 0.30957 0.61458 0.31055 0.58507 0.30762 0.57986 0.24707 0.57986 0.24512 0.58333 0.23340 0.58333 0.23047 0.59202 0.23242 0.63021 0.23633 0.63368 0.23633 0.64062 0.24121 0.65278 0.25391 0.65452 0.26465 0.64583 0.27637 0.64583 0.28809 0.62153 0.29980 0.61805
6 0.21484 0.64757 0.21875 0.63715 0.21680 0.60590 0.20215 0.57986 0.16113 0.57986 0.15918 0.58333 0.13574 0.58333 0.13379 0.58680 0.09082 0.58680 0.08301 0.57639 0.05566 0.57639 0.05371 0.57986 0.02637 0.57986 0.02441 0.58680 0.00098 0.58680 0.00000 0.67188 0.03711 0.67188 0.19238 0.66667 0.20215 0.65625 0.20801 0.65625 0.21484 0.64757
6 1.00000 0.57118 0.98340 0.56945 0.98145 0.56597 0.97168 0.56945 0.96973 0.56597 0.90918 0.56597 0.89746 0.55903 0.85449 0.55903 0.84180 0.59896 0.84180 0.60590 0.82910 0.61458 0.82813 0.61979 0.82031 0.63021 0.82617 0.63715 0.82813 0.64757 0.83203 0.65452 0.83106 0.66320 0.84277 0.66320 0.84473 0.66667 0.86133 0.66493 0.87305 0.66146 0.86035 0.65972 0.86035 0.65278 0.86816 0.65278 0.87402 0.64930 0.87793 0.64236 0.87988 0.64583 0.88379 0.64236 0.89355 0.64236 0.89551 0.64583 0.90137 0.64236 0.90332 0.64583 0.91504 0.64583 0.91699 0.64236 0.91894 0.64583 0.92871 0.64583 0.93066 0.64236 0.94043 0.64236 0.94434 0.64583 0.94629 0.63889 0.95606 0.64583 0.96191 0.64236 0.96973 0.64236 0.97168 0.64583 0.97754 0.64236 0.98730 0.64236 0.98926 0.64583 0.99902 0.64236 1.00000 0.62673 0.99121 0.62500 0.99023 0.61979 1.00000 0.61632 1.00000 0.57118
6 0.90918 0.92361 0.90332 0.90972 0.88184 0.88542 0.87207 0.86805 0.86230 0.85764 0.85645 0.84375 0.84668 0.83333 0.81934 0.78820 0.80371 0.77083 0.78809 0.74653 0.78418 0.74653 0.75391 0.69618 0.75000 0.68229 0.75488 0.68055 0.75586 0.67188 0.75879 0.66667 0.76465 0.66667 0.76758 0.66146 0.76855 0.65278 0.77051 0.65625 0.77441 0.64930 0.77832 0.64930 0.78906 0.63368 0.77344 0.59896 0.77148 0.58507 0.76562 0.57465 0.76562 0.56771 0.76270 0.56250 0.75293 0.56250 0.75098 0.55903 0.70801 0.56250 0.70215 0.55555 0.69434 0.55555 0.69238 0.55208 0.68066 0.55208 0.67871 0.55555 0.59863 0.55555 0.59668 0.55903 0.46973 0.55903 0.46777 0.56250 0.46387 0.55903 0.46191 0.56250 0.42090 0.56250 0.41504 0.56945 0.40918 0.56597 0.40527 0.57292 0.39551 0.57639 0.38965 0.58333 0.35840 0.58333 0.35645 0.57986 0.35059 0.58680 0.34668 0.58680 0.34570 0.59548 0.35449 0.59722 0.35938 0.60938 0.35938 0.65104 0.36133 0.65452 0.35742 0.66146 0.35547 0.67535 0.31836 0.75868 0.30664 0.77604 0.30273 0.78993 0.29101 0.81423 0.27930 0.83160 0.27930 0.83854 0.27539 0.84896 0.26953 0.85590 0.26367 0.87327 0.25391 0.88715 0.24805 0.90452 0.20508 0.98785 0.20606 0.99653 0.54004 0.99653 0.54199 0.99305 0.54394 0.99653 0.60059 0.99653 0.60254 0.99305 0.60645 0.99653 0.95313 0.99479 0.95313 0.98785 0.94043 0.96875 0.93652 0.95833 0.90918 0.92361
4 0.82617 0.66840 0.82324 0.65278 0.81348 0.64930 0.81055 0.64410 0.81055 0.62673 0.81738 0.62500 0.82910 0.61458 0.84570 0.58507 0.84961 0.57118 0.84961 0.52952 0.83984 0.50173 0.82715 0.48611 0.81543 0.48264 0.81348 0.47917 0.79004 0.48611 0.77344 0.51215 0.76953 0.52604 0.76758 0.53646 0.76758 0.56771 0.77930 0.60938 0.79199 0.62153 0.79492 0.62673 0.79492 0.63715 0.79199 0.64930 0.78125 0.65452 0.77832 0.67014 0.77051 0.67014 0.76270 0.67708 0.76074 0.67361 0.75977 0.68577 0.76562 0.69965 0.77441 0.71180 0.77832 0.70833 0.78223 0.71180 0.79394 0.71180 0.79590 0.70833 0.84180 0.71007 0.84473 0.70833 0.84766 0.69965 0.83887 0.68055 0.82617 0.66840
7 0.35156 0.62327 0.34863 0.61805 0.33399 0.61632 0.33789 0.60590 0.33594 0.46354 0.33301 0.45139 0.31152 0.45139 0.30859 0.45660 0.30859 0.50868 0.31055 0.51215 0.31055 0.58854 0.31250 0.59202 0.31250 0.61632 0.29394 0.62153 0.28125 0.64062 0.28809 0.64930 0.29785 0.65278 0.30762 0.66320 0.32910 0.69792 0.34180 0.69618 0.35156 0.67535 0.35352 0.65104 0.35156 0.64757 0.35156 0.62327
7 0.40137 0.52430 0.39941 0.52430 0.39551 0.53472 0.38574 0.53125 0.38281 0.52604 0.38672 0.51910 0.38672 0.49132 0.38477 0.48785 0.38477 0.45312 0.38281 0.44965 0.38477 0.43577 0.38281 0.43229 0.38184 0.41320 0.36230 0.41320 0.35938 0.41840 0.36133 0.42882 0.36133 0.46354 0.36328 0.46702 0.36328 0.50868 0.36719 0.52604 0.36621 0.53472 0.35645 0.53472 0.35352 0.53993 0.35352 0.56423 0.35547 0.57118 0.35840 0.57639 0.35938 0.57465 0.38965 0.57292 0.40430 0.55382 0.40430 0.53298 0.40137 0.52430
