6 0.99352 1.00000 0.99633 0.78619 0.56095 0.24011 0.51433 0.17498 0.41402 0.14446 0.31629 0.13707 0.19247 0.14444 0.02547 0.15336 0.00378 0.20585 0.00335 0.23875 0.16260 0.22828 0.17976 0.23637 0.18384 0.25439 0.15102 0.34330 0.00000 0.80868 0.00000 0.98845 0.49672 1.00000 0.99352 1.00000
2 0.75754 0.33370 0.75011 0.32392 0.73291 0.31968 0.72764 0.30995 0.72463 0.29259 0.71068 0.28650 0.70662 0.26719 0.70913 0.24035 0.72499 0.18308 0.72940 0.17549 0.72955 0.16397 0.73407 0.14870 0.73422 0.13718 0.73879 0.11807 0.73909 0.09502 0.73593 0.08918 0.71435 0.08868 0.71215 0.09247 0.69273 0.09202 0.69052 0.09581 0.65596 0.09885 0.64396 0.10818 0.64587 0.12744 0.65846 0.15463 0.67080 0.20103 0.68751 0.24369 0.68685 0.29363 0.68354 0.29932 0.67376 0.30486 0.67235 0.32980 0.65284 0.33703 0.64952 0.34272 0.64942 0.35040 0.65469 0.36013 0.66538 0.36807 0.68023 0.38762 0.68565 0.38583 0.69006 0.37825 0.69126 0.36867 0.69774 0.36882 0.69994 0.36503 0.71936 0.36548 0.72157 0.36169 0.73451 0.36199 0.73888 0.35825 0.74314 0.36219 0.74730 0.37381 0.75488 0.37207 0.75754 0.33370
6 0.99352 1.00000 0.99633 0.78619 0.56095 0.24011 0.51433 0.17498 0.41402 0.14446 0.31629 0.13707 0.19247 0.14444 0.02547 0.15336 0.00378 0.20585 0.00335 0.23875 0.16260 0.22828 0.17976 0.23637 0.18384 0.25439 0.15102 0.34330 0.00000 0.80868 0.00000 0.98845 0.49672 1.00000 0.99352 1.00000
2 0.75754 0.33370 0.75011 0.32392 0.73291 0.31968 0.72764 0.30995 0.72463 0.29259 0.71068 0.28650 0.70662 0.26719 0.70913 0.24035 0.72499 0.18308 0.72940 0.17549 0.72955 0.16397 0.73407 0.14870 0.73422 0.13718 0.73879 0.11807 0.73909 0.09502 0.73593 0.08918 0.71435 0.08868 0.71215 0.09247 0.69273 0.09202 0.69052 0.09581 0.65596 0.09885 0.64396 0.10818 0.64587 0.12744 0.65846 0.15463 0.67080 0.20103 0.68751 0.24369 0.68685 0.29363 0.68354 0.29932 0.67376 0.30486 0.67235 0.32980 0.65284 0.33703 0.64952 0.34272 0.64942 0.35040 0.65469 0.36013 0.66538 0.36807 0.68023 0.38762 0.68565 0.38583 0.69006 0.37825 0.69126 0.36867 0.69774 0.36882 0.69994 0.36503 0.71936 0.36548 0.72157 0.36169 0.73451 0.36199 0.73888 0.35825 0.74314 0.36219 0.74730 0.37381 0.75488 0.37207 0.75754 0.33370
6 0.99352 1.00000 0.99633 0.78619 0.56095 0.24011 0.51433 0.17498 0.41402 0.14446 0.31629 0.13707 0.19247 0.14444 0.02547 0.15336 0.00378 0.20585 0.00335 0.23875 0.16260 0.22828 0.17976 0.23637 0.18384 0.25439 0.15102 0.34330 0.00000 0.80868 0.00000 0.98845 0.49672 1.00000 0.99352 1.00000
2 0.75754 0.33370 0.75011 0.32392 0.73291 0.31968 0.72764 0.30995 0.72463 0.29259 0.71068 0.28650 0.70662 0.26719 0.70913 0.24035 0.72499 0.18308 0.72940 0.17549 0.72955 0.16397 0.73407 0.14870 0.73422 0.13718 0.73879 0.11807 0.73909 0.09502 0.73593 0.08918 0.71435 0.08868 0.71215 0.09247 0.69273 0.09202 0.69052 0.09581 0.65596 0.09885 0.64396 0.10818 0.64587 0.12744 0.65846 0.15463 0.67080 0.20103 0.68751 0.24369 0.68685 0.29363 0.68354 0.29932 0.67376 0.30486 0.67235 0.32980 0.65284 0.33703 0.64952 0.34272 0.64942 0.35040 0.65469 0.36013 0.66538 0.36807 0.68023 0.38762 0.68565 0.38583 0.69006 0.37825 0.69126 0.36867 0.69774 0.36882 0.69994 0.36503 0.71936 0.36548 0.72157 0.36169 0.73451 0.36199 0.73888 0.35825 0.74314 0.36219 0.74730 0.37381 0.75488 0.37207 0.75754 0.33370
6 0.99352 1.00000 0.99633 0.78619 0.56095 0.24011 0.51433 0.17498 0.41402 0.14446 0.31629 0.13707 0.19247 0.14444 0.02547 0.15336 0.00378 0.20585 0.00335 0.23875 0.16260 0.22828 0.17976 0.23637 0.18384 0.25439 0.15102 0.34330 0.00000 0.80868 0.00000 0.98845 0.49672 1.00000 0.99352 1.00000
2 0.75754 0.33370 0.75011 0.32392 0.73291 0.31968 0.72764 0.30995 0.72463 0.29259 0.71068 0.28650 0.70662 0.26719 0.70913 0.24035 0.72499 0.18308 0.72940 0.17549 0.72955 0.16397 0.73407 0.14870 0.73422 0.13718 0.73879 0.11807 0.73909 0.09502 0.73593 0.08918 0.71435 0.08868 0.71215 0.09247 0.69273 0.09202 0.69052 0.09581 0.65596 0.09885 0.64396 0.10818 0.64587 0.12744 0.65846 0.15463 0.67080 0.20103 0.68751 0.24369 0.68685 0.29363 0.68354 0.29932 0.67376 0.30486 0.67235 0.32980 0.65284 0.33703 0.64952 0.34272 0.64942 0.35040 0.65469 0.36013 0.66538 0.36807 0.68023 0.38762 0.68565 0.38583 0.69006 0.37825 0.69126 0.36867 0.69774 0.36882 0.69994 0.36503 0.71936 0.36548 0.72157 0.36169 0.73451 0.36199 0.73888 0.35825 0.74314 0.36219 0.74730 0.37381 0.75488 0.37207 0.75754 0.33370
6 0.99352 1.00000 0.99633 0.78619 0.56095 0.24011 0.51433 0.17498 0.41402 0.14446 0.31629 0.13707 0.19247 0.14444 0.02547 0.15336 0.00378 0.20585 0.00335 0.23875 0.16260 0.22828 0.17976 0.23637 0.18384 0.25439 0.15102 0.34330 0.00000 0.80868 0.00000 0.98845 0.49672 1.00000 0.99352 1.00000
2 0.75754 0.33370 0.75011 0.32392 0.73291 0.31968 0.72764 0.30995 0.72463 0.29259 0.71068 0.28650 0.70662 0.26719 0.70913 0.24035 0.72499 0.18308 0.72940 0.17549 0.72955 0.16397 0.73407 0.14870 0.73422 0.13718 0.73879 0.11807 0.73909 0.09502 0.73593 0.08918 0.71435 0.08868 0.71215 0.09247 0.69273 0.09202 0.69052 0.09581 0.65596 0.09885 0.64396 0.10818 0.64587 0.12744 0.65846 0.15463 0.67080 0.20103 0.68751 0.24369 0.68685 0.29363 0.68354 0.29932 0.67376 0.30486 0.67235 0.32980 0.65284 0.33703 0.64952 0.34272 0.64942 0.35040 0.65469 0.36013 0.66538 0.36807 0.68023 0.38762 0.68565 0.38583 0.69006 0.37825 0.69126 0.36867 0.69774 0.36882 0.69994 0.36503 0.71936 0.36548 0.72157 0.36169 0.73451 0.36199 0.73888 0.35825 0.74314 0.36219 0.74730 0.37381 0.75488 0.37207 0.75754 0.33370
6 0.99352 1.00000 0.99633 0.78619 0.56095 0.24011 0.51433 0.17498 0.41402 0.14446 0.31629 0.13707 0.19247 0.14444 0.02547 0.15336 0.00378 0.20585 0.00335 0.23875 0.16260 0.22828 0.17976 0.23637 0.18384 0.25439 0.15102 0.34330 0.00000 0.80868 0.00000 0.98845 0.49672 1.00000 0.99352 1.00000
2 0.75754 0.33370 0.75011 0.32392 0.73291 0.31968 0.72764 0.30995 0.72463 0.29259 0.71068 0.28650 0.70662 0.26719 0.70913 0.24035 0.72499 0.18308 0.72940 0.17549 0.72955 0.16397 0.73407 0.14870 0.73422 0.13718 0.73879 0.11807 0.73909 0.09502 0.73593 0.08918 0.71435 0.08868 0.71215 0.09247 0.69273 0.09202 0.69052 0.09581 0.65596 0.09885 0.64396 0.10818 0.64587 0.12744 0.65846 0.15463 0.67080 0.20103 0.68751 0.24369 0.68685 0.29363 0.68354 0.29932 0.67376 0.30486 0.67235 0.32980 0.65284 0.33703 0.64952 0.34272 0.64942 0.35040 0.65469 0.36013 0.66538 0.36807 0.68023 0.38762 0.68565 0.38583 0.69006 0.37825 0.69126 0.36867 0.69774 0.36882 0.69994 0.36503 0.71936 0.36548 0.72157 0.36169 0.73451 0.36199 0.73888 0.35825 0.74314 0.36219 0.74730 0.37381 0.75488 0.37207 0.75754 0.33370
