6 0.25261 1.00000 0.24922 0.99598 0.23016 0.98843 0.21956 0.97711 0.20685 0.97334 0.19626 0.96202 0.18778 0.96202 0.17931 0.95448 0.17295 0.95448 0.16660 0.94693 0.15389 0.94316 0.14753 0.93561 0.07761 0.89411 0.07126 0.89411 0.06490 0.88657 0.04795 0.87902 0.02041 0.85639 0.00346 0.84884 0.00000 0.84422 0.00000 1.00000 0.25261 1.00000
5 0.13651 0.83506 0.13651 0.83445 0.10729 0.80118 0.10797 0.78242 0.09404 0.78121 0.08962 0.74309 0.10593 0.74128 0.12020 0.69469 0.12564 0.62027 0.10423 0.57792 0.07060 0.58397 0.04579 0.62814 0.04511 0.62269 0.04511 0.69893 0.07128 0.74309 0.07094 0.79452 0.05496 0.80178 0.05225 0.82175 0.02167 0.82175 0.01929 0.84898 0.06244 0.87741 0.11918 0.85261 0.13651 0.83506
6 0.25261 1.00000 0.24922 0.99598 0.23016 0.98843 0.21956 0.97711 0.20685 0.97334 0.19626 0.96202 0.18778 0.96202 0.17931 0.95448 0.17295 0.95448 0.16660 0.94693 0.15389 0.94316 0.14753 0.93561 0.07761 0.89411 0.07126 0.89411 0.06490 0.88657 0.04795 0.87902 0.02041 0.85639 0.00346 0.84884 0.00000 0.84422 0.00000 1.00000 0.25261 1.00000
5 0.13651 0.83506 0.13651 0.83445 0.10729 0.80118 0.10797 0.78242 0.09404 0.78121 0.08962 0.74309 0.10593 0.74128 0.12020 0.69469 0.12564 0.62027 0.10423 0.57792 0.07060 0.58397 0.04579 0.62814 0.04511 0.62269 0.04511 0.69893 0.07128 0.74309 0.07094 0.79452 0.05496 0.80178 0.05225 0.82175 0.02167 0.82175 0.01929 0.84898 0.06244 0.87741 0.11918 0.85261 0.13651 0.83506
6 0.25261 1.00000 0.24922 0.99598 0.23016 0.98843 0.21956 0.97711 0.20685 0.97334 0.19626 0.96202 0.18778 0.96202 0.17931 0.95448 0.17295 0.95448 0.16660 0.94693 0.15389 0.94316 0.14753 0.93561 0.07761 0.89411 0.07126 0.89411 0.06490 0.88657 0.04795 0.87902 0.02041 0.85639 0.00346 0.84884 0.00000 0.84422 0.00000 1.00000 0.25261 1.00000
5 0.13651 0.83506 0.13651 0.83445 0.10729 0.80118 0.10797 0.78242 0.09404 0.78121 0.08962 0.74309 0.10593 0.74128 0.12020 0.69469 0.12564 0.62027 0.10423 0.57792 0.07060 0.58397 0.04579 0.62814 0.04511 0.62269 0.04511 0.69893 0.07128 0.74309 0.07094 0.79452 0.05496 0.80178 0.05225 0.82175 0.02167 0.82175 0.01929 0.84898 0.06244 0.87741 0.11918 0.85261 0.13651 0.83506
6 0.25261 1.00000 0.24922 0.99598 0.23016 0.98843 0.21956 0.97711 0.20685 0.97334 0.19626 0.96202 0.18778 0.96202 0.17931 0.95448 0.17295 0.95448 0.16660 0.94693 0.15389 0.94316 0.14753 0.93561 0.07761 0.89411 0.07126 0.89411 0.06490 0.88657 0.04795 0.87902 0.02041 0.85639 0.00346 0.84884 0.00000 0.84422 0.00000 1.00000 0.25261 1.00000
5 0.13651 0.83506 0.13651 0.83445 0.10729 0.80118 0.10797 0.78242 0.09404 0.78121 0.08962 0.74309 0.10593 0.74128 0.12020 0.69469 0.12564 0.62027 0.10423 0.57792 0.07060 0.58397 0.04579 0.62814 0.04511 0.62269 0.04511 0.69893 0.07128 0.74309 0.07094 0.79452 0.05496 0.80178 0.05225 0.82175 0.02167 0.82175 0.01929 0.84898 0.06244 0.87741 0.11918 0.85261 0.13651 0.83506
6 0.25261 1.00000 0.24922 0.99598 0.23016 0.98843 0.21956 0.97711 0.20685 0.97334 0.19626 0.96202 0.18778 0.96202 0.17931 0.95448 0.17295 0.95448 0.16660 0.94693 0.15389 0.94316 0.14753 0.93561 0.07761 0.89411 0.07126 0.89411 0.06490 0.88657 0.04795 0.87902 0.02041 0.85639 0.00346 0.84884 0.00000 0.84422 0.00000 1.00000 0.25261 1.00000
5 0.13651 0.83506 0.13651 0.83445 0.10729 0.80118 0.10797 0.78242 0.09404 0.78121 0.08962 0.74309 0.10593 0.74128 0.12020 0.69469 0.12564 0.62027 0.10423 0.57792 0.07060 0.58397 0.04579 0.62814 0.04511 0.62269 0.04511 0.69893 0.07128 0.74309 0.07094 0.79452 0.05496 0.80178 0.05225 0.82175 0.02167 0.82175 0.01929 0.84898 0.06244 0.87741 0.11918 0.85261 0.13651 0.83506
6 0.25261 1.00000 0.24922 0.99598 0.23016 0.98843 0.21956 0.97711 0.20685 0.97334 0.19626 0.96202 0.18778 0.96202 0.17931 0.95448 0.17295 0.95448 0.16660 0.94693 0.15389 0.94316 0.14753 0.93561 0.07761 0.89411 0.07126 0.89411 0.06490 0.88657 0.04795 0.87902 0.02041 0.85639 0.00346 0.84884 0.00000 0.84422 0.00000 1.00000 0.25261 1.00000
5 0.13651 0.83506 0.13651 0.83445 0.10729 0.80118 0.10797 0.78242 0.09404 0.78121 0.08962 0.74309 0.10593 0.74128 0.12020 0.69469 0.12564 0.62027 0.10423 0.57792 0.07060 0.58397 0.04579 0.62814 0.04511 0.62269 0.04511 0.69893 0.07128 0.74309 0.07094 0.79452 0.05496 0.80178 0.05225 0.82175 0.02167 0.82175 0.01929 0.84898 0.06244 0.87741 0.11918 0.85261 0.13651 0.83506
