6 0.00000 0.95465 0.28640 0.98132 0.28592 0.98055 0.26240 0.95633 0.25868 0.94864 0.24673 0.94018 0.22546 0.91251 0.21930 0.91193 0.19970 0.89175 0.19597 0.88406 0.18402 0.87561 0.18030 0.86792 0.16629 0.85927 0.13140 0.81564 0.10770 0.79508 0.09054 0.76778 0.07859 0.75933 0.05823 0.75376 0.05637 0.74991 0.03992 0.74838 0.03806 0.74454 0.02573 0.74339 0.02387 0.73955 0.00000 0.73732 0.00000 0.95465
2 0.27172 0.83789 0.27326 0.80866 0.27794 0.79809 0.28359 0.76924 0.29071 0.75155 0.29655 0.71905 0.29880 0.71559 0.30014 0.69002 0.29734 0.68425 0.27884 0.68253 0.27660 0.68599 0.25810 0.68427 0.25585 0.68773 0.22894 0.68890 0.22258 0.69198 0.21902 0.70082 0.23875 0.75773 0.24004 0.77253 0.24936 0.79175 0.25457 0.81059 0.25265 0.84713 0.24160 0.86078 0.23840 0.88251 0.22680 0.88693 0.22119 0.89559 0.22565 0.90886 0.23182 0.90943 0.23368 0.91327 0.24303 0.91231 0.27106 0.90941 0.27967 0.90287 0.28584 0.90345 0.29239 0.89671 0.30491 0.89421 0.30828 0.88902 0.30792 0.87614 0.28962 0.87076 0.28682 0.86499 0.28460 0.84827 0.27452 0.84366 0.27172 0.83789
6 0.00000 0.95465 0.28640 0.98132 0.28592 0.98055 0.26240 0.95633 0.25868 0.94864 0.24673 0.94018 0.22546 0.91251 0.21930 0.91193 0.19970 0.89175 0.19597 0.88406 0.18402 0.87561 0.18030 0.86792 0.16629 0.85927 0.13140 0.81564 0.10770 0.79508 0.09054 0.76778 0.07859 0.75933 0.05823 0.75376 0.05637 0.74991 0.03992 0.74838 0.03806 0.74454 0.02573 0.74339 0.02387 0.73955 0.00000 0.73732 0.00000 0.95465
2 0.27172 0.83789 0.27326 0.80866 0.27794 0.79809 0.28359 0.76924 0.29071 0.75155 0.29655 0.71905 0.29880 0.71559 0.30014 0.69002 0.29734 0.68425 0.27884 0.68253 0.27660 0.68599 0.25810 0.68427 0.25585 0.68773 0.22894 0.68890 0.22258 0.69198 0.21902 0.70082 0.23875 0.75773 0.24004 0.77253 0.24936 0.79175 0.25457 0.81059 0.25265 0.84713 0.24160 0.86078 0.23840 0.88251 0.22680 0.88693 0.22119 0.89559 0.22565 0.90886 0.23182 0.90943 0.23368 0.91327 0.24303 0.91231 0.27106 0.90941 0.27967 0.90287 0.28584 0.90345 0.29239 0.89671 0.30491 0.89421 0.30828 0.88902 0.30792 0.87614 0.28962 0.87076 0.28682 0.86499 0.28460 0.84827 0.27452 0.84366 0.27172 0.83789
6 0.00000 0.95465 0.28640 0.98132 0.28592 0.98055 0.26240 0.95633 0.25868 0.94864 0.24673 0.94018 0.22546 0.91251 0.21930 0.91193 0.19970 0.89175 0.19597 0.88406 0.18402 0.87561 0.18030 0.86792 0.16629 0.85927 0.13140 0.81564 0.10770 0.79508 0.09054 0.76778 0.07859 0.75933 0.05823 0.75376 0.05637 0.74991 0.03992 0.74838 0.03806 0.74454 0.02573 0.74339 0.02387 0.73955 0.00000 0.73732 0.00000 0.95465
2 0.27172 0.83789 0.27326 0.80866 0.27794 0.79809 0.28359 0.76924 0.29071 0.75155 0.29655 0.71905 0.29880 0.71559 0.30014 0.69002 0.29734 0.68425 0.27884 0.68253 0.27660 0.68599 0.25810 0.68427 0.25585 0.68773 0.22894 0.68890 0.22258 0.69198 0.21902 0.70082 0.23875 0.75773 0.24004 0.77253 0.24936 0.79175 0.25457 0.81059 0.25265 0.84713 0.24160 0.86078 0.23840 0.88251 0.22680 0.88693 0.22119 0.89559 0.22565 0.90886 0.23182 0.90943 0.23368 0.91327 0.24303 0.91231 0.27106 0.90941 0.27967 0.90287 0.28584 0.90345 0.29239 0.89671 0.30491 0.89421 0.30828 0.88902 0.30792 0.87614 0.28962 0.87076 0.28682 0.86499 0.28460 0.84827 0.27452 0.84366 0.27172 0.83789
6 0.00000 0.95465 0.28640 0.98132 0.28592 0.98055 0.26240 0.95633 0.25868 0.94864 0.24673 0.94018 0.22546 0.91251 0.21930 0.91193 0.19970 0.89175 0.19597 0.88406 0.18402 0.87561 0.18030 0.86792 0.16629 0.85927 0.13140 0.81564 0.10770 0.79508 0.09054 0.76778 0.07859 0.75933 0.05823 0.75376 0.05637 0.74991 0.03992 0.74838 0.03806 0.74454 0.02573 0.74339 0.02387 0.73955 0.00000 0.73732 0.00000 0.95465
2 0.27172 0.83789 0.27326 0.80866 0.27794 0.79809 0.28359 0.76924 0.29071 0.75155 0.29655 0.71905 0.29880 0.71559 0.30014 0.69002 0.29734 0.68425 0.27884 0.68253 0.27660 0.68599 0.25810 0.68427 0.25585 0.68773 0.22894 0.68890 0.22258 0.69198 0.21902 0.70082 0.23875 0.75773 0.24004 0.77253 0.24936 0.79175 0.25457 0.81059 0.25265 0.84713 0.24160 0.86078 0.23840 0.88251 0.22680 0.88693 0.22119 0.89559 0.22565 0.90886 0.23182 0.90943 0.23368 0.91327 0.24303 0.91231 0.27106 0.90941 0.27967 0.90287 0.28584 0.90345 0.29239 0.89671 0.30491 0.89421 0.30828 0.88902 0.30792 0.87614 0.28962 0.87076 0.28682 0.86499 0.28460 0.84827 0.27452 0.84366 0.27172 0.83789
6 0.00000 0.95465 0.28640 0.98132 0.28592 0.98055 0.26240 0.95633 0.25868 0.94864 0.24673 0.94018 0.22546 0.91251 0.21930 0.91193 0.19970 0.89175 0.19597 0.88406 0.18402 0.87561 0.18030 0.86792 0.16629 0.85927 0.13140 0.81564 0.10770 0.79508 0.09054 0.76778 0.07859 0.75933 0.05823 0.75376 0.05637 0.74991 0.03992 0.74838 0.03806 0.74454 0.02573 0.74339 0.02387 0.73955 0.00000 0.73732 0.00000 0.95465
2 0.27172 0.83789 0.27326 0.80866 0.27794 0.79809 0.28359 0.76924 0.29071 0.75155 0.29655 0.71905 0.29880 0.71559 0.30014 0.69002 0.29734 0.68425 0.27884 0.68253 0.27660 0.68599 0.25810 0.68427 0.25585 0.68773 0.22894 0.68890 0.22258 0.69198 0.21902 0.70082 0.23875 0.75773 0.24004 0.77253 0.24936 0.79175 0.25457 0.81059 0.25265 0.84713 0.24160 0.86078 0.23840 0.88251 0.22680 0.88693 0.22119 0.89559 0.22565 0.90886 0.23182 0.90943 0.23368 0.91327 0.24303 0.91231 0.27106 0.90941 0.27967 0.90287 0.28584 0.90345 0.29239 0.89671 0.30491 0.89421 0.30828 0.88902 0.30792 0.87614 0.28962 0.87076 0.28682 0.86499 0.28460 0.84827 0.27452 0.84366 0.27172 0.83789
6 0.00000 0.95465 0.28640 0.98132 0.28592 0.98055 0.26240 0.95633 0.25868 0.94864 0.24673 0.94018 0.22546 0.91251 0.21930 0.91193 0.19970 0.89175 0.19597 0.88406 0.18402 0.87561 0.18030 0.86792 0.16629 0.85927 0.13140 0.81564 0.10770 0.79508 0.09054 0.76778 0.07859 0.75933 0.05823 0.75376 0.05637 0.74991 0.03992 0.74838 0.03806 0.74454 0.02573 0.74339 0.02387 0.73955 0.00000 0.73732 0.00000 0.95465
2 0.27172 0.83789 0.27326 0.80866 0.27794 0.79809 0.28359 0.76924 0.29071 0.75155 0.29655 0.71905 0.29880 0.71559 0.30014 0.69002 0.29734 0.68425 0.27884 0.68253 0.27660 0.68599 0.25810 0.68427 0.25585 0.68773 0.22894 0.68890 0.22258 0.69198 0.21902 0.70082 0.23875 0.75773 0.24004 0.77253 0.24936 0.79175 0.25457 0.81059 0.25265 0.84713 0.24160 0.86078 0.23840 0.88251 0.22680 0.88693 0.22119 0.89559 0.22565 0.90886 0.23182 0.90943 0.23368 0.91327 0.24303 0.91231 0.27106 0.90941 0.27967 0.90287 0.28584 0.90345 0.29239 0.89671 0.30491 0.89421 0.30828 0.88902 0.30792 0.87614 0.28962 0.87076 0.28682 0.86499 0.28460 0.84827 0.27452 0.84366 0.27172 0.83789
