6 0.04784 0.00000 0.04576 0.01977 0.06477 0.02222 0.21772 0.57942 0.26961 0.82083 0.23467 0.92049 0.20951 0.95053 0.47375 1.00000 0.95216 1.00000 0.99949 0.55143 0.87903 0.43506 0.70257 0.32102 0.43343 0.08554 0.33720 0.00000 0.04784 0.00000
5 0.55545 0.13533 0.53243 0.13499 0.53006 0.15042 0.57216 0.17087 0.61192 0.15714 0.61140 0.14651 0.58968 0.13256 0.59031 0.10812 0.57937 0.10607 0.57867 0.07750 0.58991 0.07924 0.60146 0.04219 0.60437 0.01463 0.55311 0.00503 0.55072 0.02886 0.55057 0.04575 0.56232 0.08118 0.56482 0.10996 0.55397 0.12116 0.55545 0.13533
6 0.04784 0.00000 0.04576 0.01977 0.06477 0.02222 0.21772 0.57942 0.26961 0.82083 0.23467 0.92049 0.20951 0.95053 0.47375 1.00000 0.95216 1.00000 0.99949 0.55143 0.87903 0.43506 0.70257 0.32102 0.43343 0.08554 0.33720 0.00000 0.04784 0.00000
5 0.55545 0.13533 0.53243 0.13499 0.53006 0.15042 0.57216 0.17087 0.61192 0.15714 0.61140 0.14651 0.58968 0.13256 0.59031 0.10812 0.57937 0.10607 0.57867 0.07750 0.58991 0.07924 0.60146 0.04219 0.60437 0.01463 0.55311 0.00503 0.55072 0.02886 0.55057 0.04575 0.56232 0.08118 0.56482 0.10996 0.55397 0.12116 0.55545 0.13533
6 0.04784 0.00000 0.04576 0.01977 0.06477 0.02222 0.21772 0.57942 0.26961 0.82083 0.23467 0.92049 0.20951 0.95053 0.47375 1.00000 0.95216 1.00000 0.99949 0.55143 0.87903 0.43506 0.70257 0.32102 0.43343 0.08554 0.33720 0.00000 0.04784 0.00000
5 0.55545 0.13533 0.53243 0.13499 0.53006 0.15042 0.57216 0.17087 0.61192 0.15714 0.61140 0.14651 0.58968 0.13256 0.59031 0.10812 0.57937 0.10607 0.57867 0.07750 0.58991 0.07924 0.60146 0.04219 0.60437 0.01463 0.55311 0.00503 0.55072 0.02886 0.55057 0.04575 0.56232 0.08118 0.56482 0.10996 0.55397 0.12116 0.55545 0.13533
6 0.04784 0.00000 0.04576 0.01977 0.06477 0.02222 0.21772 0.57942 0.26961 0.82083 0.23467 0.92049 0.20951 0.95053 0.47375 1.00000 0.95216 1.00000 0.99949 0.55143 0.87903 0.43506 0.70257 0.32102 0.43343 0.08554 0.33720 0.00000 0.04784 0.00000
5 0.55545 0.13533 0.53243 0.13499 0.53006 0.15042 0.57216 0.17087 0.61192 0.15714 0.61140 0.14651 0.58968 0.13256 0.59031 0.10812 0.57937 0.10607 0.57867 0.07750 0.58991 0.07924 0.60146 0.04219 0.60437 0.01463 0.55311 0.00503 0.55072 0.02886 0.55057 0.04575 0.56232 0.08118 0.56482 0.10996 0.55397 0.12116 0.55545 0.13533
6 0.04784 0.00000 0.04576 0.01977 0.06477 0.02222 0.21772 0.57942 0.26961 0.82083 0.23467 0.92049 0.20951 0.95053 0.47375 1.00000 0.95216 1.00000 0.99949 0.55143 0.87903 0.43506 0.70257 0.32102 0.43343 0.08554 0.33720 0.00000 0.04784 0.00000
5 0.55545 0.13533 0.53243 0.13499 0.53006 0.15042 0.57216 0.17087 0.61192 0.15714 0.61140 0.14651 0.58968 0.13256 0.59031 0.10812 0.57937 0.10607 0.57867 0.07750 0.58991 0.07924 0.60146 0.04219 0.60437 0.01463 0.55311 0.00503 0.55072 0.02886 0.55057 0.04575 0.56232 0.08118 0.56482 0.10996 0.55397 0.12116 0.55545 0.13533
6 0.04784 0.00000 0.04576 0.01977 0.06477 0.02222 0.21772 0.57942 0.26961 0.82083 0.23467 0.92049 0.20951 0.95053 0.47375 1.00000 0.95216 1.00000 0.99949 0.55143 0.87903 0.43506 0.70257 0.32102 0.43343 0.08554 0.33720 0.00000 0.04784 0.00000
5 0.55545 0.13533 0.53243 0.13499 0.53006 0.15042 0.57216 0.17087 0.61192 0.15714 0.61140 0.14651 0.58968 0.13256 0.59031 0.10812 0.57937 0.10607 0.57867 0.07750 0.58991 0.07924 0.60146 0.04219 0.60437 0.01463 0.55311 0.00503 0.55072 0.02886 0.55057 0.04575 0.56232 0.08118 0.56482 0.10996 0.55397 0.12116 0.55545 0.13533
