1 0.90430 0.36979 0.89941 0.36111 0.88477 0.35243 0.88477 0.33854 0.88672 0.33507 0.88965 0.30903 0.90332 0.30555 0.92285 0.29167 0.94531 0.25521 0.95508 0.22396 0.95703 0.20312 0.95899 0.19965 0.95899 0.15452 0.96094 0.15104 0.96094 0.14062 0.95703 0.12327 0.93457 0.08680 0.92090 0.07639 0.89941 0.07639 0.89746 0.07986 0.89160 0.07986 0.86816 0.10417 0.84570 0.14757 0.83399 0.19271 0.83203 0.22743 0.83399 0.23090 0.83594 0.25521 0.83984 0.26910 0.86328 0.30382 0.85938 0.31771 0.85547 0.34896 0.84863 0.35764 0.83496 0.35764 0.82910 0.36805 0.79785 0.36458 0.79101 0.38021 0.79101 0.39410 0.79590 0.40625 0.80566 0.41667 0.82129 0.44445 0.83691 0.45833 0.84863 0.45833 0.85059 0.45486 0.87598 0.45486 0.87793 0.45833 0.92773 0.45660 0.93359 0.44618 0.93359 0.43577 0.90430 0.38715 0.90430 0.36979
6 0.00000 0.00000 0.00000 0.06713 0.09245 0.08102 0.10287 0.05787 0.11719 0.05093 0.12370 0.04398 0.12891 0.03704 0.12500 0.02315 0.11979 0.00000 0.00000 0.00000
6 0.13802 0.00000 0.13281 0.02546 0.14193 0.05555 0.16797 0.06018 0.17187 0.09491 0.25781 0.10880 0.00000 0.73843 0.00000 1.00000 1.00000 1.00000 1.00000 0.78009 0.55469 0.00000 0.13802 0.00000
1 0.90430 0.36979 0.89941 0.36111 0.88477 0.35243 0.88477 0.33854 0.88672 0.33507 0.88965 0.30903 0.90332 0.30555 0.92285 0.29167 0.94531 0.25521 0.95508 0.22396 0.95703 0.20312 0.95899 0.19965 0.95899 0.15452 0.96094 0.15104 0.96094 0.14062 0.95703 0.12327 0.93457 0.08680 0.92090 0.07639 0.89941 0.07639 0.89746 0.07986 0.89160 0.07986 0.86816 0.10417 0.84570 0.14757 0.83399 0.19271 0.83203 0.22743 0.83399 0.23090 0.83594 0.25521 0.83984 0.26910 0.86328 0.30382 0.85938 0.31771 0.85547 0.34896 0.84863 0.35764 0.83496 0.35764 0.82910 0.36805 0.79785 0.36458 0.79101 0.38021 0.79101 0.39410 0.79590 0.40625 0.80566 0.41667 0.82129 0.44445 0.83691 0.45833 0.84863 0.45833 0.85059 0.45486 0.87598 0.45486 0.87793 0.45833 0.92773 0.45660 0.93359 0.44618 0.93359 0.43577 0.90430 0.38715 0.90430 0.36979
6 0.00000 0.00000 0.00000 0.06713 0.09245 0.08102 0.10287 0.05787 0.11719 0.05093 0.12370 0.04398 0.12891 0.03704 0.12500 0.02315 0.11979 0.00000 0.00000 0.00000
6 0.13802 0.00000 0.13281 0.02546 0.14193 0.05555 0.16797 0.06018 0.17187 0.09491 0.25781 0.10880 0.00000 0.73843 0.00000 1.00000 1.00000 1.00000 1.00000 0.78009 0.55469 0.00000 0.13802 0.00000
1 0.90430 0.36979 0.89941 0.36111 0.88477 0.35243 0.88477 0.33854 0.88672 0.33507 0.88965 0.30903 0.90332 0.30555 0.92285 0.29167 0.94531 0.25521 0.95508 0.22396 0.95703 0.20312 0.95899 0.19965 0.95899 0.15452 0.96094 0.15104 0.96094 0.14062 0.95703 0.12327 0.93457 0.08680 0.92090 0.07639 0.89941 0.07639 0.89746 0.07986 0.89160 0.07986 0.86816 0.10417 0.84570 0.14757 0.83399 0.19271 0.83203 0.22743 0.83399 0.23090 0.83594 0.25521 0.83984 0.26910 0.86328 0.30382 0.85938 0.31771 0.85547 0.34896 0.84863 0.35764 0.83496 0.35764 0.82910 0.36805 0.79785 0.36458 0.79101 0.38021 0.79101 0.39410 0.79590 0.40625 0.80566 0.41667 0.82129 0.44445 0.83691 0.45833 0.84863 0.45833 0.85059 0.45486 0.87598 0.45486 0.87793 0.45833 0.92773 0.45660 0.93359 0.44618 0.93359 0.43577 0.90430 0.38715 0.90430 0.36979
6 0.00000 0.00000 0.00000 0.06713 0.09245 0.08102 0.10287 0.05787 0.11719 0.05093 0.12370 0.04398 0.12891 0.03704 0.12500 0.02315 0.11979 0.00000 0.00000 0.00000
6 0.13802 0.00000 0.13281 0.02546 0.14193 0.05555 0.16797 0.06018 0.17187 0.09491 0.25781 0.10880 0.00000 0.73843 0.00000 1.00000 1.00000 1.00000 1.00000 0.78009 0.55469 0.00000 0.13802 0.00000
1 0.90430 0.36979 0.89941 0.36111 0.88477 0.35243 0.88477 0.33854 0.88672 0.33507 0.88965 0.30903 0.90332 0.30555 0.92285 0.29167 0.94531 0.25521 0.95508 0.22396 0.95703 0.20312 0.95899 0.19965 0.95899 0.15452 0.96094 0.15104 0.96094 0.14062 0.95703 0.12327 0.93457 0.08680 0.92090 0.07639 0.89941 0.07639 0.89746 0.07986 0.89160 0.07986 0.86816 0.10417 0.84570 0.14757 0.83399 0.19271 0.83203 0.22743 0.83399 0.23090 0.83594 0.25521 0.83984 0.26910 0.86328 0.30382 0.85938 0.31771 0.85547 0.34896 0.84863 0.35764 0.83496 0.35764 0.82910 0.36805 0.79785 0.36458 0.79101 0.38021 0.79101 0.39410 0.79590 0.40625 0.80566 0.41667 0.82129 0.44445 0.83691 0.45833 0.84863 0.45833 0.85059 0.45486 0.87598 0.45486 0.87793 0.45833 0.92773 0.45660 0.93359 0.44618 0.93359 0.43577 0.90430 0.38715 0.90430 0.36979
6 0.00000 0.00000 0.00000 0.06713 0.09245 0.08102 0.10287 0.05787 0.11719 0.05093 0.12370 0.04398 0.12891 0.03704 0.12500 0.02315 0.11979 0.00000 0.00000 0.00000
6 0.13802 0.00000 0.13281 0.02546 0.14193 0.05555 0.16797 0.06018 0.17187 0.09491 0.25781 0.10880 0.00000 0.73843 0.00000 1.00000 1.00000 1.00000 1.00000 0.78009 0.55469 0.00000 0.13802 0.00000
1 0.90430 0.36979 0.89941 0.36111 0.88477 0.35243 0.88477 0.33854 0.88672 0.33507 0.88965 0.30903 0.90332 0.30555 0.92285 0.29167 0.94531 0.25521 0.95508 0.22396 0.95703 0.20312 0.95899 0.19965 0.95899 0.15452 0.96094 0.15104 0.96094 0.14062 0.95703 0.12327 0.93457 0.08680 0.92090 0.07639 0.89941 0.07639 0.89746 0.07986 0.89160 0.07986 0.86816 0.10417 0.84570 0.14757 0.83399 0.19271 0.83203 0.22743 0.83399 0.23090 0.83594 0.25521 0.83984 0.26910 0.86328 0.30382 0.85938 0.31771 0.85547 0.34896 0.84863 0.35764 0.83496 0.35764 0.82910 0.36805 0.79785 0.36458 0.79101 0.38021 0.79101 0.39410 0.79590 0.40625 0.80566 0.41667 0.82129 0.44445 0.83691 0.45833 0.84863 0.45833 0.85059 0.45486 0.87598 0.45486 0.87793 0.45833 0.92773 0.45660 0.93359 0.44618 0.93359 0.43577 0.90430 0.38715 0.90430 0.36979
6 0.00000 0.00000 0.00000 0.06713 0.09245 0.08102 0.10287 0.05787 0.11719 0.05093 0.12370 0.04398 0.12891 0.03704 0.12500 0.02315 0.11979 0.00000 0.00000 0.00000
6 0.13802 0.00000 0.13281 0.02546 0.14193 0.05555 0.16797 0.06018 0.17187 0.09491 0.25781 0.10880 0.00000 0.73843 0.00000 1.00000 1.00000 1.00000 1.00000 0.78009 0.55469 0.00000 0.13802 0.00000
1 0.90430 0.36979 0.89941 0.36111 0.88477 0.35243 0.88477 0.33854 0.88672 0.33507 0.88965 0.30903 0.90332 0.30555 0.92285 0.29167 0.94531 0.25521 0.95508 0.22396 0.95703 0.20312 0.95899 0.19965 0.95899 0.15452 0.96094 0.15104 0.96094 0.14062 0.95703 0.12327 0.93457 0.08680 0.92090 0.07639 0.89941 0.07639 0.89746 0.07986 0.89160 0.07986 0.86816 0.10417 0.84570 0.14757 0.83399 0.19271 0.83203 0.22743 0.83399 0.23090 0.83594 0.25521 0.83984 0.26910 0.86328 0.30382 0.85938 0.31771 0.85547 0.34896 0.84863 0.35764 0.83496 0.35764 0.82910 0.36805 0.79785 0.36458 0.79101 0.38021 0.79101 0.39410 0.79590 0.40625 0.80566 0.41667 0.82129 0.44445 0.83691 0.45833 0.84863 0.45833 0.85059 0.45486 0.87598 0.45486 0.87793 0.45833 0.92773 0.45660 0.93359 0.44618 0.93359 0.43577 0.90430 0.38715 0.90430 0.36979
6 0.00000 0.00000 0.00000 0.06713 0.09245 0.08102 0.10287 0.05787 0.11719 0.05093 0.12370 0.04398 0.12891 0.03704 0.12500 0.02315 0.11979 0.00000 0.00000 0.00000
6 0.13802 0.00000 0.13281 0.02546 0.14193 0.05555 0.16797 0.06018 0.17187 0.09491 0.25781 0.10880 0.00000 0.73843 0.00000 1.00000 1.00000 1.00000 1.00000 0.78009 0.55469 0.00000 0.13802 0.00000
