6 0.00000 0.99132 0.00293 0.99653 0.31836 0.99827 0.31836 0.99479 0.31152 0.98611 0.29590 0.97570 0.29199 0.96875 0.27051 0.95139 0.26660 0.94445 0.22559 0.90972 0.20801 0.89930 0.19043 0.88195 0.18652 0.88195 0.17285 0.86805 0.16894 0.86805 0.12793 0.82986 0.12402 0.82986 0.08496 0.79514 0.07910 0.78472 0.07324 0.78472 0.06348 0.77778 0.05371 0.77778 0.05176 0.77430 0.03613 0.77430 0.03418 0.77083 0.01855 0.77083 0.01660 0.76736 0.00000 0.76910 0.00000 0.99132
2 0.29199 0.88889 0.29687 0.88021 0.29590 0.86111 0.28418 0.85417 0.28027 0.85764 0.27637 0.85417 0.27344 0.84896 0.27344 0.84202 0.26855 0.83333 0.26074 0.83333 0.25586 0.81771 0.25586 0.80729 0.26367 0.77604 0.26367 0.76910 0.26953 0.75173 0.26953 0.74132 0.27734 0.70312 0.27734 0.68577 0.27441 0.68055 0.21582 0.68750 0.21387 0.69097 0.20606 0.69097 0.20117 0.70312 0.21484 0.73090 0.22656 0.76910 0.23828 0.79340 0.24023 0.80382 0.24023 0.84202 0.23047 0.84896 0.23047 0.87327 0.21191 0.88195 0.21094 0.89410 0.21387 0.89930 0.22754 0.90278 0.23535 0.90972 0.24414 0.90798 0.24902 0.89930 0.27246 0.89236 0.28027 0.88542 0.29199 0.88889
6 0.00000 0.99132 0.00293 0.99653 0.31836 0.99827 0.31836 0.99479 0.31152 0.98611 0.29590 0.97570 0.29199 0.96875 0.27051 0.95139 0.26660 0.94445 0.22559 0.90972 0.20801 0.89930 0.19043 0.88195 0.18652 0.88195 0.17285 0.86805 0.16894 0.86805 0.12793 0.82986 0.12402 0.82986 0.08496 0.79514 0.07910 0.78472 0.07324 0.78472 0.06348 0.77778 0.05371 0.77778 0.05176 0.77430 0.03613 0.77430 0.03418 0.77083 0.01855 0.77083 0.01660 0.76736 0.00000 0.76910 0.00000 0.99132
2 0.29199 0.88889 0.29687 0.88021 0.29590 0.86111 0.28418 0.85417 0.28027 0.85764 0.27637 0.85417 0.27344 0.84896 0.27344 0.84202 0.26855 0.83333 0.26074 0.83333 0.25586 0.81771 0.25586 0.80729 0.26367 0.77604 0.26367 0.76910 0.26953 0.75173 0.26953 0.74132 0.27734 0.70312 0.27734 0.68577 0.27441 0.68055 0.21582 0.68750 0.21387 0.69097 0.20606 0.69097 0.20117 0.70312 0.21484 0.73090 0.22656 0.76910 0.23828 0.79340 0.24023 0.80382 0.24023 0.84202 0.23047 0.84896 0.23047 0.87327 0.21191 0.88195 0.21094 0.89410 0.21387 0.89930 0.22754 0.90278 0.23535 0.90972 0.24414 0.90798 0.24902 0.89930 0.27246 0.89236 0.28027 0.88542 0.29199 0.88889
6 0.00000 0.99132 0.00293 0.99653 0.31836 0.99827 0.31836 0.99479 0.31152 0.98611 0.29590 0.97570 0.29199 0.96875 0.27051 0.95139 0.26660 0.94445 0.22559 0.90972 0.20801 0.89930 0.19043 0.88195 0.18652 0.88195 0.17285 0.86805 0.16894 0.86805 0.12793 0.82986 0.12402 0.82986 0.08496 0.79514 0.07910 0.78472 0.07324 0.78472 0.06348 0.77778 0.05371 0.77778 0.05176 0.77430 0.03613 0.77430 0.03418 0.77083 0.01855 0.77083 0.01660 0.76736 0.00000 0.76910 0.00000 0.99132
2 0.29199 0.88889 0.29687 0.88021 0.29590 0.86111 0.28418 0.85417 0.28027 0.85764 0.27637 0.85417 0.27344 0.84896 0.27344 0.84202 0.26855 0.83333 0.26074 0.83333 0.25586 0.81771 0.25586 0.80729 0.26367 0.77604 0.26367 0.76910 0.26953 0.75173 0.26953 0.74132 0.27734 0.70312 0.27734 0.68577 0.27441 0.68055 0.21582 0.68750 0.21387 0.69097 0.20606 0.69097 0.20117 0.70312 0.21484 0.73090 0.22656 0.76910 0.23828 0.79340 0.24023 0.80382 0.24023 0.84202 0.23047 0.84896 0.23047 0.87327 0.21191 0.88195 0.21094 0.89410 0.21387 0.89930 0.22754 0.90278 0.23535 0.90972 0.24414 0.90798 0.24902 0.89930 0.27246 0.89236 0.28027 0.88542 0.29199 0.88889
6 0.00000 0.99132 0.00293 0.99653 0.31836 0.99827 0.31836 0.99479 0.31152 0.98611 0.29590 0.97570 0.29199 0.96875 0.27051 0.95139 0.26660 0.94445 0.22559 0.90972 0.20801 0.89930 0.19043 0.88195 0.18652 0.88195 0.17285 0.86805 0.16894 0.86805 0.12793 0.82986 0.12402 0.82986 0.08496 0.79514 0.07910 0.78472 0.07324 0.78472 0.06348 0.77778 0.05371 0.77778 0.05176 0.77430 0.03613 0.77430 0.03418 0.77083 0.01855 0.77083 0.01660 0.76736 0.00000 0.76910 0.00000 0.99132
2 0.29199 0.88889 0.29687 0.88021 0.29590 0.86111 0.28418 0.85417 0.28027 0.85764 0.27637 0.85417 0.27344 0.84896 0.27344 0.84202 0.26855 0.83333 0.26074 0.83333 0.25586 0.81771 0.25586 0.80729 0.26367 0.77604 0.26367 0.76910 0.26953 0.75173 0.26953 0.74132 0.27734 0.70312 0.27734 0.68577 0.27441 0.68055 0.21582 0.68750 0.21387 0.69097 0.20606 0.69097 0.20117 0.70312 0.21484 0.73090 0.22656 0.76910 0.23828 0.79340 0.24023 0.80382 0.24023 0.84202 0.23047 0.84896 0.23047 0.87327 0.21191 0.88195 0.21094 0.89410 0.21387 0.89930 0.22754 0.90278 0.23535 0.90972 0.24414 0.90798 0.24902 0.89930 0.27246 0.89236 0.28027 0.88542 0.29199 0.88889
6 0.00000 0.99132 0.00293 0.99653 0.31836 0.99827 0.31836 0.99479 0.31152 0.98611 0.29590 0.97570 0.29199 0.96875 0.27051 0.95139 0.26660 0.94445 0.22559 0.90972 0.20801 0.89930 0.19043 0.88195 0.18652 0.88195 0.17285 0.86805 0.16894 0.86805 0.12793 0.82986 0.12402 0.82986 0.08496 0.79514 0.07910 0.78472 0.07324 0.78472 0.06348 0.77778 0.05371 0.77778 0.05176 0.77430 0.03613 0.77430 0.03418 0.77083 0.01855 0.77083 0.01660 0.76736 0.00000 0.76910 0.00000 0.99132
2 0.29199 0.88889 0.29687 0.88021 0.29590 0.86111 0.28418 0.85417 0.28027 0.85764 0.27637 0.85417 0.27344 0.84896 0.27344 0.84202 0.26855 0.83333 0.26074 0.83333 0.25586 0.81771 0.25586 0.80729 0.26367 0.77604 0.26367 0.76910 0.26953 0.75173 0.26953 0.74132 0.27734 0.70312 0.27734 0.68577 0.27441 0.68055 0.21582 0.68750 0.21387 0.69097 0.20606 0.69097 0.20117 0.70312 0.21484 0.73090 0.22656 0.76910 0.23828 0.79340 0.24023 0.80382 0.24023 0.84202 0.23047 0.84896 0.23047 0.87327 0.21191 0.88195 0.21094 0.89410 0.21387 0.89930 0.22754 0.90278 0.23535 0.90972 0.24414 0.90798 0.24902 0.89930 0.27246 0.89236 0.28027 0.88542 0.29199 0.88889
6 0.00000 0.99132 0.00293 0.99653 0.31836 0.99827 0.31836 0.99479 0.31152 0.98611 0.29590 0.97570 0.29199 0.96875 0.27051 0.95139 0.26660 0.94445 0.22559 0.90972 0.20801 0.89930 0.19043 0.88195 0.18652 0.88195 0.17285 0.86805 0.16894 0.86805 0.12793 0.82986 0.12402 0.82986 0.08496 0.79514 0.07910 0.78472 0.07324 0.78472 0.06348 0.77778 0.05371 0.77778 0.05176 0.77430 0.03613 0.77430 0.03418 0.77083 0.01855 0.77083 0.01660 0.76736 0.00000 0.76910 0.00000 0.99132
2 0.29199 0.88889 0.29687 0.88021 0.29590 0.86111 0.28418 0.85417 0.28027 0.85764 0.27637 0.85417 0.27344 0.84896 0.27344 0.84202 0.26855 0.83333 0.26074 0.83333 0.25586 0.81771 0.25586 0.80729 0.26367 0.77604 0.26367 0.76910 0.26953 0.75173 0.26953 0.74132 0.27734 0.70312 0.27734 0.68577 0.27441 0.68055 0.21582 0.68750 0.21387 0.69097 0.20606 0.69097 0.20117 0.70312 0.21484 0.73090 0.22656 0.76910 0.23828 0.79340 0.24023 0.80382 0.24023 0.84202 0.23047 0.84896 0.23047 0.87327 0.21191 0.88195 0.21094 0.89410 0.21387 0.89930 0.22754 0.90278 0.23535 0.90972 0.24414 0.90798 0.24902 0.89930 0.27246 0.89236 0.28027 0.88542 0.29199 0.88889
