2 0.94678 1.00000 0.94951 0.97703 0.94844 0.97546 0.93874 0.97341 0.93533 0.96032 0.93697 0.94653 0.93544 0.94267 0.94495 0.91286 0.96150 0.87393 0.96182 0.87353 0.98185 0.70509 0.90867 0.69133 0.90327 0.68666 0.90092 0.68970 0.88734 0.68683 0.88147 0.69443 0.87942 0.71167 0.89378 0.77480 0.90079 0.83284 0.90762 0.85903 0.91321 0.89556 0.90501 0.96453 0.89526 0.97131 0.88557 0.96927 0.87969 0.97687 0.87846 0.98721 0.87494 0.99177 0.84197 0.98482 0.83569 0.99586 0.83520 1.00000 0.94678 1.00000
6 0.81866 1.00000 0.79557 0.94321 0.73806 0.82502 0.70347 0.72581 0.66665 0.61199 0.60986 0.54345 0.50748 0.47943 0.42850 0.44155 0.35719 0.41708 0.27575 0.39990 0.16199 0.37589 0.11321 0.47402 0.20234 0.50461 0.23724 0.51197 0.25248 0.51754 0.27235 0.52880 0.28677 0.54127 0.28486 0.55736 0.27150 0.58047 0.09884 0.90698 0.49894 1.00000 0.81866 1.00000
2 0.94678 1.00000 0.94951 0.97703 0.94844 0.97546 0.93874 0.97341 0.93533 0.96032 0.93697 0.94653 0.93544 0.94267 0.94495 0.91286 0.96150 0.87393 0.96182 0.87353 0.98185 0.70509 0.90867 0.69133 0.90327 0.68666 0.90092 0.68970 0.88734 0.68683 0.88147 0.69443 0.87942 0.71167 0.89378 0.77480 0.90079 0.83284 0.90762 0.85903 0.91321 0.89556 0.90501 0.96453 0.89526 0.97131 0.88557 0.96927 0.87969 0.97687 0.87846 0.98721 0.87494 0.99177 0.84197 0.98482 0.83569 0.99586 0.83520 1.00000 0.94678 1.00000
6 0.81866 1.00000 0.79557 0.94321 0.73806 0.82502 0.70347 0.72581 0.66665 0.61199 0.60986 0.54345 0.50748 0.47943 0.42850 0.44155 0.35719 0.41708 0.27575 0.39990 0.16199 0.37589 0.11321 0.47402 0.20234 0.50461 0.23724 0.51197 0.25248 0.51754 0.27235 0.52880 0.28677 0.54127 0.28486 0.55736 0.27150 0.58047 0.09884 0.90698 0.49894 1.00000 0.81866 1.00000
2 0.94678 1.00000 0.94951 0.97703 0.94844 0.97546 0.93874 0.97341 0.93533 0.96032 0.93697 0.94653 0.93544 0.94267 0.94495 0.91286 0.96150 0.87393 0.96182 0.87353 0.98185 0.70509 0.90867 0.69133 0.90327 0.68666 0.90092 0.68970 0.88734 0.68683 0.88147 0.69443 0.87942 0.71167 0.89378 0.77480 0.90079 0.83284 0.90762 0.85903 0.91321 0.89556 0.90501 0.96453 0.89526 0.97131 0.88557 0.96927 0.87969 0.97687 0.87846 0.98721 0.87494 0.99177 0.84197 0.98482 0.83569 0.99586 0.83520 1.00000 0.94678 1.00000
6 0.81866 1.00000 0.79557 0.94321 0.73806 0.82502 0.70347 0.72581 0.66665 0.61199 0.60986 0.54345 0.50748 0.47943 0.42850 0.44155 0.35719 0.41708 0.27575 0.39990 0.16199 0.37589 0.11321 0.47402 0.20234 0.50461 0.23724 0.51197 0.25248 0.51754 0.27235 0.52880 0.28677 0.54127 0.28486 0.55736 0.27150 0.58047 0.09884 0.90698 0.49894 1.00000 0.81866 1.00000
2 0.94678 1.00000 0.94951 0.97703 0.94844 0.97546 0.93874 0.97341 0.93533 0.96032 0.93697 0.94653 0.93544 0.94267 0.94495 0.91286 0.96150 0.87393 0.96182 0.87353 0.98185 0.70509 0.90867 0.69133 0.90327 0.68666 0.90092 0.68970 0.88734 0.68683 0.88147 0.69443 0.87942 0.71167 0.89378 0.77480 0.90079 0.83284 0.90762 0.85903 0.91321 0.89556 0.90501 0.96453 0.89526 0.97131 0.88557 0.96927 0.87969 0.97687 0.87846 0.98721 0.87494 0.99177 0.84197 0.98482 0.83569 0.99586 0.83520 1.00000 0.94678 1.00000
6 0.81866 1.00000 0.79557 0.94321 0.73806 0.82502 0.70347 0.72581 0.66665 0.61199 0.60986 0.54345 0.50748 0.47943 0.42850 0.44155 0.35719 0.41708 0.27575 0.39990 0.16199 0.37589 0.11321 0.47402 0.20234 0.50461 0.23724 0.51197 0.25248 0.51754 0.27235 0.52880 0.28677 0.54127 0.28486 0.55736 0.27150 0.58047 0.09884 0.90698 0.49894 1.00000 0.81866 1.00000
2 0.94678 1.00000 0.94951 0.97703 0.94844 0.97546 0.93874 0.97341 0.93533 0.96032 0.93697 0.94653 0.93544 0.94267 0.94495 0.91286 0.96150 0.87393 0.96182 0.87353 0.98185 0.70509 0.90867 0.69133 0.90327 0.68666 0.90092 0.68970 0.88734 0.68683 0.88147 0.69443 0.87942 0.71167 0.89378 0.77480 0.90079 0.83284 0.90762 0.85903 0.91321 0.89556 0.90501 0.96453 0.89526 0.97131 0.88557 0.96927 0.87969 0.97687 0.87846 0.98721 0.87494 0.99177 0.84197 0.98482 0.83569 0.99586 0.83520 1.00000 0.94678 1.00000
6 0.81866 1.00000 0.79557 0.94321 0.73806 0.82502 0.70347 0.72581 0.66665 0.61199 0.60986 0.54345 0.50748 0.47943 0.42850 0.44155 0.35719 0.41708 0.27575 0.39990 0.16199 0.37589 0.11321 0.47402 0.20234 0.50461 0.23724 0.51197 0.25248 0.51754 0.27235 0.52880 0.28677 0.54127 0.28486 0.55736 0.27150 0.58047 0.09884 0.90698 0.49894 1.00000 0.81866 1.00000
2 0.94678 1.00000 0.94951 0.97703 0.94844 0.97546 0.93874 0.97341 0.93533 0.96032 0.93697 0.94653 0.93544 0.94267 0.94495 0.91286 0.96150 0.87393 0.96182 0.87353 0.98185 0.70509 0.90867 0.69133 0.90327 0.68666 0.90092 0.68970 0.88734 0.68683 0.88147 0.69443 0.87942 0.71167 0.89378 0.77480 0.90079 0.83284 0.90762 0.85903 0.91321 0.89556 0.90501 0.96453 0.89526 0.97131 0.88557 0.96927 0.87969 0.97687 0.87846 0.98721 0.87494 0.99177 0.84197 0.98482 0.83569 0.99586 0.83520 1.00000 0.94678 1.00000
6 0.81866 1.00000 0.79557 0.94321 0.73806 0.82502 0.70347 0.72581 0.66665 0.61199 0.60986 0.54345 0.50748 0.47943 0.42850 0.44155 0.35719 0.41708 0.27575 0.39990 0.16199 0.37589 0.11321 0.47402 0.20234 0.50461 0.23724 0.51197 0.25248 0.51754 0.27235 0.52880 0.28677 0.54127 0.28486 0.55736 0.27150 0.58047 0.09884 0.90698 0.49894 1.00000 0.81866 1.00000
