6 1.00000 0.89473 0.81757 0.72431 0.70794 0.65041 0.00000 0.15519 0.00000 0.99316 1.00000 1.00000 1.00000 0.89473
1 0.14761 0.13885 0.15310 0.14998 0.16093 0.15647 0.16249 0.16481 0.16642 0.19150 0.15278 0.19229 0.15092 0.20795 0.12879 0.21702 0.12879 0.23598 0.16995 0.25494 0.23027 0.24303 0.22676 0.21182 0.20367 0.21182 0.19916 0.17794 0.18360 0.18507 0.18024 0.16018 0.19538 0.14348 0.20353 0.12305 0.20743 0.10568 0.20743 0.07096 0.20353 0.04318 0.18888 0.01367 0.18107 0.00673 0.16642 0.00514 0.14443 0.01999 0.13468 0.06698 0.13561 0.10325 0.14761 0.13885
6 1.00000 0.89473 0.81757 0.72431 0.70794 0.65041 0.00000 0.15519 0.00000 0.99316 1.00000 1.00000 1.00000 0.89473
1 0.14761 0.13885 0.15310 0.14998 0.16093 0.15647 0.16249 0.16481 0.16642 0.19150 0.15278 0.19229 0.15092 0.20795 0.12879 0.21702 0.12879 0.23598 0.16995 0.25494 0.23027 0.24303 0.22676 0.21182 0.20367 0.21182 0.19916 0.17794 0.18360 0.18507 0.18024 0.16018 0.19538 0.14348 0.20353 0.12305 0.20743 0.10568 0.20743 0.07096 0.20353 0.04318 0.18888 0.01367 0.18107 0.00673 0.16642 0.00514 0.14443 0.01999 0.13468 0.06698 0.13561 0.10325 0.14761 0.13885
6 1.00000 0.89473 0.81757 0.72431 0.70794 0.65041 0.00000 0.15519 0.00000 0.99316 1.00000 1.00000 1.00000 0.89473
1 0.14761 0.13885 0.15310 0.14998 0.16093 0.15647 0.16249 0.16481 0.16642 0.19150 0.15278 0.19229 0.15092 0.20795 0.12879 0.21702 0.12879 0.23598 0.16995 0.25494 0.23027 0.24303 0.22676 0.21182 0.20367 0.21182 0.19916 0.17794 0.18360 0.18507 0.18024 0.16018 0.19538 0.14348 0.20353 0.12305 0.20743 0.10568 0.20743 0.07096 0.20353 0.04318 0.18888 0.01367 0.18107 0.00673 0.16642 0.00514 0.14443 0.01999 0.13468 0.06698 0.13561 0.10325 0.14761 0.13885
6 1.00000 0.89473 0.81757 0.72431 0.70794 0.65041 0.00000 0.15519 0.00000 0.99316 1.00000 1.00000 1.00000 0.89473
1 0.14761 0.13885 0.15310 0.14998 0.16093 0.15647 0.16249 0.16481 0.16642 0.19150 0.15278 0.19229 0.15092 0.20795 0.12879 0.21702 0.12879 0.23598 0.16995 0.25494 0.23027 0.24303 0.22676 0.21182 0.20367 0.21182 0.19916 0.17794 0.18360 0.18507 0.18024 0.16018 0.19538 0.14348 0.20353 0.12305 0.20743 0.10568 0.20743 0.07096 0.20353 0.04318 0.18888 0.01367 0.18107 0.00673 0.16642 0.00514 0.14443 0.01999 0.13468 0.06698 0.13561 0.10325 0.14761 0.13885
6 1.00000 0.89473 0.81757 0.72431 0.70794 0.65041 0.00000 0.15519 0.00000 0.99316 1.00000 1.00000 1.00000 0.89473
1 0.14761 0.13885 0.15310 0.14998 0.16093 0.15647 0.16249 0.16481 0.16642 0.19150 0.15278 0.19229 0.15092 0.20795 0.12879 0.21702 0.12879 0.23598 0.16995 0.25494 0.23027 0.24303 0.22676 0.21182 0.20367 0.21182 0.19916 0.17794 0.18360 0.18507 0.18024 0.16018 0.19538 0.14348 0.20353 0.12305 0.20743 0.10568 0.20743 0.07096 0.20353 0.04318 0.18888 0.01367 0.18107 0.00673 0.16642 0.00514 0.14443 0.01999 0.13468 0.06698 0.13561 0.10325 0.14761 0.13885
6 1.00000 0.89473 0.81757 0.72431 0.70794 0.65041 0.00000 0.15519 0.00000 0.99316 1.00000 1.00000 1.00000 0.89473
1 0.14761 0.13885 0.15310 0.14998 0.16093 0.15647 0.16249 0.16481 0.16642 0.19150 0.15278 0.19229 0.15092 0.20795 0.12879 0.21702 0.12879 0.23598 0.16995 0.25494 0.23027 0.24303 0.22676 0.21182 0.20367 0.21182 0.19916 0.17794 0.18360 0.18507 0.18024 0.16018 0.19538 0.14348 0.20353 0.12305 0.20743 0.10568 0.20743 0.07096 0.20353 0.04318 0.18888 0.01367 0.18107 0.00673 0.16642 0.00514 0.14443 0.01999 0.13468 0.06698 0.13561 0.10325 0.14761 0.13885
