6 0.00000 0.97641 0.11481 0.98239 0.30494 0.99123 0.30501 0.98879 0.29837 0.97975 0.28294 0.96855 0.27920 0.96139 0.25808 0.94293 0.25434 0.93577 0.21405 0.89896 0.19666 0.88767 0.17946 0.86940 0.17553 0.86922 0.16216 0.85462 0.15824 0.85444 0.11804 0.81414 0.11412 0.81396 0.07579 0.77723 0.07018 0.76649 0.06429 0.76622 0.05466 0.75879 0.04485 0.75833 0.04298 0.75475 0.02728 0.75402 0.02541 0.75044 0.00972 0.74971 0.00784 0.74613 0.00000 0.74658 0.00000 0.97641
2 0.25923 0.82420 0.25138 0.82384 0.24688 0.80790 0.24716 0.79744 0.25583 0.76639 0.25601 0.75942 0.26236 0.74224 0.26263 0.73177 0.27149 0.69375 0.27194 0.67631 0.26914 0.67094 0.21009 0.67518 0.20804 0.67857 0.20019 0.67821 0.19496 0.69020 0.20796 0.71875 0.21873 0.75768 0.22987 0.78266 0.23155 0.79321 0.23055 0.83160 0.22055 0.83812 0.21991 0.86255 0.20104 0.87041 0.19974 0.88257 0.20255 0.88795 0.21619 0.89207 0.22386 0.89942 0.23273 0.89808 0.23787 0.88959 0.26160 0.88370 0.26963 0.87709 0.28131 0.88113 0.28644 0.87263 0.28596 0.85339 0.27438 0.84587 0.27036 0.84918 0.26652 0.84550 0.26372 0.84013 0.26390 0.83315 0.25923 0.82420
6 0.00000 0.97641 0.11481 0.98239 0.30494 0.99123 0.30501 0.98879 0.29837 0.97975 0.28294 0.96855 0.27920 0.96139 0.25808 0.94293 0.25434 0.93577 0.21405 0.89896 0.19666 0.88767 0.17946 0.86940 0.17553 0.86922 0.16216 0.85462 0.15824 0.85444 0.11804 0.81414 0.11412 0.81396 0.07579 0.77723 0.07018 0.76649 0.06429 0.76622 0.05466 0.75879 0.04485 0.75833 0.04298 0.75475 0.02728 0.75402 0.02541 0.75044 0.00972 0.74971 0.00784 0.74613 0.00000 0.74658 0.00000 0.97641
2 0.25923 0.82420 0.25138 0.82384 0.24688 0.80790 0.24716 0.79744 0.25583 0.76639 0.25601 0.75942 0.26236 0.74224 0.26263 0.73177 0.27149 0.69375 0.27194 0.67631 0.26914 0.67094 0.21009 0.67518 0.20804 0.67857 0.20019 0.67821 0.19496 0.69020 0.20796 0.71875 0.21873 0.75768 0.22987 0.78266 0.23155 0.79321 0.23055 0.83160 0.22055 0.83812 0.21991 0.86255 0.20104 0.87041 0.19974 0.88257 0.20255 0.88795 0.21619 0.89207 0.22386 0.89942 0.23273 0.89808 0.23787 0.88959 0.26160 0.88370 0.26963 0.87709 0.28131 0.88113 0.28644 0.87263 0.28596 0.85339 0.27438 0.84587 0.27036 0.84918 0.26652 0.84550 0.26372 0.84013 0.26390 0.83315 0.25923 0.82420
6 0.00000 0.97641 0.11481 0.98239 0.30494 0.99123 0.30501 0.98879 0.29837 0.97975 0.28294 0.96855 0.27920 0.96139 0.25808 0.94293 0.25434 0.93577 0.21405 0.89896 0.19666 0.88767 0.17946 0.86940 0.17553 0.86922 0.16216 0.85462 0.15824 0.85444 0.11804 0.81414 0.11412 0.81396 0.07579 0.77723 0.07018 0.76649 0.06429 0.76622 0.05466 0.75879 0.04485 0.75833 0.04298 0.75475 0.02728 0.75402 0.02541 0.75044 0.00972 0.74971 0.00784 0.74613 0.00000 0.74658 0.00000 0.97641
2 0.25923 0.82420 0.25138 0.82384 0.24688 0.80790 0.24716 0.79744 0.25583 0.76639 0.25601 0.75942 0.26236 0.74224 0.26263 0.73177 0.27149 0.69375 0.27194 0.67631 0.26914 0.67094 0.21009 0.67518 0.20804 0.67857 0.20019 0.67821 0.19496 0.69020 0.20796 0.71875 0.21873 0.75768 0.22987 0.78266 0.23155 0.79321 0.23055 0.83160 0.22055 0.83812 0.21991 0.86255 0.20104 0.87041 0.19974 0.88257 0.20255 0.88795 0.21619 0.89207 0.22386 0.89942 0.23273 0.89808 0.23787 0.88959 0.26160 0.88370 0.26963 0.87709 0.28131 0.88113 0.28644 0.87263 0.28596 0.85339 0.27438 0.84587 0.27036 0.84918 0.26652 0.84550 0.26372 0.84013 0.26390 0.83315 0.25923 0.82420
6 0.00000 0.97641 0.11481 0.98239 0.30494 0.99123 0.30501 0.98879 0.29837 0.97975 0.28294 0.96855 0.27920 0.96139 0.25808 0.94293 0.25434 0.93577 0.21405 0.89896 0.19666 0.88767 0.17946 0.86940 0.17553 0.86922 0.16216 0.85462 0.15824 0.85444 0.11804 0.81414 0.11412 0.81396 0.07579 0.77723 0.07018 0.76649 0.06429 0.76622 0.05466 0.75879 0.04485 0.75833 0.04298 0.75475 0.02728 0.75402 0.02541 0.75044 0.00972 0.74971 0.00784 0.74613 0.00000 0.74658 0.00000 0.97641
2 0.25923 0.82420 0.25138 0.82384 0.24688 0.80790 0.24716 0.79744 0.25583 0.76639 0.25601 0.75942 0.26236 0.74224 0.26263 0.73177 0.27149 0.69375 0.27194 0.67631 0.26914 0.67094 0.21009 0.67518 0.20804 0.67857 0.20019 0.67821 0.19496 0.69020 0.20796 0.71875 0.21873 0.75768 0.22987 0.78266 0.23155 0.79321 0.23055 0.83160 0.22055 0.83812 0.21991 0.86255 0.20104 0.87041 0.19974 0.88257 0.20255 0.88795 0.21619 0.89207 0.22386 0.89942 0.23273 0.89808 0.23787 0.88959 0.26160 0.88370 0.26963 0.87709 0.28131 0.88113 0.28644 0.87263 0.28596 0.85339 0.27438 0.84587 0.27036 0.84918 0.26652 0.84550 0.26372 0.84013 0.26390 0.83315 0.25923 0.82420
6 0.00000 0.97641 0.11481 0.98239 0.30494 0.99123 0.30501 0.98879 0.29837 0.97975 0.28294 0.96855 0.27920 0.96139 0.25808 0.94293 0.25434 0.93577 0.21405 0.89896 0.19666 0.88767 0.17946 0.86940 0.17553 0.86922 0.16216 0.85462 0.15824 0.85444 0.11804 0.81414 0.11412 0.81396 0.07579 0.77723 0.07018 0.76649 0.06429 0.76622 0.05466 0.75879 0.04485 0.75833 0.04298 0.75475 0.02728 0.75402 0.02541 0.75044 0.00972 0.74971 0.00784 0.74613 0.00000 0.74658 0.00000 0.97641
2 0.25923 0.82420 0.25138 0.82384 0.24688 0.80790 0.24716 0.79744 0.25583 0.76639 0.25601 0.75942 0.26236 0.74224 0.26263 0.73177 0.27149 0.69375 0.27194 0.67631 0.26914 0.67094 0.21009 0.67518 0.20804 0.67857 0.20019 0.67821 0.19496 0.69020 0.20796 0.71875 0.21873 0.75768 0.22987 0.78266 0.23155 0.79321 0.23055 0.83160 0.22055 0.83812 0.21991 0.86255 0.20104 0.87041 0.19974 0.88257 0.20255 0.88795 0.21619 0.89207 0.22386 0.89942 0.23273 0.89808 0.23787 0.88959 0.26160 0.88370 0.26963 0.87709 0.28131 0.88113 0.28644 0.87263 0.28596 0.85339 0.27438 0.84587 0.27036 0.84918 0.26652 0.84550 0.26372 0.84013 0.26390 0.83315 0.25923 0.82420
6 0.00000 0.97641 0.11481 0.98239 0.30494 0.99123 0.30501 0.98879 0.29837 0.97975 0.28294 0.96855 0.27920 0.96139 0.25808 0.94293 0.25434 0.93577 0.21405 0.89896 0.19666 0.88767 0.17946 0.86940 0.17553 0.86922 0.16216 0.85462 0.15824 0.85444 0.11804 0.81414 0.11412 0.81396 0.07579 0.77723 0.07018 0.76649 0.06429 0.76622 0.05466 0.75879 0.04485 0.75833 0.04298 0.75475 0.02728 0.75402 0.02541 0.75044 0.00972 0.74971 0.00784 0.74613 0.00000 0.74658 0.00000 0.97641
2 0.25923 0.82420 0.25138 0.82384 0.24688 0.80790 0.24716 0.79744 0.25583 0.76639 0.25601 0.75942 0.26236 0.74224 0.26263 0.73177 0.27149 0.69375 0.27194 0.67631 0.26914 0.67094 0.21009 0.67518 0.20804 0.67857 0.20019 0.67821 0.19496 0.69020 0.20796 0.71875 0.21873 0.75768 0.22987 0.78266 0.23155 0.79321 0.23055 0.83160 0.22055 0.83812 0.21991 0.86255 0.20104 0.87041 0.19974 0.88257 0.20255 0.88795 0.21619 0.89207 0.22386 0.89942 0.23273 0.89808 0.23787 0.88959 0.26160 0.88370 0.26963 0.87709 0.28131 0.88113 0.28644 0.87263 0.28596 0.85339 0.27438 0.84587 0.27036 0.84918 0.26652 0.84550 0.26372 0.84013 0.26390 0.83315 0.25923 0.82420
