6 1.00000 0.81250 0.57162 0.26852 0.49609 0.23611 0.41016 0.22454 0.26693 0.23611 0.11979 0.25000 0.06771 0.32639 0.13802 0.31018 0.22396 0.31713 0.25260 0.32176 0.25260 0.32870 0.22396 0.40741 0.02083 1.00000 1.00000 1.00000 1.00000 0.81250
2 0.75684 0.42708 0.76855 0.42014 0.78027 0.42708 0.78223 0.43403 0.78320 0.42535 0.78711 0.42188 0.78906 0.41146 0.78906 0.40452 0.78418 0.39583 0.77637 0.39583 0.76855 0.38889 0.76270 0.38889 0.75977 0.38368 0.75684 0.36458 0.75293 0.36111 0.74316 0.36111 0.73828 0.33507 0.74023 0.31771 0.75977 0.24827 0.76562 0.21702 0.76953 0.18229 0.76465 0.17361 0.74316 0.17361 0.74121 0.17708 0.72559 0.17708 0.72363 0.18055 0.68652 0.18403 0.67773 0.19618 0.67773 0.20312 0.69336 0.24132 0.70117 0.26562 0.70117 0.27257 0.71680 0.30729 0.72070 0.32465 0.72070 0.36632 0.71777 0.37153 0.71191 0.37153 0.70703 0.37673 0.70606 0.40278 0.69238 0.40278 0.68652 0.40625 0.68555 0.42188 0.69238 0.43055 0.71582 0.44445 0.71875 0.44271 0.72754 0.43055 0.74316 0.43055 0.74512 0.42708 0.75684 0.42708
6 1.00000 0.81250 0.57162 0.26852 0.49609 0.23611 0.41016 0.22454 0.26693 0.23611 0.11979 0.25000 0.06771 0.32639 0.13802 0.31018 0.22396 0.31713 0.25260 0.32176 0.25260 0.32870 0.22396 0.40741 0.02083 1.00000 1.00000 1.00000 1.00000 0.81250
2 0.75684 0.42708 0.76855 0.42014 0.78027 0.42708 0.78223 0.43403 0.78320 0.42535 0.78711 0.42188 0.78906 0.41146 0.78906 0.40452 0.78418 0.39583 0.77637 0.39583 0.76855 0.38889 0.76270 0.38889 0.75977 0.38368 0.75684 0.36458 0.75293 0.36111 0.74316 0.36111 0.73828 0.33507 0.74023 0.31771 0.75977 0.24827 0.76562 0.21702 0.76953 0.18229 0.76465 0.17361 0.74316 0.17361 0.74121 0.17708 0.72559 0.17708 0.72363 0.18055 0.68652 0.18403 0.67773 0.19618 0.67773 0.20312 0.69336 0.24132 0.70117 0.26562 0.70117 0.27257 0.71680 0.30729 0.72070 0.32465 0.72070 0.36632 0.71777 0.37153 0.71191 0.37153 0.70703 0.37673 0.70606 0.40278 0.69238 0.40278 0.68652 0.40625 0.68555 0.42188 0.69238 0.43055 0.71582 0.44445 0.71875 0.44271 0.72754 0.43055 0.74316 0.43055 0.74512 0.42708 0.75684 0.42708
6 1.00000 0.81250 0.57162 0.26852 0.49609 0.23611 0.41016 0.22454 0.26693 0.23611 0.11979 0.25000 0.06771 0.32639 0.13802 0.31018 0.22396 0.31713 0.25260 0.32176 0.25260 0.32870 0.22396 0.40741 0.02083 1.00000 1.00000 1.00000 1.00000 0.81250
2 0.75684 0.42708 0.76855 0.42014 0.78027 0.42708 0.78223 0.43403 0.78320 0.42535 0.78711 0.42188 0.78906 0.41146 0.78906 0.40452 0.78418 0.39583 0.77637 0.39583 0.76855 0.38889 0.76270 0.38889 0.75977 0.38368 0.75684 0.36458 0.75293 0.36111 0.74316 0.36111 0.73828 0.33507 0.74023 0.31771 0.75977 0.24827 0.76562 0.21702 0.76953 0.18229 0.76465 0.17361 0.74316 0.17361 0.74121 0.17708 0.72559 0.17708 0.72363 0.18055 0.68652 0.18403 0.67773 0.19618 0.67773 0.20312 0.69336 0.24132 0.70117 0.26562 0.70117 0.27257 0.71680 0.30729 0.72070 0.32465 0.72070 0.36632 0.71777 0.37153 0.71191 0.37153 0.70703 0.37673 0.70606 0.40278 0.69238 0.40278 0.68652 0.40625 0.68555 0.42188 0.69238 0.43055 0.71582 0.44445 0.71875 0.44271 0.72754 0.43055 0.74316 0.43055 0.74512 0.42708 0.75684 0.42708
6 1.00000 0.81250 0.57162 0.26852 0.49609 0.23611 0.41016 0.22454 0.26693 0.23611 0.11979 0.25000 0.06771 0.32639 0.13802 0.31018 0.22396 0.31713 0.25260 0.32176 0.25260 0.32870 0.22396 0.40741 0.02083 1.00000 1.00000 1.00000 1.00000 0.81250
2 0.75684 0.42708 0.76855 0.42014 0.78027 0.42708 0.78223 0.43403 0.78320 0.42535 0.78711 0.42188 0.78906 0.41146 0.78906 0.40452 0.78418 0.39583 0.77637 0.39583 0.76855 0.38889 0.76270 0.38889 0.75977 0.38368 0.75684 0.36458 0.75293 0.36111 0.74316 0.36111 0.73828 0.33507 0.74023 0.31771 0.75977 0.24827 0.76562 0.21702 0.76953 0.18229 0.76465 0.17361 0.74316 0.17361 0.74121 0.17708 0.72559 0.17708 0.72363 0.18055 0.68652 0.18403 0.67773 0.19618 0.67773 0.20312 0.69336 0.24132 0.70117 0.26562 0.70117 0.27257 0.71680 0.30729 0.72070 0.32465 0.72070 0.36632 0.71777 0.37153 0.71191 0.37153 0.70703 0.37673 0.70606 0.40278 0.69238 0.40278 0.68652 0.40625 0.68555 0.42188 0.69238 0.43055 0.71582 0.44445 0.71875 0.44271 0.72754 0.43055 0.74316 0.43055 0.74512 0.42708 0.75684 0.42708
6 1.00000 0.81250 0.57162 0.26852 0.49609 0.23611 0.41016 0.22454 0.26693 0.23611 0.11979 0.25000 0.06771 0.32639 0.13802 0.31018 0.22396 0.31713 0.25260 0.32176 0.25260 0.32870 0.22396 0.40741 0.02083 1.00000 1.00000 1.00000 1.00000 0.81250
2 0.75684 0.42708 0.76855 0.42014 0.78027 0.42708 0.78223 0.43403 0.78320 0.42535 0.78711 0.42188 0.78906 0.41146 0.78906 0.40452 0.78418 0.39583 0.77637 0.39583 0.76855 0.38889 0.76270 0.38889 0.75977 0.38368 0.75684 0.36458 0.75293 0.36111 0.74316 0.36111 0.73828 0.33507 0.74023 0.31771 0.75977 0.24827 0.76562 0.21702 0.76953 0.18229 0.76465 0.17361 0.74316 0.17361 0.74121 0.17708 0.72559 0.17708 0.72363 0.18055 0.68652 0.18403 0.67773 0.19618 0.67773 0.20312 0.69336 0.24132 0.70117 0.26562 0.70117 0.27257 0.71680 0.30729 0.72070 0.32465 0.72070 0.36632 0.71777 0.37153 0.71191 0.37153 0.70703 0.37673 0.70606 0.40278 0.69238 0.40278 0.68652 0.40625 0.68555 0.42188 0.69238 0.43055 0.71582 0.44445 0.71875 0.44271 0.72754 0.43055 0.74316 0.43055 0.74512 0.42708 0.75684 0.42708
6 1.00000 0.81250 0.57162 0.26852 0.49609 0.23611 0.41016 0.22454 0.26693 0.23611 0.11979 0.25000 0.06771 0.32639 0.13802 0.31018 0.22396 0.31713 0.25260 0.32176 0.25260 0.32870 0.22396 0.40741 0.02083 1.00000 1.00000 1.00000 1.00000 0.81250
2 0.75684 0.42708 0.76855 0.42014 0.78027 0.42708 0.78223 0.43403 0.78320 0.42535 0.78711 0.42188 0.78906 0.41146 0.78906 0.40452 0.78418 0.39583 0.77637 0.39583 0.76855 0.38889 0.76270 0.38889 0.75977 0.38368 0.75684 0.36458 0.75293 0.36111 0.74316 0.36111 0.73828 0.33507 0.74023 0.31771 0.75977 0.24827 0.76562 0.21702 0.76953 0.18229 0.76465 0.17361 0.74316 0.17361 0.74121 0.17708 0.72559 0.17708 0.72363 0.18055 0.68652 0.18403 0.67773 0.19618 0.67773 0.20312 0.69336 0.24132 0.70117 0.26562 0.70117 0.27257 0.71680 0.30729 0.72070 0.32465 0.72070 0.36632 0.71777 0.37153 0.71191 0.37153 0.70703 0.37673 0.70606 0.40278 0.69238 0.40278 0.68652 0.40625 0.68555 0.42188 0.69238 0.43055 0.71582 0.44445 0.71875 0.44271 0.72754 0.43055 0.74316 0.43055 0.74512 0.42708 0.75684 0.42708
