2 0.75673 0.40600 0.75435 0.40023 0.75306 0.38404 0.74329 0.38221 0.73969 0.36912 0.74079 0.35869 0.73921 0.35485 0.74605 0.32776 0.76719 0.27853 0.77134 0.25804 0.77977 0.23479 0.78430 0.21082 0.78033 0.20121 0.75883 0.19719 0.75651 0.20030 0.73892 0.19701 0.73660 0.20012 0.70691 0.19811 0.70459 0.20122 0.69873 0.20012 0.69524 0.20479 0.69414 0.21522 0.70855 0.26755 0.71466 0.30416 0.72223 0.32685 0.72345 0.33417 0.72051 0.36198 0.72210 0.36583 0.71831 0.38285 0.70585 0.38761 0.70365 0.40847 0.70017 0.41314 0.68417 0.41368 0.68068 0.41835 0.67958 0.42878 0.69259 0.44718 0.69650 0.44791 0.70480 0.46364 0.70987 0.46282 0.71299 0.46163 0.72032 0.44882 0.74414 0.44973 0.75465 0.44461 0.76247 0.44607 0.76882 0.46145 0.77272 0.46218 0.77499 0.45019 0.77999 0.44049 0.78110 0.43006 0.77713 0.42045 0.75673 0.40600
6 0.95216 1.00000 0.96400 0.88780 0.59244 0.29132 0.57062 0.25887 0.53503 0.23094 0.48047 0.20654 0.38845 0.18459 0.25978 0.16995 0.14153 0.15727 0.08525 0.22474 0.24153 0.24218 0.26009 0.25511 0.26563 0.26560 0.23631 0.31684 0.00000 0.84812 0.00000 0.91131 0.47375 1.00000 0.95216 1.00000
2 0.75673 0.40600 0.75435 0.40023 0.75306 0.38404 0.74329 0.38221 0.73969 0.36912 0.74079 0.35869 0.73921 0.35485 0.74605 0.32776 0.76719 0.27853 0.77134 0.25804 0.77977 0.23479 0.78430 0.21082 0.78033 0.20121 0.75883 0.19719 0.75651 0.20030 0.73892 0.19701 0.73660 0.20012 0.70691 0.19811 0.70459 0.20122 0.69873 0.20012 0.69524 0.20479 0.69414 0.21522 0.70855 0.26755 0.71466 0.30416 0.72223 0.32685 0.72345 0.33417 0.72051 0.36198 0.72210 0.36583 0.71831 0.38285 0.70585 0.38761 0.70365 0.40847 0.70017 0.41314 0.68417 0.41368 0.68068 0.41835 0.67958 0.42878 0.69259 0.44718 0.69650 0.44791 0.70480 0.46364 0.70987 0.46282 0.71299 0.46163 0.72032 0.44882 0.74414 0.44973 0.75465 0.44461 0.76247 0.44607 0.76882 0.46145 0.77272 0.46218 0.77499 0.45019 0.77999 0.44049 0.78110 0.43006 0.77713 0.42045 0.75673 0.40600
6 0.95216 1.00000 0.96400 0.88780 0.59244 0.29132 0.57062 0.25887 0.53503 0.23094 0.48047 0.20654 0.38845 0.18459 0.25978 0.16995 0.14153 0.15727 0.08525 0.22474 0.24153 0.24218 0.26009 0.25511 0.26563 0.26560 0.23631 0.31684 0.00000 0.84812 0.00000 0.91131 0.47375 1.00000 0.95216 1.00000
2 0.75673 0.40600 0.75435 0.40023 0.75306 0.38404 0.74329 0.38221 0.73969 0.36912 0.74079 0.35869 0.73921 0.35485 0.74605 0.32776 0.76719 0.27853 0.77134 0.25804 0.77977 0.23479 0.78430 0.21082 0.78033 0.20121 0.75883 0.19719 0.75651 0.20030 0.73892 0.19701 0.73660 0.20012 0.70691 0.19811 0.70459 0.20122 0.69873 0.20012 0.69524 0.20479 0.69414 0.21522 0.70855 0.26755 0.71466 0.30416 0.72223 0.32685 0.72345 0.33417 0.72051 0.36198 0.72210 0.36583 0.71831 0.38285 0.70585 0.38761 0.70365 0.40847 0.70017 0.41314 0.68417 0.41368 0.68068 0.41835 0.67958 0.42878 0.69259 0.44718 0.69650 0.44791 0.70480 0.46364 0.70987 0.46282 0.71299 0.46163 0.72032 0.44882 0.74414 0.44973 0.75465 0.44461 0.76247 0.44607 0.76882 0.46145 0.77272 0.46218 0.77499 0.45019 0.77999 0.44049 0.78110 0.43006 0.77713 0.42045 0.75673 0.40600
6 0.95216 1.00000 0.96400 0.88780 0.59244 0.29132 0.57062 0.25887 0.53503 0.23094 0.48047 0.20654 0.38845 0.18459 0.25978 0.16995 0.14153 0.15727 0.08525 0.22474 0.24153 0.24218 0.26009 0.25511 0.26563 0.26560 0.23631 0.31684 0.00000 0.84812 0.00000 0.91131 0.47375 1.00000 0.95216 1.00000
2 0.75673 0.40600 0.75435 0.40023 0.75306 0.38404 0.74329 0.38221 0.73969 0.36912 0.74079 0.35869 0.73921 0.35485 0.74605 0.32776 0.76719 0.27853 0.77134 0.25804 0.77977 0.23479 0.78430 0.21082 0.78033 0.20121 0.75883 0.19719 0.75651 0.20030 0.73892 0.19701 0.73660 0.20012 0.70691 0.19811 0.70459 0.20122 0.69873 0.20012 0.69524 0.20479 0.69414 0.21522 0.70855 0.26755 0.71466 0.30416 0.72223 0.32685 0.72345 0.33417 0.72051 0.36198 0.72210 0.36583 0.71831 0.38285 0.70585 0.38761 0.70365 0.40847 0.70017 0.41314 0.68417 0.41368 0.68068 0.41835 0.67958 0.42878 0.69259 0.44718 0.69650 0.44791 0.70480 0.46364 0.70987 0.46282 0.71299 0.46163 0.72032 0.44882 0.74414 0.44973 0.75465 0.44461 0.76247 0.44607 0.76882 0.46145 0.77272 0.46218 0.77499 0.45019 0.77999 0.44049 0.78110 0.43006 0.77713 0.42045 0.75673 0.40600
6 0.95216 1.00000 0.96400 0.88780 0.59244 0.29132 0.57062 0.25887 0.53503 0.23094 0.48047 0.20654 0.38845 0.18459 0.25978 0.16995 0.14153 0.15727 0.08525 0.22474 0.24153 0.24218 0.26009 0.25511 0.26563 0.26560 0.23631 0.31684 0.00000 0.84812 0.00000 0.91131 0.47375 1.00000 0.95216 1.00000
2 0.75673 0.40600 0.75435 0.40023 0.75306 0.38404 0.74329 0.38221 0.73969 0.36912 0.74079 0.35869 0.73921 0.35485 0.74605 0.32776 0.76719 0.27853 0.77134 0.25804 0.77977 0.23479 0.78430 0.21082 0.78033 0.20121 0.75883 0.19719 0.75651 0.20030 0.73892 0.19701 0.73660 0.20012 0.70691 0.19811 0.70459 0.20122 0.69873 0.20012 0.69524 0.20479 0.69414 0.21522 0.70855 0.26755 0.71466 0.30416 0.72223 0.32685 0.72345 0.33417 0.72051 0.36198 0.72210 0.36583 0.71831 0.38285 0.70585 0.38761 0.70365 0.40847 0.70017 0.41314 0.68417 0.41368 0.68068 0.41835 0.67958 0.42878 0.69259 0.44718 0.69650 0.44791 0.70480 0.46364 0.70987 0.46282 0.71299 0.46163 0.72032 0.44882 0.74414 0.44973 0.75465 0.44461 0.76247 0.44607 0.76882 0.46145 0.77272 0.46218 0.77499 0.45019 0.77999 0.44049 0.78110 0.43006 0.77713 0.42045 0.75673 0.40600
6 0.95216 1.00000 0.96400 0.88780 0.59244 0.29132 0.57062 0.25887 0.53503 0.23094 0.48047 0.20654 0.38845 0.18459 0.25978 0.16995 0.14153 0.15727 0.08525 0.22474 0.24153 0.24218 0.26009 0.25511 0.26563 0.26560 0.23631 0.31684 0.00000 0.84812 0.00000 0.91131 0.47375 1.00000 0.95216 1.00000
2 0.75673 0.40600 0.75435 0.40023 0.75306 0.38404 0.74329 0.38221 0.73969 0.36912 0.74079 0.35869 0.73921 0.35485 0.74605 0.32776 0.76719 0.27853 0.77134 0.25804 0.77977 0.23479 0.78430 0.21082 0.78033 0.20121 0.75883 0.19719 0.75651 0.20030 0.73892 0.19701 0.73660 0.20012 0.70691 0.19811 0.70459 0.20122 0.69873 0.20012 0.69524 0.20479 0.69414 0.21522 0.70855 0.26755 0.71466 0.30416 0.72223 0.32685 0.72345 0.33417 0.72051 0.36198 0.72210 0.36583 0.71831 0.38285 0.70585 0.38761 0.70365 0.40847 0.70017 0.41314 0.68417 0.41368 0.68068 0.41835 0.67958 0.42878 0.69259 0.44718 0.69650 0.44791 0.70480 0.46364 0.70987 0.46282 0.71299 0.46163 0.72032 0.44882 0.74414 0.44973 0.75465 0.44461 0.76247 0.44607 0.76882 0.46145 0.77272 0.46218 0.77499 0.45019 0.77999 0.44049 0.78110 0.43006 0.77713 0.42045 0.75673 0.40600
6 0.95216 1.00000 0.96400 0.88780 0.59244 0.29132 0.57062 0.25887 0.53503 0.23094 0.48047 0.20654 0.38845 0.18459 0.25978 0.16995 0.14153 0.15727 0.08525 0.22474 0.24153 0.24218 0.26009 0.25511 0.26563 0.26560 0.23631 0.31684 0.00000 0.84812 0.00000 0.91131 0.47375 1.00000 0.95216 1.00000
