7 0.36535 0.63914 0.37236 0.63685 0.37425 0.63311 0.37302 0.62778 0.36384 0.62661 0.36935 0.61179 0.36137 0.46069 0.35813 0.45550 0.33991 0.45677 0.33506 0.46253 0.34534 0.62068 0.35306 0.63639 0.35494 0.63265 0.36535 0.63914
7 0.38364 0.45914 0.38548 0.50595 0.38765 0.50941 0.38850 0.53101 0.39081 0.53807 0.38596 0.54383 0.38177 0.54051 0.37894 0.54612 0.38008 0.57493 0.38333 0.58012 0.41665 0.57599 0.42838 0.56434 0.42724 0.53553 0.42399 0.53034 0.41416 0.53825 0.40902 0.53680 0.40977 0.50425 0.40761 0.50079 0.40261 0.42532 0.39936 0.42013 0.38114 0.42140 0.38148 0.45568 0.38364 0.45914
4 0.83757 0.62062 0.83432 0.61543 0.83375 0.60103 0.83657 0.59542 0.85046 0.58723 0.86646 0.55542 0.86994 0.54073 0.86853 0.50472 0.85944 0.48008 0.84767 0.46466 0.83105 0.45498 0.81297 0.45986 0.80125 0.47151 0.79278 0.48835 0.78756 0.51038 0.78898 0.54638 0.79143 0.55705 0.79821 0.57463 0.81012 0.59365 0.81742 0.59856 0.81812 0.61656 0.81530 0.62218 0.80532 0.62648 0.80466 0.63556 0.80184 0.64117 0.78767 0.64216 0.78296 0.65152 0.78339 0.66232 0.79356 0.68869 0.82115 0.71926 0.86460 0.71442 0.86959 0.71227 0.87430 0.70291 0.87387 0.69211 0.86940 0.68159 0.87330 0.67770 0.87490 0.66676 0.86935 0.65451 0.85664 0.64096 0.85259 0.64124 0.84934 0.63605 0.84783 0.62352 0.83757 0.62062
6 0.26682 0.63700 0.27101 0.64032 0.27172 0.65832 0.27497 0.66351 0.28805 0.66079 0.29290 0.65504 0.31084 0.64656 0.32618 0.62382 0.34021 0.61923 0.34303 0.61362 0.34233 0.59562 0.33908 0.59043 0.28645 0.59410 0.28456 0.59784 0.26837 0.59898 0.26555 0.60459 0.26682 0.63700
6 0.24865 0.66534 0.25308 0.64879 0.25237 0.63079 0.25020 0.62732 0.24978 0.61652 0.23584 0.59764 0.22572 0.59834 0.22384 0.60209 0.13882 0.60802 0.13694 0.61176 0.11467 0.61332 0.10831 0.60654 0.10440 0.61042 0.10021 0.60711 0.09009 0.60781 0.08821 0.61155 0.07390 0.60894 0.07013 0.61643 0.02155 0.61982 0.01967 0.62356 0.00941 0.62066 0.00420 0.62420 0.00719 0.70018 0.06609 0.69434 0.19659 0.68342 0.19847 0.67968 0.22884 0.67756 0.24055 0.66591 0.24865 0.66534
6 1.00000 0.53346 0.92771 0.53850 0.92554 0.53505 0.91961 0.53907 0.90718 0.53271 0.87479 0.53498 0.87413 0.54405 0.86646 0.55542 0.85733 0.58133 0.84373 0.59672 0.84444 0.61473 0.85904 0.62454 0.85866 0.64082 0.86487 0.64399 0.88606 0.64071 0.89307 0.63841 0.89387 0.63294 0.89872 0.62719 0.92287 0.62189 0.92475 0.61815 0.94890 0.61285 0.95078 0.60911 0.97507 0.60741 0.97724 0.61087 0.98331 0.61045 0.98520 0.60671 0.98736 0.61016 0.98924 0.60642 1.00000 0.60567 1.00000 0.53346
6 1.00000 0.94773 0.93034 0.86329 0.92586 0.85277 0.90910 0.83949 0.90369 0.83084 0.91772 0.82625 0.91687 0.80465 0.91362 0.79946 0.90147 0.80031 0.89714 0.79339 0.89620 0.79526 0.89460 0.80620 0.89785 0.81139 0.90811 0.81429 0.90839 0.82149 0.90030 0.82205 0.89611 0.81874 0.89380 0.81168 0.88773 0.81210 0.88448 0.80691 0.88189 0.79265 0.87892 0.79466 0.87365 0.78961 0.87553 0.78587 0.87430 0.78054 0.86838 0.78457 0.86296 0.77592 0.86376 0.77045 0.84700 0.75717 0.82548 0.72618 0.80872 0.71291 0.78410 0.68032 0.78094 0.65166 0.79143 0.63468 0.79953 0.63411 0.80504 0.61928 0.80909 0.61900 0.81191 0.61339 0.81134 0.59898 0.80080 0.58889 0.79632 0.57837 0.79359 0.56050 0.78370 0.54134 0.74524 0.54402 0.74336 0.54776 0.73121 0.54861 0.72486 0.54183 0.71257 0.53908 0.71069 0.54282 0.59126 0.55116 0.58938 0.55490 0.58128 0.55547 0.57911 0.55201 0.57318 0.55603 0.46792 0.56338 0.46604 0.56712 0.43770 0.56910 0.43596 0.57645 0.42786 0.57701 0.42019 0.58838 0.38375 0.59092 0.37984 0.59480 0.37904 0.60028 0.38634 0.60518 0.39218 0.62463 0.39637 0.62795 0.39058 0.63558 0.39101 0.64638 0.39534 0.65330 0.38969 0.66453 0.38997 0.67173 0.37694 0.70152 0.37360 0.71981 0.36042 0.74600 0.36070 0.75321 0.35115 0.76832 0.33651 0.80905 0.33355 0.81107 0.32145 0.83899 0.32174 0.84620 0.31689 0.85195 0.30103 0.88736 0.30131 0.89456 0.25453 0.99532 0.25328 1.00000 0.50983 1.00000 1.00000 0.96578 1.00000 0.94773
7 0.36535 0.63914 0.37236 0.63685 0.37425 0.63311 0.37302 0.62778 0.36384 0.62661 0.36935 0.61179 0.36137 0.46069 0.35813 0.45550 0.33991 0.45677 0.33506 0.46253 0.34534 0.62068 0.35306 0.63639 0.35494 0.63265 0.36535 0.63914
7 0.38364 0.45914 0.38548 0.50595 0.38765 0.50941 0.38850 0.53101 0.39081 0.53807 0.38596 0.54383 0.38177 0.54051 0.37894 0.54612 0.38008 0.57493 0.38333 0.58012 0.41665 0.57599 0.42838 0.56434 0.42724 0.53553 0.42399 0.53034 0.41416 0.53825 0.40902 0.53680 0.40977 0.50425 0.40761 0.50079 0.40261 0.42532 0.39936 0.42013 0.38114 0.42140 0.38148 0.45568 0.38364 0.45914
4 0.83757 0.62062 0.83432 0.61543 0.83375 0.60103 0.83657 0.59542 0.85046 0.58723 0.86646 0.55542 0.86994 0.54073 0.86853 0.50472 0.85944 0.48008 0.84767 0.46466 0.83105 0.45498 0.81297 0.45986 0.80125 0.47151 0.79278 0.48835 0.78756 0.51038 0.78898 0.54638 0.79143 0.55705 0.79821 0.57463 0.81012 0.59365 0.81742 0.59856 0.81812 0.61656 0.81530 0.62218 0.80532 0.62648 0.80466 0.63556 0.80184 0.64117 0.78767 0.64216 0.78296 0.65152 0.78339 0.66232 0.79356 0.68869 0.82115 0.71926 0.86460 0.71442 0.86959 0.71227 0.87430 0.70291 0.87387 0.69211 0.86940 0.68159 0.87330 0.67770 0.87490 0.66676 0.86935 0.65451 0.85664 0.64096 0.85259 0.64124 0.84934 0.63605 0.84783 0.62352 0.83757 0.62062
6 0.26682 0.63700 0.27101 0.64032 0.27172 0.65832 0.27497 0.66351 0.28805 0.66079 0.29290 0.65504 0.31084 0.64656 0.32618 0.62382 0.34021 0.61923 0.34303 0.61362 0.34233 0.59562 0.33908 0.59043 0.28645 0.59410 0.28456 0.59784 0.26837 0.59898 0.26555 0.60459 0.26682 0.63700
6 0.24865 0.66534 0.25308 0.64879 0.25237 0.63079 0.25020 0.62732 0.24978 0.61652 0.23584 0.59764 0.22572 0.59834 0.22384 0.60209 0.13882 0.60802 0.13694 0.61176 0.11467 0.61332 0.10831 0.60654 0.10440 0.61042 0.10021 0.60711 0.09009 0.60781 0.08821 0.61155 0.07390 0.60894 0.07013 0.61643 0.02155 0.61982 0.01967 0.62356 0.00941 0.62066 0.00420 0.62420 0.00719 0.70018 0.06609 0.69434 0.19659 0.68342 0.19847 0.67968 0.22884 0.67756 0.24055 0.66591 0.24865 0.66534
6 1.00000 0.53346 0.92771 0.53850 0.92554 0.53505 0.91961 0.53907 0.90718 0.53271 0.87479 0.53498 0.87413 0.54405 0.86646 0.55542 0.85733 0.58133 0.84373 0.59672 0.84444 0.61473 0.85904 0.62454 0.85866 0.64082 0.86487 0.64399 0.88606 0.64071 0.89307 0.63841 0.89387 0.63294 0.89872 0.62719 0.92287 0.62189 0.92475 0.61815 0.94890 0.61285 0.95078 0.60911 0.97507 0.60741 0.97724 0.61087 0.98331 0.61045 0.98520 0.60671 0.98736 0.61016 0.98924 0.60642 1.00000 0.60567 1.00000 0.53346
6 1.00000 0.94773 0.93034 0.86329 0.92586 0.85277 0.90910 0.83949 0.90369 0.83084 0.91772 0.82625 0.91687 0.80465 0.91362 0.79946 0.90147 0.80031 0.89714 0.79339 0.89620 0.79526 0.89460 0.80620 0.89785 0.81139 0.90811 0.81429 0.90839 0.82149 0.90030 0.82205 0.89611 0.81874 0.89380 0.81168 0.88773 0.81210 0.88448 0.80691 0.88189 0.79265 0.87892 0.79466 0.87365 0.78961 0.87553 0.78587 0.87430 0.78054 0.86838 0.78457 0.86296 0.77592 0.86376 0.77045 0.84700 0.75717 0.82548 0.72618 0.80872 0.71291 0.78410 0.68032 0.78094 0.65166 0.79143 0.63468 0.79953 0.63411 0.80504 0.61928 0.80909 0.61900 0.81191 0.61339 0.81134 0.59898 0.80080 0.58889 0.79632 0.57837 0.79359 0.56050 0.78370 0.54134 0.74524 0.54402 0.74336 0.54776 0.73121 0.54861 0.72486 0.54183 0.71257 0.53908 0.71069 0.54282 0.59126 0.55116 0.58938 0.55490 0.58128 0.55547 0.57911 0.55201 0.57318 0.55603 0.46792 0.56338 0.46604 0.56712 0.43770 0.56910 0.43596 0.57645 0.42786 0.57701 0.42019 0.58838 0.38375 0.59092 0.37984 0.59480 0.37904 0.60028 0.38634 0.60518 0.39218 0.62463 0.39637 0.62795 0.39058 0.63558 0.39101 0.64638 0.39534 0.65330 0.38969 0.66453 0.38997 0.67173 0.37694 0.70152 0.37360 0.71981 0.36042 0.74600 0.36070 0.75321 0.35115 0.76832 0.33651 0.80905 0.33355 0.81107 0.32145 0.83899 0.32174 0.84620 0.31689 0.85195 0.30103 0.88736 0.30131 0.89456 0.25453 0.99532 0.25328 1.00000 0.50983 1.00000 1.00000 0.96578 1.00000 0.94773
7 0.36535 0.63914 0.37236 0.63685 0.37425 0.63311 0.37302 0.62778 0.36384 0.62661 0.36935 0.61179 0.36137 0.46069 0.35813 0.45550 0.33991 0.45677 0.33506 0.46253 0.34534 0.62068 0.35306 0.63639 0.35494 0.63265 0.36535 0.63914
7 0.38364 0.45914 0.38548 0.50595 0.38765 0.50941 0.38850 0.53101 0.39081 0.53807 0.38596 0.54383 0.38177 0.54051 0.37894 0.54612 0.38008 0.57493 0.38333 0.58012 0.41665 0.57599 0.42838 0.56434 0.42724 0.53553 0.42399 0.53034 0.41416 0.53825 0.40902 0.53680 0.40977 0.50425 0.40761 0.50079 0.40261 0.42532 0.39936 0.42013 0.38114 0.42140 0.38148 0.45568 0.38364 0.45914
4 0.83757 0.62062 0.83432 0.61543 0.83375 0.60103 0.83657 0.59542 0.85046 0.58723 0.86646 0.55542 0.86994 0.54073 0.86853 0.50472 0.85944 0.48008 0.84767 0.46466 0.83105 0.45498 0.81297 0.45986 0.80125 0.47151 0.79278 0.48835 0.78756 0.51038 0.78898 0.54638 0.79143 0.55705 0.79821 0.57463 0.81012 0.59365 0.81742 0.59856 0.81812 0.61656 0.81530 0.62218 0.80532 0.62648 0.80466 0.63556 0.80184 0.64117 0.78767 0.64216 0.78296 0.65152 0.78339 0.66232 0.79356 0.68869 0.82115 0.71926 0.86460 0.71442 0.86959 0.71227 0.87430 0.70291 0.87387 0.69211 0.86940 0.68159 0.87330 0.67770 0.87490 0.66676 0.86935 0.65451 0.85664 0.64096 0.85259 0.64124 0.84934 0.63605 0.84783 0.62352 0.83757 0.62062
6 0.26682 0.63700 0.27101 0.64032 0.27172 0.65832 0.27497 0.66351 0.28805 0.66079 0.29290 0.65504 0.31084 0.64656 0.32618 0.62382 0.34021 0.61923 0.34303 0.61362 0.34233 0.59562 0.33908 0.59043 0.28645 0.59410 0.28456 0.59784 0.26837 0.59898 0.26555 0.60459 0.26682 0.63700
6 0.24865 0.66534 0.25308 0.64879 0.25237 0.63079 0.25020 0.62732 0.24978 0.61652 0.23584 0.59764 0.22572 0.59834 0.22384 0.60209 0.13882 0.60802 0.13694 0.61176 0.11467 0.61332 0.10831 0.60654 0.10440 0.61042 0.10021 0.60711 0.09009 0.60781 0.08821 0.61155 0.07390 0.60894 0.07013 0.61643 0.02155 0.61982 0.01967 0.62356 0.00941 0.62066 0.00420 0.62420 0.00719 0.70018 0.06609 0.69434 0.19659 0.68342 0.19847 0.67968 0.22884 0.67756 0.24055 0.66591 0.24865 0.66534
6 1.00000 0.53346 0.92771 0.53850 0.92554 0.53505 0.91961 0.53907 0.90718 0.53271 0.87479 0.53498 0.87413 0.54405 0.86646 0.55542 0.85733 0.58133 0.84373 0.59672 0.84444 0.61473 0.85904 0.62454 0.85866 0.64082 0.86487 0.64399 0.88606 0.64071 0.89307 0.63841 0.89387 0.63294 0.89872 0.62719 0.92287 0.62189 0.92475 0.61815 0.94890 0.61285 0.95078 0.60911 0.97507 0.60741 0.97724 0.61087 0.98331 0.61045 0.98520 0.60671 0.98736 0.61016 0.98924 0.60642 1.00000 0.60567 1.00000 0.53346
6 1.00000 0.94773 0.93034 0.86329 0.92586 0.85277 0.90910 0.83949 0.90369 0.83084 0.91772 0.82625 0.91687 0.80465 0.91362 0.79946 0.90147 0.80031 0.89714 0.79339 0.89620 0.79526 0.89460 0.80620 0.89785 0.81139 0.90811 0.81429 0.90839 0.82149 0.90030 0.82205 0.89611 0.81874 0.89380 0.81168 0.88773 0.81210 0.88448 0.80691 0.88189 0.79265 0.87892 0.79466 0.87365 0.78961 0.87553 0.78587 0.87430 0.78054 0.86838 0.78457 0.86296 0.77592 0.86376 0.77045 0.84700 0.75717 0.82548 0.72618 0.80872 0.71291 0.78410 0.68032 0.78094 0.65166 0.79143 0.63468 0.79953 0.63411 0.80504 0.61928 0.80909 0.61900 0.81191 0.61339 0.81134 0.59898 0.80080 0.58889 0.79632 0.57837 0.79359 0.56050 0.78370 0.54134 0.74524 0.54402 0.74336 0.54776 0.73121 0.54861 0.72486 0.54183 0.71257 0.53908 0.71069 0.54282 0.59126 0.55116 0.58938 0.55490 0.58128 0.55547 0.57911 0.55201 0.57318 0.55603 0.46792 0.56338 0.46604 0.56712 0.43770 0.56910 0.43596 0.57645 0.42786 0.57701 0.42019 0.58838 0.38375 0.59092 0.37984 0.59480 0.37904 0.60028 0.38634 0.60518 0.39218 0.62463 0.39637 0.62795 0.39058 0.63558 0.39101 0.64638 0.39534 0.65330 0.38969 0.66453 0.38997 0.67173 0.37694 0.70152 0.37360 0.71981 0.36042 0.74600 0.36070 0.75321 0.35115 0.76832 0.33651 0.80905 0.33355 0.81107 0.32145 0.83899 0.32174 0.84620 0.31689 0.85195 0.30103 0.88736 0.30131 0.89456 0.25453 0.99532 0.25328 1.00000 0.50983 1.00000 1.00000 0.96578 1.00000 0.94773
