6 0.16051 0.00000 0.15879 0.00506 0.16489 0.01077 0.15425 0.02554 0.27371 0.58591 0.31088 0.77900 0.29688 0.87339 0.25535 0.96374 0.47704 1.00000 0.95767 1.00000 1.00000 0.54073 1.00000 0.49575 0.89534 0.39910 0.74545 0.28496 0.60141 0.15056 0.48918 0.04495 0.44010 0.00000 0.16051 0.00000
5 0.60488 0.11937 0.59918 0.14282 0.62817 0.16879 0.67531 0.15606 0.67723 0.13042 0.66316 0.13261 0.66347 0.10867 0.65273 0.10691 0.65168 0.07895 0.66190 0.06657 0.67602 0.02504 0.62371 0.01648 0.62377 0.04850 0.63573 0.08293 0.63504 0.10386 0.62445 0.10842 0.62092 0.12279 0.60488 0.11937
6 0.16051 0.00000 0.15879 0.00506 0.16489 0.01077 0.15425 0.02554 0.27371 0.58591 0.31088 0.77900 0.29688 0.87339 0.25535 0.96374 0.47704 1.00000 0.95767 1.00000 1.00000 0.54073 1.00000 0.49575 0.89534 0.39910 0.74545 0.28496 0.60141 0.15056 0.48918 0.04495 0.44010 0.00000 0.16051 0.00000
5 0.60488 0.11937 0.59918 0.14282 0.62817 0.16879 0.67531 0.15606 0.67723 0.13042 0.66316 0.13261 0.66347 0.10867 0.65273 0.10691 0.65168 0.07895 0.66190 0.06657 0.67602 0.02504 0.62371 0.01648 0.62377 0.04850 0.63573 0.08293 0.63504 0.10386 0.62445 0.10842 0.62092 0.12279 0.60488 0.11937
6 0.16051 0.00000 0.15879 0.00506 0.16489 0.01077 0.15425 0.02554 0.27371 0.58591 0.31088 0.77900 0.29688 0.87339 0.25535 0.96374 0.47704 1.00000 0.95767 1.00000 1.00000 0.54073 1.00000 0.49575 0.89534 0.39910 0.74545 0.28496 0.60141 0.15056 0.48918 0.04495 0.44010 0.00000 0.16051 0.00000
5 0.60488 0.11937 0.59918 0.14282 0.62817 0.16879 0.67531 0.15606 0.67723 0.13042 0.66316 0.13261 0.66347 0.10867 0.65273 0.10691 0.65168 0.07895 0.66190 0.06657 0.67602 0.02504 0.62371 0.01648 0.62377 0.04850 0.63573 0.08293 0.63504 0.10386 0.62445 0.10842 0.62092 0.12279 0.60488 0.11937
6 0.16051 0.00000 0.15879 0.00506 0.16489 0.01077 0.15425 0.02554 0.27371 0.58591 0.31088 0.77900 0.29688 0.87339 0.25535 0.96374 0.47704 1.00000 0.95767 1.00000 1.00000 0.54073 1.00000 0.49575 0.89534 0.39910 0.74545 0.28496 0.60141 0.15056 0.48918 0.04495 0.44010 0.00000 0.16051 0.00000
5 0.60488 0.11937 0.59918 0.14282 0.62817 0.16879 0.67531 0.15606 0.67723 0.13042 0.66316 0.13261 0.66347 0.10867 0.65273 0.10691 0.65168 0.07895 0.66190 0.06657 0.67602 0.02504 0.62371 0.01648 0.62377 0.04850 0.63573 0.08293 0.63504 0.10386 0.62445 0.10842 0.62092 0.12279 0.60488 0.11937
6 0.16051 0.00000 0.15879 0.00506 0.16489 0.01077 0.15425 0.02554 0.27371 0.58591 0.31088 0.77900 0.29688 0.87339 0.25535 0.96374 0.47704 1.00000 0.95767 1.00000 1.00000 0.54073 1.00000 0.49575 0.89534 0.39910 0.74545 0.28496 0.60141 0.15056 0.48918 0.04495 0.44010 0.00000 0.16051 0.00000
5 0.60488 0.11937 0.59918 0.14282 0.62817 0.16879 0.67531 0.15606 0.67723 0.13042 0.66316 0.13261 0.66347 0.10867 0.65273 0.10691 0.65168 0.07895 0.66190 0.06657 0.67602 0.02504 0.62371 0.01648 0.62377 0.04850 0.63573 0.08293 0.63504 0.10386 0.62445 0.10842 0.62092 0.12279 0.60488 0.11937
6 0.16051 0.00000 0.15879 0.00506 0.16489 0.01077 0.15425 0.02554 0.27371 0.58591 0.31088 0.77900 0.29688 0.87339 0.25535 0.96374 0.47704 1.00000 0.95767 1.00000 1.00000 0.54073 1.00000 0.49575 0.89534 0.39910 0.74545 0.28496 0.60141 0.15056 0.48918 0.04495 0.44010 0.00000 0.16051 0.00000
5 0.60488 0.11937 0.59918 0.14282 0.62817 0.16879 0.67531 0.15606 0.67723 0.13042 0.66316 0.13261 0.66347 0.10867 0.65273 0.10691 0.65168 0.07895 0.66190 0.06657 0.67602 0.02504 0.62371 0.01648 0.62377 0.04850 0.63573 0.08293 0.63504 0.10386 0.62445 0.10842 0.62092 0.12279 0.60488 0.11937
