6 0.95216 1.00000 0.99459 0.59785 0.98794 0.57345 0.86924 0.27456 0.84097 0.22811 0.76528 0.16179 0.68107 0.11707 0.57363 0.08217 0.42328 0.05884 0.04473 0.02946 0.02983 0.17071 0.31177 0.19402 0.34983 0.21912 0.34915 0.22823 0.34725 0.24491 0.00000 0.79573 0.00000 0.91131 0.47375 1.00000 0.95216 1.00000
5 0.04870 0.00000 0.04771 0.00376 0.04743 0.00386 0.04511 0.02593 0.07467 0.02721 0.09407 0.01621 0.09382 0.00000 0.07265 0.00000 0.07204 0.00004 0.07203 0.00000 0.04870 0.00000
6 0.95216 1.00000 0.99459 0.59785 0.98794 0.57345 0.86924 0.27456 0.84097 0.22811 0.76528 0.16179 0.68107 0.11707 0.57363 0.08217 0.42328 0.05884 0.04473 0.02946 0.02983 0.17071 0.31177 0.19402 0.34983 0.21912 0.34915 0.22823 0.34725 0.24491 0.00000 0.79573 0.00000 0.91131 0.47375 1.00000 0.95216 1.00000
5 0.04870 0.00000 0.04771 0.00376 0.04743 0.00386 0.04511 0.02593 0.07467 0.02721 0.09407 0.01621 0.09382 0.00000 0.07265 0.00000 0.07204 0.00004 0.07203 0.00000 0.04870 0.00000
6 0.95216 1.00000 0.99459 0.59785 0.98794 0.57345 0.86924 0.27456 0.84097 0.22811 0.76528 0.16179 0.68107 0.11707 0.57363 0.08217 0.42328 0.05884 0.04473 0.02946 0.02983 0.17071 0.31177 0.19402 0.34983 0.21912 0.34915 0.22823 0.34725 0.24491 0.00000 0.79573 0.00000 0.91131 0.47375 1.00000 0.95216 1.00000
5 0.04870 0.00000 0.04771 0.00376 0.04743 0.00386 0.04511 0.02593 0.07467 0.02721 0.09407 0.01621 0.09382 0.00000 0.07265 0.00000 0.07204 0.00004 0.07203 0.00000 0.04870 0.00000
6 0.95216 1.00000 0.99459 0.59785 0.98794 0.57345 0.86924 0.27456 0.84097 0.22811 0.76528 0.16179 0.68107 0.11707 0.57363 0.08217 0.42328 0.05884 0.04473 0.02946 0.02983 0.17071 0.31177 0.19402 0.34983 0.21912 0.34915 0.22823 0.34725 0.24491 0.00000 0.79573 0.00000 0.91131 0.47375 1.00000 0.95216 1.00000
5 0.04870 0.00000 0.04771 0.00376 0.04743 0.00386 0.04511 0.02593 0.07467 0.02721 0.09407 0.01621 0.09382 0.00000 0.07265 0.00000 0.07204 0.00004 0.07203 0.00000 0.04870 0.00000
6 0.95216 1.00000 0.99459 0.59785 0.98794 0.57345 0.86924 0.27456 0.84097 0.22811 0.76528 0.16179 0.68107 0.11707 0.57363 0.08217 0.42328 0.05884 0.04473 0.02946 0.02983 0.17071 0.31177 0.19402 0.34983 0.21912 0.34915 0.22823 0.34725 0.24491 0.00000 0.79573 0.00000 0.91131 0.47375 1.00000 0.95216 1.00000
5 0.04870 0.00000 0.04771 0.00376 0.04743 0.00386 0.04511 0.02593 0.07467 0.02721 0.09407 0.01621 0.09382 0.00000 0.07265 0.00000 0.07204 0.00004 0.07203 0.00000 0.04870 0.00000
6 0.95216 1.00000 0.99459 0.59785 0.98794 0.57345 0.86924 0.27456 0.84097 0.22811 0.76528 0.16179 0.68107 0.11707 0.57363 0.08217 0.42328 0.05884 0.04473 0.02946 0.02983 0.17071 0.31177 0.19402 0.34983 0.21912 0.34915 0.22823 0.34725 0.24491 0.00000 0.79573 0.00000 0.91131 0.47375 1.00000 0.95216 1.00000
5 0.04870 0.00000 0.04771 0.00376 0.04743 0.00386 0.04511 0.02593 0.07467 0.02721 0.09407 0.01621 0.09382 0.00000 0.07265 0.00000 0.07204 0.00004 0.07203 0.00000 0.04870 0.00000
