6 0.48689 0.00000 0.35089 0.01267 0.34584 0.02519 0.17855 0.03836 0.17787 0.07698 0.18600 0.10273 0.19838 0.10639 0.21603 0.10716 0.21645 0.14086 0.30887 0.14671 0.03533 1.00000 0.51311 1.00000 1.00000 0.95465 1.00000 0.58192 0.62255 0.00000 0.48689 0.00000
6 0.00000 0.13649 0.13506 0.13880 0.14446 0.11142 0.16199 0.10979 0.16797 0.09477 0.16844 0.07786 0.16524 0.06852 0.15909 0.05463 0.15025 0.04100 0.14543 0.03180 0.00000 0.04535 0.00000 0.13649
6 0.48689 0.00000 0.35089 0.01267 0.34584 0.02519 0.17855 0.03836 0.17787 0.07698 0.18600 0.10273 0.19838 0.10639 0.21603 0.10716 0.21645 0.14086 0.30887 0.14671 0.03533 1.00000 0.51311 1.00000 1.00000 0.95465 1.00000 0.58192 0.62255 0.00000 0.48689 0.00000
6 0.00000 0.13649 0.13506 0.13880 0.14446 0.11142 0.16199 0.10979 0.16797 0.09477 0.16844 0.07786 0.16524 0.06852 0.15909 0.05463 0.15025 0.04100 0.14543 0.03180 0.00000 0.04535 0.00000 0.13649
6 0.48689 0.00000 0.35089 0.01267 0.34584 0.02519 0.17855 0.03836 0.17787 0.07698 0.18600 0.10273 0.19838 0.10639 0.21603 0.10716 0.21645 0.14086 0.30887 0.14671 0.03533 1.00000 0.51311 1.00000 1.00000 0.95465 1.00000 0.58192 0.62255 0.00000 0.48689 0.00000
6 0.00000 0.13649 0.13506 0.13880 0.14446 0.11142 0.16199 0.10979 0.16797 0.09477 0.16844 0.07786 0.16524 0.06852 0.15909 0.05463 0.15025 0.04100 0.14543 0.03180 0.00000 0.04535 0.00000 0.13649
6 0.48689 0.00000 0.35089 0.01267 0.34584 0.02519 0.17855 0.03836 0.17787 0.07698 0.18600 0.10273 0.19838 0.10639 0.21603 0.10716 0.21645 0.14086 0.30887 0.14671 0.03533 1.00000 0.51311 1.00000 1.00000 0.95465 1.00000 0.58192 0.62255 0.00000 0.48689 0.00000
6 0.00000 0.13649 0.13506 0.13880 0.14446 0.11142 0.16199 0.10979 0.16797 0.09477 0.16844 0.07786 0.16524 0.06852 0.15909 0.05463 0.15025 0.04100 0.14543 0.03180 0.00000 0.04535 0.00000 0.13649
6 0.48689 0.00000 0.35089 0.01267 0.34584 0.02519 0.17855 0.03836 0.17787 0.07698 0.18600 0.10273 0.19838 0.10639 0.21603 0.10716 0.21645 0.14086 0.30887 0.14671 0.03533 1.00000 0.51311 1.00000 1.00000 0.95465 1.00000 0.58192 0.62255 0.00000 0.48689 0.00000
6 0.00000 0.13649 0.13506 0.13880 0.14446 0.11142 0.16199 0.10979 0.16797 0.09477 0.16844 0.07786 0.16524 0.06852 0.15909 0.05463 0.15025 0.04100 0.14543 0.03180 0.00000 0.04535 0.00000 0.13649
6 0.48689 0.00000 0.35089 0.01267 0.34584 0.02519 0.17855 0.03836 0.17787 0.07698 0.18600 0.10273 0.19838 0.10639 0.21603 0.10716 0.21645 0.14086 0.30887 0.14671 0.03533 1.00000 0.51311 1.00000 1.00000 0.95465 1.00000 0.58192 0.62255 0.00000 0.48689 0.00000
6 0.00000 0.13649 0.13506 0.13880 0.14446 0.11142 0.16199 0.10979 0.16797 0.09477 0.16844 0.07786 0.16524 0.06852 0.15909 0.05463 0.15025 0.04100 0.14543 0.03180 0.00000 0.04535 0.00000 0.13649
