6 0.00000 0.19797 0.19848 0.21065 0.21007 0.18592 0.22747 0.17543 0.23259 0.16310 0.22782 0.13671 0.22491 0.12958 0.21755 0.10815 0.21155 0.08666 0.00000 0.07661 0.00000 0.19797
6 0.56626 0.00000 0.46630 0.00465 0.45213 0.00894 0.30327 0.16465 0.29842 0.17395 0.36709 0.23215 0.12143 1.00000 0.50655 1.00000 1.00000 0.97705 1.00000 0.79894 0.99380 0.56255 0.92254 0.33362 0.87022 0.24351 0.75032 0.10393 0.62933 0.00070 0.62597 0.00000 0.56626 0.00000
6 0.00000 0.19797 0.19848 0.21065 0.21007 0.18592 0.22747 0.17543 0.23259 0.16310 0.22782 0.13671 0.22491 0.12958 0.21755 0.10815 0.21155 0.08666 0.00000 0.07661 0.00000 0.19797
6 0.56626 0.00000 0.46630 0.00465 0.45213 0.00894 0.30327 0.16465 0.29842 0.17395 0.36709 0.23215 0.12143 1.00000 0.50655 1.00000 1.00000 0.97705 1.00000 0.79894 0.99380 0.56255 0.92254 0.33362 0.87022 0.24351 0.75032 0.10393 0.62933 0.00070 0.62597 0.00000 0.56626 0.00000
6 0.00000 0.19797 0.19848 0.21065 0.21007 0.18592 0.22747 0.17543 0.23259 0.16310 0.22782 0.13671 0.22491 0.12958 0.21755 0.10815 0.21155 0.08666 0.00000 0.07661 0.00000 0.19797
6 0.56626 0.00000 0.46630 0.00465 0.45213 0.00894 0.30327 0.16465 0.29842 0.17395 0.36709 0.23215 0.12143 1.00000 0.50655 1.00000 1.00000 0.97705 1.00000 0.79894 0.99380 0.56255 0.92254 0.33362 0.87022 0.24351 0.75032 0.10393 0.62933 0.00070 0.62597 0.00000 0.56626 0.00000
6 0.00000 0.19797 0.19848 0.21065 0.21007 0.18592 0.22747 0.17543 0.23259 0.16310 0.22782 0.13671 0.22491 0.12958 0.21755 0.10815 0.21155 0.08666 0.00000 0.07661 0.00000 0.19797
6 0.56626 0.00000 0.46630 0.00465 0.45213 0.00894 0.30327 0.16465 0.29842 0.17395 0.36709 0.23215 0.12143 1.00000 0.50655 1.00000 1.00000 0.97705 1.00000 0.79894 0.99380 0.56255 0.92254 0.33362 0.87022 0.24351 0.75032 0.10393 0.62933 0.00070 0.62597 0.00000 0.56626 0.00000
6 0.00000 0.19797 0.19848 0.21065 0.21007 0.18592 0.22747 0.17543 0.23259 0.16310 0.22782 0.13671 0.22491 0.12958 0.21755 0.10815 0.21155 0.08666 0.00000 0.07661 0.00000 0.19797
6 0.56626 0.00000 0.46630 0.00465 0.45213 0.00894 0.30327 0.16465 0.29842 0.17395 0.36709 0.23215 0.12143 1.00000 0.50655 1.00000 1.00000 0.97705 1.00000 0.79894 0.99380 0.56255 0.92254 0.33362 0.87022 0.24351 0.75032 0.10393 0.62933 0.00070 0.62597 0.00000 0.56626 0.00000
6 0.00000 0.19797 0.19848 0.21065 0.21007 0.18592 0.22747 0.17543 0.23259 0.16310 0.22782 0.13671 0.22491 0.12958 0.21755 0.10815 0.21155 0.08666 0.00000 0.07661 0.00000 0.19797
6 0.56626 0.00000 0.46630 0.00465 0.45213 0.00894 0.30327 0.16465 0.29842 0.17395 0.36709 0.23215 0.12143 1.00000 0.50655 1.00000 1.00000 0.97705 1.00000 0.79894 0.99380 0.56255 0.92254 0.33362 0.87022 0.24351 0.75032 0.10393 0.62933 0.00070 0.62597 0.00000 0.56626 0.00000
