6 0.27118 1.00000 0.24096 0.97568 0.23239 0.96538 0.20740 0.95259 0.16526 0.91922 0.16119 0.91950 0.14013 0.90282 0.13606 0.90310 0.10860 0.87959 0.10453 0.87988 0.07708 0.85637 0.07301 0.85666 0.04773 0.83663 0.04337 0.82967 0.03102 0.82690 0.02884 0.82343 0.01867 0.82414 0.01649 0.82066 0.01192 0.82052 0.01899 1.00000 0.27118 1.00000
2 0.24468 0.86283 0.23654 0.86340 0.23081 0.84746 0.23024 0.83297 0.23388 0.82182 0.23345 0.81096 0.24249 0.78127 0.24206 0.77041 0.24850 0.72638 0.24778 0.70827 0.24452 0.70305 0.22009 0.70475 0.21820 0.70852 0.20192 0.70966 0.20003 0.71342 0.17764 0.71498 0.17087 0.72454 0.17130 0.73540 0.18451 0.75990 0.19829 0.79889 0.21150 0.82338 0.21382 0.83048 0.21496 0.85946 0.21713 0.86294 0.21742 0.87018 0.21458 0.87583 0.20563 0.88190 0.20663 0.90725 0.19551 0.90984 0.18765 0.91766 0.18713 0.93040 0.19040 0.93563 0.20682 0.93811 0.21322 0.94493 0.22230 0.94248 0.22405 0.93509 0.22893 0.92930 0.24507 0.92454 0.25889 0.91268 0.27138 0.91907 0.27597 0.90604 0.27540 0.89156 0.27213 0.88634 0.25368 0.88400 0.25041 0.87877 0.25013 0.87153 0.24468 0.86283
6 0.27118 1.00000 0.24096 0.97568 0.23239 0.96538 0.20740 0.95259 0.16526 0.91922 0.16119 0.91950 0.14013 0.90282 0.13606 0.90310 0.10860 0.87959 0.10453 0.87988 0.07708 0.85637 0.07301 0.85666 0.04773 0.83663 0.04337 0.82967 0.03102 0.82690 0.02884 0.82343 0.01867 0.82414 0.01649 0.82066 0.01192 0.82052 0.01899 1.00000 0.27118 1.00000
2 0.24468 0.86283 0.23654 0.86340 0.23081 0.84746 0.23024 0.83297 0.23388 0.82182 0.23345 0.81096 0.24249 0.78127 0.24206 0.77041 0.24850 0.72638 0.24778 0.70827 0.24452 0.70305 0.22009 0.70475 0.21820 0.70852 0.20192 0.70966 0.20003 0.71342 0.17764 0.71498 0.17087 0.72454 0.17130 0.73540 0.18451 0.75990 0.19829 0.79889 0.21150 0.82338 0.21382 0.83048 0.21496 0.85946 0.21713 0.86294 0.21742 0.87018 0.21458 0.87583 0.20563 0.88190 0.20663 0.90725 0.19551 0.90984 0.18765 0.91766 0.18713 0.93040 0.19040 0.93563 0.20682 0.93811 0.21322 0.94493 0.22230 0.94248 0.22405 0.93509 0.22893 0.92930 0.24507 0.92454 0.25889 0.91268 0.27138 0.91907 0.27597 0.90604 0.27540 0.89156 0.27213 0.88634 0.25368 0.88400 0.25041 0.87877 0.25013 0.87153 0.24468 0.86283
6 0.27118 1.00000 0.24096 0.97568 0.23239 0.96538 0.20740 0.95259 0.16526 0.91922 0.16119 0.91950 0.14013 0.90282 0.13606 0.90310 0.10860 0.87959 0.10453 0.87988 0.07708 0.85637 0.07301 0.85666 0.04773 0.83663 0.04337 0.82967 0.03102 0.82690 0.02884 0.82343 0.01867 0.82414 0.01649 0.82066 0.01192 0.82052 0.01899 1.00000 0.27118 1.00000
2 0.24468 0.86283 0.23654 0.86340 0.23081 0.84746 0.23024 0.83297 0.23388 0.82182 0.23345 0.81096 0.24249 0.78127 0.24206 0.77041 0.24850 0.72638 0.24778 0.70827 0.24452 0.70305 0.22009 0.70475 0.21820 0.70852 0.20192 0.70966 0.20003 0.71342 0.17764 0.71498 0.17087 0.72454 0.17130 0.73540 0.18451 0.75990 0.19829 0.79889 0.21150 0.82338 0.21382 0.83048 0.21496 0.85946 0.21713 0.86294 0.21742 0.87018 0.21458 0.87583 0.20563 0.88190 0.20663 0.90725 0.19551 0.90984 0.18765 0.91766 0.18713 0.93040 0.19040 0.93563 0.20682 0.93811 0.21322 0.94493 0.22230 0.94248 0.22405 0.93509 0.22893 0.92930 0.24507 0.92454 0.25889 0.91268 0.27138 0.91907 0.27597 0.90604 0.27540 0.89156 0.27213 0.88634 0.25368 0.88400 0.25041 0.87877 0.25013 0.87153 0.24468 0.86283
6 0.27118 1.00000 0.24096 0.97568 0.23239 0.96538 0.20740 0.95259 0.16526 0.91922 0.16119 0.91950 0.14013 0.90282 0.13606 0.90310 0.10860 0.87959 0.10453 0.87988 0.07708 0.85637 0.07301 0.85666 0.04773 0.83663 0.04337 0.82967 0.03102 0.82690 0.02884 0.82343 0.01867 0.82414 0.01649 0.82066 0.01192 0.82052 0.01899 1.00000 0.27118 1.00000
2 0.24468 0.86283 0.23654 0.86340 0.23081 0.84746 0.23024 0.83297 0.23388 0.82182 0.23345 0.81096 0.24249 0.78127 0.24206 0.77041 0.24850 0.72638 0.24778 0.70827 0.24452 0.70305 0.22009 0.70475 0.21820 0.70852 0.20192 0.70966 0.20003 0.71342 0.17764 0.71498 0.17087 0.72454 0.17130 0.73540 0.18451 0.75990 0.19829 0.79889 0.21150 0.82338 0.21382 0.83048 0.21496 0.85946 0.21713 0.86294 0.21742 0.87018 0.21458 0.87583 0.20563 0.88190 0.20663 0.90725 0.19551 0.90984 0.18765 0.91766 0.18713 0.93040 0.19040 0.93563 0.20682 0.93811 0.21322 0.94493 0.22230 0.94248 0.22405 0.93509 0.22893 0.92930 0.24507 0.92454 0.25889 0.91268 0.27138 0.91907 0.27597 0.90604 0.27540 0.89156 0.27213 0.88634 0.25368 0.88400 0.25041 0.87877 0.25013 0.87153 0.24468 0.86283
6 0.27118 1.00000 0.24096 0.97568 0.23239 0.96538 0.20740 0.95259 0.16526 0.91922 0.16119 0.91950 0.14013 0.90282 0.13606 0.90310 0.10860 0.87959 0.10453 0.87988 0.07708 0.85637 0.07301 0.85666 0.04773 0.83663 0.04337 0.82967 0.03102 0.82690 0.02884 0.82343 0.01867 0.82414 0.01649 0.82066 0.01192 0.82052 0.01899 1.00000 0.27118 1.00000
2 0.24468 0.86283 0.23654 0.86340 0.23081 0.84746 0.23024 0.83297 0.23388 0.82182 0.23345 0.81096 0.24249 0.78127 0.24206 0.77041 0.24850 0.72638 0.24778 0.70827 0.24452 0.70305 0.22009 0.70475 0.21820 0.70852 0.20192 0.70966 0.20003 0.71342 0.17764 0.71498 0.17087 0.72454 0.17130 0.73540 0.18451 0.75990 0.19829 0.79889 0.21150 0.82338 0.21382 0.83048 0.21496 0.85946 0.21713 0.86294 0.21742 0.87018 0.21458 0.87583 0.20563 0.88190 0.20663 0.90725 0.19551 0.90984 0.18765 0.91766 0.18713 0.93040 0.19040 0.93563 0.20682 0.93811 0.21322 0.94493 0.22230 0.94248 0.22405 0.93509 0.22893 0.92930 0.24507 0.92454 0.25889 0.91268 0.27138 0.91907 0.27597 0.90604 0.27540 0.89156 0.27213 0.88634 0.25368 0.88400 0.25041 0.87877 0.25013 0.87153 0.24468 0.86283
6 0.27118 1.00000 0.24096 0.97568 0.23239 0.96538 0.20740 0.95259 0.16526 0.91922 0.16119 0.91950 0.14013 0.90282 0.13606 0.90310 0.10860 0.87959 0.10453 0.87988 0.07708 0.85637 0.07301 0.85666 0.04773 0.83663 0.04337 0.82967 0.03102 0.82690 0.02884 0.82343 0.01867 0.82414 0.01649 0.82066 0.01192 0.82052 0.01899 1.00000 0.27118 1.00000
2 0.24468 0.86283 0.23654 0.86340 0.23081 0.84746 0.23024 0.83297 0.23388 0.82182 0.23345 0.81096 0.24249 0.78127 0.24206 0.77041 0.24850 0.72638 0.24778 0.70827 0.24452 0.70305 0.22009 0.70475 0.21820 0.70852 0.20192 0.70966 0.20003 0.71342 0.17764 0.71498 0.17087 0.72454 0.17130 0.73540 0.18451 0.75990 0.19829 0.79889 0.21150 0.82338 0.21382 0.83048 0.21496 0.85946 0.21713 0.86294 0.21742 0.87018 0.21458 0.87583 0.20563 0.88190 0.20663 0.90725 0.19551 0.90984 0.18765 0.91766 0.18713 0.93040 0.19040 0.93563 0.20682 0.93811 0.21322 0.94493 0.22230 0.94248 0.22405 0.93509 0.22893 0.92930 0.24507 0.92454 0.25889 0.91268 0.27138 0.91907 0.27597 0.90604 0.27540 0.89156 0.27213 0.88634 0.25368 0.88400 0.25041 0.87877 0.25013 0.87153 0.24468 0.86283
