4 0.72559 0.53472 0.72266 0.52257 0.71484 0.51215 0.71484 0.50521 0.72559 0.49653 0.73438 0.48090 0.73633 0.47396 0.73633 0.44271 0.72559 0.42014 0.71777 0.41320 0.70801 0.41320 0.69824 0.42014 0.68750 0.44271 0.68750 0.47396 0.69141 0.48785 0.70508 0.50521 0.70313 0.51562 0.69629 0.52083 0.69531 0.52952 0.69238 0.53472 0.68652 0.53472 0.68359 0.53993 0.68359 0.54688 0.70215 0.57639 0.72852 0.57465 0.73438 0.57118 0.73633 0.54340 0.72949 0.53472 0.72559 0.53472
7 0.42187 0.55729 0.42187 0.55035 0.42578 0.54340 0.42383 0.51910 0.41601 0.50868 0.41601 0.47048 0.41797 0.46702 0.41797 0.45660 0.41601 0.45312 0.41601 0.40798 0.41309 0.40278 0.40137 0.40278 0.39844 0.40798 0.40039 0.41146 0.40039 0.48785 0.40234 0.49132 0.40234 0.50868 0.39941 0.51389 0.38770 0.51389 0.38281 0.52257 0.38281 0.54340 0.38086 0.54688 0.38086 0.57118 0.38379 0.57986 0.38770 0.58333 0.40625 0.58160 0.41113 0.57986 0.41211 0.57465 0.41797 0.56771 0.42187 0.55729
7 0.44238 0.47570 0.43555 0.47048 0.43359 0.39062 0.42676 0.38195 0.42480 0.38542 0.41699 0.38542 0.41601 0.41146 0.41797 0.41493 0.41601 0.41840 0.41601 0.43229 0.41797 0.43577 0.41992 0.49479 0.42480 0.50000 0.43750 0.49827 0.44727 0.48785 0.44727 0.47048 0.44629 0.46875 0.44238 0.47570
6 0.95020 0.90278 0.94238 0.88542 0.93262 0.87847 0.92480 0.86458 0.90137 0.83680 0.89551 0.82292 0.89160 0.82292 0.86621 0.78820 0.85449 0.77778 0.82910 0.74305 0.82520 0.73264 0.82324 0.73611 0.80957 0.71528 0.79590 0.70139 0.78613 0.68403 0.77441 0.67361 0.75684 0.64930 0.72168 0.61111 0.70801 0.58680 0.70410 0.58680 0.70020 0.57986 0.69434 0.57639 0.67676 0.54861 0.67285 0.54861 0.66504 0.53472 0.65918 0.53472 0.65625 0.51910 0.65625 0.50173 0.65918 0.50000 0.65918 0.49653 0.65527 0.49305 0.63379 0.49305 0.63184 0.48958 0.62793 0.49305 0.61035 0.49305 0.60840 0.49653 0.51660 0.49653 0.51465 0.50000 0.51074 0.49653 0.50879 0.50000 0.48926 0.50000 0.48535 0.49653 0.48340 0.50000 0.46973 0.50000 0.46777 0.50347 0.46387 0.50000 0.45996 0.50347 0.44824 0.50347 0.44043 0.51042 0.43750 0.52604 0.42578 0.55035 0.41797 0.57812 0.40625 0.59896 0.39844 0.62327 0.37305 0.66840 0.37109 0.67882 0.36523 0.68577 0.34766 0.73438 0.32031 0.78993 0.31445 0.80729 0.29297 0.85243 0.28906 0.86632 0.27930 0.88368 0.27539 0.89757 0.26953 0.90452 0.26758 0.91493 0.26367 0.91840 0.26172 0.92882 0.25781 0.93229 0.23438 0.98785 0.23535 0.99653 0.28809 0.99653 0.29004 0.99305 0.29394 0.99653 0.58301 0.99653 0.58496 0.99305 0.58691 0.99653 1.00000 0.99479 0.99902 0.96180 0.99316 0.95833 0.95410 0.90278 0.95020 0.90278
6 0.70117 0.51562 0.70117 0.50521 0.69824 0.50000 0.68652 0.49653 0.68457 0.49305 0.67871 0.49305 0.67676 0.49653 0.66504 0.49653 0.66113 0.49305 0.65918 0.49653 0.64453 0.49827 0.65332 0.51736 0.66504 0.52778 0.66699 0.53472 0.67285 0.53472 0.67480 0.53820 0.68359 0.53646 0.69238 0.53125 0.69336 0.52257 0.69629 0.51736 0.70117 0.51562
6 1.00000 0.48785 0.96387 0.48611 0.96191 0.48264 0.95606 0.48611 0.94629 0.48611 0.94238 0.48264 0.93848 0.48611 0.93652 0.48264 0.92676 0.48264 0.92480 0.48611 0.91504 0.48611 0.91309 0.48958 0.84668 0.48958 0.84473 0.49305 0.80176 0.49305 0.79980 0.49653 0.72559 0.49653 0.72070 0.50521 0.72070 0.51562 0.72461 0.52257 0.72559 0.53125 0.73340 0.53820 0.73633 0.53646 0.84863 0.53472 0.85059 0.53125 0.91894 0.53125 0.92090 0.53472 0.92285 0.53125 0.92676 0.53472 0.94043 0.53472 0.94238 0.53125 0.94629 0.53472 0.95020 0.53125 0.98145 0.53125 0.98340 0.52778 1.00000 0.52604 1.00000 0.48785
6 0.12988 0.55555 0.15137 0.55555 0.15332 0.55208 0.19824 0.55208 0.20020 0.54861 0.23926 0.54861 0.24219 0.54340 0.24219 0.53646 0.24805 0.51562 0.17285 0.51389 0.17090 0.51736 0.13184 0.51736 0.12988 0.52083 0.12402 0.51736 0.10254 0.51736 0.10059 0.52083 0.03613 0.52083 0.03418 0.52430 0.01465 0.52430 0.01270 0.52083 0.00684 0.52083 0.00098 0.52430 0.00000 0.54340 0.01172 0.54688 0.00098 0.54861 0.00000 0.56423 0.01953 0.56423 0.06543 0.56250 0.06738 0.55903 0.12793 0.55903 0.12988 0.55555
4 0.72559 0.53472 0.72266 0.52257 0.71484 0.51215 0.71484 0.50521 0.72559 0.49653 0.73438 0.48090 0.73633 0.47396 0.73633 0.44271 0.72559 0.42014 0.71777 0.41320 0.70801 0.41320 0.69824 0.42014 0.68750 0.44271 0.68750 0.47396 0.69141 0.48785 0.70508 0.50521 0.70313 0.51562 0.69629 0.52083 0.69531 0.52952 0.69238 0.53472 0.68652 0.53472 0.68359 0.53993 0.68359 0.54688 0.70215 0.57639 0.72852 0.57465 0.73438 0.57118 0.73633 0.54340 0.72949 0.53472 0.72559 0.53472
7 0.42187 0.55729 0.42187 0.55035 0.42578 0.54340 0.42383 0.51910 0.41601 0.50868 0.41601 0.47048 0.41797 0.46702 0.41797 0.45660 0.41601 0.45312 0.41601 0.40798 0.41309 0.40278 0.40137 0.40278 0.39844 0.40798 0.40039 0.41146 0.40039 0.48785 0.40234 0.49132 0.40234 0.50868 0.39941 0.51389 0.38770 0.51389 0.38281 0.52257 0.38281 0.54340 0.38086 0.54688 0.38086 0.57118 0.38379 0.57986 0.38770 0.58333 0.40625 0.58160 0.41113 0.57986 0.41211 0.57465 0.41797 0.56771 0.42187 0.55729
7 0.44238 0.47570 0.43555 0.47048 0.43359 0.39062 0.42676 0.38195 0.42480 0.38542 0.41699 0.38542 0.41601 0.41146 0.41797 0.41493 0.41601 0.41840 0.41601 0.43229 0.41797 0.43577 0.41992 0.49479 0.42480 0.50000 0.43750 0.49827 0.44727 0.48785 0.44727 0.47048 0.44629 0.46875 0.44238 0.47570
6 0.95020 0.90278 0.94238 0.88542 0.93262 0.87847 0.92480 0.86458 0.90137 0.83680 0.89551 0.82292 0.89160 0.82292 0.86621 0.78820 0.85449 0.77778 0.82910 0.74305 0.82520 0.73264 0.82324 0.73611 0.80957 0.71528 0.79590 0.70139 0.78613 0.68403 0.77441 0.67361 0.75684 0.64930 0.72168 0.61111 0.70801 0.58680 0.70410 0.58680 0.70020 0.57986 0.69434 0.57639 0.67676 0.54861 0.67285 0.54861 0.66504 0.53472 0.65918 0.53472 0.65625 0.51910 0.65625 0.50173 0.65918 0.50000 0.65918 0.49653 0.65527 0.49305 0.63379 0.49305 0.63184 0.48958 0.62793 0.49305 0.61035 0.49305 0.60840 0.49653 0.51660 0.49653 0.51465 0.50000 0.51074 0.49653 0.50879 0.50000 0.48926 0.50000 0.48535 0.49653 0.48340 0.50000 0.46973 0.50000 0.46777 0.50347 0.46387 0.50000 0.45996 0.50347 0.44824 0.50347 0.44043 0.51042 0.43750 0.52604 0.42578 0.55035 0.41797 0.57812 0.40625 0.59896 0.39844 0.62327 0.37305 0.66840 0.37109 0.67882 0.36523 0.68577 0.34766 0.73438 0.32031 0.78993 0.31445 0.80729 0.29297 0.85243 0.28906 0.86632 0.27930 0.88368 0.27539 0.89757 0.26953 0.90452 0.26758 0.91493 0.26367 0.91840 0.26172 0.92882 0.25781 0.93229 0.23438 0.98785 0.23535 0.99653 0.28809 0.99653 0.29004 0.99305 0.29394 0.99653 0.58301 0.99653 0.58496 0.99305 0.58691 0.99653 1.00000 0.99479 0.99902 0.96180 0.99316 0.95833 0.95410 0.90278 0.95020 0.90278
6 0.70117 0.51562 0.70117 0.50521 0.69824 0.50000 0.68652 0.49653 0.68457 0.49305 0.67871 0.49305 0.67676 0.49653 0.66504 0.49653 0.66113 0.49305 0.65918 0.49653 0.64453 0.49827 0.65332 0.51736 0.66504 0.52778 0.66699 0.53472 0.67285 0.53472 0.67480 0.53820 0.68359 0.53646 0.69238 0.53125 0.69336 0.52257 0.69629 0.51736 0.70117 0.51562
6 1.00000 0.48785 0.96387 0.48611 0.96191 0.48264 0.95606 0.48611 0.94629 0.48611 0.94238 0.48264 0.93848 0.48611 0.93652 0.48264 0.92676 0.48264 0.92480 0.48611 0.91504 0.48611 0.91309 0.48958 0.84668 0.48958 0.84473 0.49305 0.80176 0.49305 0.79980 0.49653 0.72559 0.49653 0.72070 0.50521 0.72070 0.51562 0.72461 0.52257 0.72559 0.53125 0.73340 0.53820 0.73633 0.53646 0.84863 0.53472 0.85059 0.53125 0.91894 0.53125 0.92090 0.53472 0.92285 0.53125 0.92676 0.53472 0.94043 0.53472 0.94238 0.53125 0.94629 0.53472 0.95020 0.53125 0.98145 0.53125 0.98340 0.52778 1.00000 0.52604 1.00000 0.48785
6 0.12988 0.55555 0.15137 0.55555 0.15332 0.55208 0.19824 0.55208 0.20020 0.54861 0.23926 0.54861 0.24219 0.54340 0.24219 0.53646 0.24805 0.51562 0.17285 0.51389 0.17090 0.51736 0.13184 0.51736 0.12988 0.52083 0.12402 0.51736 0.10254 0.51736 0.10059 0.52083 0.03613 0.52083 0.03418 0.52430 0.01465 0.52430 0.01270 0.52083 0.00684 0.52083 0.00098 0.52430 0.00000 0.54340 0.01172 0.54688 0.00098 0.54861 0.00000 0.56423 0.01953 0.56423 0.06543 0.56250 0.06738 0.55903 0.12793 0.55903 0.12988 0.55555
4 0.72559 0.53472 0.72266 0.52257 0.71484 0.51215 0.71484 0.50521 0.72559 0.49653 0.73438 0.48090 0.73633 0.47396 0.73633 0.44271 0.72559 0.42014 0.71777 0.41320 0.70801 0.41320 0.69824 0.42014 0.68750 0.44271 0.68750 0.47396 0.69141 0.48785 0.70508 0.50521 0.70313 0.51562 0.69629 0.52083 0.69531 0.52952 0.69238 0.53472 0.68652 0.53472 0.68359 0.53993 0.68359 0.54688 0.70215 0.57639 0.72852 0.57465 0.73438 0.57118 0.73633 0.54340 0.72949 0.53472 0.72559 0.53472
7 0.42187 0.55729 0.42187 0.55035 0.42578 0.54340 0.42383 0.51910 0.41601 0.50868 0.41601 0.47048 0.41797 0.46702 0.41797 0.45660 0.41601 0.45312 0.41601 0.40798 0.41309 0.40278 0.40137 0.40278 0.39844 0.40798 0.40039 0.41146 0.40039 0.48785 0.40234 0.49132 0.40234 0.50868 0.39941 0.51389 0.38770 0.51389 0.38281 0.52257 0.38281 0.54340 0.38086 0.54688 0.38086 0.57118 0.38379 0.57986 0.38770 0.58333 0.40625 0.58160 0.41113 0.57986 0.41211 0.57465 0.41797 0.56771 0.42187 0.55729
7 0.44238 0.47570 0.43555 0.47048 0.43359 0.39062 0.42676 0.38195 0.42480 0.38542 0.41699 0.38542 0.41601 0.41146 0.41797 0.41493 0.41601 0.41840 0.41601 0.43229 0.41797 0.43577 0.41992 0.49479 0.42480 0.50000 0.43750 0.49827 0.44727 0.48785 0.44727 0.47048 0.44629 0.46875 0.44238 0.47570
6 0.95020 0.90278 0.94238 0.88542 0.93262 0.87847 0.92480 0.86458 0.90137 0.83680 0.89551 0.82292 0.89160 0.82292 0.86621 0.78820 0.85449 0.77778 0.82910 0.74305 0.82520 0.73264 0.82324 0.73611 0.80957 0.71528 0.79590 0.70139 0.78613 0.68403 0.77441 0.67361 0.75684 0.64930 0.72168 0.61111 0.70801 0.58680 0.70410 0.58680 0.70020 0.57986 0.69434 0.57639 0.67676 0.54861 0.67285 0.54861 0.66504 0.53472 0.65918 0.53472 0.65625 0.51910 0.65625 0.50173 0.65918 0.50000 0.65918 0.49653 0.65527 0.49305 0.63379 0.49305 0.63184 0.48958 0.62793 0.49305 0.61035 0.49305 0.60840 0.49653 0.51660 0.49653 0.51465 0.50000 0.51074 0.49653 0.50879 0.50000 0.48926 0.50000 0.48535 0.49653 0.48340 0.50000 0.46973 0.50000 0.46777 0.50347 0.46387 0.50000 0.45996 0.50347 0.44824 0.50347 0.44043 0.51042 0.43750 0.52604 0.42578 0.55035 0.41797 0.57812 0.40625 0.59896 0.39844 0.62327 0.37305 0.66840 0.37109 0.67882 0.36523 0.68577 0.34766 0.73438 0.32031 0.78993 0.31445 0.80729 0.29297 0.85243 0.28906 0.86632 0.27930 0.88368 0.27539 0.89757 0.26953 0.90452 0.26758 0.91493 0.26367 0.91840 0.26172 0.92882 0.25781 0.93229 0.23438 0.98785 0.23535 0.99653 0.28809 0.99653 0.29004 0.99305 0.29394 0.99653 0.58301 0.99653 0.58496 0.99305 0.58691 0.99653 1.00000 0.99479 0.99902 0.96180 0.99316 0.95833 0.95410 0.90278 0.95020 0.90278
6 0.70117 0.51562 0.70117 0.50521 0.69824 0.50000 0.68652 0.49653 0.68457 0.49305 0.67871 0.49305 0.67676 0.49653 0.66504 0.49653 0.66113 0.49305 0.65918 0.49653 0.64453 0.49827 0.65332 0.51736 0.66504 0.52778 0.66699 0.53472 0.67285 0.53472 0.67480 0.53820 0.68359 0.53646 0.69238 0.53125 0.69336 0.52257 0.69629 0.51736 0.70117 0.51562
6 1.00000 0.48785 0.96387 0.48611 0.96191 0.48264 0.95606 0.48611 0.94629 0.48611 0.94238 0.48264 0.93848 0.48611 0.93652 0.48264 0.92676 0.48264 0.92480 0.48611 0.91504 0.48611 0.91309 0.48958 0.84668 0.48958 0.84473 0.49305 0.80176 0.49305 0.79980 0.49653 0.72559 0.49653 0.72070 0.50521 0.72070 0.51562 0.72461 0.52257 0.72559 0.53125 0.73340 0.53820 0.73633 0.53646 0.84863 0.53472 0.85059 0.53125 0.91894 0.53125 0.92090 0.53472 0.92285 0.53125 0.92676 0.53472 0.94043 0.53472 0.94238 0.53125 0.94629 0.53472 0.95020 0.53125 0.98145 0.53125 0.98340 0.52778 1.00000 0.52604 1.00000 0.48785
6 0.12988 0.55555 0.15137 0.55555 0.15332 0.55208 0.19824 0.55208 0.20020 0.54861 0.23926 0.54861 0.24219 0.54340 0.24219 0.53646 0.24805 0.51562 0.17285 0.51389 0.17090 0.51736 0.13184 0.51736 0.12988 0.52083 0.12402 0.51736 0.10254 0.51736 0.10059 0.52083 0.03613 0.52083 0.03418 0.52430 0.01465 0.52430 0.01270 0.52083 0.00684 0.52083 0.00098 0.52430 0.00000 0.54340 0.01172 0.54688 0.00098 0.54861 0.00000 0.56423 0.01953 0.56423 0.06543 0.56250 0.06738 0.55903 0.12793 0.55903 0.12988 0.55555
