6 0.03093 0.00000 0.02336 0.11527 0.22575 0.16153 0.23958 0.13878 0.25791 0.13117 0.26415 0.11971 0.26181 0.09264 0.25957 0.08507 0.25419 0.06252 0.25018 0.04012 0.06079 0.00000 0.03093 0.00000
6 0.49877 0.00000 0.45713 0.08373 0.28309 0.06101 0.27551 0.11373 0.27975 0.11179 0.28193 0.14128 0.30779 0.14429 0.30813 0.18088 0.40276 0.20165 0.05842 0.95045 0.48361 1.00000 0.96907 1.00000 0.99292 0.63680 0.69964 0.02136 0.51639 0.00000 0.49877 0.00000
6 0.03093 0.00000 0.02336 0.11527 0.22575 0.16153 0.23958 0.13878 0.25791 0.13117 0.26415 0.11971 0.26181 0.09264 0.25957 0.08507 0.25419 0.06252 0.25018 0.04012 0.06079 0.00000 0.03093 0.00000
6 0.49877 0.00000 0.45713 0.08373 0.28309 0.06101 0.27551 0.11373 0.27975 0.11179 0.28193 0.14128 0.30779 0.14429 0.30813 0.18088 0.40276 0.20165 0.05842 0.95045 0.48361 1.00000 0.96907 1.00000 0.99292 0.63680 0.69964 0.02136 0.51639 0.00000 0.49877 0.00000
6 0.03093 0.00000 0.02336 0.11527 0.22575 0.16153 0.23958 0.13878 0.25791 0.13117 0.26415 0.11971 0.26181 0.09264 0.25957 0.08507 0.25419 0.06252 0.25018 0.04012 0.06079 0.00000 0.03093 0.00000
6 0.49877 0.00000 0.45713 0.08373 0.28309 0.06101 0.27551 0.11373 0.27975 0.11179 0.28193 0.14128 0.30779 0.14429 0.30813 0.18088 0.40276 0.20165 0.05842 0.95045 0.48361 1.00000 0.96907 1.00000 0.99292 0.63680 0.69964 0.02136 0.51639 0.00000 0.49877 0.00000
6 0.03093 0.00000 0.02336 0.11527 0.22575 0.16153 0.23958 0.13878 0.25791 0.13117 0.26415 0.11971 0.26181 0.09264 0.25957 0.08507 0.25419 0.06252 0.25018 0.04012 0.06079 0.00000 0.03093 0.00000
6 0.49877 0.00000 0.45713 0.08373 0.28309 0.06101 0.27551 0.11373 0.27975 0.11179 0.28193 0.14128 0.30779 0.14429 0.30813 0.18088 0.40276 0.20165 0.05842 0.95045 0.48361 1.00000 0.96907 1.00000 0.99292 0.63680 0.69964 0.02136 0.51639 0.00000 0.49877 0.00000
6 0.03093 0.00000 0.02336 0.11527 0.22575 0.16153 0.23958 0.13878 0.25791 0.13117 0.26415 0.11971 0.26181 0.09264 0.25957 0.08507 0.25419 0.06252 0.25018 0.04012 0.06079 0.00000 0.03093 0.00000
6 0.49877 0.00000 0.45713 0.08373 0.28309 0.06101 0.27551 0.11373 0.27975 0.11179 0.28193 0.14128 0.30779 0.14429 0.30813 0.18088 0.40276 0.20165 0.05842 0.95045 0.48361 1.00000 0.96907 1.00000 0.99292 0.63680 0.69964 0.02136 0.51639 0.00000 0.49877 0.00000
6 0.03093 0.00000 0.02336 0.11527 0.22575 0.16153 0.23958 0.13878 0.25791 0.13117 0.26415 0.11971 0.26181 0.09264 0.25957 0.08507 0.25419 0.06252 0.25018 0.04012 0.06079 0.00000 0.03093 0.00000
6 0.49877 0.00000 0.45713 0.08373 0.28309 0.06101 0.27551 0.11373 0.27975 0.11179 0.28193 0.14128 0.30779 0.14429 0.30813 0.18088 0.40276 0.20165 0.05842 0.95045 0.48361 1.00000 0.96907 1.00000 0.99292 0.63680 0.69964 0.02136 0.51639 0.00000 0.49877 0.00000
