5 0.04813 0.06945 0.05106 0.06423 0.05302 0.04688 0.04716 0.00173 0.02665 0.00000 0.02567 0.02257 0.02958 0.04688 0.04032 0.06945 0.04813 0.06945
6 1.00000 0.56771 0.95897 0.47830 0.82520 0.21875 0.79394 0.18403 0.76074 0.15972 0.70606 0.13195 0.60449 0.10417 0.54199 0.10070 0.46509 0.09717 0.30062 0.11098 0.09642 0.13441 0.00000 0.14453 0.00098 0.16667 0.00000 0.28646 0.29364 0.25563 0.33660 0.26026 0.34702 0.28572 0.03719 1.00000 0.99121 0.99653 1.00000 0.99132 1.00000 0.56771
5 0.04813 0.06945 0.05106 0.06423 0.05302 0.04688 0.04716 0.00173 0.02665 0.00000 0.02567 0.02257 0.02958 0.04688 0.04032 0.06945 0.04813 0.06945
6 1.00000 0.56771 0.95897 0.47830 0.82520 0.21875 0.79394 0.18403 0.76074 0.15972 0.70606 0.13195 0.60449 0.10417 0.54199 0.10070 0.46509 0.09717 0.30062 0.11098 0.09642 0.13441 0.00000 0.14453 0.00098 0.16667 0.00000 0.28646 0.29364 0.25563 0.33660 0.26026 0.34702 0.28572 0.03719 1.00000 0.99121 0.99653 1.00000 0.99132 1.00000 0.56771
5 0.04813 0.06945 0.05106 0.06423 0.05302 0.04688 0.04716 0.00173 0.02665 0.00000 0.02567 0.02257 0.02958 0.04688 0.04032 0.06945 0.04813 0.06945
6 1.00000 0.56771 0.95897 0.47830 0.82520 0.21875 0.79394 0.18403 0.76074 0.15972 0.70606 0.13195 0.60449 0.10417 0.54199 0.10070 0.46509 0.09717 0.30062 0.11098 0.09642 0.13441 0.00000 0.14453 0.00098 0.16667 0.00000 0.28646 0.29364 0.25563 0.33660 0.26026 0.34702 0.28572 0.03719 1.00000 0.99121 0.99653 1.00000 0.99132 1.00000 0.56771
5 0.04813 0.06945 0.05106 0.06423 0.05302 0.04688 0.04716 0.00173 0.02665 0.00000 0.02567 0.02257 0.02958 0.04688 0.04032 0.06945 0.04813 0.06945
6 1.00000 0.56771 0.95897 0.47830 0.82520 0.21875 0.79394 0.18403 0.76074 0.15972 0.70606 0.13195 0.60449 0.10417 0.54199 0.10070 0.46509 0.09717 0.30062 0.11098 0.09642 0.13441 0.00000 0.14453 0.00098 0.16667 0.00000 0.28646 0.29364 0.25563 0.33660 0.26026 0.34702 0.28572 0.03719 1.00000 0.99121 0.99653 1.00000 0.99132 1.00000 0.56771
5 0.04813 0.06945 0.05106 0.06423 0.05302 0.04688 0.04716 0.00173 0.02665 0.00000 0.02567 0.02257 0.02958 0.04688 0.04032 0.06945 0.04813 0.06945
6 1.00000 0.56771 0.95897 0.47830 0.82520 0.21875 0.79394 0.18403 0.76074 0.15972 0.70606 0.13195 0.60449 0.10417 0.54199 0.10070 0.46509 0.09717 0.30062 0.11098 0.09642 0.13441 0.00000 0.14453 0.00098 0.16667 0.00000 0.28646 0.29364 0.25563 0.33660 0.26026 0.34702 0.28572 0.03719 1.00000 0.99121 0.99653 1.00000 0.99132 1.00000 0.56771
