6 0.21627 1.00000 0.19818 0.99118 0.19019 0.99268 0.18146 0.98707 0.16711 0.98614 0.15201 0.97810 0.14602 0.97922 0.10784 0.96465 0.09349 0.96372 0.08475 0.95811 0.07040 0.95718 0.04219 0.94641 0.04784 1.00000 0.21627 1.00000
5 0.07112 0.84375 0.06776 0.81189 0.08081 0.80379 0.09456 0.74965 0.08966 0.69194 0.06237 0.65537 0.03381 0.66707 0.01712 0.70882 0.02600 0.79302 0.04943 0.81885 0.05133 0.85946 0.03952 0.86804 0.03962 0.88779 0.03615 0.88922 0.04135 0.93846 0.05628 0.94402 0.12374 0.89818 0.12182 0.87241 0.09160 0.86464 0.08558 0.84528 0.07112 0.84375
6 0.21627 1.00000 0.19818 0.99118 0.19019 0.99268 0.18146 0.98707 0.16711 0.98614 0.15201 0.97810 0.14602 0.97922 0.10784 0.96465 0.09349 0.96372 0.08475 0.95811 0.07040 0.95718 0.04219 0.94641 0.04784 1.00000 0.21627 1.00000
5 0.07112 0.84375 0.06776 0.81189 0.08081 0.80379 0.09456 0.74965 0.08966 0.69194 0.06237 0.65537 0.03381 0.66707 0.01712 0.70882 0.02600 0.79302 0.04943 0.81885 0.05133 0.85946 0.03952 0.86804 0.03962 0.88779 0.03615 0.88922 0.04135 0.93846 0.05628 0.94402 0.12374 0.89818 0.12182 0.87241 0.09160 0.86464 0.08558 0.84528 0.07112 0.84375
6 0.21627 1.00000 0.19818 0.99118 0.19019 0.99268 0.18146 0.98707 0.16711 0.98614 0.15201 0.97810 0.14602 0.97922 0.10784 0.96465 0.09349 0.96372 0.08475 0.95811 0.07040 0.95718 0.04219 0.94641 0.04784 1.00000 0.21627 1.00000
5 0.07112 0.84375 0.06776 0.81189 0.08081 0.80379 0.09456 0.74965 0.08966 0.69194 0.06237 0.65537 0.03381 0.66707 0.01712 0.70882 0.02600 0.79302 0.04943 0.81885 0.05133 0.85946 0.03952 0.86804 0.03962 0.88779 0.03615 0.88922 0.04135 0.93846 0.05628 0.94402 0.12374 0.89818 0.12182 0.87241 0.09160 0.86464 0.08558 0.84528 0.07112 0.84375
6 0.21627 1.00000 0.19818 0.99118 0.19019 0.99268 0.18146 0.98707 0.16711 0.98614 0.15201 0.97810 0.14602 0.97922 0.10784 0.96465 0.09349 0.96372 0.08475 0.95811 0.07040 0.95718 0.04219 0.94641 0.04784 1.00000 0.21627 1.00000
5 0.07112 0.84375 0.06776 0.81189 0.08081 0.80379 0.09456 0.74965 0.08966 0.69194 0.06237 0.65537 0.03381 0.66707 0.01712 0.70882 0.02600 0.79302 0.04943 0.81885 0.05133 0.85946 0.03952 0.86804 0.03962 0.88779 0.03615 0.88922 0.04135 0.93846 0.05628 0.94402 0.12374 0.89818 0.12182 0.87241 0.09160 0.86464 0.08558 0.84528 0.07112 0.84375
6 0.21627 1.00000 0.19818 0.99118 0.19019 0.99268 0.18146 0.98707 0.16711 0.98614 0.15201 0.97810 0.14602 0.97922 0.10784 0.96465 0.09349 0.96372 0.08475 0.95811 0.07040 0.95718 0.04219 0.94641 0.04784 1.00000 0.21627 1.00000
5 0.07112 0.84375 0.06776 0.81189 0.08081 0.80379 0.09456 0.74965 0.08966 0.69194 0.06237 0.65537 0.03381 0.66707 0.01712 0.70882 0.02600 0.79302 0.04943 0.81885 0.05133 0.85946 0.03952 0.86804 0.03962 0.88779 0.03615 0.88922 0.04135 0.93846 0.05628 0.94402 0.12374 0.89818 0.12182 0.87241 0.09160 0.86464 0.08558 0.84528 0.07112 0.84375
6 0.21627 1.00000 0.19818 0.99118 0.19019 0.99268 0.18146 0.98707 0.16711 0.98614 0.15201 0.97810 0.14602 0.97922 0.10784 0.96465 0.09349 0.96372 0.08475 0.95811 0.07040 0.95718 0.04219 0.94641 0.04784 1.00000 0.21627 1.00000
5 0.07112 0.84375 0.06776 0.81189 0.08081 0.80379 0.09456 0.74965 0.08966 0.69194 0.06237 0.65537 0.03381 0.66707 0.01712 0.70882 0.02600 0.79302 0.04943 0.81885 0.05133 0.85946 0.03952 0.86804 0.03962 0.88779 0.03615 0.88922 0.04135 0.93846 0.05628 0.94402 0.12374 0.89818 0.12182 0.87241 0.09160 0.86464 0.08558 0.84528 0.07112 0.84375
