6 0.92874 1.00000 0.66931 0.55928 0.68511 0.55915 0.68863 0.54794 0.69884 0.53533 0.69025 0.51072 0.42100 0.48707 0.42865 0.50686 0.42831 0.52788 0.19197 0.95963 0.48033 1.00000 0.92874 1.00000
6 0.99857 0.55300 0.73073 0.52481 0.71796 0.53988 0.72391 0.54446 0.71904 0.56624 0.99550 0.59191 0.99857 0.55300
6 0.00000 0.49357 0.11820 0.50834 0.13247 0.50097 0.24121 0.51058 0.23986 0.50103 0.25157 0.47271 0.00224 0.44342 0.00122 0.44960 0.00000 0.46509 0.00000 0.49357
4 0.73962 0.47726 0.73681 0.46282 0.72730 0.44569 0.71195 0.44003 0.70360 0.44588 0.69135 0.46348 0.69053 0.47389 0.68830 0.47709 0.68833 0.50168 0.68974 0.50889 0.70176 0.53164 0.70122 0.53859 0.69592 0.54311 0.68674 0.55938 0.67977 0.56016 0.67867 0.57405 0.68791 0.59465 0.69517 0.60269 0.72167 0.60464 0.72807 0.59852 0.73140 0.58143 0.72747 0.56859 0.71937 0.55868 0.71992 0.55174 0.71293 0.54023 0.71348 0.53328 0.71682 0.52848 0.72072 0.52903 0.73520 0.50823 0.73770 0.50156 0.73962 0.47726
7 0.40428 0.39871 0.40596 0.40246 0.40106 0.48954 0.40331 0.49863 0.40637 0.49731 0.41696 0.48826 0.42268 0.39075 0.40622 0.38670 0.40428 0.39871
7 0.43676 0.48752 0.43982 0.48619 0.44567 0.47472 0.44342 0.46563 0.43700 0.45946 0.44162 0.37585 0.42711 0.37207 0.42377 0.37686 0.42240 0.39423 0.42408 0.39797 0.41946 0.48159 0.42198 0.48720 0.43676 0.48752
6 0.92874 1.00000 0.66931 0.55928 0.68511 0.55915 0.68863 0.54794 0.69884 0.53533 0.69025 0.51072 0.42100 0.48707 0.42865 0.50686 0.42831 0.52788 0.19197 0.95963 0.48033 1.00000 0.92874 1.00000
6 0.99857 0.55300 0.73073 0.52481 0.71796 0.53988 0.72391 0.54446 0.71904 0.56624 0.99550 0.59191 0.99857 0.55300
6 0.00000 0.49357 0.11820 0.50834 0.13247 0.50097 0.24121 0.51058 0.23986 0.50103 0.25157 0.47271 0.00224 0.44342 0.00122 0.44960 0.00000 0.46509 0.00000 0.49357
4 0.73962 0.47726 0.73681 0.46282 0.72730 0.44569 0.71195 0.44003 0.70360 0.44588 0.69135 0.46348 0.69053 0.47389 0.68830 0.47709 0.68833 0.50168 0.68974 0.50889 0.70176 0.53164 0.70122 0.53859 0.69592 0.54311 0.68674 0.55938 0.67977 0.56016 0.67867 0.57405 0.68791 0.59465 0.69517 0.60269 0.72167 0.60464 0.72807 0.59852 0.73140 0.58143 0.72747 0.56859 0.71937 0.55868 0.71992 0.55174 0.71293 0.54023 0.71348 0.53328 0.71682 0.52848 0.72072 0.52903 0.73520 0.50823 0.73770 0.50156 0.73962 0.47726
7 0.40428 0.39871 0.40596 0.40246 0.40106 0.48954 0.40331 0.49863 0.40637 0.49731 0.41696 0.48826 0.42268 0.39075 0.40622 0.38670 0.40428 0.39871
7 0.43676 0.48752 0.43982 0.48619 0.44567 0.47472 0.44342 0.46563 0.43700 0.45946 0.44162 0.37585 0.42711 0.37207 0.42377 0.37686 0.42240 0.39423 0.42408 0.39797 0.41946 0.48159 0.42198 0.48720 0.43676 0.48752
6 0.92874 1.00000 0.66931 0.55928 0.68511 0.55915 0.68863 0.54794 0.69884 0.53533 0.69025 0.51072 0.42100 0.48707 0.42865 0.50686 0.42831 0.52788 0.19197 0.95963 0.48033 1.00000 0.92874 1.00000
6 0.99857 0.55300 0.73073 0.52481 0.71796 0.53988 0.72391 0.54446 0.71904 0.56624 0.99550 0.59191 0.99857 0.55300
6 0.00000 0.49357 0.11820 0.50834 0.13247 0.50097 0.24121 0.51058 0.23986 0.50103 0.25157 0.47271 0.00224 0.44342 0.00122 0.44960 0.00000 0.46509 0.00000 0.49357
4 0.73962 0.47726 0.73681 0.46282 0.72730 0.44569 0.71195 0.44003 0.70360 0.44588 0.69135 0.46348 0.69053 0.47389 0.68830 0.47709 0.68833 0.50168 0.68974 0.50889 0.70176 0.53164 0.70122 0.53859 0.69592 0.54311 0.68674 0.55938 0.67977 0.56016 0.67867 0.57405 0.68791 0.59465 0.69517 0.60269 0.72167 0.60464 0.72807 0.59852 0.73140 0.58143 0.72747 0.56859 0.71937 0.55868 0.71992 0.55174 0.71293 0.54023 0.71348 0.53328 0.71682 0.52848 0.72072 0.52903 0.73520 0.50823 0.73770 0.50156 0.73962 0.47726
7 0.40428 0.39871 0.40596 0.40246 0.40106 0.48954 0.40331 0.49863 0.40637 0.49731 0.41696 0.48826 0.42268 0.39075 0.40622 0.38670 0.40428 0.39871
7 0.43676 0.48752 0.43982 0.48619 0.44567 0.47472 0.44342 0.46563 0.43700 0.45946 0.44162 0.37585 0.42711 0.37207 0.42377 0.37686 0.42240 0.39423 0.42408 0.39797 0.41946 0.48159 0.42198 0.48720 0.43676 0.48752
