6 0.20899 0.20354 0.20899 0.17923 0.19917 0.17431 0.19547 0.10969 0.00000 0.10303 0.00098 0.22957 0.16504 0.23305 0.18638 0.22942 0.19548 0.20977 0.20899 0.20354
6 1.00000 0.13542 0.73650 0.13440 0.72624 0.17035 0.70978 0.20517 0.70371 0.25419 1.00000 0.25584 1.00000 0.13542
6 0.63757 0.25207 0.67844 0.25115 0.65412 0.13441 0.21759 0.11236 0.22553 0.20492 0.24957 0.20936 0.25493 0.24039 0.32172 0.23836 0.21387 0.99653 0.98345 1.00000 0.92616 0.87068 0.63757 0.25207
3 0.68087 0.21965 0.68576 0.22833 0.68380 0.23180 0.68380 0.24916 0.67892 0.26132 0.67306 0.26132 0.66916 0.27173 0.65939 0.27173 0.65451 0.27694 0.65646 0.29777 0.67111 0.33423 0.67697 0.33076 0.70822 0.33076 0.71213 0.33423 0.71701 0.32555 0.71896 0.29430 0.71017 0.28215 0.70041 0.26132 0.69552 0.25958 0.69552 0.23180 0.69845 0.22312 0.70236 0.22312 0.71603 0.20923 0.72287 0.19361 0.72677 0.17625 0.72677 0.13805 0.72482 0.13111 0.71213 0.11201 0.70627 0.10854 0.69260 0.10854 0.67892 0.11896 0.67209 0.13111 0.66427 0.15541 0.66427 0.19014 0.66818 0.20402 0.67697 0.21965 0.68087 0.21965
5 0.82748 0.50606 0.83725 0.50606 0.83822 0.51474 0.83627 0.51821 0.83627 0.52863 0.83139 0.54078 0.82162 0.54078 0.81967 0.54425 0.81381 0.54078 0.80013 0.54078 0.79818 0.54425 0.79037 0.54425 0.78353 0.55988 0.78744 0.58071 0.79916 0.59807 0.80892 0.61891 0.81088 0.63279 0.81771 0.64148 0.83334 0.63106 0.88021 0.63106 0.88412 0.63800 0.88998 0.63800 0.89486 0.62932 0.89486 0.60502 0.88119 0.57377 0.87143 0.55988 0.86947 0.54946 0.86459 0.54078 0.85775 0.53904 0.85775 0.51127 0.86654 0.50606 0.88412 0.48175 0.89389 0.47481 0.90267 0.46266 0.90853 0.44182 0.91244 0.41404 0.91635 0.40363 0.91635 0.38627 0.90463 0.35502 0.90463 0.34807 0.89974 0.33939 0.85287 0.33245 0.82162 0.36717 0.81478 0.37932 0.81478 0.38627 0.80697 0.41752 0.80502 0.45571 0.81869 0.48696 0.82065 0.49738 0.82748 0.50606
6 0.20899 0.20354 0.20899 0.17923 0.19917 0.17431 0.19547 0.10969 0.00000 0.10303 0.00098 0.22957 0.16504 0.23305 0.18638 0.22942 0.19548 0.20977 0.20899 0.20354
6 1.00000 0.13542 0.73650 0.13440 0.72624 0.17035 0.70978 0.20517 0.70371 0.25419 1.00000 0.25584 1.00000 0.13542
6 0.63757 0.25207 0.67844 0.25115 0.65412 0.13441 0.21759 0.11236 0.22553 0.20492 0.24957 0.20936 0.25493 0.24039 0.32172 0.23836 0.21387 0.99653 0.98345 1.00000 0.92616 0.87068 0.63757 0.25207
3 0.68087 0.21965 0.68576 0.22833 0.68380 0.23180 0.68380 0.24916 0.67892 0.26132 0.67306 0.26132 0.66916 0.27173 0.65939 0.27173 0.65451 0.27694 0.65646 0.29777 0.67111 0.33423 0.67697 0.33076 0.70822 0.33076 0.71213 0.33423 0.71701 0.32555 0.71896 0.29430 0.71017 0.28215 0.70041 0.26132 0.69552 0.25958 0.69552 0.23180 0.69845 0.22312 0.70236 0.22312 0.71603 0.20923 0.72287 0.19361 0.72677 0.17625 0.72677 0.13805 0.72482 0.13111 0.71213 0.11201 0.70627 0.10854 0.69260 0.10854 0.67892 0.11896 0.67209 0.13111 0.66427 0.15541 0.66427 0.19014 0.66818 0.20402 0.67697 0.21965 0.68087 0.21965
5 0.82748 0.50606 0.83725 0.50606 0.83822 0.51474 0.83627 0.51821 0.83627 0.52863 0.83139 0.54078 0.82162 0.54078 0.81967 0.54425 0.81381 0.54078 0.80013 0.54078 0.79818 0.54425 0.79037 0.54425 0.78353 0.55988 0.78744 0.58071 0.79916 0.59807 0.80892 0.61891 0.81088 0.63279 0.81771 0.64148 0.83334 0.63106 0.88021 0.63106 0.88412 0.63800 0.88998 0.63800 0.89486 0.62932 0.89486 0.60502 0.88119 0.57377 0.87143 0.55988 0.86947 0.54946 0.86459 0.54078 0.85775 0.53904 0.85775 0.51127 0.86654 0.50606 0.88412 0.48175 0.89389 0.47481 0.90267 0.46266 0.90853 0.44182 0.91244 0.41404 0.91635 0.40363 0.91635 0.38627 0.90463 0.35502 0.90463 0.34807 0.89974 0.33939 0.85287 0.33245 0.82162 0.36717 0.81478 0.37932 0.81478 0.38627 0.80697 0.41752 0.80502 0.45571 0.81869 0.48696 0.82065 0.49738 0.82748 0.50606
