6 0.00000 0.18029 0.20862 0.19625 0.23585 0.16898 0.24459 0.14729 0.24258 0.12137 0.23177 0.11479 0.22299 0.08446 0.00000 0.07568 0.00000 0.18029
6 0.49345 0.00000 0.45501 0.00179 0.42796 0.08675 0.25646 0.09236 0.25757 0.13487 0.26672 0.17936 0.28926 0.17595 0.28740 0.20677 0.38448 0.20463 0.11631 1.00000 0.50655 1.00000 1.00000 0.97705 1.00000 0.54496 0.66259 0.00000 0.49345 0.00000
6 0.00000 0.18029 0.20862 0.19625 0.23585 0.16898 0.24459 0.14729 0.24258 0.12137 0.23177 0.11479 0.22299 0.08446 0.00000 0.07568 0.00000 0.18029
6 0.49345 0.00000 0.45501 0.00179 0.42796 0.08675 0.25646 0.09236 0.25757 0.13487 0.26672 0.17936 0.28926 0.17595 0.28740 0.20677 0.38448 0.20463 0.11631 1.00000 0.50655 1.00000 1.00000 0.97705 1.00000 0.54496 0.66259 0.00000 0.49345 0.00000
6 0.00000 0.18029 0.20862 0.19625 0.23585 0.16898 0.24459 0.14729 0.24258 0.12137 0.23177 0.11479 0.22299 0.08446 0.00000 0.07568 0.00000 0.18029
6 0.49345 0.00000 0.45501 0.00179 0.42796 0.08675 0.25646 0.09236 0.25757 0.13487 0.26672 0.17936 0.28926 0.17595 0.28740 0.20677 0.38448 0.20463 0.11631 1.00000 0.50655 1.00000 1.00000 0.97705 1.00000 0.54496 0.66259 0.00000 0.49345 0.00000
6 0.00000 0.18029 0.20862 0.19625 0.23585 0.16898 0.24459 0.14729 0.24258 0.12137 0.23177 0.11479 0.22299 0.08446 0.00000 0.07568 0.00000 0.18029
6 0.49345 0.00000 0.45501 0.00179 0.42796 0.08675 0.25646 0.09236 0.25757 0.13487 0.26672 0.17936 0.28926 0.17595 0.28740 0.20677 0.38448 0.20463 0.11631 1.00000 0.50655 1.00000 1.00000 0.97705 1.00000 0.54496 0.66259 0.00000 0.49345 0.00000
6 0.00000 0.18029 0.20862 0.19625 0.23585 0.16898 0.24459 0.14729 0.24258 0.12137 0.23177 0.11479 0.22299 0.08446 0.00000 0.07568 0.00000 0.18029
6 0.49345 0.00000 0.45501 0.00179 0.42796 0.08675 0.25646 0.09236 0.25757 0.13487 0.26672 0.17936 0.28926 0.17595 0.28740 0.20677 0.38448 0.20463 0.11631 1.00000 0.50655 1.00000 1.00000 0.97705 1.00000 0.54496 0.66259 0.00000 0.49345 0.00000
6 0.00000 0.18029 0.20862 0.19625 0.23585 0.16898 0.24459 0.14729 0.24258 0.12137 0.23177 0.11479 0.22299 0.08446 0.00000 0.07568 0.00000 0.18029
6 0.49345 0.00000 0.45501 0.00179 0.42796 0.08675 0.25646 0.09236 0.25757 0.13487 0.26672 0.17936 0.28926 0.17595 0.28740 0.20677 0.38448 0.20463 0.11631 1.00000 0.50655 1.00000 1.00000 0.97705 1.00000 0.54496 0.66259 0.00000 0.49345 0.00000
