6 1.00000 0.80079 0.76155 0.53065 0.54009 0.28858 0.46609 0.19377 0.38772 0.16970 0.29769 0.16473 0.17999 0.16746 0.07421 0.17228 0.00000 0.18784 0.00000 0.26507 0.11103 0.25618 0.14674 0.25535 0.15083 0.26467 0.14194 0.29313 0.12322 0.37833 0.00467 0.86264 0.00648 1.00000 0.50328 1.00000 1.00000 0.98845 1.00000 0.80079
2 0.63500 0.28755 0.63182 0.27173 0.62674 0.26302 0.61881 0.26321 0.61364 0.24744 0.61530 0.22268 0.62849 0.16940 0.62835 0.15880 0.63218 0.14812 0.63204 0.13753 0.63583 0.12332 0.63550 0.09860 0.62849 0.09347 0.62655 0.09704 0.60473 0.09755 0.60279 0.10113 0.57308 0.10535 0.57114 0.10893 0.56123 0.10916 0.55832 0.11452 0.55846 0.12511 0.57484 0.16358 0.57904 0.18114 0.58310 0.18811 0.58319 0.19517 0.59541 0.21961 0.59749 0.22662 0.59782 0.25134 0.59984 0.25482 0.60003 0.26895 0.59712 0.27431 0.58827 0.27981 0.58854 0.30100 0.57175 0.30668 0.57097 0.32259 0.58001 0.33121 0.58398 0.33112 0.59408 0.34501 0.59902 0.34313 0.60294 0.33951 0.60382 0.33066 0.61770 0.33034 0.63542 0.31933 0.64534 0.31910 0.65143 0.32955 0.65636 0.32767 0.65433 0.32419 0.65623 0.31708 0.65595 0.29589 0.65092 0.29071 0.63500 0.28755
6 1.00000 0.80079 0.76155 0.53065 0.54009 0.28858 0.46609 0.19377 0.38772 0.16970 0.29769 0.16473 0.17999 0.16746 0.07421 0.17228 0.00000 0.18784 0.00000 0.26507 0.11103 0.25618 0.14674 0.25535 0.15083 0.26467 0.14194 0.29313 0.12322 0.37833 0.00467 0.86264 0.00648 1.00000 0.50328 1.00000 1.00000 0.98845 1.00000 0.80079
2 0.63500 0.28755 0.63182 0.27173 0.62674 0.26302 0.61881 0.26321 0.61364 0.24744 0.61530 0.22268 0.62849 0.16940 0.62835 0.15880 0.63218 0.14812 0.63204 0.13753 0.63583 0.12332 0.63550 0.09860 0.62849 0.09347 0.62655 0.09704 0.60473 0.09755 0.60279 0.10113 0.57308 0.10535 0.57114 0.10893 0.56123 0.10916 0.55832 0.11452 0.55846 0.12511 0.57484 0.16358 0.57904 0.18114 0.58310 0.18811 0.58319 0.19517 0.59541 0.21961 0.59749 0.22662 0.59782 0.25134 0.59984 0.25482 0.60003 0.26895 0.59712 0.27431 0.58827 0.27981 0.58854 0.30100 0.57175 0.30668 0.57097 0.32259 0.58001 0.33121 0.58398 0.33112 0.59408 0.34501 0.59902 0.34313 0.60294 0.33951 0.60382 0.33066 0.61770 0.33034 0.63542 0.31933 0.64534 0.31910 0.65143 0.32955 0.65636 0.32767 0.65433 0.32419 0.65623 0.31708 0.65595 0.29589 0.65092 0.29071 0.63500 0.28755
6 1.00000 0.80079 0.76155 0.53065 0.54009 0.28858 0.46609 0.19377 0.38772 0.16970 0.29769 0.16473 0.17999 0.16746 0.07421 0.17228 0.00000 0.18784 0.00000 0.26507 0.11103 0.25618 0.14674 0.25535 0.15083 0.26467 0.14194 0.29313 0.12322 0.37833 0.00467 0.86264 0.00648 1.00000 0.50328 1.00000 1.00000 0.98845 1.00000 0.80079
2 0.63500 0.28755 0.63182 0.27173 0.62674 0.26302 0.61881 0.26321 0.61364 0.24744 0.61530 0.22268 0.62849 0.16940 0.62835 0.15880 0.63218 0.14812 0.63204 0.13753 0.63583 0.12332 0.63550 0.09860 0.62849 0.09347 0.62655 0.09704 0.60473 0.09755 0.60279 0.10113 0.57308 0.10535 0.57114 0.10893 0.56123 0.10916 0.55832 0.11452 0.55846 0.12511 0.57484 0.16358 0.57904 0.18114 0.58310 0.18811 0.58319 0.19517 0.59541 0.21961 0.59749 0.22662 0.59782 0.25134 0.59984 0.25482 0.60003 0.26895 0.59712 0.27431 0.58827 0.27981 0.58854 0.30100 0.57175 0.30668 0.57097 0.32259 0.58001 0.33121 0.58398 0.33112 0.59408 0.34501 0.59902 0.34313 0.60294 0.33951 0.60382 0.33066 0.61770 0.33034 0.63542 0.31933 0.64534 0.31910 0.65143 0.32955 0.65636 0.32767 0.65433 0.32419 0.65623 0.31708 0.65595 0.29589 0.65092 0.29071 0.63500 0.28755
6 1.00000 0.80079 0.76155 0.53065 0.54009 0.28858 0.46609 0.19377 0.38772 0.16970 0.29769 0.16473 0.17999 0.16746 0.07421 0.17228 0.00000 0.18784 0.00000 0.26507 0.11103 0.25618 0.14674 0.25535 0.15083 0.26467 0.14194 0.29313 0.12322 0.37833 0.00467 0.86264 0.00648 1.00000 0.50328 1.00000 1.00000 0.98845 1.00000 0.80079
2 0.63500 0.28755 0.63182 0.27173 0.62674 0.26302 0.61881 0.26321 0.61364 0.24744 0.61530 0.22268 0.62849 0.16940 0.62835 0.15880 0.63218 0.14812 0.63204 0.13753 0.63583 0.12332 0.63550 0.09860 0.62849 0.09347 0.62655 0.09704 0.60473 0.09755 0.60279 0.10113 0.57308 0.10535 0.57114 0.10893 0.56123 0.10916 0.55832 0.11452 0.55846 0.12511 0.57484 0.16358 0.57904 0.18114 0.58310 0.18811 0.58319 0.19517 0.59541 0.21961 0.59749 0.22662 0.59782 0.25134 0.59984 0.25482 0.60003 0.26895 0.59712 0.27431 0.58827 0.27981 0.58854 0.30100 0.57175 0.30668 0.57097 0.32259 0.58001 0.33121 0.58398 0.33112 0.59408 0.34501 0.59902 0.34313 0.60294 0.33951 0.60382 0.33066 0.61770 0.33034 0.63542 0.31933 0.64534 0.31910 0.65143 0.32955 0.65636 0.32767 0.65433 0.32419 0.65623 0.31708 0.65595 0.29589 0.65092 0.29071 0.63500 0.28755
6 1.00000 0.80079 0.76155 0.53065 0.54009 0.28858 0.46609 0.19377 0.38772 0.16970 0.29769 0.16473 0.17999 0.16746 0.07421 0.17228 0.00000 0.18784 0.00000 0.26507 0.11103 0.25618 0.14674 0.25535 0.15083 0.26467 0.14194 0.29313 0.12322 0.37833 0.00467 0.86264 0.00648 1.00000 0.50328 1.00000 1.00000 0.98845 1.00000 0.80079
2 0.63500 0.28755 0.63182 0.27173 0.62674 0.26302 0.61881 0.26321 0.61364 0.24744 0.61530 0.22268 0.62849 0.16940 0.62835 0.15880 0.63218 0.14812 0.63204 0.13753 0.63583 0.12332 0.63550 0.09860 0.62849 0.09347 0.62655 0.09704 0.60473 0.09755 0.60279 0.10113 0.57308 0.10535 0.57114 0.10893 0.56123 0.10916 0.55832 0.11452 0.55846 0.12511 0.57484 0.16358 0.57904 0.18114 0.58310 0.18811 0.58319 0.19517 0.59541 0.21961 0.59749 0.22662 0.59782 0.25134 0.59984 0.25482 0.60003 0.26895 0.59712 0.27431 0.58827 0.27981 0.58854 0.30100 0.57175 0.30668 0.57097 0.32259 0.58001 0.33121 0.58398 0.33112 0.59408 0.34501 0.59902 0.34313 0.60294 0.33951 0.60382 0.33066 0.61770 0.33034 0.63542 0.31933 0.64534 0.31910 0.65143 0.32955 0.65636 0.32767 0.65433 0.32419 0.65623 0.31708 0.65595 0.29589 0.65092 0.29071 0.63500 0.28755
6 1.00000 0.80079 0.76155 0.53065 0.54009 0.28858 0.46609 0.19377 0.38772 0.16970 0.29769 0.16473 0.17999 0.16746 0.07421 0.17228 0.00000 0.18784 0.00000 0.26507 0.11103 0.25618 0.14674 0.25535 0.15083 0.26467 0.14194 0.29313 0.12322 0.37833 0.00467 0.86264 0.00648 1.00000 0.50328 1.00000 1.00000 0.98845 1.00000 0.80079
2 0.63500 0.28755 0.63182 0.27173 0.62674 0.26302 0.61881 0.26321 0.61364 0.24744 0.61530 0.22268 0.62849 0.16940 0.62835 0.15880 0.63218 0.14812 0.63204 0.13753 0.63583 0.12332 0.63550 0.09860 0.62849 0.09347 0.62655 0.09704 0.60473 0.09755 0.60279 0.10113 0.57308 0.10535 0.57114 0.10893 0.56123 0.10916 0.55832 0.11452 0.55846 0.12511 0.57484 0.16358 0.57904 0.18114 0.58310 0.18811 0.58319 0.19517 0.59541 0.21961 0.59749 0.22662 0.59782 0.25134 0.59984 0.25482 0.60003 0.26895 0.59712 0.27431 0.58827 0.27981 0.58854 0.30100 0.57175 0.30668 0.57097 0.32259 0.58001 0.33121 0.58398 0.33112 0.59408 0.34501 0.59902 0.34313 0.60294 0.33951 0.60382 0.33066 0.61770 0.33034 0.63542 0.31933 0.64534 0.31910 0.65143 0.32955 0.65636 0.32767 0.65433 0.32419 0.65623 0.31708 0.65595 0.29589 0.65092 0.29071 0.63500 0.28755
