6 0.00000 0.16667 0.23047 0.19213 0.24219 0.16898 0.25911 0.15972 0.26432 0.14815 0.26042 0.12268 0.25781 0.11574 0.25130 0.09491 0.24609 0.07407 0.00000 0.05093 0.00000 0.16667
6 0.49175 0.00000 0.45958 0.10387 0.31197 0.09358 0.33657 0.21185 0.41472 0.22727 0.12963 1.00000 1.00000 1.00000 1.00000 0.55537 0.74391 0.12309 0.66303 0.00000 0.49175 0.00000
6 0.00000 0.16667 0.23047 0.19213 0.24219 0.16898 0.25911 0.15972 0.26432 0.14815 0.26042 0.12268 0.25781 0.11574 0.25130 0.09491 0.24609 0.07407 0.00000 0.05093 0.00000 0.16667
6 0.49175 0.00000 0.45958 0.10387 0.31197 0.09358 0.33657 0.21185 0.41472 0.22727 0.12963 1.00000 1.00000 1.00000 1.00000 0.55537 0.74391 0.12309 0.66303 0.00000 0.49175 0.00000
6 0.00000 0.16667 0.23047 0.19213 0.24219 0.16898 0.25911 0.15972 0.26432 0.14815 0.26042 0.12268 0.25781 0.11574 0.25130 0.09491 0.24609 0.07407 0.00000 0.05093 0.00000 0.16667
6 0.49175 0.00000 0.45958 0.10387 0.31197 0.09358 0.33657 0.21185 0.41472 0.22727 0.12963 1.00000 1.00000 1.00000 1.00000 0.55537 0.74391 0.12309 0.66303 0.00000 0.49175 0.00000
6 0.00000 0.16667 0.23047 0.19213 0.24219 0.16898 0.25911 0.15972 0.26432 0.14815 0.26042 0.12268 0.25781 0.11574 0.25130 0.09491 0.24609 0.07407 0.00000 0.05093 0.00000 0.16667
6 0.49175 0.00000 0.45958 0.10387 0.31197 0.09358 0.33657 0.21185 0.41472 0.22727 0.12963 1.00000 1.00000 1.00000 1.00000 0.55537 0.74391 0.12309 0.66303 0.00000 0.49175 0.00000
6 0.00000 0.16667 0.23047 0.19213 0.24219 0.16898 0.25911 0.15972 0.26432 0.14815 0.26042 0.12268 0.25781 0.11574 0.25130 0.09491 0.24609 0.07407 0.00000 0.05093 0.00000 0.16667
6 0.49175 0.00000 0.45958 0.10387 0.31197 0.09358 0.33657 0.21185 0.41472 0.22727 0.12963 1.00000 1.00000 1.00000 1.00000 0.55537 0.74391 0.12309 0.66303 0.00000 0.49175 0.00000
6 0.00000 0.16667 0.23047 0.19213 0.24219 0.16898 0.25911 0.15972 0.26432 0.14815 0.26042 0.12268 0.25781 0.11574 0.25130 0.09491 0.24609 0.07407 0.00000 0.05093 0.00000 0.16667
6 0.49175 0.00000 0.45958 0.10387 0.31197 0.09358 0.33657 0.21185 0.41472 0.22727 0.12963 1.00000 1.00000 1.00000 1.00000 0.55537 0.74391 0.12309 0.66303 0.00000 0.49175 0.00000
