6 1.00000 0.47002 0.95159 0.36271 0.85586 0.24975 0.78903 0.19996 0.67833 0.14585 0.55571 0.12000 0.37323 0.11040 0.00000 0.13603 0.00000 0.34828 0.27958 0.32869 0.32154 0.37096 0.06018 0.99404 1.00000 0.99404 1.00000 0.47002
5 0.00000 0.13102 0.00969 0.12551 0.03686 0.09440 0.01859 0.09843 0.01329 0.09144 0.00547 0.08309 0.00000 0.06640 0.00000 0.11061 0.00000 0.13102
6 1.00000 0.47002 0.95159 0.36271 0.85586 0.24975 0.78903 0.19996 0.67833 0.14585 0.55571 0.12000 0.37323 0.11040 0.00000 0.13603 0.00000 0.34828 0.27958 0.32869 0.32154 0.37096 0.06018 0.99404 1.00000 0.99404 1.00000 0.47002
5 0.00000 0.13102 0.00969 0.12551 0.03686 0.09440 0.01859 0.09843 0.01329 0.09144 0.00547 0.08309 0.00000 0.06640 0.00000 0.11061 0.00000 0.13102
6 1.00000 0.47002 0.95159 0.36271 0.85586 0.24975 0.78903 0.19996 0.67833 0.14585 0.55571 0.12000 0.37323 0.11040 0.00000 0.13603 0.00000 0.34828 0.27958 0.32869 0.32154 0.37096 0.06018 0.99404 1.00000 0.99404 1.00000 0.47002
5 0.00000 0.13102 0.00969 0.12551 0.03686 0.09440 0.01859 0.09843 0.01329 0.09144 0.00547 0.08309 0.00000 0.06640 0.00000 0.11061 0.00000 0.13102
6 1.00000 0.47002 0.95159 0.36271 0.85586 0.24975 0.78903 0.19996 0.67833 0.14585 0.55571 0.12000 0.37323 0.11040 0.00000 0.13603 0.00000 0.34828 0.27958 0.32869 0.32154 0.37096 0.06018 0.99404 1.00000 0.99404 1.00000 0.47002
5 0.00000 0.13102 0.00969 0.12551 0.03686 0.09440 0.01859 0.09843 0.01329 0.09144 0.00547 0.08309 0.00000 0.06640 0.00000 0.11061 0.00000 0.13102
6 1.00000 0.47002 0.95159 0.36271 0.85586 0.24975 0.78903 0.19996 0.67833 0.14585 0.55571 0.12000 0.37323 0.11040 0.00000 0.13603 0.00000 0.34828 0.27958 0.32869 0.32154 0.37096 0.06018 0.99404 1.00000 0.99404 1.00000 0.47002
5 0.00000 0.13102 0.00969 0.12551 0.03686 0.09440 0.01859 0.09843 0.01329 0.09144 0.00547 0.08309 0.00000 0.06640 0.00000 0.11061 0.00000 0.13102
6 1.00000 0.47002 0.95159 0.36271 0.85586 0.24975 0.78903 0.19996 0.67833 0.14585 0.55571 0.12000 0.37323 0.11040 0.00000 0.13603 0.00000 0.34828 0.27958 0.32869 0.32154 0.37096 0.06018 0.99404 1.00000 0.99404 1.00000 0.47002
5 0.00000 0.13102 0.00969 0.12551 0.03686 0.09440 0.01859 0.09843 0.01329 0.09144 0.00547 0.08309 0.00000 0.06640 0.00000 0.11061 0.00000 0.13102
