6 1.00000 0.45343 0.98241 0.28675 0.85816 0.23875 0.81124 0.22965 0.65889 0.21473 0.33226 0.16681 0.00243 0.12332 0.00000 0.12378 0.00000 0.51777 0.22168 0.68498 0.29782 0.73971 0.33304 0.81489 0.32337 0.91380 0.27423 1.00000 0.52625 1.00000 1.00000 0.91131 1.00000 0.45343
5 0.29387 0.14354 0.29483 0.16017 0.34213 0.16462 0.37956 0.13520 0.37671 0.12458 0.35156 0.11882 0.34685 0.09371 0.33527 0.09588 0.32830 0.06707 0.33635 0.06136 0.33945 0.02514 0.29044 0.03432 0.29277 0.04567 0.31380 0.06768 0.32133 0.10549 0.31275 0.12110 0.31736 0.13495 0.29387 0.14354
6 1.00000 0.45343 0.98241 0.28675 0.85816 0.23875 0.81124 0.22965 0.65889 0.21473 0.33226 0.16681 0.00243 0.12332 0.00000 0.12378 0.00000 0.51777 0.22168 0.68498 0.29782 0.73971 0.33304 0.81489 0.32337 0.91380 0.27423 1.00000 0.52625 1.00000 1.00000 0.91131 1.00000 0.45343
5 0.29387 0.14354 0.29483 0.16017 0.34213 0.16462 0.37956 0.13520 0.37671 0.12458 0.35156 0.11882 0.34685 0.09371 0.33527 0.09588 0.32830 0.06707 0.33635 0.06136 0.33945 0.02514 0.29044 0.03432 0.29277 0.04567 0.31380 0.06768 0.32133 0.10549 0.31275 0.12110 0.31736 0.13495 0.29387 0.14354
6 1.00000 0.45343 0.98241 0.28675 0.85816 0.23875 0.81124 0.22965 0.65889 0.21473 0.33226 0.16681 0.00243 0.12332 0.00000 0.12378 0.00000 0.51777 0.22168 0.68498 0.29782 0.73971 0.33304 0.81489 0.32337 0.91380 0.27423 1.00000 0.52625 1.00000 1.00000 0.91131 1.00000 0.45343
5 0.29387 0.14354 0.29483 0.16017 0.34213 0.16462 0.37956 0.13520 0.37671 0.12458 0.35156 0.11882 0.34685 0.09371 0.33527 0.09588 0.32830 0.06707 0.33635 0.06136 0.33945 0.02514 0.29044 0.03432 0.29277 0.04567 0.31380 0.06768 0.32133 0.10549 0.31275 0.12110 0.31736 0.13495 0.29387 0.14354
6 1.00000 0.45343 0.98241 0.28675 0.85816 0.23875 0.81124 0.22965 0.65889 0.21473 0.33226 0.16681 0.00243 0.12332 0.00000 0.12378 0.00000 0.51777 0.22168 0.68498 0.29782 0.73971 0.33304 0.81489 0.32337 0.91380 0.27423 1.00000 0.52625 1.00000 1.00000 0.91131 1.00000 0.45343
5 0.29387 0.14354 0.29483 0.16017 0.34213 0.16462 0.37956 0.13520 0.37671 0.12458 0.35156 0.11882 0.34685 0.09371 0.33527 0.09588 0.32830 0.06707 0.33635 0.06136 0.33945 0.02514 0.29044 0.03432 0.29277 0.04567 0.31380 0.06768 0.32133 0.10549 0.31275 0.12110 0.31736 0.13495 0.29387 0.14354
6 1.00000 0.45343 0.98241 0.28675 0.85816 0.23875 0.81124 0.22965 0.65889 0.21473 0.33226 0.16681 0.00243 0.12332 0.00000 0.12378 0.00000 0.51777 0.22168 0.68498 0.29782 0.73971 0.33304 0.81489 0.32337 0.91380 0.27423 1.00000 0.52625 1.00000 1.00000 0.91131 1.00000 0.45343
5 0.29387 0.14354 0.29483 0.16017 0.34213 0.16462 0.37956 0.13520 0.37671 0.12458 0.35156 0.11882 0.34685 0.09371 0.33527 0.09588 0.32830 0.06707 0.33635 0.06136 0.33945 0.02514 0.29044 0.03432 0.29277 0.04567 0.31380 0.06768 0.32133 0.10549 0.31275 0.12110 0.31736 0.13495 0.29387 0.14354
6 1.00000 0.45343 0.98241 0.28675 0.85816 0.23875 0.81124 0.22965 0.65889 0.21473 0.33226 0.16681 0.00243 0.12332 0.00000 0.12378 0.00000 0.51777 0.22168 0.68498 0.29782 0.73971 0.33304 0.81489 0.32337 0.91380 0.27423 1.00000 0.52625 1.00000 1.00000 0.91131 1.00000 0.45343
5 0.29387 0.14354 0.29483 0.16017 0.34213 0.16462 0.37956 0.13520 0.37671 0.12458 0.35156 0.11882 0.34685 0.09371 0.33527 0.09588 0.32830 0.06707 0.33635 0.06136 0.33945 0.02514 0.29044 0.03432 0.29277 0.04567 0.31380 0.06768 0.32133 0.10549 0.31275 0.12110 0.31736 0.13495 0.29387 0.14354
