1 0.10961 0.70933 0.12096 0.67963 0.12366 0.66051 0.12162 0.63456 0.11273 0.60207 0.10442 0.59012 0.08450 0.57791 0.06574 0.58054 0.05979 0.58512 0.04456 0.61911 0.03857 0.64993 0.04149 0.68701 0.05187 0.71179 0.06821 0.73199 0.07085 0.76536 0.06637 0.77536 0.05833 0.78023 0.05354 0.79964 0.03300 0.80626 0.03327 0.82309 0.03921 0.83163 0.04546 0.83075 0.05201 0.83359 0.05676 0.84042 0.06301 0.83954 0.06538 0.84296 0.09962 0.83629 0.13118 0.82250 0.13774 0.81221 0.13567 0.79939 0.11604 0.79089 0.11011 0.78235 0.10714 0.77152 0.09585 0.76186 0.09289 0.75103 0.09143 0.73249 0.09590 0.72249 0.10007 0.72191 0.10961 0.70933
6 0.32678 1.00000 0.29790 0.98657 0.28660 0.97691 0.27589 0.97466 0.26460 0.96500 0.26043 0.96558 0.23159 0.94713 0.20334 0.93609 0.19204 0.92643 0.18579 0.92730 0.16349 0.91168 0.15724 0.91256 0.13286 0.89723 0.09152 0.88053 0.08468 0.87399 0.08052 0.87457 0.07130 0.86462 0.04959 0.85641 0.03384 0.84363 0.02409 0.84017 0.03670 1.00000 0.32678 1.00000
1 0.10961 0.70933 0.12096 0.67963 0.12366 0.66051 0.12162 0.63456 0.11273 0.60207 0.10442 0.59012 0.08450 0.57791 0.06574 0.58054 0.05979 0.58512 0.04456 0.61911 0.03857 0.64993 0.04149 0.68701 0.05187 0.71179 0.06821 0.73199 0.07085 0.76536 0.06637 0.77536 0.05833 0.78023 0.05354 0.79964 0.03300 0.80626 0.03327 0.82309 0.03921 0.83163 0.04546 0.83075 0.05201 0.83359 0.05676 0.84042 0.06301 0.83954 0.06538 0.84296 0.09962 0.83629 0.13118 0.82250 0.13774 0.81221 0.13567 0.79939 0.11604 0.79089 0.11011 0.78235 0.10714 0.77152 0.09585 0.76186 0.09289 0.75103 0.09143 0.73249 0.09590 0.72249 0.10007 0.72191 0.10961 0.70933
6 0.32678 1.00000 0.29790 0.98657 0.28660 0.97691 0.27589 0.97466 0.26460 0.96500 0.26043 0.96558 0.23159 0.94713 0.20334 0.93609 0.19204 0.92643 0.18579 0.92730 0.16349 0.91168 0.15724 0.91256 0.13286 0.89723 0.09152 0.88053 0.08468 0.87399 0.08052 0.87457 0.07130 0.86462 0.04959 0.85641 0.03384 0.84363 0.02409 0.84017 0.03670 1.00000 0.32678 1.00000
1 0.10961 0.70933 0.12096 0.67963 0.12366 0.66051 0.12162 0.63456 0.11273 0.60207 0.10442 0.59012 0.08450 0.57791 0.06574 0.58054 0.05979 0.58512 0.04456 0.61911 0.03857 0.64993 0.04149 0.68701 0.05187 0.71179 0.06821 0.73199 0.07085 0.76536 0.06637 0.77536 0.05833 0.78023 0.05354 0.79964 0.03300 0.80626 0.03327 0.82309 0.03921 0.83163 0.04546 0.83075 0.05201 0.83359 0.05676 0.84042 0.06301 0.83954 0.06538 0.84296 0.09962 0.83629 0.13118 0.82250 0.13774 0.81221 0.13567 0.79939 0.11604 0.79089 0.11011 0.78235 0.10714 0.77152 0.09585 0.76186 0.09289 0.75103 0.09143 0.73249 0.09590 0.72249 0.10007 0.72191 0.10961 0.70933
6 0.32678 1.00000 0.29790 0.98657 0.28660 0.97691 0.27589 0.97466 0.26460 0.96500 0.26043 0.96558 0.23159 0.94713 0.20334 0.93609 0.19204 0.92643 0.18579 0.92730 0.16349 0.91168 0.15724 0.91256 0.13286 0.89723 0.09152 0.88053 0.08468 0.87399 0.08052 0.87457 0.07130 0.86462 0.04959 0.85641 0.03384 0.84363 0.02409 0.84017 0.03670 1.00000 0.32678 1.00000
1 0.10961 0.70933 0.12096 0.67963 0.12366 0.66051 0.12162 0.63456 0.11273 0.60207 0.10442 0.59012 0.08450 0.57791 0.06574 0.58054 0.05979 0.58512 0.04456 0.61911 0.03857 0.64993 0.04149 0.68701 0.05187 0.71179 0.06821 0.73199 0.07085 0.76536 0.06637 0.77536 0.05833 0.78023 0.05354 0.79964 0.03300 0.80626 0.03327 0.82309 0.03921 0.83163 0.04546 0.83075 0.05201 0.83359 0.05676 0.84042 0.06301 0.83954 0.06538 0.84296 0.09962 0.83629 0.13118 0.82250 0.13774 0.81221 0.13567 0.79939 0.11604 0.79089 0.11011 0.78235 0.10714 0.77152 0.09585 0.76186 0.09289 0.75103 0.09143 0.73249 0.09590 0.72249 0.10007 0.72191 0.10961 0.70933
6 0.32678 1.00000 0.29790 0.98657 0.28660 0.97691 0.27589 0.97466 0.26460 0.96500 0.26043 0.96558 0.23159 0.94713 0.20334 0.93609 0.19204 0.92643 0.18579 0.92730 0.16349 0.91168 0.15724 0.91256 0.13286 0.89723 0.09152 0.88053 0.08468 0.87399 0.08052 0.87457 0.07130 0.86462 0.04959 0.85641 0.03384 0.84363 0.02409 0.84017 0.03670 1.00000 0.32678 1.00000
1 0.10961 0.70933 0.12096 0.67963 0.12366 0.66051 0.12162 0.63456 0.11273 0.60207 0.10442 0.59012 0.08450 0.57791 0.06574 0.58054 0.05979 0.58512 0.04456 0.61911 0.03857 0.64993 0.04149 0.68701 0.05187 0.71179 0.06821 0.73199 0.07085 0.76536 0.06637 0.77536 0.05833 0.78023 0.05354 0.79964 0.03300 0.80626 0.03327 0.82309 0.03921 0.83163 0.04546 0.83075 0.05201 0.83359 0.05676 0.84042 0.06301 0.83954 0.06538 0.84296 0.09962 0.83629 0.13118 0.82250 0.13774 0.81221 0.13567 0.79939 0.11604 0.79089 0.11011 0.78235 0.10714 0.77152 0.09585 0.76186 0.09289 0.75103 0.09143 0.73249 0.09590 0.72249 0.10007 0.72191 0.10961 0.70933
6 0.32678 1.00000 0.29790 0.98657 0.28660 0.97691 0.27589 0.97466 0.26460 0.96500 0.26043 0.96558 0.23159 0.94713 0.20334 0.93609 0.19204 0.92643 0.18579 0.92730 0.16349 0.91168 0.15724 0.91256 0.13286 0.89723 0.09152 0.88053 0.08468 0.87399 0.08052 0.87457 0.07130 0.86462 0.04959 0.85641 0.03384 0.84363 0.02409 0.84017 0.03670 1.00000 0.32678 1.00000
1 0.10961 0.70933 0.12096 0.67963 0.12366 0.66051 0.12162 0.63456 0.11273 0.60207 0.10442 0.59012 0.08450 0.57791 0.06574 0.58054 0.05979 0.58512 0.04456 0.61911 0.03857 0.64993 0.04149 0.68701 0.05187 0.71179 0.06821 0.73199 0.07085 0.76536 0.06637 0.77536 0.05833 0.78023 0.05354 0.79964 0.03300 0.80626 0.03327 0.82309 0.03921 0.83163 0.04546 0.83075 0.05201 0.83359 0.05676 0.84042 0.06301 0.83954 0.06538 0.84296 0.09962 0.83629 0.13118 0.82250 0.13774 0.81221 0.13567 0.79939 0.11604 0.79089 0.11011 0.78235 0.10714 0.77152 0.09585 0.76186 0.09289 0.75103 0.09143 0.73249 0.09590 0.72249 0.10007 0.72191 0.10961 0.70933
6 0.32678 1.00000 0.29790 0.98657 0.28660 0.97691 0.27589 0.97466 0.26460 0.96500 0.26043 0.96558 0.23159 0.94713 0.20334 0.93609 0.19204 0.92643 0.18579 0.92730 0.16349 0.91168 0.15724 0.91256 0.13286 0.89723 0.09152 0.88053 0.08468 0.87399 0.08052 0.87457 0.07130 0.86462 0.04959 0.85641 0.03384 0.84363 0.02409 0.84017 0.03670 1.00000 0.32678 1.00000
