6 1.00000 0.49342 0.74759 0.06416 0.56310 0.06416 0.50962 0.21388 0.29305 0.19724 0.30241 0.23289 0.29171 0.24477 0.29171 0.32320 0.29973 0.33032 0.29840 0.34696 0.33316 0.35171 0.33583 0.38261 0.45481 0.40162 0.28327 1.00000 1.00000 1.00000 1.00000 0.49342
6 0.00000 0.33763 0.22487 0.37548 0.22086 0.38736 0.25695 0.34221 0.26765 0.34221 0.27567 0.33507 0.27166 0.30418 0.26631 0.30418 0.25562 0.26854 0.24893 0.23051 0.24893 0.19249 0.00000 0.16883 0.00000 0.33763
7 0.88329 0.02555 0.88028 0.02020 0.86624 0.02020 0.86323 0.02555 0.86123 0.05406 0.85923 0.05763 0.85923 0.08258 0.85722 0.08614 0.85722 0.10754 0.85521 0.11110 0.85120 0.16457 0.84920 0.17526 0.84017 0.18061 0.83316 0.19665 0.83316 0.23230 0.83616 0.23764 0.84017 0.23764 0.84418 0.23051 0.85822 0.23051 0.86424 0.23764 0.86825 0.23051 0.88028 0.23051 0.88630 0.23408 0.88830 0.24121 0.89332 0.23943 0.89532 0.23230 0.89733 0.18952 0.89231 0.18061 0.88630 0.18774 0.86925 0.18239 0.87126 0.16100 0.87326 0.15744 0.87727 0.10040 0.87928 0.09684 0.88128 0.05763 0.88329 0.05406 0.88329 0.02555
7 0.51029 0.07902 0.51029 0.05050 0.50528 0.04515 0.50328 0.05228 0.50027 0.04337 0.50227 0.03624 0.50227 0.01129 0.49926 0.00594 0.47721 0.00594 0.47620 0.02198 0.47019 0.04337 0.47019 0.07902 0.47420 0.09327 0.47420 0.14318 0.47119 0.15209 0.45816 0.16813 0.45816 0.20378 0.46116 0.21625 0.46718 0.21269 0.50628 0.21447 0.51230 0.20378 0.51430 0.19309 0.51430 0.16457 0.50929 0.15209 0.50328 0.15209 0.50027 0.14675 0.50027 0.12892 0.50227 0.12536 0.50227 0.09684 0.50829 0.09327 0.50829 0.08258 0.51029 0.07902
6 1.00000 0.49342 0.74759 0.06416 0.56310 0.06416 0.50962 0.21388 0.29305 0.19724 0.30241 0.23289 0.29171 0.24477 0.29171 0.32320 0.29973 0.33032 0.29840 0.34696 0.33316 0.35171 0.33583 0.38261 0.45481 0.40162 0.28327 1.00000 1.00000 1.00000 1.00000 0.49342
6 0.00000 0.33763 0.22487 0.37548 0.22086 0.38736 0.25695 0.34221 0.26765 0.34221 0.27567 0.33507 0.27166 0.30418 0.26631 0.30418 0.25562 0.26854 0.24893 0.23051 0.24893 0.19249 0.00000 0.16883 0.00000 0.33763
7 0.88329 0.02555 0.88028 0.02020 0.86624 0.02020 0.86323 0.02555 0.86123 0.05406 0.85923 0.05763 0.85923 0.08258 0.85722 0.08614 0.85722 0.10754 0.85521 0.11110 0.85120 0.16457 0.84920 0.17526 0.84017 0.18061 0.83316 0.19665 0.83316 0.23230 0.83616 0.23764 0.84017 0.23764 0.84418 0.23051 0.85822 0.23051 0.86424 0.23764 0.86825 0.23051 0.88028 0.23051 0.88630 0.23408 0.88830 0.24121 0.89332 0.23943 0.89532 0.23230 0.89733 0.18952 0.89231 0.18061 0.88630 0.18774 0.86925 0.18239 0.87126 0.16100 0.87326 0.15744 0.87727 0.10040 0.87928 0.09684 0.88128 0.05763 0.88329 0.05406 0.88329 0.02555
7 0.51029 0.07902 0.51029 0.05050 0.50528 0.04515 0.50328 0.05228 0.50027 0.04337 0.50227 0.03624 0.50227 0.01129 0.49926 0.00594 0.47721 0.00594 0.47620 0.02198 0.47019 0.04337 0.47019 0.07902 0.47420 0.09327 0.47420 0.14318 0.47119 0.15209 0.45816 0.16813 0.45816 0.20378 0.46116 0.21625 0.46718 0.21269 0.50628 0.21447 0.51230 0.20378 0.51430 0.19309 0.51430 0.16457 0.50929 0.15209 0.50328 0.15209 0.50027 0.14675 0.50027 0.12892 0.50227 0.12536 0.50227 0.09684 0.50829 0.09327 0.50829 0.08258 0.51029 0.07902
6 1.00000 0.49342 0.74759 0.06416 0.56310 0.06416 0.50962 0.21388 0.29305 0.19724 0.30241 0.23289 0.29171 0.24477 0.29171 0.32320 0.29973 0.33032 0.29840 0.34696 0.33316 0.35171 0.33583 0.38261 0.45481 0.40162 0.28327 1.00000 1.00000 1.00000 1.00000 0.49342
6 0.00000 0.33763 0.22487 0.37548 0.22086 0.38736 0.25695 0.34221 0.26765 0.34221 0.27567 0.33507 0.27166 0.30418 0.26631 0.30418 0.25562 0.26854 0.24893 0.23051 0.24893 0.19249 0.00000 0.16883 0.00000 0.33763
7 0.88329 0.02555 0.88028 0.02020 0.86624 0.02020 0.86323 0.02555 0.86123 0.05406 0.85923 0.05763 0.85923 0.08258 0.85722 0.08614 0.85722 0.10754 0.85521 0.11110 0.85120 0.16457 0.84920 0.17526 0.84017 0.18061 0.83316 0.19665 0.83316 0.23230 0.83616 0.23764 0.84017 0.23764 0.84418 0.23051 0.85822 0.23051 0.86424 0.23764 0.86825 0.23051 0.88028 0.23051 0.88630 0.23408 0.88830 0.24121 0.89332 0.23943 0.89532 0.23230 0.89733 0.18952 0.89231 0.18061 0.88630 0.18774 0.86925 0.18239 0.87126 0.16100 0.87326 0.15744 0.87727 0.10040 0.87928 0.09684 0.88128 0.05763 0.88329 0.05406 0.88329 0.02555
7 0.51029 0.07902 0.51029 0.05050 0.50528 0.04515 0.50328 0.05228 0.50027 0.04337 0.50227 0.03624 0.50227 0.01129 0.49926 0.00594 0.47721 0.00594 0.47620 0.02198 0.47019 0.04337 0.47019 0.07902 0.47420 0.09327 0.47420 0.14318 0.47119 0.15209 0.45816 0.16813 0.45816 0.20378 0.46116 0.21625 0.46718 0.21269 0.50628 0.21447 0.51230 0.20378 0.51430 0.19309 0.51430 0.16457 0.50929 0.15209 0.50328 0.15209 0.50027 0.14675 0.50027 0.12892 0.50227 0.12536 0.50227 0.09684 0.50829 0.09327 0.50829 0.08258 0.51029 0.07902
6 1.00000 0.49342 0.74759 0.06416 0.56310 0.06416 0.50962 0.21388 0.29305 0.19724 0.30241 0.23289 0.29171 0.24477 0.29171 0.32320 0.29973 0.33032 0.29840 0.34696 0.33316 0.35171 0.33583 0.38261 0.45481 0.40162 0.28327 1.00000 1.00000 1.00000 1.00000 0.49342
6 0.00000 0.33763 0.22487 0.37548 0.22086 0.38736 0.25695 0.34221 0.26765 0.34221 0.27567 0.33507 0.27166 0.30418 0.26631 0.30418 0.25562 0.26854 0.24893 0.23051 0.24893 0.19249 0.00000 0.16883 0.00000 0.33763
7 0.88329 0.02555 0.88028 0.02020 0.86624 0.02020 0.86323 0.02555 0.86123 0.05406 0.85923 0.05763 0.85923 0.08258 0.85722 0.08614 0.85722 0.10754 0.85521 0.11110 0.85120 0.16457 0.84920 0.17526 0.84017 0.18061 0.83316 0.19665 0.83316 0.23230 0.83616 0.23764 0.84017 0.23764 0.84418 0.23051 0.85822 0.23051 0.86424 0.23764 0.86825 0.23051 0.88028 0.23051 0.88630 0.23408 0.88830 0.24121 0.89332 0.23943 0.89532 0.23230 0.89733 0.18952 0.89231 0.18061 0.88630 0.18774 0.86925 0.18239 0.87126 0.16100 0.87326 0.15744 0.87727 0.10040 0.87928 0.09684 0.88128 0.05763 0.88329 0.05406 0.88329 0.02555
7 0.51029 0.07902 0.51029 0.05050 0.50528 0.04515 0.50328 0.05228 0.50027 0.04337 0.50227 0.03624 0.50227 0.01129 0.49926 0.00594 0.47721 0.00594 0.47620 0.02198 0.47019 0.04337 0.47019 0.07902 0.47420 0.09327 0.47420 0.14318 0.47119 0.15209 0.45816 0.16813 0.45816 0.20378 0.46116 0.21625 0.46718 0.21269 0.50628 0.21447 0.51230 0.20378 0.51430 0.19309 0.51430 0.16457 0.50929 0.15209 0.50328 0.15209 0.50027 0.14675 0.50027 0.12892 0.50227 0.12536 0.50227 0.09684 0.50829 0.09327 0.50829 0.08258 0.51029 0.07902
6 1.00000 0.49342 0.74759 0.06416 0.56310 0.06416 0.50962 0.21388 0.29305 0.19724 0.30241 0.23289 0.29171 0.24477 0.29171 0.32320 0.29973 0.33032 0.29840 0.34696 0.33316 0.35171 0.33583 0.38261 0.45481 0.40162 0.28327 1.00000 1.00000 1.00000 1.00000 0.49342
6 0.00000 0.33763 0.22487 0.37548 0.22086 0.38736 0.25695 0.34221 0.26765 0.34221 0.27567 0.33507 0.27166 0.30418 0.26631 0.30418 0.25562 0.26854 0.24893 0.23051 0.24893 0.19249 0.00000 0.16883 0.00000 0.33763
7 0.88329 0.02555 0.88028 0.02020 0.86624 0.02020 0.86323 0.02555 0.86123 0.05406 0.85923 0.05763 0.85923 0.08258 0.85722 0.08614 0.85722 0.10754 0.85521 0.11110 0.85120 0.16457 0.84920 0.17526 0.84017 0.18061 0.83316 0.19665 0.83316 0.23230 0.83616 0.23764 0.84017 0.23764 0.84418 0.23051 0.85822 0.23051 0.86424 0.23764 0.86825 0.23051 0.88028 0.23051 0.88630 0.23408 0.88830 0.24121 0.89332 0.23943 0.89532 0.23230 0.89733 0.18952 0.89231 0.18061 0.88630 0.18774 0.86925 0.18239 0.87126 0.16100 0.87326 0.15744 0.87727 0.10040 0.87928 0.09684 0.88128 0.05763 0.88329 0.05406 0.88329 0.02555
7 0.51029 0.07902 0.51029 0.05050 0.50528 0.04515 0.50328 0.05228 0.50027 0.04337 0.50227 0.03624 0.50227 0.01129 0.49926 0.00594 0.47721 0.00594 0.47620 0.02198 0.47019 0.04337 0.47019 0.07902 0.47420 0.09327 0.47420 0.14318 0.47119 0.15209 0.45816 0.16813 0.45816 0.20378 0.46116 0.21625 0.46718 0.21269 0.50628 0.21447 0.51230 0.20378 0.51430 0.19309 0.51430 0.16457 0.50929 0.15209 0.50328 0.15209 0.50027 0.14675 0.50027 0.12892 0.50227 0.12536 0.50227 0.09684 0.50829 0.09327 0.50829 0.08258 0.51029 0.07902
6 1.00000 0.49342 0.74759 0.06416 0.56310 0.06416 0.50962 0.21388 0.29305 0.19724 0.30241 0.23289 0.29171 0.24477 0.29171 0.32320 0.29973 0.33032 0.29840 0.34696 0.33316 0.35171 0.33583 0.38261 0.45481 0.40162 0.28327 1.00000 1.00000 1.00000 1.00000 0.49342
6 0.00000 0.33763 0.22487 0.37548 0.22086 0.38736 0.25695 0.34221 0.26765 0.34221 0.27567 0.33507 0.27166 0.30418 0.26631 0.30418 0.25562 0.26854 0.24893 0.23051 0.24893 0.19249 0.00000 0.16883 0.00000 0.33763
7 0.88329 0.02555 0.88028 0.02020 0.86624 0.02020 0.86323 0.02555 0.86123 0.05406 0.85923 0.05763 0.85923 0.08258 0.85722 0.08614 0.85722 0.10754 0.85521 0.11110 0.85120 0.16457 0.84920 0.17526 0.84017 0.18061 0.83316 0.19665 0.83316 0.23230 0.83616 0.23764 0.84017 0.23764 0.84418 0.23051 0.85822 0.23051 0.86424 0.23764 0.86825 0.23051 0.88028 0.23051 0.88630 0.23408 0.88830 0.24121 0.89332 0.23943 0.89532 0.23230 0.89733 0.18952 0.89231 0.18061 0.88630 0.18774 0.86925 0.18239 0.87126 0.16100 0.87326 0.15744 0.87727 0.10040 0.87928 0.09684 0.88128 0.05763 0.88329 0.05406 0.88329 0.02555
7 0.51029 0.07902 0.51029 0.05050 0.50528 0.04515 0.50328 0.05228 0.50027 0.04337 0.50227 0.03624 0.50227 0.01129 0.49926 0.00594 0.47721 0.00594 0.47620 0.02198 0.47019 0.04337 0.47019 0.07902 0.47420 0.09327 0.47420 0.14318 0.47119 0.15209 0.45816 0.16813 0.45816 0.20378 0.46116 0.21625 0.46718 0.21269 0.50628 0.21447 0.51230 0.20378 0.51430 0.19309 0.51430 0.16457 0.50929 0.15209 0.50328 0.15209 0.50027 0.14675 0.50027 0.12892 0.50227 0.12536 0.50227 0.09684 0.50829 0.09327 0.50829 0.08258 0.51029 0.07902
