6 0.00684 1.00000 0.00879 0.99653 0.38281 0.99827 0.38477 0.99479 0.37793 0.98611 0.33106 0.94445 0.32715 0.94445 0.31152 0.93055 0.30762 0.92361 0.29590 0.91667 0.25684 0.88195 0.24902 0.87153 0.24121 0.86805 0.21582 0.83680 0.19824 0.82639 0.18066 0.80903 0.17090 0.80555 0.16309 0.79514 0.14355 0.78472 0.09863 0.74305 0.09473 0.74305 0.09082 0.73611 0.08691 0.73611 0.06348 0.71528 0.05957 0.70833 0.03613 0.69445 0.01270 0.69097 0.01074 0.68750 0.00000 0.68923 0.00098 1.00000 0.00684 1.00000
5 0.28945 0.80657 0.27384 0.81561 0.27147 0.82889 0.24398 0.83552 0.24602 0.86025 0.28810 0.89163 0.35291 0.86207 0.35087 0.83793 0.32576 0.82225 0.32373 0.80355 0.31660 0.80053 0.30982 0.76072 0.32474 0.75529 0.33967 0.71064 0.33967 0.64791 0.31728 0.60447 0.28877 0.60930 0.26808 0.65394 0.26638 0.72271 0.29047 0.77459 0.28945 0.80657
6 0.00684 1.00000 0.00879 0.99653 0.38281 0.99827 0.38477 0.99479 0.37793 0.98611 0.33106 0.94445 0.32715 0.94445 0.31152 0.93055 0.30762 0.92361 0.29590 0.91667 0.25684 0.88195 0.24902 0.87153 0.24121 0.86805 0.21582 0.83680 0.19824 0.82639 0.18066 0.80903 0.17090 0.80555 0.16309 0.79514 0.14355 0.78472 0.09863 0.74305 0.09473 0.74305 0.09082 0.73611 0.08691 0.73611 0.06348 0.71528 0.05957 0.70833 0.03613 0.69445 0.01270 0.69097 0.01074 0.68750 0.00000 0.68923 0.00098 1.00000 0.00684 1.00000
5 0.28945 0.80657 0.27384 0.81561 0.27147 0.82889 0.24398 0.83552 0.24602 0.86025 0.28810 0.89163 0.35291 0.86207 0.35087 0.83793 0.32576 0.82225 0.32373 0.80355 0.31660 0.80053 0.30982 0.76072 0.32474 0.75529 0.33967 0.71064 0.33967 0.64791 0.31728 0.60447 0.28877 0.60930 0.26808 0.65394 0.26638 0.72271 0.29047 0.77459 0.28945 0.80657
6 0.00684 1.00000 0.00879 0.99653 0.38281 0.99827 0.38477 0.99479 0.37793 0.98611 0.33106 0.94445 0.32715 0.94445 0.31152 0.93055 0.30762 0.92361 0.29590 0.91667 0.25684 0.88195 0.24902 0.87153 0.24121 0.86805 0.21582 0.83680 0.19824 0.82639 0.18066 0.80903 0.17090 0.80555 0.16309 0.79514 0.14355 0.78472 0.09863 0.74305 0.09473 0.74305 0.09082 0.73611 0.08691 0.73611 0.06348 0.71528 0.05957 0.70833 0.03613 0.69445 0.01270 0.69097 0.01074 0.68750 0.00000 0.68923 0.00098 1.00000 0.00684 1.00000
5 0.28945 0.80657 0.27384 0.81561 0.27147 0.82889 0.24398 0.83552 0.24602 0.86025 0.28810 0.89163 0.35291 0.86207 0.35087 0.83793 0.32576 0.82225 0.32373 0.80355 0.31660 0.80053 0.30982 0.76072 0.32474 0.75529 0.33967 0.71064 0.33967 0.64791 0.31728 0.60447 0.28877 0.60930 0.26808 0.65394 0.26638 0.72271 0.29047 0.77459 0.28945 0.80657
6 0.00684 1.00000 0.00879 0.99653 0.38281 0.99827 0.38477 0.99479 0.37793 0.98611 0.33106 0.94445 0.32715 0.94445 0.31152 0.93055 0.30762 0.92361 0.29590 0.91667 0.25684 0.88195 0.24902 0.87153 0.24121 0.86805 0.21582 0.83680 0.19824 0.82639 0.18066 0.80903 0.17090 0.80555 0.16309 0.79514 0.14355 0.78472 0.09863 0.74305 0.09473 0.74305 0.09082 0.73611 0.08691 0.73611 0.06348 0.71528 0.05957 0.70833 0.03613 0.69445 0.01270 0.69097 0.01074 0.68750 0.00000 0.68923 0.00098 1.00000 0.00684 1.00000
5 0.28945 0.80657 0.27384 0.81561 0.27147 0.82889 0.24398 0.83552 0.24602 0.86025 0.28810 0.89163 0.35291 0.86207 0.35087 0.83793 0.32576 0.82225 0.32373 0.80355 0.31660 0.80053 0.30982 0.76072 0.32474 0.75529 0.33967 0.71064 0.33967 0.64791 0.31728 0.60447 0.28877 0.60930 0.26808 0.65394 0.26638 0.72271 0.29047 0.77459 0.28945 0.80657
6 0.00684 1.00000 0.00879 0.99653 0.38281 0.99827 0.38477 0.99479 0.37793 0.98611 0.33106 0.94445 0.32715 0.94445 0.31152 0.93055 0.30762 0.92361 0.29590 0.91667 0.25684 0.88195 0.24902 0.87153 0.24121 0.86805 0.21582 0.83680 0.19824 0.82639 0.18066 0.80903 0.17090 0.80555 0.16309 0.79514 0.14355 0.78472 0.09863 0.74305 0.09473 0.74305 0.09082 0.73611 0.08691 0.73611 0.06348 0.71528 0.05957 0.70833 0.03613 0.69445 0.01270 0.69097 0.01074 0.68750 0.00000 0.68923 0.00098 1.00000 0.00684 1.00000
5 0.28945 0.80657 0.27384 0.81561 0.27147 0.82889 0.24398 0.83552 0.24602 0.86025 0.28810 0.89163 0.35291 0.86207 0.35087 0.83793 0.32576 0.82225 0.32373 0.80355 0.31660 0.80053 0.30982 0.76072 0.32474 0.75529 0.33967 0.71064 0.33967 0.64791 0.31728 0.60447 0.28877 0.60930 0.26808 0.65394 0.26638 0.72271 0.29047 0.77459 0.28945 0.80657
6 0.00684 1.00000 0.00879 0.99653 0.38281 0.99827 0.38477 0.99479 0.37793 0.98611 0.33106 0.94445 0.32715 0.94445 0.31152 0.93055 0.30762 0.92361 0.29590 0.91667 0.25684 0.88195 0.24902 0.87153 0.24121 0.86805 0.21582 0.83680 0.19824 0.82639 0.18066 0.80903 0.17090 0.80555 0.16309 0.79514 0.14355 0.78472 0.09863 0.74305 0.09473 0.74305 0.09082 0.73611 0.08691 0.73611 0.06348 0.71528 0.05957 0.70833 0.03613 0.69445 0.01270 0.69097 0.01074 0.68750 0.00000 0.68923 0.00098 1.00000 0.00684 1.00000
5 0.28945 0.80657 0.27384 0.81561 0.27147 0.82889 0.24398 0.83552 0.24602 0.86025 0.28810 0.89163 0.35291 0.86207 0.35087 0.83793 0.32576 0.82225 0.32373 0.80355 0.31660 0.80053 0.30982 0.76072 0.32474 0.75529 0.33967 0.71064 0.33967 0.64791 0.31728 0.60447 0.28877 0.60930 0.26808 0.65394 0.26638 0.72271 0.29047 0.77459 0.28945 0.80657
