1 1.00000 0.14841 0.99115 0.13791 0.97144 0.13654 0.96933 0.13990 0.95540 0.14245 0.93894 0.15888 0.93564 0.16744 0.92101 0.18751 0.90373 0.22498 0.89671 0.25262 0.89602 0.27015 0.89391 0.27352 0.89437 0.31223 0.90128 0.33732 0.91989 0.36675 0.91695 0.39116 0.91007 0.41529 0.90283 0.42358 0.89101 0.42275 0.88074 0.43258 0.85314 0.43066 0.84934 0.42688 0.84407 0.43530 0.84310 0.45984 0.87926 0.52038 0.90291 0.52203 0.90474 0.52568 0.90882 0.52245 0.91460 0.52636 0.91868 0.52313 0.92051 0.52678 0.95796 0.52939 0.95979 0.53304 0.98056 0.53273 0.98913 0.51575 0.97172 0.48113 0.95769 0.46081 0.95655 0.43963 0.94161 0.41749 0.94202 0.40698 0.94413 0.40361 0.94482 0.38607 0.94812 0.37752 0.98232 0.36232 0.99891 0.34238 1.00000 0.34035 1.00000 0.14841
6 0.01899 0.00000 0.01754 0.03668 0.11950 0.06417 0.13395 0.06518 0.12925 0.05079 0.16097 0.04831 0.16818 0.03241 0.16703 0.00000 0.01899 0.00000
6 0.17657 0.00000 0.17530 0.01884 0.18049 0.05436 0.20687 0.05386 0.20698 0.08434 0.30150 0.09328 0.00000 0.75396 0.00000 0.96578 0.49017 1.00000 0.98101 1.00000 0.98936 0.78779 0.59612 0.00602 0.50983 0.00000 0.17657 0.00000
1 1.00000 0.14841 0.99115 0.13791 0.97144 0.13654 0.96933 0.13990 0.95540 0.14245 0.93894 0.15888 0.93564 0.16744 0.92101 0.18751 0.90373 0.22498 0.89671 0.25262 0.89602 0.27015 0.89391 0.27352 0.89437 0.31223 0.90128 0.33732 0.91989 0.36675 0.91695 0.39116 0.91007 0.41529 0.90283 0.42358 0.89101 0.42275 0.88074 0.43258 0.85314 0.43066 0.84934 0.42688 0.84407 0.43530 0.84310 0.45984 0.87926 0.52038 0.90291 0.52203 0.90474 0.52568 0.90882 0.52245 0.91460 0.52636 0.91868 0.52313 0.92051 0.52678 0.95796 0.52939 0.95979 0.53304 0.98056 0.53273 0.98913 0.51575 0.97172 0.48113 0.95769 0.46081 0.95655 0.43963 0.94161 0.41749 0.94202 0.40698 0.94413 0.40361 0.94482 0.38607 0.94812 0.37752 0.98232 0.36232 0.99891 0.34238 1.00000 0.34035 1.00000 0.14841
6 0.01899 0.00000 0.01754 0.03668 0.11950 0.06417 0.13395 0.06518 0.12925 0.05079 0.16097 0.04831 0.16818 0.03241 0.16703 0.00000 0.01899 0.00000
6 0.17657 0.00000 0.17530 0.01884 0.18049 0.05436 0.20687 0.05386 0.20698 0.08434 0.30150 0.09328 0.00000 0.75396 0.00000 0.96578 0.49017 1.00000 0.98101 1.00000 0.98936 0.78779 0.59612 0.00602 0.50983 0.00000 0.17657 0.00000
1 1.00000 0.14841 0.99115 0.13791 0.97144 0.13654 0.96933 0.13990 0.95540 0.14245 0.93894 0.15888 0.93564 0.16744 0.92101 0.18751 0.90373 0.22498 0.89671 0.25262 0.89602 0.27015 0.89391 0.27352 0.89437 0.31223 0.90128 0.33732 0.91989 0.36675 0.91695 0.39116 0.91007 0.41529 0.90283 0.42358 0.89101 0.42275 0.88074 0.43258 0.85314 0.43066 0.84934 0.42688 0.84407 0.43530 0.84310 0.45984 0.87926 0.52038 0.90291 0.52203 0.90474 0.52568 0.90882 0.52245 0.91460 0.52636 0.91868 0.52313 0.92051 0.52678 0.95796 0.52939 0.95979 0.53304 0.98056 0.53273 0.98913 0.51575 0.97172 0.48113 0.95769 0.46081 0.95655 0.43963 0.94161 0.41749 0.94202 0.40698 0.94413 0.40361 0.94482 0.38607 0.94812 0.37752 0.98232 0.36232 0.99891 0.34238 1.00000 0.34035 1.00000 0.14841
6 0.01899 0.00000 0.01754 0.03668 0.11950 0.06417 0.13395 0.06518 0.12925 0.05079 0.16097 0.04831 0.16818 0.03241 0.16703 0.00000 0.01899 0.00000
6 0.17657 0.00000 0.17530 0.01884 0.18049 0.05436 0.20687 0.05386 0.20698 0.08434 0.30150 0.09328 0.00000 0.75396 0.00000 0.96578 0.49017 1.00000 0.98101 1.00000 0.98936 0.78779 0.59612 0.00602 0.50983 0.00000 0.17657 0.00000
1 1.00000 0.14841 0.99115 0.13791 0.97144 0.13654 0.96933 0.13990 0.95540 0.14245 0.93894 0.15888 0.93564 0.16744 0.92101 0.18751 0.90373 0.22498 0.89671 0.25262 0.89602 0.27015 0.89391 0.27352 0.89437 0.31223 0.90128 0.33732 0.91989 0.36675 0.91695 0.39116 0.91007 0.41529 0.90283 0.42358 0.89101 0.42275 0.88074 0.43258 0.85314 0.43066 0.84934 0.42688 0.84407 0.43530 0.84310 0.45984 0.87926 0.52038 0.90291 0.52203 0.90474 0.52568 0.90882 0.52245 0.91460 0.52636 0.91868 0.52313 0.92051 0.52678 0.95796 0.52939 0.95979 0.53304 0.98056 0.53273 0.98913 0.51575 0.97172 0.48113 0.95769 0.46081 0.95655 0.43963 0.94161 0.41749 0.94202 0.40698 0.94413 0.40361 0.94482 0.38607 0.94812 0.37752 0.98232 0.36232 0.99891 0.34238 1.00000 0.34035 1.00000 0.14841
6 0.01899 0.00000 0.01754 0.03668 0.11950 0.06417 0.13395 0.06518 0.12925 0.05079 0.16097 0.04831 0.16818 0.03241 0.16703 0.00000 0.01899 0.00000
6 0.17657 0.00000 0.17530 0.01884 0.18049 0.05436 0.20687 0.05386 0.20698 0.08434 0.30150 0.09328 0.00000 0.75396 0.00000 0.96578 0.49017 1.00000 0.98101 1.00000 0.98936 0.78779 0.59612 0.00602 0.50983 0.00000 0.17657 0.00000
1 1.00000 0.14841 0.99115 0.13791 0.97144 0.13654 0.96933 0.13990 0.95540 0.14245 0.93894 0.15888 0.93564 0.16744 0.92101 0.18751 0.90373 0.22498 0.89671 0.25262 0.89602 0.27015 0.89391 0.27352 0.89437 0.31223 0.90128 0.33732 0.91989 0.36675 0.91695 0.39116 0.91007 0.41529 0.90283 0.42358 0.89101 0.42275 0.88074 0.43258 0.85314 0.43066 0.84934 0.42688 0.84407 0.43530 0.84310 0.45984 0.87926 0.52038 0.90291 0.52203 0.90474 0.52568 0.90882 0.52245 0.91460 0.52636 0.91868 0.52313 0.92051 0.52678 0.95796 0.52939 0.95979 0.53304 0.98056 0.53273 0.98913 0.51575 0.97172 0.48113 0.95769 0.46081 0.95655 0.43963 0.94161 0.41749 0.94202 0.40698 0.94413 0.40361 0.94482 0.38607 0.94812 0.37752 0.98232 0.36232 0.99891 0.34238 1.00000 0.34035 1.00000 0.14841
6 0.01899 0.00000 0.01754 0.03668 0.11950 0.06417 0.13395 0.06518 0.12925 0.05079 0.16097 0.04831 0.16818 0.03241 0.16703 0.00000 0.01899 0.00000
6 0.17657 0.00000 0.17530 0.01884 0.18049 0.05436 0.20687 0.05386 0.20698 0.08434 0.30150 0.09328 0.00000 0.75396 0.00000 0.96578 0.49017 1.00000 0.98101 1.00000 0.98936 0.78779 0.59612 0.00602 0.50983 0.00000 0.17657 0.00000
1 1.00000 0.14841 0.99115 0.13791 0.97144 0.13654 0.96933 0.13990 0.95540 0.14245 0.93894 0.15888 0.93564 0.16744 0.92101 0.18751 0.90373 0.22498 0.89671 0.25262 0.89602 0.27015 0.89391 0.27352 0.89437 0.31223 0.90128 0.33732 0.91989 0.36675 0.91695 0.39116 0.91007 0.41529 0.90283 0.42358 0.89101 0.42275 0.88074 0.43258 0.85314 0.43066 0.84934 0.42688 0.84407 0.43530 0.84310 0.45984 0.87926 0.52038 0.90291 0.52203 0.90474 0.52568 0.90882 0.52245 0.91460 0.52636 0.91868 0.52313 0.92051 0.52678 0.95796 0.52939 0.95979 0.53304 0.98056 0.53273 0.98913 0.51575 0.97172 0.48113 0.95769 0.46081 0.95655 0.43963 0.94161 0.41749 0.94202 0.40698 0.94413 0.40361 0.94482 0.38607 0.94812 0.37752 0.98232 0.36232 0.99891 0.34238 1.00000 0.34035 1.00000 0.14841
6 0.01899 0.00000 0.01754 0.03668 0.11950 0.06417 0.13395 0.06518 0.12925 0.05079 0.16097 0.04831 0.16818 0.03241 0.16703 0.00000 0.01899 0.00000
6 0.17657 0.00000 0.17530 0.01884 0.18049 0.05436 0.20687 0.05386 0.20698 0.08434 0.30150 0.09328 0.00000 0.75396 0.00000 0.96578 0.49017 1.00000 0.98101 1.00000 0.98936 0.78779 0.59612 0.00602 0.50983 0.00000 0.17657 0.00000
