7 0.11523 0.46702 0.11523 0.44965 0.09277 0.44792 0.08984 0.45312 0.08984 0.46702 0.09375 0.47396 0.08984 0.48438 0.08984 0.53298 0.09277 0.54167 0.10938 0.53993 0.11328 0.53298 0.11328 0.47743 0.11133 0.47396 0.11523 0.46702
1 0.37207 0.73264 0.36035 0.72570 0.35742 0.72048 0.35547 0.70660 0.34863 0.69792 0.34473 0.69792 0.34180 0.68577 0.34180 0.66840 0.34668 0.65972 0.35059 0.65972 0.36133 0.64757 0.36719 0.63368 0.37305 0.60590 0.37305 0.58160 0.37109 0.57812 0.36914 0.55729 0.36035 0.54167 0.34473 0.53125 0.33496 0.53125 0.32520 0.53820 0.31641 0.55035 0.30664 0.57465 0.30469 0.58507 0.30469 0.61979 0.31250 0.64410 0.32813 0.66840 0.32813 0.67535 0.32324 0.70139 0.31348 0.70833 0.30762 0.72222 0.29785 0.72222 0.29297 0.73090 0.29785 0.74653 0.30176 0.74653 0.31348 0.75695 0.33594 0.75521 0.36621 0.75347 0.37207 0.75000 0.37500 0.74132 0.37207 0.73264
6 0.44238 0.89583 0.43457 0.89236 0.40723 0.86458 0.40332 0.86458 0.38184 0.84375 0.37793 0.84375 0.36230 0.82639 0.32715 0.79861 0.29394 0.76042 0.28027 0.75347 0.27051 0.73958 0.26660 0.73958 0.25293 0.72570 0.24316 0.72222 0.22168 0.70139 0.21777 0.70139 0.20020 0.68055 0.18848 0.67708 0.17285 0.66320 0.16309 0.64236 0.14551 0.63542 0.13379 0.61458 0.12598 0.61458 0.11426 0.60764 0.09668 0.58680 0.07910 0.57986 0.06152 0.55903 0.04980 0.55208 0.04394 0.54167 0.01465 0.51736 0.00879 0.51736 0.00684 0.51389 0.00000 0.51562 0.00098 0.99653 0.01465 0.99653 0.01660 0.99305 0.02441 0.99305 0.02637 0.99653 0.02832 0.99305 0.04004 0.99305 0.04199 0.99653 0.04590 0.99305 0.05371 0.99305 0.05566 0.99653 0.06152 0.99653 0.06348 0.99305 0.06738 0.99653 0.07520 0.99653 0.07715 0.99305 0.08301 0.99305 0.08496 0.99653 0.10254 0.99653 0.10449 0.99305 0.10840 0.99653 0.54101 0.99479 0.52441 0.97917 0.51465 0.96528 0.45996 0.91667 0.44238 0.89583
7 0.11523 0.46702 0.11523 0.44965 0.09277 0.44792 0.08984 0.45312 0.08984 0.46702 0.09375 0.47396 0.08984 0.48438 0.08984 0.53298 0.09277 0.54167 0.10938 0.53993 0.11328 0.53298 0.11328 0.47743 0.11133 0.47396 0.11523 0.46702
1 0.37207 0.73264 0.36035 0.72570 0.35742 0.72048 0.35547 0.70660 0.34863 0.69792 0.34473 0.69792 0.34180 0.68577 0.34180 0.66840 0.34668 0.65972 0.35059 0.65972 0.36133 0.64757 0.36719 0.63368 0.37305 0.60590 0.37305 0.58160 0.37109 0.57812 0.36914 0.55729 0.36035 0.54167 0.34473 0.53125 0.33496 0.53125 0.32520 0.53820 0.31641 0.55035 0.30664 0.57465 0.30469 0.58507 0.30469 0.61979 0.31250 0.64410 0.32813 0.66840 0.32813 0.67535 0.32324 0.70139 0.31348 0.70833 0.30762 0.72222 0.29785 0.72222 0.29297 0.73090 0.29785 0.74653 0.30176 0.74653 0.31348 0.75695 0.33594 0.75521 0.36621 0.75347 0.37207 0.75000 0.37500 0.74132 0.37207 0.73264
6 0.44238 0.89583 0.43457 0.89236 0.40723 0.86458 0.40332 0.86458 0.38184 0.84375 0.37793 0.84375 0.36230 0.82639 0.32715 0.79861 0.29394 0.76042 0.28027 0.75347 0.27051 0.73958 0.26660 0.73958 0.25293 0.72570 0.24316 0.72222 0.22168 0.70139 0.21777 0.70139 0.20020 0.68055 0.18848 0.67708 0.17285 0.66320 0.16309 0.64236 0.14551 0.63542 0.13379 0.61458 0.12598 0.61458 0.11426 0.60764 0.09668 0.58680 0.07910 0.57986 0.06152 0.55903 0.04980 0.55208 0.04394 0.54167 0.01465 0.51736 0.00879 0.51736 0.00684 0.51389 0.00000 0.51562 0.00098 0.99653 0.01465 0.99653 0.01660 0.99305 0.02441 0.99305 0.02637 0.99653 0.02832 0.99305 0.04004 0.99305 0.04199 0.99653 0.04590 0.99305 0.05371 0.99305 0.05566 0.99653 0.06152 0.99653 0.06348 0.99305 0.06738 0.99653 0.07520 0.99653 0.07715 0.99305 0.08301 0.99305 0.08496 0.99653 0.10254 0.99653 0.10449 0.99305 0.10840 0.99653 0.54101 0.99479 0.52441 0.97917 0.51465 0.96528 0.45996 0.91667 0.44238 0.89583
7 0.11523 0.46702 0.11523 0.44965 0.09277 0.44792 0.08984 0.45312 0.08984 0.46702 0.09375 0.47396 0.08984 0.48438 0.08984 0.53298 0.09277 0.54167 0.10938 0.53993 0.11328 0.53298 0.11328 0.47743 0.11133 0.47396 0.11523 0.46702
1 0.37207 0.73264 0.36035 0.72570 0.35742 0.72048 0.35547 0.70660 0.34863 0.69792 0.34473 0.69792 0.34180 0.68577 0.34180 0.66840 0.34668 0.65972 0.35059 0.65972 0.36133 0.64757 0.36719 0.63368 0.37305 0.60590 0.37305 0.58160 0.37109 0.57812 0.36914 0.55729 0.36035 0.54167 0.34473 0.53125 0.33496 0.53125 0.32520 0.53820 0.31641 0.55035 0.30664 0.57465 0.30469 0.58507 0.30469 0.61979 0.31250 0.64410 0.32813 0.66840 0.32813 0.67535 0.32324 0.70139 0.31348 0.70833 0.30762 0.72222 0.29785 0.72222 0.29297 0.73090 0.29785 0.74653 0.30176 0.74653 0.31348 0.75695 0.33594 0.75521 0.36621 0.75347 0.37207 0.75000 0.37500 0.74132 0.37207 0.73264
6 0.44238 0.89583 0.43457 0.89236 0.40723 0.86458 0.40332 0.86458 0.38184 0.84375 0.37793 0.84375 0.36230 0.82639 0.32715 0.79861 0.29394 0.76042 0.28027 0.75347 0.27051 0.73958 0.26660 0.73958 0.25293 0.72570 0.24316 0.72222 0.22168 0.70139 0.21777 0.70139 0.20020 0.68055 0.18848 0.67708 0.17285 0.66320 0.16309 0.64236 0.14551 0.63542 0.13379 0.61458 0.12598 0.61458 0.11426 0.60764 0.09668 0.58680 0.07910 0.57986 0.06152 0.55903 0.04980 0.55208 0.04394 0.54167 0.01465 0.51736 0.00879 0.51736 0.00684 0.51389 0.00000 0.51562 0.00098 0.99653 0.01465 0.99653 0.01660 0.99305 0.02441 0.99305 0.02637 0.99653 0.02832 0.99305 0.04004 0.99305 0.04199 0.99653 0.04590 0.99305 0.05371 0.99305 0.05566 0.99653 0.06152 0.99653 0.06348 0.99305 0.06738 0.99653 0.07520 0.99653 0.07715 0.99305 0.08301 0.99305 0.08496 0.99653 0.10254 0.99653 0.10449 0.99305 0.10840 0.99653 0.54101 0.99479 0.52441 0.97917 0.51465 0.96528 0.45996 0.91667 0.44238 0.89583
7 0.11523 0.46702 0.11523 0.44965 0.09277 0.44792 0.08984 0.45312 0.08984 0.46702 0.09375 0.47396 0.08984 0.48438 0.08984 0.53298 0.09277 0.54167 0.10938 0.53993 0.11328 0.53298 0.11328 0.47743 0.11133 0.47396 0.11523 0.46702
1 0.37207 0.73264 0.36035 0.72570 0.35742 0.72048 0.35547 0.70660 0.34863 0.69792 0.34473 0.69792 0.34180 0.68577 0.34180 0.66840 0.34668 0.65972 0.35059 0.65972 0.36133 0.64757 0.36719 0.63368 0.37305 0.60590 0.37305 0.58160 0.37109 0.57812 0.36914 0.55729 0.36035 0.54167 0.34473 0.53125 0.33496 0.53125 0.32520 0.53820 0.31641 0.55035 0.30664 0.57465 0.30469 0.58507 0.30469 0.61979 0.31250 0.64410 0.32813 0.66840 0.32813 0.67535 0.32324 0.70139 0.31348 0.70833 0.30762 0.72222 0.29785 0.72222 0.29297 0.73090 0.29785 0.74653 0.30176 0.74653 0.31348 0.75695 0.33594 0.75521 0.36621 0.75347 0.37207 0.75000 0.37500 0.74132 0.37207 0.73264
6 0.44238 0.89583 0.43457 0.89236 0.40723 0.86458 0.40332 0.86458 0.38184 0.84375 0.37793 0.84375 0.36230 0.82639 0.32715 0.79861 0.29394 0.76042 0.28027 0.75347 0.27051 0.73958 0.26660 0.73958 0.25293 0.72570 0.24316 0.72222 0.22168 0.70139 0.21777 0.70139 0.20020 0.68055 0.18848 0.67708 0.17285 0.66320 0.16309 0.64236 0.14551 0.63542 0.13379 0.61458 0.12598 0.61458 0.11426 0.60764 0.09668 0.58680 0.07910 0.57986 0.06152 0.55903 0.04980 0.55208 0.04394 0.54167 0.01465 0.51736 0.00879 0.51736 0.00684 0.51389 0.00000 0.51562 0.00098 0.99653 0.01465 0.99653 0.01660 0.99305 0.02441 0.99305 0.02637 0.99653 0.02832 0.99305 0.04004 0.99305 0.04199 0.99653 0.04590 0.99305 0.05371 0.99305 0.05566 0.99653 0.06152 0.99653 0.06348 0.99305 0.06738 0.99653 0.07520 0.99653 0.07715 0.99305 0.08301 0.99305 0.08496 0.99653 0.10254 0.99653 0.10449 0.99305 0.10840 0.99653 0.54101 0.99479 0.52441 0.97917 0.51465 0.96528 0.45996 0.91667 0.44238 0.89583
7 0.11523 0.46702 0.11523 0.44965 0.09277 0.44792 0.08984 0.45312 0.08984 0.46702 0.09375 0.47396 0.08984 0.48438 0.08984 0.53298 0.09277 0.54167 0.10938 0.53993 0.11328 0.53298 0.11328 0.47743 0.11133 0.47396 0.11523 0.46702
1 0.37207 0.73264 0.36035 0.72570 0.35742 0.72048 0.35547 0.70660 0.34863 0.69792 0.34473 0.69792 0.34180 0.68577 0.34180 0.66840 0.34668 0.65972 0.35059 0.65972 0.36133 0.64757 0.36719 0.63368 0.37305 0.60590 0.37305 0.58160 0.37109 0.57812 0.36914 0.55729 0.36035 0.54167 0.34473 0.53125 0.33496 0.53125 0.32520 0.53820 0.31641 0.55035 0.30664 0.57465 0.30469 0.58507 0.30469 0.61979 0.31250 0.64410 0.32813 0.66840 0.32813 0.67535 0.32324 0.70139 0.31348 0.70833 0.30762 0.72222 0.29785 0.72222 0.29297 0.73090 0.29785 0.74653 0.30176 0.74653 0.31348 0.75695 0.33594 0.75521 0.36621 0.75347 0.37207 0.75000 0.37500 0.74132 0.37207 0.73264
6 0.44238 0.89583 0.43457 0.89236 0.40723 0.86458 0.40332 0.86458 0.38184 0.84375 0.37793 0.84375 0.36230 0.82639 0.32715 0.79861 0.29394 0.76042 0.28027 0.75347 0.27051 0.73958 0.26660 0.73958 0.25293 0.72570 0.24316 0.72222 0.22168 0.70139 0.21777 0.70139 0.20020 0.68055 0.18848 0.67708 0.17285 0.66320 0.16309 0.64236 0.14551 0.63542 0.13379 0.61458 0.12598 0.61458 0.11426 0.60764 0.09668 0.58680 0.07910 0.57986 0.06152 0.55903 0.04980 0.55208 0.04394 0.54167 0.01465 0.51736 0.00879 0.51736 0.00684 0.51389 0.00000 0.51562 0.00098 0.99653 0.01465 0.99653 0.01660 0.99305 0.02441 0.99305 0.02637 0.99653 0.02832 0.99305 0.04004 0.99305 0.04199 0.99653 0.04590 0.99305 0.05371 0.99305 0.05566 0.99653 0.06152 0.99653 0.06348 0.99305 0.06738 0.99653 0.07520 0.99653 0.07715 0.99305 0.08301 0.99305 0.08496 0.99653 0.10254 0.99653 0.10449 0.99305 0.10840 0.99653 0.54101 0.99479 0.52441 0.97917 0.51465 0.96528 0.45996 0.91667 0.44238 0.89583
