2 0.86436 0.62269 0.83504 0.60644 0.83226 0.60093 0.83282 0.58677 0.82833 0.57403 0.81438 0.57305 0.81160 0.56754 0.81059 0.54262 0.80873 0.53895 0.81142 0.52139 0.81568 0.51459 0.82050 0.49362 0.82959 0.46586 0.83385 0.45906 0.83413 0.45198 0.84775 0.41034 0.85739 0.36843 0.85781 0.35780 0.85331 0.34507 0.81746 0.34257 0.81533 0.34597 0.79143 0.34430 0.78929 0.34770 0.75145 0.34506 0.74213 0.35328 0.74158 0.36744 0.75969 0.41484 0.76283 0.43636 0.76668 0.44018 0.76626 0.45080 0.78238 0.49806 0.78710 0.53034 0.78543 0.57281 0.78024 0.57777 0.77227 0.57721 0.76694 0.58571 0.76490 0.61220 0.74299 0.61066 0.73780 0.61562 0.73725 0.62979 0.74188 0.63898 0.76893 0.66216 0.77250 0.67306 0.77634 0.67688 0.77940 0.67532 0.78514 0.65620 0.79311 0.65675 0.79524 0.65336 0.83110 0.65586 0.83323 0.65246 0.84717 0.65343 0.85537 0.67352 0.86014 0.67918 0.86177 0.66332 0.86816 0.65312 0.86899 0.63188 0.86436 0.62269
6 0.94937 1.00000 0.63478 0.45877 0.58105 0.40296 0.50959 0.35775 0.39415 0.34733 0.14829 0.33489 0.10159 0.40499 0.23315 0.41180 0.26864 0.42375 0.25443 0.44642 0.00000 0.83271 0.00000 0.96578 0.49017 1.00000 0.94937 1.00000
2 0.86436 0.62269 0.83504 0.60644 0.83226 0.60093 0.83282 0.58677 0.82833 0.57403 0.81438 0.57305 0.81160 0.56754 0.81059 0.54262 0.80873 0.53895 0.81142 0.52139 0.81568 0.51459 0.82050 0.49362 0.82959 0.46586 0.83385 0.45906 0.83413 0.45198 0.84775 0.41034 0.85739 0.36843 0.85781 0.35780 0.85331 0.34507 0.81746 0.34257 0.81533 0.34597 0.79143 0.34430 0.78929 0.34770 0.75145 0.34506 0.74213 0.35328 0.74158 0.36744 0.75969 0.41484 0.76283 0.43636 0.76668 0.44018 0.76626 0.45080 0.78238 0.49806 0.78710 0.53034 0.78543 0.57281 0.78024 0.57777 0.77227 0.57721 0.76694 0.58571 0.76490 0.61220 0.74299 0.61066 0.73780 0.61562 0.73725 0.62979 0.74188 0.63898 0.76893 0.66216 0.77250 0.67306 0.77634 0.67688 0.77940 0.67532 0.78514 0.65620 0.79311 0.65675 0.79524 0.65336 0.83110 0.65586 0.83323 0.65246 0.84717 0.65343 0.85537 0.67352 0.86014 0.67918 0.86177 0.66332 0.86816 0.65312 0.86899 0.63188 0.86436 0.62269
6 0.94937 1.00000 0.63478 0.45877 0.58105 0.40296 0.50959 0.35775 0.39415 0.34733 0.14829 0.33489 0.10159 0.40499 0.23315 0.41180 0.26864 0.42375 0.25443 0.44642 0.00000 0.83271 0.00000 0.96578 0.49017 1.00000 0.94937 1.00000
2 0.86436 0.62269 0.83504 0.60644 0.83226 0.60093 0.83282 0.58677 0.82833 0.57403 0.81438 0.57305 0.81160 0.56754 0.81059 0.54262 0.80873 0.53895 0.81142 0.52139 0.81568 0.51459 0.82050 0.49362 0.82959 0.46586 0.83385 0.45906 0.83413 0.45198 0.84775 0.41034 0.85739 0.36843 0.85781 0.35780 0.85331 0.34507 0.81746 0.34257 0.81533 0.34597 0.79143 0.34430 0.78929 0.34770 0.75145 0.34506 0.74213 0.35328 0.74158 0.36744 0.75969 0.41484 0.76283 0.43636 0.76668 0.44018 0.76626 0.45080 0.78238 0.49806 0.78710 0.53034 0.78543 0.57281 0.78024 0.57777 0.77227 0.57721 0.76694 0.58571 0.76490 0.61220 0.74299 0.61066 0.73780 0.61562 0.73725 0.62979 0.74188 0.63898 0.76893 0.66216 0.77250 0.67306 0.77634 0.67688 0.77940 0.67532 0.78514 0.65620 0.79311 0.65675 0.79524 0.65336 0.83110 0.65586 0.83323 0.65246 0.84717 0.65343 0.85537 0.67352 0.86014 0.67918 0.86177 0.66332 0.86816 0.65312 0.86899 0.63188 0.86436 0.62269
6 0.94937 1.00000 0.63478 0.45877 0.58105 0.40296 0.50959 0.35775 0.39415 0.34733 0.14829 0.33489 0.10159 0.40499 0.23315 0.41180 0.26864 0.42375 0.25443 0.44642 0.00000 0.83271 0.00000 0.96578 0.49017 1.00000 0.94937 1.00000
2 0.86436 0.62269 0.83504 0.60644 0.83226 0.60093 0.83282 0.58677 0.82833 0.57403 0.81438 0.57305 0.81160 0.56754 0.81059 0.54262 0.80873 0.53895 0.81142 0.52139 0.81568 0.51459 0.82050 0.49362 0.82959 0.46586 0.83385 0.45906 0.83413 0.45198 0.84775 0.41034 0.85739 0.36843 0.85781 0.35780 0.85331 0.34507 0.81746 0.34257 0.81533 0.34597 0.79143 0.34430 0.78929 0.34770 0.75145 0.34506 0.74213 0.35328 0.74158 0.36744 0.75969 0.41484 0.76283 0.43636 0.76668 0.44018 0.76626 0.45080 0.78238 0.49806 0.78710 0.53034 0.78543 0.57281 0.78024 0.57777 0.77227 0.57721 0.76694 0.58571 0.76490 0.61220 0.74299 0.61066 0.73780 0.61562 0.73725 0.62979 0.74188 0.63898 0.76893 0.66216 0.77250 0.67306 0.77634 0.67688 0.77940 0.67532 0.78514 0.65620 0.79311 0.65675 0.79524 0.65336 0.83110 0.65586 0.83323 0.65246 0.84717 0.65343 0.85537 0.67352 0.86014 0.67918 0.86177 0.66332 0.86816 0.65312 0.86899 0.63188 0.86436 0.62269
6 0.94937 1.00000 0.63478 0.45877 0.58105 0.40296 0.50959 0.35775 0.39415 0.34733 0.14829 0.33489 0.10159 0.40499 0.23315 0.41180 0.26864 0.42375 0.25443 0.44642 0.00000 0.83271 0.00000 0.96578 0.49017 1.00000 0.94937 1.00000
2 0.86436 0.62269 0.83504 0.60644 0.83226 0.60093 0.83282 0.58677 0.82833 0.57403 0.81438 0.57305 0.81160 0.56754 0.81059 0.54262 0.80873 0.53895 0.81142 0.52139 0.81568 0.51459 0.82050 0.49362 0.82959 0.46586 0.83385 0.45906 0.83413 0.45198 0.84775 0.41034 0.85739 0.36843 0.85781 0.35780 0.85331 0.34507 0.81746 0.34257 0.81533 0.34597 0.79143 0.34430 0.78929 0.34770 0.75145 0.34506 0.74213 0.35328 0.74158 0.36744 0.75969 0.41484 0.76283 0.43636 0.76668 0.44018 0.76626 0.45080 0.78238 0.49806 0.78710 0.53034 0.78543 0.57281 0.78024 0.57777 0.77227 0.57721 0.76694 0.58571 0.76490 0.61220 0.74299 0.61066 0.73780 0.61562 0.73725 0.62979 0.74188 0.63898 0.76893 0.66216 0.77250 0.67306 0.77634 0.67688 0.77940 0.67532 0.78514 0.65620 0.79311 0.65675 0.79524 0.65336 0.83110 0.65586 0.83323 0.65246 0.84717 0.65343 0.85537 0.67352 0.86014 0.67918 0.86177 0.66332 0.86816 0.65312 0.86899 0.63188 0.86436 0.62269
6 0.94937 1.00000 0.63478 0.45877 0.58105 0.40296 0.50959 0.35775 0.39415 0.34733 0.14829 0.33489 0.10159 0.40499 0.23315 0.41180 0.26864 0.42375 0.25443 0.44642 0.00000 0.83271 0.00000 0.96578 0.49017 1.00000 0.94937 1.00000
2 0.86436 0.62269 0.83504 0.60644 0.83226 0.60093 0.83282 0.58677 0.82833 0.57403 0.81438 0.57305 0.81160 0.56754 0.81059 0.54262 0.80873 0.53895 0.81142 0.52139 0.81568 0.51459 0.82050 0.49362 0.82959 0.46586 0.83385 0.45906 0.83413 0.45198 0.84775 0.41034 0.85739 0.36843 0.85781 0.35780 0.85331 0.34507 0.81746 0.34257 0.81533 0.34597 0.79143 0.34430 0.78929 0.34770 0.75145 0.34506 0.74213 0.35328 0.74158 0.36744 0.75969 0.41484 0.76283 0.43636 0.76668 0.44018 0.76626 0.45080 0.78238 0.49806 0.78710 0.53034 0.78543 0.57281 0.78024 0.57777 0.77227 0.57721 0.76694 0.58571 0.76490 0.61220 0.74299 0.61066 0.73780 0.61562 0.73725 0.62979 0.74188 0.63898 0.76893 0.66216 0.77250 0.67306 0.77634 0.67688 0.77940 0.67532 0.78514 0.65620 0.79311 0.65675 0.79524 0.65336 0.83110 0.65586 0.83323 0.65246 0.84717 0.65343 0.85537 0.67352 0.86014 0.67918 0.86177 0.66332 0.86816 0.65312 0.86899 0.63188 0.86436 0.62269
6 0.94937 1.00000 0.63478 0.45877 0.58105 0.40296 0.50959 0.35775 0.39415 0.34733 0.14829 0.33489 0.10159 0.40499 0.23315 0.41180 0.26864 0.42375 0.25443 0.44642 0.00000 0.83271 0.00000 0.96578 0.49017 1.00000 0.94937 1.00000
