6 0.00000 0.97705 0.30284 0.99113 0.27977 0.96901 0.26968 0.96491 0.22184 0.92277 0.19778 0.90714 0.18390 0.89198 0.17381 0.88788 0.15595 0.86890 0.14392 0.86109 0.13412 0.84611 0.12801 0.84583 0.11811 0.83448 0.10802 0.83038 0.09211 0.81513 0.07998 0.81093 0.06407 0.79568 0.04195 0.78376 0.00410 0.74934 0.00000 0.74668 0.00000 0.91427 0.00080 0.91430 0.00000 0.91726 0.00000 0.97705
5 0.24042 0.82040 0.24192 0.80541 0.22617 0.80272 0.22581 0.76015 0.24070 0.75364 0.25808 0.70797 0.26050 0.64392 0.23689 0.60420 0.21451 0.60185 0.18767 0.65756 0.18048 0.72138 0.20582 0.76511 0.20761 0.80905 0.19027 0.81087 0.18516 0.83747 0.15975 0.83825 0.15544 0.86227 0.20064 0.89253 0.26683 0.86549 0.26927 0.84269 0.24042 0.82040
6 0.00000 0.97705 0.30284 0.99113 0.27977 0.96901 0.26968 0.96491 0.22184 0.92277 0.19778 0.90714 0.18390 0.89198 0.17381 0.88788 0.15595 0.86890 0.14392 0.86109 0.13412 0.84611 0.12801 0.84583 0.11811 0.83448 0.10802 0.83038 0.09211 0.81513 0.07998 0.81093 0.06407 0.79568 0.04195 0.78376 0.00410 0.74934 0.00000 0.74668 0.00000 0.91427 0.00080 0.91430 0.00000 0.91726 0.00000 0.97705
5 0.24042 0.82040 0.24192 0.80541 0.22617 0.80272 0.22581 0.76015 0.24070 0.75364 0.25808 0.70797 0.26050 0.64392 0.23689 0.60420 0.21451 0.60185 0.18767 0.65756 0.18048 0.72138 0.20582 0.76511 0.20761 0.80905 0.19027 0.81087 0.18516 0.83747 0.15975 0.83825 0.15544 0.86227 0.20064 0.89253 0.26683 0.86549 0.26927 0.84269 0.24042 0.82040
6 0.00000 0.97705 0.30284 0.99113 0.27977 0.96901 0.26968 0.96491 0.22184 0.92277 0.19778 0.90714 0.18390 0.89198 0.17381 0.88788 0.15595 0.86890 0.14392 0.86109 0.13412 0.84611 0.12801 0.84583 0.11811 0.83448 0.10802 0.83038 0.09211 0.81513 0.07998 0.81093 0.06407 0.79568 0.04195 0.78376 0.00410 0.74934 0.00000 0.74668 0.00000 0.91427 0.00080 0.91430 0.00000 0.91726 0.00000 0.97705
5 0.24042 0.82040 0.24192 0.80541 0.22617 0.80272 0.22581 0.76015 0.24070 0.75364 0.25808 0.70797 0.26050 0.64392 0.23689 0.60420 0.21451 0.60185 0.18767 0.65756 0.18048 0.72138 0.20582 0.76511 0.20761 0.80905 0.19027 0.81087 0.18516 0.83747 0.15975 0.83825 0.15544 0.86227 0.20064 0.89253 0.26683 0.86549 0.26927 0.84269 0.24042 0.82040
6 0.00000 0.97705 0.30284 0.99113 0.27977 0.96901 0.26968 0.96491 0.22184 0.92277 0.19778 0.90714 0.18390 0.89198 0.17381 0.88788 0.15595 0.86890 0.14392 0.86109 0.13412 0.84611 0.12801 0.84583 0.11811 0.83448 0.10802 0.83038 0.09211 0.81513 0.07998 0.81093 0.06407 0.79568 0.04195 0.78376 0.00410 0.74934 0.00000 0.74668 0.00000 0.91427 0.00080 0.91430 0.00000 0.91726 0.00000 0.97705
5 0.24042 0.82040 0.24192 0.80541 0.22617 0.80272 0.22581 0.76015 0.24070 0.75364 0.25808 0.70797 0.26050 0.64392 0.23689 0.60420 0.21451 0.60185 0.18767 0.65756 0.18048 0.72138 0.20582 0.76511 0.20761 0.80905 0.19027 0.81087 0.18516 0.83747 0.15975 0.83825 0.15544 0.86227 0.20064 0.89253 0.26683 0.86549 0.26927 0.84269 0.24042 0.82040
6 0.00000 0.97705 0.30284 0.99113 0.27977 0.96901 0.26968 0.96491 0.22184 0.92277 0.19778 0.90714 0.18390 0.89198 0.17381 0.88788 0.15595 0.86890 0.14392 0.86109 0.13412 0.84611 0.12801 0.84583 0.11811 0.83448 0.10802 0.83038 0.09211 0.81513 0.07998 0.81093 0.06407 0.79568 0.04195 0.78376 0.00410 0.74934 0.00000 0.74668 0.00000 0.91427 0.00080 0.91430 0.00000 0.91726 0.00000 0.97705
5 0.24042 0.82040 0.24192 0.80541 0.22617 0.80272 0.22581 0.76015 0.24070 0.75364 0.25808 0.70797 0.26050 0.64392 0.23689 0.60420 0.21451 0.60185 0.18767 0.65756 0.18048 0.72138 0.20582 0.76511 0.20761 0.80905 0.19027 0.81087 0.18516 0.83747 0.15975 0.83825 0.15544 0.86227 0.20064 0.89253 0.26683 0.86549 0.26927 0.84269 0.24042 0.82040
6 0.00000 0.97705 0.30284 0.99113 0.27977 0.96901 0.26968 0.96491 0.22184 0.92277 0.19778 0.90714 0.18390 0.89198 0.17381 0.88788 0.15595 0.86890 0.14392 0.86109 0.13412 0.84611 0.12801 0.84583 0.11811 0.83448 0.10802 0.83038 0.09211 0.81513 0.07998 0.81093 0.06407 0.79568 0.04195 0.78376 0.00410 0.74934 0.00000 0.74668 0.00000 0.91427 0.00080 0.91430 0.00000 0.91726 0.00000 0.97705
5 0.24042 0.82040 0.24192 0.80541 0.22617 0.80272 0.22581 0.76015 0.24070 0.75364 0.25808 0.70797 0.26050 0.64392 0.23689 0.60420 0.21451 0.60185 0.18767 0.65756 0.18048 0.72138 0.20582 0.76511 0.20761 0.80905 0.19027 0.81087 0.18516 0.83747 0.15975 0.83825 0.15544 0.86227 0.20064 0.89253 0.26683 0.86549 0.26927 0.84269 0.24042 0.82040
