2 0.58678 0.27902 0.58845 0.25363 0.59601 0.23258 0.59924 0.21468 0.60655 0.19726 0.60727 0.18638 0.61530 0.15808 0.61606 0.13076 0.58952 0.12766 0.58725 0.13105 0.55230 0.13064 0.54252 0.13863 0.54181 0.14952 0.55239 0.17633 0.56358 0.22514 0.57055 0.24423 0.57212 0.25172 0.57045 0.27711 0.57226 0.28098 0.57178 0.28823 0.55858 0.30131 0.55967 0.31606 0.55625 0.32114 0.54808 0.32019 0.54058 0.32480 0.53963 0.33930 0.55434 0.35016 0.55795 0.35789 0.56701 0.36077 0.57272 0.35230 0.59133 0.35081 0.60405 0.34498 0.60813 0.34546 0.61762 0.35753 0.62104 0.35245 0.62295 0.32343 0.61820 0.31740 0.60415 0.31211 0.59742 0.28939 0.58925 0.28844 0.58678 0.27902
6 0.96907 1.00000 0.97532 0.90482 0.46052 0.22836 0.43040 0.18587 0.37315 0.15971 0.31134 0.14032 0.19022 0.12621 0.06558 0.12386 0.02266 0.12599 0.01779 0.19998 0.04553 0.19949 0.09860 0.20568 0.12247 0.21820 0.12607 0.22593 0.12376 0.24029 0.11226 0.29011 0.00000 0.75418 0.00000 0.94364 0.48361 1.00000 0.96907 1.00000
2 0.58678 0.27902 0.58845 0.25363 0.59601 0.23258 0.59924 0.21468 0.60655 0.19726 0.60727 0.18638 0.61530 0.15808 0.61606 0.13076 0.58952 0.12766 0.58725 0.13105 0.55230 0.13064 0.54252 0.13863 0.54181 0.14952 0.55239 0.17633 0.56358 0.22514 0.57055 0.24423 0.57212 0.25172 0.57045 0.27711 0.57226 0.28098 0.57178 0.28823 0.55858 0.30131 0.55967 0.31606 0.55625 0.32114 0.54808 0.32019 0.54058 0.32480 0.53963 0.33930 0.55434 0.35016 0.55795 0.35789 0.56701 0.36077 0.57272 0.35230 0.59133 0.35081 0.60405 0.34498 0.60813 0.34546 0.61762 0.35753 0.62104 0.35245 0.62295 0.32343 0.61820 0.31740 0.60415 0.31211 0.59742 0.28939 0.58925 0.28844 0.58678 0.27902
6 0.96907 1.00000 0.97532 0.90482 0.46052 0.22836 0.43040 0.18587 0.37315 0.15971 0.31134 0.14032 0.19022 0.12621 0.06558 0.12386 0.02266 0.12599 0.01779 0.19998 0.04553 0.19949 0.09860 0.20568 0.12247 0.21820 0.12607 0.22593 0.12376 0.24029 0.11226 0.29011 0.00000 0.75418 0.00000 0.94364 0.48361 1.00000 0.96907 1.00000
2 0.58678 0.27902 0.58845 0.25363 0.59601 0.23258 0.59924 0.21468 0.60655 0.19726 0.60727 0.18638 0.61530 0.15808 0.61606 0.13076 0.58952 0.12766 0.58725 0.13105 0.55230 0.13064 0.54252 0.13863 0.54181 0.14952 0.55239 0.17633 0.56358 0.22514 0.57055 0.24423 0.57212 0.25172 0.57045 0.27711 0.57226 0.28098 0.57178 0.28823 0.55858 0.30131 0.55967 0.31606 0.55625 0.32114 0.54808 0.32019 0.54058 0.32480 0.53963 0.33930 0.55434 0.35016 0.55795 0.35789 0.56701 0.36077 0.57272 0.35230 0.59133 0.35081 0.60405 0.34498 0.60813 0.34546 0.61762 0.35753 0.62104 0.35245 0.62295 0.32343 0.61820 0.31740 0.60415 0.31211 0.59742 0.28939 0.58925 0.28844 0.58678 0.27902
6 0.96907 1.00000 0.97532 0.90482 0.46052 0.22836 0.43040 0.18587 0.37315 0.15971 0.31134 0.14032 0.19022 0.12621 0.06558 0.12386 0.02266 0.12599 0.01779 0.19998 0.04553 0.19949 0.09860 0.20568 0.12247 0.21820 0.12607 0.22593 0.12376 0.24029 0.11226 0.29011 0.00000 0.75418 0.00000 0.94364 0.48361 1.00000 0.96907 1.00000
2 0.58678 0.27902 0.58845 0.25363 0.59601 0.23258 0.59924 0.21468 0.60655 0.19726 0.60727 0.18638 0.61530 0.15808 0.61606 0.13076 0.58952 0.12766 0.58725 0.13105 0.55230 0.13064 0.54252 0.13863 0.54181 0.14952 0.55239 0.17633 0.56358 0.22514 0.57055 0.24423 0.57212 0.25172 0.57045 0.27711 0.57226 0.28098 0.57178 0.28823 0.55858 0.30131 0.55967 0.31606 0.55625 0.32114 0.54808 0.32019 0.54058 0.32480 0.53963 0.33930 0.55434 0.35016 0.55795 0.35789 0.56701 0.36077 0.57272 0.35230 0.59133 0.35081 0.60405 0.34498 0.60813 0.34546 0.61762 0.35753 0.62104 0.35245 0.62295 0.32343 0.61820 0.31740 0.60415 0.31211 0.59742 0.28939 0.58925 0.28844 0.58678 0.27902
6 0.96907 1.00000 0.97532 0.90482 0.46052 0.22836 0.43040 0.18587 0.37315 0.15971 0.31134 0.14032 0.19022 0.12621 0.06558 0.12386 0.02266 0.12599 0.01779 0.19998 0.04553 0.19949 0.09860 0.20568 0.12247 0.21820 0.12607 0.22593 0.12376 0.24029 0.11226 0.29011 0.00000 0.75418 0.00000 0.94364 0.48361 1.00000 0.96907 1.00000
2 0.58678 0.27902 0.58845 0.25363 0.59601 0.23258 0.59924 0.21468 0.60655 0.19726 0.60727 0.18638 0.61530 0.15808 0.61606 0.13076 0.58952 0.12766 0.58725 0.13105 0.55230 0.13064 0.54252 0.13863 0.54181 0.14952 0.55239 0.17633 0.56358 0.22514 0.57055 0.24423 0.57212 0.25172 0.57045 0.27711 0.57226 0.28098 0.57178 0.28823 0.55858 0.30131 0.55967 0.31606 0.55625 0.32114 0.54808 0.32019 0.54058 0.32480 0.53963 0.33930 0.55434 0.35016 0.55795 0.35789 0.56701 0.36077 0.57272 0.35230 0.59133 0.35081 0.60405 0.34498 0.60813 0.34546 0.61762 0.35753 0.62104 0.35245 0.62295 0.32343 0.61820 0.31740 0.60415 0.31211 0.59742 0.28939 0.58925 0.28844 0.58678 0.27902
6 0.96907 1.00000 0.97532 0.90482 0.46052 0.22836 0.43040 0.18587 0.37315 0.15971 0.31134 0.14032 0.19022 0.12621 0.06558 0.12386 0.02266 0.12599 0.01779 0.19998 0.04553 0.19949 0.09860 0.20568 0.12247 0.21820 0.12607 0.22593 0.12376 0.24029 0.11226 0.29011 0.00000 0.75418 0.00000 0.94364 0.48361 1.00000 0.96907 1.00000
2 0.58678 0.27902 0.58845 0.25363 0.59601 0.23258 0.59924 0.21468 0.60655 0.19726 0.60727 0.18638 0.61530 0.15808 0.61606 0.13076 0.58952 0.12766 0.58725 0.13105 0.55230 0.13064 0.54252 0.13863 0.54181 0.14952 0.55239 0.17633 0.56358 0.22514 0.57055 0.24423 0.57212 0.25172 0.57045 0.27711 0.57226 0.28098 0.57178 0.28823 0.55858 0.30131 0.55967 0.31606 0.55625 0.32114 0.54808 0.32019 0.54058 0.32480 0.53963 0.33930 0.55434 0.35016 0.55795 0.35789 0.56701 0.36077 0.57272 0.35230 0.59133 0.35081 0.60405 0.34498 0.60813 0.34546 0.61762 0.35753 0.62104 0.35245 0.62295 0.32343 0.61820 0.31740 0.60415 0.31211 0.59742 0.28939 0.58925 0.28844 0.58678 0.27902
6 0.96907 1.00000 0.97532 0.90482 0.46052 0.22836 0.43040 0.18587 0.37315 0.15971 0.31134 0.14032 0.19022 0.12621 0.06558 0.12386 0.02266 0.12599 0.01779 0.19998 0.04553 0.19949 0.09860 0.20568 0.12247 0.21820 0.12607 0.22593 0.12376 0.24029 0.11226 0.29011 0.00000 0.75418 0.00000 0.94364 0.48361 1.00000 0.96907 1.00000
