6 0.01280 0.00000 0.00000 0.48838 0.00000 0.97327 0.50077 1.00000 0.98720 1.00000 0.98891 0.93479 0.08694 0.00000 0.01280 0.00000
1 0.23873 0.00000 0.24135 0.01329 0.24737 0.02748 0.26040 0.04346 0.26897 0.05113 0.27048 0.06056 0.27408 0.09064 0.25289 0.08845 0.25245 0.10487 0.21895 0.10837 0.22258 0.13257 0.26307 0.16101 0.33225 0.15285 0.34006 0.13234 0.31514 0.11534 0.31109 0.07716 0.29348 0.08434 0.29045 0.05629 0.30787 0.03839 0.31759 0.01593 0.32163 0.00000 0.23873 0.00000
6 0.01280 0.00000 0.00000 0.48838 0.00000 0.97327 0.50077 1.00000 0.98720 1.00000 0.98891 0.93479 0.08694 0.00000 0.01280 0.00000
1 0.23873 0.00000 0.24135 0.01329 0.24737 0.02748 0.26040 0.04346 0.26897 0.05113 0.27048 0.06056 0.27408 0.09064 0.25289 0.08845 0.25245 0.10487 0.21895 0.10837 0.22258 0.13257 0.26307 0.16101 0.33225 0.15285 0.34006 0.13234 0.31514 0.11534 0.31109 0.07716 0.29348 0.08434 0.29045 0.05629 0.30787 0.03839 0.31759 0.01593 0.32163 0.00000 0.23873 0.00000
6 0.01280 0.00000 0.00000 0.48838 0.00000 0.97327 0.50077 1.00000 0.98720 1.00000 0.98891 0.93479 0.08694 0.00000 0.01280 0.00000
1 0.23873 0.00000 0.24135 0.01329 0.24737 0.02748 0.26040 0.04346 0.26897 0.05113 0.27048 0.06056 0.27408 0.09064 0.25289 0.08845 0.25245 0.10487 0.21895 0.10837 0.22258 0.13257 0.26307 0.16101 0.33225 0.15285 0.34006 0.13234 0.31514 0.11534 0.31109 0.07716 0.29348 0.08434 0.29045 0.05629 0.30787 0.03839 0.31759 0.01593 0.32163 0.00000 0.23873 0.00000
6 0.01280 0.00000 0.00000 0.48838 0.00000 0.97327 0.50077 1.00000 0.98720 1.00000 0.98891 0.93479 0.08694 0.00000 0.01280 0.00000
1 0.23873 0.00000 0.24135 0.01329 0.24737 0.02748 0.26040 0.04346 0.26897 0.05113 0.27048 0.06056 0.27408 0.09064 0.25289 0.08845 0.25245 0.10487 0.21895 0.10837 0.22258 0.13257 0.26307 0.16101 0.33225 0.15285 0.34006 0.13234 0.31514 0.11534 0.31109 0.07716 0.29348 0.08434 0.29045 0.05629 0.30787 0.03839 0.31759 0.01593 0.32163 0.00000 0.23873 0.00000
6 0.01280 0.00000 0.00000 0.48838 0.00000 0.97327 0.50077 1.00000 0.98720 1.00000 0.98891 0.93479 0.08694 0.00000 0.01280 0.00000
1 0.23873 0.00000 0.24135 0.01329 0.24737 0.02748 0.26040 0.04346 0.26897 0.05113 0.27048 0.06056 0.27408 0.09064 0.25289 0.08845 0.25245 0.10487 0.21895 0.10837 0.22258 0.13257 0.26307 0.16101 0.33225 0.15285 0.34006 0.13234 0.31514 0.11534 0.31109 0.07716 0.29348 0.08434 0.29045 0.05629 0.30787 0.03839 0.31759 0.01593 0.32163 0.00000 0.23873 0.00000
6 0.01280 0.00000 0.00000 0.48838 0.00000 0.97327 0.50077 1.00000 0.98720 1.00000 0.98891 0.93479 0.08694 0.00000 0.01280 0.00000
1 0.23873 0.00000 0.24135 0.01329 0.24737 0.02748 0.26040 0.04346 0.26897 0.05113 0.27048 0.06056 0.27408 0.09064 0.25289 0.08845 0.25245 0.10487 0.21895 0.10837 0.22258 0.13257 0.26307 0.16101 0.33225 0.15285 0.34006 0.13234 0.31514 0.11534 0.31109 0.07716 0.29348 0.08434 0.29045 0.05629 0.30787 0.03839 0.31759 0.01593 0.32163 0.00000 0.23873 0.00000
