2 0.61230 0.32639 0.62207 0.33680 0.62500 0.33160 0.62500 0.30382 0.62012 0.29861 0.60645 0.29514 0.59863 0.27430 0.59082 0.27430 0.58789 0.26562 0.58789 0.24132 0.59375 0.22048 0.59570 0.20312 0.60156 0.18577 0.60156 0.17535 0.60742 0.14757 0.60645 0.12153 0.58106 0.12153 0.57910 0.12500 0.54590 0.12847 0.53711 0.13715 0.53711 0.14757 0.54883 0.17188 0.56250 0.21702 0.57031 0.23438 0.57227 0.24132 0.57227 0.26562 0.57422 0.26910 0.57422 0.27604 0.56250 0.28993 0.56445 0.30382 0.56152 0.30903 0.55371 0.30903 0.54687 0.31423 0.54687 0.32812 0.56152 0.33680 0.56543 0.34375 0.57422 0.34548 0.57910 0.33680 0.59668 0.33333 0.60840 0.32639 0.61230 0.32639
6 1.00000 0.82176 0.46484 0.23148 0.43359 0.19445 0.37760 0.17593 0.31771 0.16435 0.20182 0.16435 0.08333 0.17593 0.00000 0.18982 0.00000 0.25926 0.06901 0.25000 0.11979 0.25000 0.14323 0.25926 0.14713 0.26620 0.14583 0.28009 0.13802 0.32870 0.02344 0.99768 1.00000 1.00000 1.00000 0.82176
2 0.61230 0.32639 0.62207 0.33680 0.62500 0.33160 0.62500 0.30382 0.62012 0.29861 0.60645 0.29514 0.59863 0.27430 0.59082 0.27430 0.58789 0.26562 0.58789 0.24132 0.59375 0.22048 0.59570 0.20312 0.60156 0.18577 0.60156 0.17535 0.60742 0.14757 0.60645 0.12153 0.58106 0.12153 0.57910 0.12500 0.54590 0.12847 0.53711 0.13715 0.53711 0.14757 0.54883 0.17188 0.56250 0.21702 0.57031 0.23438 0.57227 0.24132 0.57227 0.26562 0.57422 0.26910 0.57422 0.27604 0.56250 0.28993 0.56445 0.30382 0.56152 0.30903 0.55371 0.30903 0.54687 0.31423 0.54687 0.32812 0.56152 0.33680 0.56543 0.34375 0.57422 0.34548 0.57910 0.33680 0.59668 0.33333 0.60840 0.32639 0.61230 0.32639
6 1.00000 0.82176 0.46484 0.23148 0.43359 0.19445 0.37760 0.17593 0.31771 0.16435 0.20182 0.16435 0.08333 0.17593 0.00000 0.18982 0.00000 0.25926 0.06901 0.25000 0.11979 0.25000 0.14323 0.25926 0.14713 0.26620 0.14583 0.28009 0.13802 0.32870 0.02344 0.99768 1.00000 1.00000 1.00000 0.82176
2 0.61230 0.32639 0.62207 0.33680 0.62500 0.33160 0.62500 0.30382 0.62012 0.29861 0.60645 0.29514 0.59863 0.27430 0.59082 0.27430 0.58789 0.26562 0.58789 0.24132 0.59375 0.22048 0.59570 0.20312 0.60156 0.18577 0.60156 0.17535 0.60742 0.14757 0.60645 0.12153 0.58106 0.12153 0.57910 0.12500 0.54590 0.12847 0.53711 0.13715 0.53711 0.14757 0.54883 0.17188 0.56250 0.21702 0.57031 0.23438 0.57227 0.24132 0.57227 0.26562 0.57422 0.26910 0.57422 0.27604 0.56250 0.28993 0.56445 0.30382 0.56152 0.30903 0.55371 0.30903 0.54687 0.31423 0.54687 0.32812 0.56152 0.33680 0.56543 0.34375 0.57422 0.34548 0.57910 0.33680 0.59668 0.33333 0.60840 0.32639 0.61230 0.32639
6 1.00000 0.82176 0.46484 0.23148 0.43359 0.19445 0.37760 0.17593 0.31771 0.16435 0.20182 0.16435 0.08333 0.17593 0.00000 0.18982 0.00000 0.25926 0.06901 0.25000 0.11979 0.25000 0.14323 0.25926 0.14713 0.26620 0.14583 0.28009 0.13802 0.32870 0.02344 0.99768 1.00000 1.00000 1.00000 0.82176
2 0.61230 0.32639 0.62207 0.33680 0.62500 0.33160 0.62500 0.30382 0.62012 0.29861 0.60645 0.29514 0.59863 0.27430 0.59082 0.27430 0.58789 0.26562 0.58789 0.24132 0.59375 0.22048 0.59570 0.20312 0.60156 0.18577 0.60156 0.17535 0.60742 0.14757 0.60645 0.12153 0.58106 0.12153 0.57910 0.12500 0.54590 0.12847 0.53711 0.13715 0.53711 0.14757 0.54883 0.17188 0.56250 0.21702 0.57031 0.23438 0.57227 0.24132 0.57227 0.26562 0.57422 0.26910 0.57422 0.27604 0.56250 0.28993 0.56445 0.30382 0.56152 0.30903 0.55371 0.30903 0.54687 0.31423 0.54687 0.32812 0.56152 0.33680 0.56543 0.34375 0.57422 0.34548 0.57910 0.33680 0.59668 0.33333 0.60840 0.32639 0.61230 0.32639
6 1.00000 0.82176 0.46484 0.23148 0.43359 0.19445 0.37760 0.17593 0.31771 0.16435 0.20182 0.16435 0.08333 0.17593 0.00000 0.18982 0.00000 0.25926 0.06901 0.25000 0.11979 0.25000 0.14323 0.25926 0.14713 0.26620 0.14583 0.28009 0.13802 0.32870 0.02344 0.99768 1.00000 1.00000 1.00000 0.82176
2 0.61230 0.32639 0.62207 0.33680 0.62500 0.33160 0.62500 0.30382 0.62012 0.29861 0.60645 0.29514 0.59863 0.27430 0.59082 0.27430 0.58789 0.26562 0.58789 0.24132 0.59375 0.22048 0.59570 0.20312 0.60156 0.18577 0.60156 0.17535 0.60742 0.14757 0.60645 0.12153 0.58106 0.12153 0.57910 0.12500 0.54590 0.12847 0.53711 0.13715 0.53711 0.14757 0.54883 0.17188 0.56250 0.21702 0.57031 0.23438 0.57227 0.24132 0.57227 0.26562 0.57422 0.26910 0.57422 0.27604 0.56250 0.28993 0.56445 0.30382 0.56152 0.30903 0.55371 0.30903 0.54687 0.31423 0.54687 0.32812 0.56152 0.33680 0.56543 0.34375 0.57422 0.34548 0.57910 0.33680 0.59668 0.33333 0.60840 0.32639 0.61230 0.32639
6 1.00000 0.82176 0.46484 0.23148 0.43359 0.19445 0.37760 0.17593 0.31771 0.16435 0.20182 0.16435 0.08333 0.17593 0.00000 0.18982 0.00000 0.25926 0.06901 0.25000 0.11979 0.25000 0.14323 0.25926 0.14713 0.26620 0.14583 0.28009 0.13802 0.32870 0.02344 0.99768 1.00000 1.00000 1.00000 0.82176
2 0.61230 0.32639 0.62207 0.33680 0.62500 0.33160 0.62500 0.30382 0.62012 0.29861 0.60645 0.29514 0.59863 0.27430 0.59082 0.27430 0.58789 0.26562 0.58789 0.24132 0.59375 0.22048 0.59570 0.20312 0.60156 0.18577 0.60156 0.17535 0.60742 0.14757 0.60645 0.12153 0.58106 0.12153 0.57910 0.12500 0.54590 0.12847 0.53711 0.13715 0.53711 0.14757 0.54883 0.17188 0.56250 0.21702 0.57031 0.23438 0.57227 0.24132 0.57227 0.26562 0.57422 0.26910 0.57422 0.27604 0.56250 0.28993 0.56445 0.30382 0.56152 0.30903 0.55371 0.30903 0.54687 0.31423 0.54687 0.32812 0.56152 0.33680 0.56543 0.34375 0.57422 0.34548 0.57910 0.33680 0.59668 0.33333 0.60840 0.32639 0.61230 0.32639
6 1.00000 0.82176 0.46484 0.23148 0.43359 0.19445 0.37760 0.17593 0.31771 0.16435 0.20182 0.16435 0.08333 0.17593 0.00000 0.18982 0.00000 0.25926 0.06901 0.25000 0.11979 0.25000 0.14323 0.25926 0.14713 0.26620 0.14583 0.28009 0.13802 0.32870 0.02344 0.99768 1.00000 1.00000 1.00000 0.82176
