2 0.85088 0.54463 0.85147 0.52201 0.84845 0.51621 0.81698 0.50342 0.81395 0.49762 0.81435 0.48254 0.80940 0.46909 0.79357 0.46647 0.79205 0.44375 0.79003 0.43988 0.79052 0.42103 0.82293 0.31684 0.83500 0.26077 0.83550 0.24192 0.82833 0.23215 0.72640 0.23873 0.71874 0.24782 0.71835 0.26290 0.73430 0.30139 0.75360 0.37401 0.75965 0.38562 0.76743 0.41240 0.76644 0.45011 0.76846 0.45398 0.76816 0.46529 0.76262 0.47446 0.75627 0.47417 0.74871 0.47948 0.74681 0.51148 0.72776 0.51059 0.72130 0.51407 0.71798 0.51958 0.71769 0.53089 0.72061 0.54046 0.72899 0.54463 0.73302 0.55236 0.74563 0.55673 0.75360 0.57597 0.75884 0.57810 0.76902 0.55404 0.79019 0.55502 0.79241 0.55135 0.80723 0.55204 0.80944 0.54837 0.82003 0.54886 0.82225 0.54519 0.83485 0.54955 0.83950 0.57430 0.84586 0.57460 0.84645 0.55198 0.85088 0.54463
6 0.98720 1.00000 0.98865 0.94460 0.63138 0.37273 0.54545 0.30833 0.42330 0.27748 0.30204 0.26681 0.18313 0.27386 0.08849 0.27198 0.01889 0.33921 0.13195 0.33943 0.21234 0.34569 0.22459 0.36388 0.21418 0.38352 0.19618 0.42295 0.00000 0.73115 0.00000 0.97705 0.49345 1.00000 0.98720 1.00000
2 0.85088 0.54463 0.85147 0.52201 0.84845 0.51621 0.81698 0.50342 0.81395 0.49762 0.81435 0.48254 0.80940 0.46909 0.79357 0.46647 0.79205 0.44375 0.79003 0.43988 0.79052 0.42103 0.82293 0.31684 0.83500 0.26077 0.83550 0.24192 0.82833 0.23215 0.72640 0.23873 0.71874 0.24782 0.71835 0.26290 0.73430 0.30139 0.75360 0.37401 0.75965 0.38562 0.76743 0.41240 0.76644 0.45011 0.76846 0.45398 0.76816 0.46529 0.76262 0.47446 0.75627 0.47417 0.74871 0.47948 0.74681 0.51148 0.72776 0.51059 0.72130 0.51407 0.71798 0.51958 0.71769 0.53089 0.72061 0.54046 0.72899 0.54463 0.73302 0.55236 0.74563 0.55673 0.75360 0.57597 0.75884 0.57810 0.76902 0.55404 0.79019 0.55502 0.79241 0.55135 0.80723 0.55204 0.80944 0.54837 0.82003 0.54886 0.82225 0.54519 0.83485 0.54955 0.83950 0.57430 0.84586 0.57460 0.84645 0.55198 0.85088 0.54463
6 0.98720 1.00000 0.98865 0.94460 0.63138 0.37273 0.54545 0.30833 0.42330 0.27748 0.30204 0.26681 0.18313 0.27386 0.08849 0.27198 0.01889 0.33921 0.13195 0.33943 0.21234 0.34569 0.22459 0.36388 0.21418 0.38352 0.19618 0.42295 0.00000 0.73115 0.00000 0.97705 0.49345 1.00000 0.98720 1.00000
2 0.85088 0.54463 0.85147 0.52201 0.84845 0.51621 0.81698 0.50342 0.81395 0.49762 0.81435 0.48254 0.80940 0.46909 0.79357 0.46647 0.79205 0.44375 0.79003 0.43988 0.79052 0.42103 0.82293 0.31684 0.83500 0.26077 0.83550 0.24192 0.82833 0.23215 0.72640 0.23873 0.71874 0.24782 0.71835 0.26290 0.73430 0.30139 0.75360 0.37401 0.75965 0.38562 0.76743 0.41240 0.76644 0.45011 0.76846 0.45398 0.76816 0.46529 0.76262 0.47446 0.75627 0.47417 0.74871 0.47948 0.74681 0.51148 0.72776 0.51059 0.72130 0.51407 0.71798 0.51958 0.71769 0.53089 0.72061 0.54046 0.72899 0.54463 0.73302 0.55236 0.74563 0.55673 0.75360 0.57597 0.75884 0.57810 0.76902 0.55404 0.79019 0.55502 0.79241 0.55135 0.80723 0.55204 0.80944 0.54837 0.82003 0.54886 0.82225 0.54519 0.83485 0.54955 0.83950 0.57430 0.84586 0.57460 0.84645 0.55198 0.85088 0.54463
6 0.98720 1.00000 0.98865 0.94460 0.63138 0.37273 0.54545 0.30833 0.42330 0.27748 0.30204 0.26681 0.18313 0.27386 0.08849 0.27198 0.01889 0.33921 0.13195 0.33943 0.21234 0.34569 0.22459 0.36388 0.21418 0.38352 0.19618 0.42295 0.00000 0.73115 0.00000 0.97705 0.49345 1.00000 0.98720 1.00000
2 0.85088 0.54463 0.85147 0.52201 0.84845 0.51621 0.81698 0.50342 0.81395 0.49762 0.81435 0.48254 0.80940 0.46909 0.79357 0.46647 0.79205 0.44375 0.79003 0.43988 0.79052 0.42103 0.82293 0.31684 0.83500 0.26077 0.83550 0.24192 0.82833 0.23215 0.72640 0.23873 0.71874 0.24782 0.71835 0.26290 0.73430 0.30139 0.75360 0.37401 0.75965 0.38562 0.76743 0.41240 0.76644 0.45011 0.76846 0.45398 0.76816 0.46529 0.76262 0.47446 0.75627 0.47417 0.74871 0.47948 0.74681 0.51148 0.72776 0.51059 0.72130 0.51407 0.71798 0.51958 0.71769 0.53089 0.72061 0.54046 0.72899 0.54463 0.73302 0.55236 0.74563 0.55673 0.75360 0.57597 0.75884 0.57810 0.76902 0.55404 0.79019 0.55502 0.79241 0.55135 0.80723 0.55204 0.80944 0.54837 0.82003 0.54886 0.82225 0.54519 0.83485 0.54955 0.83950 0.57430 0.84586 0.57460 0.84645 0.55198 0.85088 0.54463
6 0.98720 1.00000 0.98865 0.94460 0.63138 0.37273 0.54545 0.30833 0.42330 0.27748 0.30204 0.26681 0.18313 0.27386 0.08849 0.27198 0.01889 0.33921 0.13195 0.33943 0.21234 0.34569 0.22459 0.36388 0.21418 0.38352 0.19618 0.42295 0.00000 0.73115 0.00000 0.97705 0.49345 1.00000 0.98720 1.00000
2 0.85088 0.54463 0.85147 0.52201 0.84845 0.51621 0.81698 0.50342 0.81395 0.49762 0.81435 0.48254 0.80940 0.46909 0.79357 0.46647 0.79205 0.44375 0.79003 0.43988 0.79052 0.42103 0.82293 0.31684 0.83500 0.26077 0.83550 0.24192 0.82833 0.23215 0.72640 0.23873 0.71874 0.24782 0.71835 0.26290 0.73430 0.30139 0.75360 0.37401 0.75965 0.38562 0.76743 0.41240 0.76644 0.45011 0.76846 0.45398 0.76816 0.46529 0.76262 0.47446 0.75627 0.47417 0.74871 0.47948 0.74681 0.51148 0.72776 0.51059 0.72130 0.51407 0.71798 0.51958 0.71769 0.53089 0.72061 0.54046 0.72899 0.54463 0.73302 0.55236 0.74563 0.55673 0.75360 0.57597 0.75884 0.57810 0.76902 0.55404 0.79019 0.55502 0.79241 0.55135 0.80723 0.55204 0.80944 0.54837 0.82003 0.54886 0.82225 0.54519 0.83485 0.54955 0.83950 0.57430 0.84586 0.57460 0.84645 0.55198 0.85088 0.54463
6 0.98720 1.00000 0.98865 0.94460 0.63138 0.37273 0.54545 0.30833 0.42330 0.27748 0.30204 0.26681 0.18313 0.27386 0.08849 0.27198 0.01889 0.33921 0.13195 0.33943 0.21234 0.34569 0.22459 0.36388 0.21418 0.38352 0.19618 0.42295 0.00000 0.73115 0.00000 0.97705 0.49345 1.00000 0.98720 1.00000
2 0.85088 0.54463 0.85147 0.52201 0.84845 0.51621 0.81698 0.50342 0.81395 0.49762 0.81435 0.48254 0.80940 0.46909 0.79357 0.46647 0.79205 0.44375 0.79003 0.43988 0.79052 0.42103 0.82293 0.31684 0.83500 0.26077 0.83550 0.24192 0.82833 0.23215 0.72640 0.23873 0.71874 0.24782 0.71835 0.26290 0.73430 0.30139 0.75360 0.37401 0.75965 0.38562 0.76743 0.41240 0.76644 0.45011 0.76846 0.45398 0.76816 0.46529 0.76262 0.47446 0.75627 0.47417 0.74871 0.47948 0.74681 0.51148 0.72776 0.51059 0.72130 0.51407 0.71798 0.51958 0.71769 0.53089 0.72061 0.54046 0.72899 0.54463 0.73302 0.55236 0.74563 0.55673 0.75360 0.57597 0.75884 0.57810 0.76902 0.55404 0.79019 0.55502 0.79241 0.55135 0.80723 0.55204 0.80944 0.54837 0.82003 0.54886 0.82225 0.54519 0.83485 0.54955 0.83950 0.57430 0.84586 0.57460 0.84645 0.55198 0.85088 0.54463
6 0.98720 1.00000 0.98865 0.94460 0.63138 0.37273 0.54545 0.30833 0.42330 0.27748 0.30204 0.26681 0.18313 0.27386 0.08849 0.27198 0.01889 0.33921 0.13195 0.33943 0.21234 0.34569 0.22459 0.36388 0.21418 0.38352 0.19618 0.42295 0.00000 0.73115 0.00000 0.97705 0.49345 1.00000 0.98720 1.00000
