6 1.00000 0.47598 0.91065 0.29997 0.85689 0.24395 0.78769 0.19121 0.67775 0.13935 0.55170 0.11408 0.37579 0.10991 0.00000 0.13737 0.00000 0.33293 0.27754 0.31975 0.31399 0.37688 0.05025 1.00000 1.00000 0.97454 1.00000 0.47598
5 0.00000 0.13102 0.01976 0.12695 0.03999 0.11619 0.03686 0.09440 0.01859 0.09843 0.01674 0.08730 0.00941 0.08437 0.00412 0.05945 0.00920 0.04818 0.00703 0.00132 0.00000 0.00000 0.00000 0.11061 0.00000 0.13102
6 1.00000 0.47598 0.91065 0.29997 0.85689 0.24395 0.78769 0.19121 0.67775 0.13935 0.55170 0.11408 0.37579 0.10991 0.00000 0.13737 0.00000 0.33293 0.27754 0.31975 0.31399 0.37688 0.05025 1.00000 1.00000 0.97454 1.00000 0.47598
5 0.00000 0.13102 0.01976 0.12695 0.03999 0.11619 0.03686 0.09440 0.01859 0.09843 0.01674 0.08730 0.00941 0.08437 0.00412 0.05945 0.00920 0.04818 0.00703 0.00132 0.00000 0.00000 0.00000 0.11061 0.00000 0.13102
6 1.00000 0.47598 0.91065 0.29997 0.85689 0.24395 0.78769 0.19121 0.67775 0.13935 0.55170 0.11408 0.37579 0.10991 0.00000 0.13737 0.00000 0.33293 0.27754 0.31975 0.31399 0.37688 0.05025 1.00000 1.00000 0.97454 1.00000 0.47598
5 0.00000 0.13102 0.01976 0.12695 0.03999 0.11619 0.03686 0.09440 0.01859 0.09843 0.01674 0.08730 0.00941 0.08437 0.00412 0.05945 0.00920 0.04818 0.00703 0.00132 0.00000 0.00000 0.00000 0.11061 0.00000 0.13102
6 1.00000 0.47598 0.91065 0.29997 0.85689 0.24395 0.78769 0.19121 0.67775 0.13935 0.55170 0.11408 0.37579 0.10991 0.00000 0.13737 0.00000 0.33293 0.27754 0.31975 0.31399 0.37688 0.05025 1.00000 1.00000 0.97454 1.00000 0.47598
5 0.00000 0.13102 0.01976 0.12695 0.03999 0.11619 0.03686 0.09440 0.01859 0.09843 0.01674 0.08730 0.00941 0.08437 0.00412 0.05945 0.00920 0.04818 0.00703 0.00132 0.00000 0.00000 0.00000 0.11061 0.00000 0.13102
6 1.00000 0.47598 0.91065 0.29997 0.85689 0.24395 0.78769 0.19121 0.67775 0.13935 0.55170 0.11408 0.37579 0.10991 0.00000 0.13737 0.00000 0.33293 0.27754 0.31975 0.31399 0.37688 0.05025 1.00000 1.00000 0.97454 1.00000 0.47598
5 0.00000 0.13102 0.01976 0.12695 0.03999 0.11619 0.03686 0.09440 0.01859 0.09843 0.01674 0.08730 0.00941 0.08437 0.00412 0.05945 0.00920 0.04818 0.00703 0.00132 0.00000 0.00000 0.00000 0.11061 0.00000 0.13102
6 1.00000 0.47598 0.91065 0.29997 0.85689 0.24395 0.78769 0.19121 0.67775 0.13935 0.55170 0.11408 0.37579 0.10991 0.00000 0.13737 0.00000 0.33293 0.27754 0.31975 0.31399 0.37688 0.05025 1.00000 1.00000 0.97454 1.00000 0.47598
5 0.00000 0.13102 0.01976 0.12695 0.03999 0.11619 0.03686 0.09440 0.01859 0.09843 0.01674 0.08730 0.00941 0.08437 0.00412 0.05945 0.00920 0.04818 0.00703 0.00132 0.00000 0.00000 0.00000 0.11061 0.00000 0.13102
