6 1.00000 0.66887 0.69288 0.35424 0.57595 0.22040 0.50614 0.19358 0.42217 0.19967 0.33538 0.20621 0.24081 0.22168 0.15904 0.32938 0.19620 0.32840 0.21994 0.33727 0.21874 0.35531 0.20125 0.41425 0.05340 1.00000 0.52296 1.00000 1.00000 0.92198 1.00000 0.66887
2 0.74601 0.24677 0.75063 0.22689 0.75101 0.20771 0.76132 0.15631 0.76562 0.10971 0.76353 0.08711 0.75314 0.07925 0.66984 0.10817 0.66330 0.11880 0.66680 0.13353 0.68194 0.15782 0.68510 0.16877 0.69530 0.18623 0.70127 0.20437 0.71394 0.22524 0.72238 0.24680 0.72724 0.29955 0.72458 0.30572 0.71611 0.30710 0.71346 0.31327 0.71589 0.33964 0.71324 0.34581 0.69630 0.34859 0.69365 0.35475 0.69645 0.36194 0.70720 0.37357 0.71355 0.37253 0.71601 0.37595 0.73807 0.37043 0.74708 0.36322 0.77426 0.35495 0.77602 0.35084 0.80355 0.34634 0.80620 0.34017 0.80516 0.32887 0.80146 0.32373 0.77925 0.31590 0.76377 0.28784 0.75318 0.28957 0.74563 0.26595 0.74601 0.24677
6 1.00000 0.66887 0.69288 0.35424 0.57595 0.22040 0.50614 0.19358 0.42217 0.19967 0.33538 0.20621 0.24081 0.22168 0.15904 0.32938 0.19620 0.32840 0.21994 0.33727 0.21874 0.35531 0.20125 0.41425 0.05340 1.00000 0.52296 1.00000 1.00000 0.92198 1.00000 0.66887
2 0.74601 0.24677 0.75063 0.22689 0.75101 0.20771 0.76132 0.15631 0.76562 0.10971 0.76353 0.08711 0.75314 0.07925 0.66984 0.10817 0.66330 0.11880 0.66680 0.13353 0.68194 0.15782 0.68510 0.16877 0.69530 0.18623 0.70127 0.20437 0.71394 0.22524 0.72238 0.24680 0.72724 0.29955 0.72458 0.30572 0.71611 0.30710 0.71346 0.31327 0.71589 0.33964 0.71324 0.34581 0.69630 0.34859 0.69365 0.35475 0.69645 0.36194 0.70720 0.37357 0.71355 0.37253 0.71601 0.37595 0.73807 0.37043 0.74708 0.36322 0.77426 0.35495 0.77602 0.35084 0.80355 0.34634 0.80620 0.34017 0.80516 0.32887 0.80146 0.32373 0.77925 0.31590 0.76377 0.28784 0.75318 0.28957 0.74563 0.26595 0.74601 0.24677
6 1.00000 0.66887 0.69288 0.35424 0.57595 0.22040 0.50614 0.19358 0.42217 0.19967 0.33538 0.20621 0.24081 0.22168 0.15904 0.32938 0.19620 0.32840 0.21994 0.33727 0.21874 0.35531 0.20125 0.41425 0.05340 1.00000 0.52296 1.00000 1.00000 0.92198 1.00000 0.66887
2 0.74601 0.24677 0.75063 0.22689 0.75101 0.20771 0.76132 0.15631 0.76562 0.10971 0.76353 0.08711 0.75314 0.07925 0.66984 0.10817 0.66330 0.11880 0.66680 0.13353 0.68194 0.15782 0.68510 0.16877 0.69530 0.18623 0.70127 0.20437 0.71394 0.22524 0.72238 0.24680 0.72724 0.29955 0.72458 0.30572 0.71611 0.30710 0.71346 0.31327 0.71589 0.33964 0.71324 0.34581 0.69630 0.34859 0.69365 0.35475 0.69645 0.36194 0.70720 0.37357 0.71355 0.37253 0.71601 0.37595 0.73807 0.37043 0.74708 0.36322 0.77426 0.35495 0.77602 0.35084 0.80355 0.34634 0.80620 0.34017 0.80516 0.32887 0.80146 0.32373 0.77925 0.31590 0.76377 0.28784 0.75318 0.28957 0.74563 0.26595 0.74601 0.24677
6 1.00000 0.66887 0.69288 0.35424 0.57595 0.22040 0.50614 0.19358 0.42217 0.19967 0.33538 0.20621 0.24081 0.22168 0.15904 0.32938 0.19620 0.32840 0.21994 0.33727 0.21874 0.35531 0.20125 0.41425 0.05340 1.00000 0.52296 1.00000 1.00000 0.92198 1.00000 0.66887
2 0.74601 0.24677 0.75063 0.22689 0.75101 0.20771 0.76132 0.15631 0.76562 0.10971 0.76353 0.08711 0.75314 0.07925 0.66984 0.10817 0.66330 0.11880 0.66680 0.13353 0.68194 0.15782 0.68510 0.16877 0.69530 0.18623 0.70127 0.20437 0.71394 0.22524 0.72238 0.24680 0.72724 0.29955 0.72458 0.30572 0.71611 0.30710 0.71346 0.31327 0.71589 0.33964 0.71324 0.34581 0.69630 0.34859 0.69365 0.35475 0.69645 0.36194 0.70720 0.37357 0.71355 0.37253 0.71601 0.37595 0.73807 0.37043 0.74708 0.36322 0.77426 0.35495 0.77602 0.35084 0.80355 0.34634 0.80620 0.34017 0.80516 0.32887 0.80146 0.32373 0.77925 0.31590 0.76377 0.28784 0.75318 0.28957 0.74563 0.26595 0.74601 0.24677
6 1.00000 0.66887 0.69288 0.35424 0.57595 0.22040 0.50614 0.19358 0.42217 0.19967 0.33538 0.20621 0.24081 0.22168 0.15904 0.32938 0.19620 0.32840 0.21994 0.33727 0.21874 0.35531 0.20125 0.41425 0.05340 1.00000 0.52296 1.00000 1.00000 0.92198 1.00000 0.66887
2 0.74601 0.24677 0.75063 0.22689 0.75101 0.20771 0.76132 0.15631 0.76562 0.10971 0.76353 0.08711 0.75314 0.07925 0.66984 0.10817 0.66330 0.11880 0.66680 0.13353 0.68194 0.15782 0.68510 0.16877 0.69530 0.18623 0.70127 0.20437 0.71394 0.22524 0.72238 0.24680 0.72724 0.29955 0.72458 0.30572 0.71611 0.30710 0.71346 0.31327 0.71589 0.33964 0.71324 0.34581 0.69630 0.34859 0.69365 0.35475 0.69645 0.36194 0.70720 0.37357 0.71355 0.37253 0.71601 0.37595 0.73807 0.37043 0.74708 0.36322 0.77426 0.35495 0.77602 0.35084 0.80355 0.34634 0.80620 0.34017 0.80516 0.32887 0.80146 0.32373 0.77925 0.31590 0.76377 0.28784 0.75318 0.28957 0.74563 0.26595 0.74601 0.24677
6 1.00000 0.66887 0.69288 0.35424 0.57595 0.22040 0.50614 0.19358 0.42217 0.19967 0.33538 0.20621 0.24081 0.22168 0.15904 0.32938 0.19620 0.32840 0.21994 0.33727 0.21874 0.35531 0.20125 0.41425 0.05340 1.00000 0.52296 1.00000 1.00000 0.92198 1.00000 0.66887
2 0.74601 0.24677 0.75063 0.22689 0.75101 0.20771 0.76132 0.15631 0.76562 0.10971 0.76353 0.08711 0.75314 0.07925 0.66984 0.10817 0.66330 0.11880 0.66680 0.13353 0.68194 0.15782 0.68510 0.16877 0.69530 0.18623 0.70127 0.20437 0.71394 0.22524 0.72238 0.24680 0.72724 0.29955 0.72458 0.30572 0.71611 0.30710 0.71346 0.31327 0.71589 0.33964 0.71324 0.34581 0.69630 0.34859 0.69365 0.35475 0.69645 0.36194 0.70720 0.37357 0.71355 0.37253 0.71601 0.37595 0.73807 0.37043 0.74708 0.36322 0.77426 0.35495 0.77602 0.35084 0.80355 0.34634 0.80620 0.34017 0.80516 0.32887 0.80146 0.32373 0.77925 0.31590 0.76377 0.28784 0.75318 0.28957 0.74563 0.26595 0.74601 0.24677
