6 0.01899 0.00000 0.01742 0.03982 0.19835 0.01713 0.23525 0.98220 0.49017 1.00000 0.98101 1.00000 1.00000 0.51744 1.00000 0.49456 0.69836 0.19451 0.51243 0.00018 0.50983 0.00000 0.01899 0.00000
5 0.70094 0.17859 0.75763 0.15652 0.75719 0.13523 0.72986 0.10734 0.73550 0.04994 0.74784 0.01661 0.68808 0.01245 0.68826 0.02881 0.70207 0.05449 0.68833 0.11703 0.66491 0.12485 0.66527 0.13940 0.70094 0.17859
6 0.01899 0.00000 0.01742 0.03982 0.19835 0.01713 0.23525 0.98220 0.49017 1.00000 0.98101 1.00000 1.00000 0.51744 1.00000 0.49456 0.69836 0.19451 0.51243 0.00018 0.50983 0.00000 0.01899 0.00000
5 0.70094 0.17859 0.75763 0.15652 0.75719 0.13523 0.72986 0.10734 0.73550 0.04994 0.74784 0.01661 0.68808 0.01245 0.68826 0.02881 0.70207 0.05449 0.68833 0.11703 0.66491 0.12485 0.66527 0.13940 0.70094 0.17859
6 0.01899 0.00000 0.01742 0.03982 0.19835 0.01713 0.23525 0.98220 0.49017 1.00000 0.98101 1.00000 1.00000 0.51744 1.00000 0.49456 0.69836 0.19451 0.51243 0.00018 0.50983 0.00000 0.01899 0.00000
5 0.70094 0.17859 0.75763 0.15652 0.75719 0.13523 0.72986 0.10734 0.73550 0.04994 0.74784 0.01661 0.68808 0.01245 0.68826 0.02881 0.70207 0.05449 0.68833 0.11703 0.66491 0.12485 0.66527 0.13940 0.70094 0.17859
6 0.01899 0.00000 0.01742 0.03982 0.19835 0.01713 0.23525 0.98220 0.49017 1.00000 0.98101 1.00000 1.00000 0.51744 1.00000 0.49456 0.69836 0.19451 0.51243 0.00018 0.50983 0.00000 0.01899 0.00000
5 0.70094 0.17859 0.75763 0.15652 0.75719 0.13523 0.72986 0.10734 0.73550 0.04994 0.74784 0.01661 0.68808 0.01245 0.68826 0.02881 0.70207 0.05449 0.68833 0.11703 0.66491 0.12485 0.66527 0.13940 0.70094 0.17859
6 0.01899 0.00000 0.01742 0.03982 0.19835 0.01713 0.23525 0.98220 0.49017 1.00000 0.98101 1.00000 1.00000 0.51744 1.00000 0.49456 0.69836 0.19451 0.51243 0.00018 0.50983 0.00000 0.01899 0.00000
5 0.70094 0.17859 0.75763 0.15652 0.75719 0.13523 0.72986 0.10734 0.73550 0.04994 0.74784 0.01661 0.68808 0.01245 0.68826 0.02881 0.70207 0.05449 0.68833 0.11703 0.66491 0.12485 0.66527 0.13940 0.70094 0.17859
6 0.01899 0.00000 0.01742 0.03982 0.19835 0.01713 0.23525 0.98220 0.49017 1.00000 0.98101 1.00000 1.00000 0.51744 1.00000 0.49456 0.69836 0.19451 0.51243 0.00018 0.50983 0.00000 0.01899 0.00000
5 0.70094 0.17859 0.75763 0.15652 0.75719 0.13523 0.72986 0.10734 0.73550 0.04994 0.74784 0.01661 0.68808 0.01245 0.68826 0.02881 0.70207 0.05449 0.68833 0.11703 0.66491 0.12485 0.66527 0.13940 0.70094 0.17859
