6 0.96330 1.00000 0.97074 0.90577 0.65067 0.46405 0.47028 0.21884 0.42798 0.16941 0.34904 0.13661 0.25650 0.12123 0.13498 0.11147 0.02814 0.10842 0.02241 0.18104 0.09918 0.18622 0.12453 0.19219 0.14431 0.19979 0.14874 0.21250 0.14627 0.22666 0.13330 0.28768 0.00000 0.82242 0.00000 0.93275 0.48033 1.00000 0.96330 1.00000
2 0.61352 0.28482 0.60459 0.28176 0.60197 0.26326 0.60827 0.23514 0.62118 0.20069 0.62203 0.18993 0.63320 0.15161 0.63462 0.13368 0.63202 0.12788 0.57299 0.12687 0.57069 0.13017 0.56465 0.12932 0.56120 0.13428 0.56035 0.14504 0.57046 0.17184 0.57626 0.20165 0.58899 0.24694 0.58588 0.28639 0.58070 0.28748 0.57495 0.29573 0.57382 0.31008 0.57037 0.31504 0.55799 0.31693 0.55600 0.32934 0.56436 0.33957 0.56839 0.34014 0.57561 0.35202 0.58482 0.35150 0.58855 0.34296 0.60468 0.34522 0.61734 0.33974 0.62540 0.34087 0.63290 0.34917 0.63720 0.33345 0.63833 0.31911 0.63573 0.31331 0.61989 0.30746 0.61555 0.29779 0.61612 0.29062 0.61352 0.28482
6 0.96330 1.00000 0.97074 0.90577 0.65067 0.46405 0.47028 0.21884 0.42798 0.16941 0.34904 0.13661 0.25650 0.12123 0.13498 0.11147 0.02814 0.10842 0.02241 0.18104 0.09918 0.18622 0.12453 0.19219 0.14431 0.19979 0.14874 0.21250 0.14627 0.22666 0.13330 0.28768 0.00000 0.82242 0.00000 0.93275 0.48033 1.00000 0.96330 1.00000
2 0.61352 0.28482 0.60459 0.28176 0.60197 0.26326 0.60827 0.23514 0.62118 0.20069 0.62203 0.18993 0.63320 0.15161 0.63462 0.13368 0.63202 0.12788 0.57299 0.12687 0.57069 0.13017 0.56465 0.12932 0.56120 0.13428 0.56035 0.14504 0.57046 0.17184 0.57626 0.20165 0.58899 0.24694 0.58588 0.28639 0.58070 0.28748 0.57495 0.29573 0.57382 0.31008 0.57037 0.31504 0.55799 0.31693 0.55600 0.32934 0.56436 0.33957 0.56839 0.34014 0.57561 0.35202 0.58482 0.35150 0.58855 0.34296 0.60468 0.34522 0.61734 0.33974 0.62540 0.34087 0.63290 0.34917 0.63720 0.33345 0.63833 0.31911 0.63573 0.31331 0.61989 0.30746 0.61555 0.29779 0.61612 0.29062 0.61352 0.28482
6 0.96330 1.00000 0.97074 0.90577 0.65067 0.46405 0.47028 0.21884 0.42798 0.16941 0.34904 0.13661 0.25650 0.12123 0.13498 0.11147 0.02814 0.10842 0.02241 0.18104 0.09918 0.18622 0.12453 0.19219 0.14431 0.19979 0.14874 0.21250 0.14627 0.22666 0.13330 0.28768 0.00000 0.82242 0.00000 0.93275 0.48033 1.00000 0.96330 1.00000
2 0.61352 0.28482 0.60459 0.28176 0.60197 0.26326 0.60827 0.23514 0.62118 0.20069 0.62203 0.18993 0.63320 0.15161 0.63462 0.13368 0.63202 0.12788 0.57299 0.12687 0.57069 0.13017 0.56465 0.12932 0.56120 0.13428 0.56035 0.14504 0.57046 0.17184 0.57626 0.20165 0.58899 0.24694 0.58588 0.28639 0.58070 0.28748 0.57495 0.29573 0.57382 0.31008 0.57037 0.31504 0.55799 0.31693 0.55600 0.32934 0.56436 0.33957 0.56839 0.34014 0.57561 0.35202 0.58482 0.35150 0.58855 0.34296 0.60468 0.34522 0.61734 0.33974 0.62540 0.34087 0.63290 0.34917 0.63720 0.33345 0.63833 0.31911 0.63573 0.31331 0.61989 0.30746 0.61555 0.29779 0.61612 0.29062 0.61352 0.28482
6 0.96330 1.00000 0.97074 0.90577 0.65067 0.46405 0.47028 0.21884 0.42798 0.16941 0.34904 0.13661 0.25650 0.12123 0.13498 0.11147 0.02814 0.10842 0.02241 0.18104 0.09918 0.18622 0.12453 0.19219 0.14431 0.19979 0.14874 0.21250 0.14627 0.22666 0.13330 0.28768 0.00000 0.82242 0.00000 0.93275 0.48033 1.00000 0.96330 1.00000
2 0.61352 0.28482 0.60459 0.28176 0.60197 0.26326 0.60827 0.23514 0.62118 0.20069 0.62203 0.18993 0.63320 0.15161 0.63462 0.13368 0.63202 0.12788 0.57299 0.12687 0.57069 0.13017 0.56465 0.12932 0.56120 0.13428 0.56035 0.14504 0.57046 0.17184 0.57626 0.20165 0.58899 0.24694 0.58588 0.28639 0.58070 0.28748 0.57495 0.29573 0.57382 0.31008 0.57037 0.31504 0.55799 0.31693 0.55600 0.32934 0.56436 0.33957 0.56839 0.34014 0.57561 0.35202 0.58482 0.35150 0.58855 0.34296 0.60468 0.34522 0.61734 0.33974 0.62540 0.34087 0.63290 0.34917 0.63720 0.33345 0.63833 0.31911 0.63573 0.31331 0.61989 0.30746 0.61555 0.29779 0.61612 0.29062 0.61352 0.28482
6 0.96330 1.00000 0.97074 0.90577 0.65067 0.46405 0.47028 0.21884 0.42798 0.16941 0.34904 0.13661 0.25650 0.12123 0.13498 0.11147 0.02814 0.10842 0.02241 0.18104 0.09918 0.18622 0.12453 0.19219 0.14431 0.19979 0.14874 0.21250 0.14627 0.22666 0.13330 0.28768 0.00000 0.82242 0.00000 0.93275 0.48033 1.00000 0.96330 1.00000
2 0.61352 0.28482 0.60459 0.28176 0.60197 0.26326 0.60827 0.23514 0.62118 0.20069 0.62203 0.18993 0.63320 0.15161 0.63462 0.13368 0.63202 0.12788 0.57299 0.12687 0.57069 0.13017 0.56465 0.12932 0.56120 0.13428 0.56035 0.14504 0.57046 0.17184 0.57626 0.20165 0.58899 0.24694 0.58588 0.28639 0.58070 0.28748 0.57495 0.29573 0.57382 0.31008 0.57037 0.31504 0.55799 0.31693 0.55600 0.32934 0.56436 0.33957 0.56839 0.34014 0.57561 0.35202 0.58482 0.35150 0.58855 0.34296 0.60468 0.34522 0.61734 0.33974 0.62540 0.34087 0.63290 0.34917 0.63720 0.33345 0.63833 0.31911 0.63573 0.31331 0.61989 0.30746 0.61555 0.29779 0.61612 0.29062 0.61352 0.28482
6 0.96330 1.00000 0.97074 0.90577 0.65067 0.46405 0.47028 0.21884 0.42798 0.16941 0.34904 0.13661 0.25650 0.12123 0.13498 0.11147 0.02814 0.10842 0.02241 0.18104 0.09918 0.18622 0.12453 0.19219 0.14431 0.19979 0.14874 0.21250 0.14627 0.22666 0.13330 0.28768 0.00000 0.82242 0.00000 0.93275 0.48033 1.00000 0.96330 1.00000
2 0.61352 0.28482 0.60459 0.28176 0.60197 0.26326 0.60827 0.23514 0.62118 0.20069 0.62203 0.18993 0.63320 0.15161 0.63462 0.13368 0.63202 0.12788 0.57299 0.12687 0.57069 0.13017 0.56465 0.12932 0.56120 0.13428 0.56035 0.14504 0.57046 0.17184 0.57626 0.20165 0.58899 0.24694 0.58588 0.28639 0.58070 0.28748 0.57495 0.29573 0.57382 0.31008 0.57037 0.31504 0.55799 0.31693 0.55600 0.32934 0.56436 0.33957 0.56839 0.34014 0.57561 0.35202 0.58482 0.35150 0.58855 0.34296 0.60468 0.34522 0.61734 0.33974 0.62540 0.34087 0.63290 0.34917 0.63720 0.33345 0.63833 0.31911 0.63573 0.31331 0.61989 0.30746 0.61555 0.29779 0.61612 0.29062 0.61352 0.28482
