6 0.94678 1.00000 0.96452 0.85079 0.83131 0.59144 0.63970 0.23736 0.59479 0.20469 0.56775 0.19173 0.50824 0.16535 0.43535 0.14761 0.24117 0.12625 0.04014 0.10998 0.02961 0.19854 0.27368 0.21791 0.28346 0.23138 0.00000 0.78214 0.00000 0.90075 0.47046 1.00000 0.94678 1.00000
5 1.00000 0.27434 0.98440 0.27563 0.93253 0.34272 0.92235 0.37687 0.91121 0.43623 0.93471 0.50470 0.92371 0.56229 0.89743 0.57680 0.85552 0.58319 0.84936 0.61020 0.91173 0.70094 0.98341 0.69190 0.99080 0.62977 0.97931 0.60822 0.96570 0.56643 0.98774 0.50500 1.00000 0.48795 1.00000 0.27434
6 0.94678 1.00000 0.96452 0.85079 0.83131 0.59144 0.63970 0.23736 0.59479 0.20469 0.56775 0.19173 0.50824 0.16535 0.43535 0.14761 0.24117 0.12625 0.04014 0.10998 0.02961 0.19854 0.27368 0.21791 0.28346 0.23138 0.00000 0.78214 0.00000 0.90075 0.47046 1.00000 0.94678 1.00000
5 1.00000 0.27434 0.98440 0.27563 0.93253 0.34272 0.92235 0.37687 0.91121 0.43623 0.93471 0.50470 0.92371 0.56229 0.89743 0.57680 0.85552 0.58319 0.84936 0.61020 0.91173 0.70094 0.98341 0.69190 0.99080 0.62977 0.97931 0.60822 0.96570 0.56643 0.98774 0.50500 1.00000 0.48795 1.00000 0.27434
6 0.94678 1.00000 0.96452 0.85079 0.83131 0.59144 0.63970 0.23736 0.59479 0.20469 0.56775 0.19173 0.50824 0.16535 0.43535 0.14761 0.24117 0.12625 0.04014 0.10998 0.02961 0.19854 0.27368 0.21791 0.28346 0.23138 0.00000 0.78214 0.00000 0.90075 0.47046 1.00000 0.94678 1.00000
5 1.00000 0.27434 0.98440 0.27563 0.93253 0.34272 0.92235 0.37687 0.91121 0.43623 0.93471 0.50470 0.92371 0.56229 0.89743 0.57680 0.85552 0.58319 0.84936 0.61020 0.91173 0.70094 0.98341 0.69190 0.99080 0.62977 0.97931 0.60822 0.96570 0.56643 0.98774 0.50500 1.00000 0.48795 1.00000 0.27434
6 0.94678 1.00000 0.96452 0.85079 0.83131 0.59144 0.63970 0.23736 0.59479 0.20469 0.56775 0.19173 0.50824 0.16535 0.43535 0.14761 0.24117 0.12625 0.04014 0.10998 0.02961 0.19854 0.27368 0.21791 0.28346 0.23138 0.00000 0.78214 0.00000 0.90075 0.47046 1.00000 0.94678 1.00000
5 1.00000 0.27434 0.98440 0.27563 0.93253 0.34272 0.92235 0.37687 0.91121 0.43623 0.93471 0.50470 0.92371 0.56229 0.89743 0.57680 0.85552 0.58319 0.84936 0.61020 0.91173 0.70094 0.98341 0.69190 0.99080 0.62977 0.97931 0.60822 0.96570 0.56643 0.98774 0.50500 1.00000 0.48795 1.00000 0.27434
6 0.94678 1.00000 0.96452 0.85079 0.83131 0.59144 0.63970 0.23736 0.59479 0.20469 0.56775 0.19173 0.50824 0.16535 0.43535 0.14761 0.24117 0.12625 0.04014 0.10998 0.02961 0.19854 0.27368 0.21791 0.28346 0.23138 0.00000 0.78214 0.00000 0.90075 0.47046 1.00000 0.94678 1.00000
5 1.00000 0.27434 0.98440 0.27563 0.93253 0.34272 0.92235 0.37687 0.91121 0.43623 0.93471 0.50470 0.92371 0.56229 0.89743 0.57680 0.85552 0.58319 0.84936 0.61020 0.91173 0.70094 0.98341 0.69190 0.99080 0.62977 0.97931 0.60822 0.96570 0.56643 0.98774 0.50500 1.00000 0.48795 1.00000 0.27434
6 0.94678 1.00000 0.96452 0.85079 0.83131 0.59144 0.63970 0.23736 0.59479 0.20469 0.56775 0.19173 0.50824 0.16535 0.43535 0.14761 0.24117 0.12625 0.04014 0.10998 0.02961 0.19854 0.27368 0.21791 0.28346 0.23138 0.00000 0.78214 0.00000 0.90075 0.47046 1.00000 0.94678 1.00000
5 1.00000 0.27434 0.98440 0.27563 0.93253 0.34272 0.92235 0.37687 0.91121 0.43623 0.93471 0.50470 0.92371 0.56229 0.89743 0.57680 0.85552 0.58319 0.84936 0.61020 0.91173 0.70094 0.98341 0.69190 0.99080 0.62977 0.97931 0.60822 0.96570 0.56643 0.98774 0.50500 1.00000 0.48795 1.00000 0.27434
