6 0.98720 1.00000 0.99895 0.55183 0.97605 0.49508 0.85107 0.24026 0.81803 0.19949 0.75218 0.14930 0.63851 0.10626 0.49260 0.08953 0.32262 0.09879 0.00963 0.12089 0.00581 0.26663 0.31811 0.25259 0.35545 0.26313 0.35268 0.29291 0.02826 0.97836 0.49345 1.00000 0.98720 1.00000
5 0.03570 0.00000 0.03566 0.00080 0.03729 0.01515 0.04952 0.04604 0.05553 0.04631 0.06078 0.03764 0.06171 0.00202 0.06148 0.00000 0.03570 0.00000
6 0.98720 1.00000 0.99895 0.55183 0.97605 0.49508 0.85107 0.24026 0.81803 0.19949 0.75218 0.14930 0.63851 0.10626 0.49260 0.08953 0.32262 0.09879 0.00963 0.12089 0.00581 0.26663 0.31811 0.25259 0.35545 0.26313 0.35268 0.29291 0.02826 0.97836 0.49345 1.00000 0.98720 1.00000
5 0.03570 0.00000 0.03566 0.00080 0.03729 0.01515 0.04952 0.04604 0.05553 0.04631 0.06078 0.03764 0.06171 0.00202 0.06148 0.00000 0.03570 0.00000
6 0.98720 1.00000 0.99895 0.55183 0.97605 0.49508 0.85107 0.24026 0.81803 0.19949 0.75218 0.14930 0.63851 0.10626 0.49260 0.08953 0.32262 0.09879 0.00963 0.12089 0.00581 0.26663 0.31811 0.25259 0.35545 0.26313 0.35268 0.29291 0.02826 0.97836 0.49345 1.00000 0.98720 1.00000
5 0.03570 0.00000 0.03566 0.00080 0.03729 0.01515 0.04952 0.04604 0.05553 0.04631 0.06078 0.03764 0.06171 0.00202 0.06148 0.00000 0.03570 0.00000
6 0.98720 1.00000 0.99895 0.55183 0.97605 0.49508 0.85107 0.24026 0.81803 0.19949 0.75218 0.14930 0.63851 0.10626 0.49260 0.08953 0.32262 0.09879 0.00963 0.12089 0.00581 0.26663 0.31811 0.25259 0.35545 0.26313 0.35268 0.29291 0.02826 0.97836 0.49345 1.00000 0.98720 1.00000
5 0.03570 0.00000 0.03566 0.00080 0.03729 0.01515 0.04952 0.04604 0.05553 0.04631 0.06078 0.03764 0.06171 0.00202 0.06148 0.00000 0.03570 0.00000
6 0.98720 1.00000 0.99895 0.55183 0.97605 0.49508 0.85107 0.24026 0.81803 0.19949 0.75218 0.14930 0.63851 0.10626 0.49260 0.08953 0.32262 0.09879 0.00963 0.12089 0.00581 0.26663 0.31811 0.25259 0.35545 0.26313 0.35268 0.29291 0.02826 0.97836 0.49345 1.00000 0.98720 1.00000
5 0.03570 0.00000 0.03566 0.00080 0.03729 0.01515 0.04952 0.04604 0.05553 0.04631 0.06078 0.03764 0.06171 0.00202 0.06148 0.00000 0.03570 0.00000
6 0.98720 1.00000 0.99895 0.55183 0.97605 0.49508 0.85107 0.24026 0.81803 0.19949 0.75218 0.14930 0.63851 0.10626 0.49260 0.08953 0.32262 0.09879 0.00963 0.12089 0.00581 0.26663 0.31811 0.25259 0.35545 0.26313 0.35268 0.29291 0.02826 0.97836 0.49345 1.00000 0.98720 1.00000
5 0.03570 0.00000 0.03566 0.00080 0.03729 0.01515 0.04952 0.04604 0.05553 0.04631 0.06078 0.03764 0.06171 0.00202 0.06148 0.00000 0.03570 0.00000
