6 0.96330 1.00000 0.99709 0.57182 0.99243 0.56055 0.87939 0.27118 0.84278 0.22163 0.76569 0.15970 0.68110 0.12104 0.57130 0.09560 0.42309 0.07921 0.03133 0.06806 0.02052 0.20497 0.34119 0.21968 0.36876 0.24051 0.36736 0.26577 0.00000 0.91198 0.00000 0.93275 0.48033 1.00000 0.96330 1.00000
5 0.06813 0.00000 0.07099 0.02326 0.06615 0.03072 0.06399 0.03943 0.04386 0.05158 0.04478 0.06548 0.08807 0.06776 0.10979 0.05336 0.10927 0.04137 0.08791 0.03664 0.08452 0.02366 0.08001 0.01867 0.07852 0.00000 0.06813 0.00000
6 0.96330 1.00000 0.99709 0.57182 0.99243 0.56055 0.87939 0.27118 0.84278 0.22163 0.76569 0.15970 0.68110 0.12104 0.57130 0.09560 0.42309 0.07921 0.03133 0.06806 0.02052 0.20497 0.34119 0.21968 0.36876 0.24051 0.36736 0.26577 0.00000 0.91198 0.00000 0.93275 0.48033 1.00000 0.96330 1.00000
5 0.06813 0.00000 0.07099 0.02326 0.06615 0.03072 0.06399 0.03943 0.04386 0.05158 0.04478 0.06548 0.08807 0.06776 0.10979 0.05336 0.10927 0.04137 0.08791 0.03664 0.08452 0.02366 0.08001 0.01867 0.07852 0.00000 0.06813 0.00000
6 0.96330 1.00000 0.99709 0.57182 0.99243 0.56055 0.87939 0.27118 0.84278 0.22163 0.76569 0.15970 0.68110 0.12104 0.57130 0.09560 0.42309 0.07921 0.03133 0.06806 0.02052 0.20497 0.34119 0.21968 0.36876 0.24051 0.36736 0.26577 0.00000 0.91198 0.00000 0.93275 0.48033 1.00000 0.96330 1.00000
5 0.06813 0.00000 0.07099 0.02326 0.06615 0.03072 0.06399 0.03943 0.04386 0.05158 0.04478 0.06548 0.08807 0.06776 0.10979 0.05336 0.10927 0.04137 0.08791 0.03664 0.08452 0.02366 0.08001 0.01867 0.07852 0.00000 0.06813 0.00000
6 0.96330 1.00000 0.99709 0.57182 0.99243 0.56055 0.87939 0.27118 0.84278 0.22163 0.76569 0.15970 0.68110 0.12104 0.57130 0.09560 0.42309 0.07921 0.03133 0.06806 0.02052 0.20497 0.34119 0.21968 0.36876 0.24051 0.36736 0.26577 0.00000 0.91198 0.00000 0.93275 0.48033 1.00000 0.96330 1.00000
5 0.06813 0.00000 0.07099 0.02326 0.06615 0.03072 0.06399 0.03943 0.04386 0.05158 0.04478 0.06548 0.08807 0.06776 0.10979 0.05336 0.10927 0.04137 0.08791 0.03664 0.08452 0.02366 0.08001 0.01867 0.07852 0.00000 0.06813 0.00000
6 0.96330 1.00000 0.99709 0.57182 0.99243 0.56055 0.87939 0.27118 0.84278 0.22163 0.76569 0.15970 0.68110 0.12104 0.57130 0.09560 0.42309 0.07921 0.03133 0.06806 0.02052 0.20497 0.34119 0.21968 0.36876 0.24051 0.36736 0.26577 0.00000 0.91198 0.00000 0.93275 0.48033 1.00000 0.96330 1.00000
5 0.06813 0.00000 0.07099 0.02326 0.06615 0.03072 0.06399 0.03943 0.04386 0.05158 0.04478 0.06548 0.08807 0.06776 0.10979 0.05336 0.10927 0.04137 0.08791 0.03664 0.08452 0.02366 0.08001 0.01867 0.07852 0.00000 0.06813 0.00000
6 0.96330 1.00000 0.99709 0.57182 0.99243 0.56055 0.87939 0.27118 0.84278 0.22163 0.76569 0.15970 0.68110 0.12104 0.57130 0.09560 0.42309 0.07921 0.03133 0.06806 0.02052 0.20497 0.34119 0.21968 0.36876 0.24051 0.36736 0.26577 0.00000 0.91198 0.00000 0.93275 0.48033 1.00000 0.96330 1.00000
5 0.06813 0.00000 0.07099 0.02326 0.06615 0.03072 0.06399 0.03943 0.04386 0.05158 0.04478 0.06548 0.08807 0.06776 0.10979 0.05336 0.10927 0.04137 0.08791 0.03664 0.08452 0.02366 0.08001 0.01867 0.07852 0.00000 0.06813 0.00000
