6 1.00000 0.47987 0.99621 0.47316 0.85185 0.20041 0.81178 0.15814 0.73031 0.11039 0.64675 0.08027 0.53794 0.06680 0.38262 0.06627 0.00000 0.10618 0.00000 0.25718 0.27288 0.23950 0.30668 0.25198 0.31335 0.26701 0.00000 0.94246 0.00000 1.00000 1.00000 1.00000 1.00000 0.47987
5 0.00000 0.10167 0.01075 0.10078 0.02909 0.08470 0.02737 0.06905 0.00390 0.06905 0.00000 0.05750 0.00000 0.10167
6 1.00000 0.47987 0.99621 0.47316 0.85185 0.20041 0.81178 0.15814 0.73031 0.11039 0.64675 0.08027 0.53794 0.06680 0.38262 0.06627 0.00000 0.10618 0.00000 0.25718 0.27288 0.23950 0.30668 0.25198 0.31335 0.26701 0.00000 0.94246 0.00000 1.00000 1.00000 1.00000 1.00000 0.47987
5 0.00000 0.10167 0.01075 0.10078 0.02909 0.08470 0.02737 0.06905 0.00390 0.06905 0.00000 0.05750 0.00000 0.10167
6 1.00000 0.47987 0.99621 0.47316 0.85185 0.20041 0.81178 0.15814 0.73031 0.11039 0.64675 0.08027 0.53794 0.06680 0.38262 0.06627 0.00000 0.10618 0.00000 0.25718 0.27288 0.23950 0.30668 0.25198 0.31335 0.26701 0.00000 0.94246 0.00000 1.00000 1.00000 1.00000 1.00000 0.47987
5 0.00000 0.10167 0.01075 0.10078 0.02909 0.08470 0.02737 0.06905 0.00390 0.06905 0.00000 0.05750 0.00000 0.10167
6 1.00000 0.47987 0.99621 0.47316 0.85185 0.20041 0.81178 0.15814 0.73031 0.11039 0.64675 0.08027 0.53794 0.06680 0.38262 0.06627 0.00000 0.10618 0.00000 0.25718 0.27288 0.23950 0.30668 0.25198 0.31335 0.26701 0.00000 0.94246 0.00000 1.00000 1.00000 1.00000 1.00000 0.47987
5 0.00000 0.10167 0.01075 0.10078 0.02909 0.08470 0.02737 0.06905 0.00390 0.06905 0.00000 0.05750 0.00000 0.10167
6 1.00000 0.47987 0.99621 0.47316 0.85185 0.20041 0.81178 0.15814 0.73031 0.11039 0.64675 0.08027 0.53794 0.06680 0.38262 0.06627 0.00000 0.10618 0.00000 0.25718 0.27288 0.23950 0.30668 0.25198 0.31335 0.26701 0.00000 0.94246 0.00000 1.00000 1.00000 1.00000 1.00000 0.47987
5 0.00000 0.10167 0.01075 0.10078 0.02909 0.08470 0.02737 0.06905 0.00390 0.06905 0.00000 0.05750 0.00000 0.10167
6 1.00000 0.47987 0.99621 0.47316 0.85185 0.20041 0.81178 0.15814 0.73031 0.11039 0.64675 0.08027 0.53794 0.06680 0.38262 0.06627 0.00000 0.10618 0.00000 0.25718 0.27288 0.23950 0.30668 0.25198 0.31335 0.26701 0.00000 0.94246 0.00000 1.00000 1.00000 1.00000 1.00000 0.47987
5 0.00000 0.10167 0.01075 0.10078 0.02909 0.08470 0.02737 0.06905 0.00390 0.06905 0.00000 0.05750 0.00000 0.10167
