6 1.00000 0.45927 0.99280 0.38112 0.66616 0.16178 0.44604 0.00507 0.02322 0.07422 0.00000 0.08214 0.00000 0.16441 0.16412 0.10428 0.31832 1.00000 0.52296 1.00000 0.66069 0.97747 1.00000 0.92103 1.00000 0.45927
5 0.63470 0.00000 0.63544 0.00513 0.65195 0.02665 0.64671 0.08973 0.62525 0.10250 0.62743 0.11638 0.66662 0.14593 0.71819 0.11200 0.71506 0.09168 0.68531 0.07108 0.68344 0.01475 0.68666 0.00000 0.63470 0.00000
6 1.00000 0.45927 0.99280 0.38112 0.66616 0.16178 0.44604 0.00507 0.02322 0.07422 0.00000 0.08214 0.00000 0.16441 0.16412 0.10428 0.31832 1.00000 0.52296 1.00000 0.66069 0.97747 1.00000 0.92103 1.00000 0.45927
5 0.63470 0.00000 0.63544 0.00513 0.65195 0.02665 0.64671 0.08973 0.62525 0.10250 0.62743 0.11638 0.66662 0.14593 0.71819 0.11200 0.71506 0.09168 0.68531 0.07108 0.68344 0.01475 0.68666 0.00000 0.63470 0.00000
6 1.00000 0.45927 0.99280 0.38112 0.66616 0.16178 0.44604 0.00507 0.02322 0.07422 0.00000 0.08214 0.00000 0.16441 0.16412 0.10428 0.31832 1.00000 0.52296 1.00000 0.66069 0.97747 1.00000 0.92103 1.00000 0.45927
5 0.63470 0.00000 0.63544 0.00513 0.65195 0.02665 0.64671 0.08973 0.62525 0.10250 0.62743 0.11638 0.66662 0.14593 0.71819 0.11200 0.71506 0.09168 0.68531 0.07108 0.68344 0.01475 0.68666 0.00000 0.63470 0.00000
6 1.00000 0.45927 0.99280 0.38112 0.66616 0.16178 0.44604 0.00507 0.02322 0.07422 0.00000 0.08214 0.00000 0.16441 0.16412 0.10428 0.31832 1.00000 0.52296 1.00000 0.66069 0.97747 1.00000 0.92103 1.00000 0.45927
5 0.63470 0.00000 0.63544 0.00513 0.65195 0.02665 0.64671 0.08973 0.62525 0.10250 0.62743 0.11638 0.66662 0.14593 0.71819 0.11200 0.71506 0.09168 0.68531 0.07108 0.68344 0.01475 0.68666 0.00000 0.63470 0.00000
6 1.00000 0.45927 0.99280 0.38112 0.66616 0.16178 0.44604 0.00507 0.02322 0.07422 0.00000 0.08214 0.00000 0.16441 0.16412 0.10428 0.31832 1.00000 0.52296 1.00000 0.66069 0.97747 1.00000 0.92103 1.00000 0.45927
5 0.63470 0.00000 0.63544 0.00513 0.65195 0.02665 0.64671 0.08973 0.62525 0.10250 0.62743 0.11638 0.66662 0.14593 0.71819 0.11200 0.71506 0.09168 0.68531 0.07108 0.68344 0.01475 0.68666 0.00000 0.63470 0.00000
6 1.00000 0.45927 0.99280 0.38112 0.66616 0.16178 0.44604 0.00507 0.02322 0.07422 0.00000 0.08214 0.00000 0.16441 0.16412 0.10428 0.31832 1.00000 0.52296 1.00000 0.66069 0.97747 1.00000 0.92103 1.00000 0.45927
5 0.63470 0.00000 0.63544 0.00513 0.65195 0.02665 0.64671 0.08973 0.62525 0.10250 0.62743 0.11638 0.66662 0.14593 0.71819 0.11200 0.71506 0.09168 0.68531 0.07108 0.68344 0.01475 0.68666 0.00000 0.63470 0.00000
