5 0.18116 0.72214 0.19794 0.71838 0.21570 0.66960 0.21898 0.60642 0.19838 0.56623 0.16678 0.56403 0.13728 0.60920 0.13455 0.67873 0.16421 0.73012 0.16288 0.76384 0.14622 0.77466 0.14415 0.79705 0.11499 0.80348 0.11277 0.81952 0.15189 0.85185 0.22273 0.81311 0.22557 0.80133 0.19390 0.78080 0.19194 0.76023 0.18077 0.76227 0.18116 0.72214
6 0.00000 0.96578 0.31448 0.98773 0.31328 0.98597 0.30128 0.98152 0.29361 0.97015 0.26193 0.94989 0.25223 0.93837 0.24616 0.93795 0.21679 0.91063 0.17918 0.88634 0.16948 0.87483 0.15748 0.87038 0.12811 0.84305 0.12203 0.84263 0.11827 0.83514 0.10062 0.81947 0.09657 0.81919 0.08890 0.80782 0.07124 0.79214 0.06126 0.78784 0.04955 0.77619 0.03161 0.76771 0.02582 0.76009 0.00210 0.74399 0.00000 0.74384 0.00000 0.96578
5 0.18116 0.72214 0.19794 0.71838 0.21570 0.66960 0.21898 0.60642 0.19838 0.56623 0.16678 0.56403 0.13728 0.60920 0.13455 0.67873 0.16421 0.73012 0.16288 0.76384 0.14622 0.77466 0.14415 0.79705 0.11499 0.80348 0.11277 0.81952 0.15189 0.85185 0.22273 0.81311 0.22557 0.80133 0.19390 0.78080 0.19194 0.76023 0.18077 0.76227 0.18116 0.72214
6 0.00000 0.96578 0.31448 0.98773 0.31328 0.98597 0.30128 0.98152 0.29361 0.97015 0.26193 0.94989 0.25223 0.93837 0.24616 0.93795 0.21679 0.91063 0.17918 0.88634 0.16948 0.87483 0.15748 0.87038 0.12811 0.84305 0.12203 0.84263 0.11827 0.83514 0.10062 0.81947 0.09657 0.81919 0.08890 0.80782 0.07124 0.79214 0.06126 0.78784 0.04955 0.77619 0.03161 0.76771 0.02582 0.76009 0.00210 0.74399 0.00000 0.74384 0.00000 0.96578
5 0.18116 0.72214 0.19794 0.71838 0.21570 0.66960 0.21898 0.60642 0.19838 0.56623 0.16678 0.56403 0.13728 0.60920 0.13455 0.67873 0.16421 0.73012 0.16288 0.76384 0.14622 0.77466 0.14415 0.79705 0.11499 0.80348 0.11277 0.81952 0.15189 0.85185 0.22273 0.81311 0.22557 0.80133 0.19390 0.78080 0.19194 0.76023 0.18077 0.76227 0.18116 0.72214
6 0.00000 0.96578 0.31448 0.98773 0.31328 0.98597 0.30128 0.98152 0.29361 0.97015 0.26193 0.94989 0.25223 0.93837 0.24616 0.93795 0.21679 0.91063 0.17918 0.88634 0.16948 0.87483 0.15748 0.87038 0.12811 0.84305 0.12203 0.84263 0.11827 0.83514 0.10062 0.81947 0.09657 0.81919 0.08890 0.80782 0.07124 0.79214 0.06126 0.78784 0.04955 0.77619 0.03161 0.76771 0.02582 0.76009 0.00210 0.74399 0.00000 0.74384 0.00000 0.96578
5 0.18116 0.72214 0.19794 0.71838 0.21570 0.66960 0.21898 0.60642 0.19838 0.56623 0.16678 0.56403 0.13728 0.60920 0.13455 0.67873 0.16421 0.73012 0.16288 0.76384 0.14622 0.77466 0.14415 0.79705 0.11499 0.80348 0.11277 0.81952 0.15189 0.85185 0.22273 0.81311 0.22557 0.80133 0.19390 0.78080 0.19194 0.76023 0.18077 0.76227 0.18116 0.72214
6 0.00000 0.96578 0.31448 0.98773 0.31328 0.98597 0.30128 0.98152 0.29361 0.97015 0.26193 0.94989 0.25223 0.93837 0.24616 0.93795 0.21679 0.91063 0.17918 0.88634 0.16948 0.87483 0.15748 0.87038 0.12811 0.84305 0.12203 0.84263 0.11827 0.83514 0.10062 0.81947 0.09657 0.81919 0.08890 0.80782 0.07124 0.79214 0.06126 0.78784 0.04955 0.77619 0.03161 0.76771 0.02582 0.76009 0.00210 0.74399 0.00000 0.74384 0.00000 0.96578
5 0.18116 0.72214 0.19794 0.71838 0.21570 0.66960 0.21898 0.60642 0.19838 0.56623 0.16678 0.56403 0.13728 0.60920 0.13455 0.67873 0.16421 0.73012 0.16288 0.76384 0.14622 0.77466 0.14415 0.79705 0.11499 0.80348 0.11277 0.81952 0.15189 0.85185 0.22273 0.81311 0.22557 0.80133 0.19390 0.78080 0.19194 0.76023 0.18077 0.76227 0.18116 0.72214
6 0.00000 0.96578 0.31448 0.98773 0.31328 0.98597 0.30128 0.98152 0.29361 0.97015 0.26193 0.94989 0.25223 0.93837 0.24616 0.93795 0.21679 0.91063 0.17918 0.88634 0.16948 0.87483 0.15748 0.87038 0.12811 0.84305 0.12203 0.84263 0.11827 0.83514 0.10062 0.81947 0.09657 0.81919 0.08890 0.80782 0.07124 0.79214 0.06126 0.78784 0.04955 0.77619 0.03161 0.76771 0.02582 0.76009 0.00210 0.74399 0.00000 0.74384 0.00000 0.96578
5 0.18116 0.72214 0.19794 0.71838 0.21570 0.66960 0.21898 0.60642 0.19838 0.56623 0.16678 0.56403 0.13728 0.60920 0.13455 0.67873 0.16421 0.73012 0.16288 0.76384 0.14622 0.77466 0.14415 0.79705 0.11499 0.80348 0.11277 0.81952 0.15189 0.85185 0.22273 0.81311 0.22557 0.80133 0.19390 0.78080 0.19194 0.76023 0.18077 0.76227 0.18116 0.72214
6 0.00000 0.96578 0.31448 0.98773 0.31328 0.98597 0.30128 0.98152 0.29361 0.97015 0.26193 0.94989 0.25223 0.93837 0.24616 0.93795 0.21679 0.91063 0.17918 0.88634 0.16948 0.87483 0.15748 0.87038 0.12811 0.84305 0.12203 0.84263 0.11827 0.83514 0.10062 0.81947 0.09657 0.81919 0.08890 0.80782 0.07124 0.79214 0.06126 0.78784 0.04955 0.77619 0.03161 0.76771 0.02582 0.76009 0.00210 0.74399 0.00000 0.74384 0.00000 0.96578
