1 0.36377 0.54939 0.36224 0.54535 0.36307 0.52345 0.35817 0.50572 0.35310 0.49717 0.33598 0.48578 0.33350 0.48888 0.32346 0.48652 0.31898 0.48915 0.30534 0.50620 0.29400 0.52932 0.29211 0.54361 0.28963 0.54671 0.28785 0.57575 0.29092 0.58384 0.29151 0.59502 0.30272 0.61975 0.29941 0.64475 0.29599 0.65500 0.29227 0.65965 0.28377 0.66133 0.28005 0.66598 0.27786 0.67468 0.26334 0.67495 0.25915 0.68317 0.26404 0.70089 0.26806 0.70184 0.27667 0.71491 0.29072 0.71821 0.29226 0.72225 0.30229 0.72461 0.30477 0.72151 0.30832 0.72602 0.31156 0.72494 0.33535 0.72501 0.34356 0.71773 0.34421 0.70499 0.32881 0.68848 0.32916 0.67015 0.32285 0.66314 0.31901 0.65304 0.31842 0.64185 0.32031 0.62757 0.33950 0.61550 0.35657 0.58821 0.36377 0.54939
6 0.47422 1.00000 0.40947 0.91550 0.40640 0.90741 0.40239 0.90647 0.39070 0.88531 0.33558 0.81712 0.33156 0.81618 0.32495 0.80358 0.31740 0.79812 0.31433 0.79004 0.29308 0.76295 0.28198 0.75298 0.25106 0.70521 0.24504 0.70379 0.22072 0.66862 0.20206 0.65319 0.16713 0.60448 0.15201 0.59356 0.13218 0.55576 0.12061 0.54936 0.11448 0.53319 0.09582 0.51776 0.06796 0.47807 0.06194 0.47666 0.05179 0.45954 0.04778 0.45860 0.03763 0.44148 0.03361 0.44054 0.02748 0.42437 0.02346 0.42343 0.00930 0.40537 0.00480 0.40545 0.00000 0.44173 0.00000 0.89028 0.46716 1.00000 0.47422 1.00000
7 0.10381 0.41836 0.10275 0.41075 0.10570 0.40407 0.11326 0.34693 0.08640 0.33878 0.07866 0.40509 0.07524 0.41533 0.07677 0.41937 0.07535 0.43009 0.07765 0.43616 0.09696 0.43885 0.10381 0.41836
1 0.36377 0.54939 0.36224 0.54535 0.36307 0.52345 0.35817 0.50572 0.35310 0.49717 0.33598 0.48578 0.33350 0.48888 0.32346 0.48652 0.31898 0.48915 0.30534 0.50620 0.29400 0.52932 0.29211 0.54361 0.28963 0.54671 0.28785 0.57575 0.29092 0.58384 0.29151 0.59502 0.30272 0.61975 0.29941 0.64475 0.29599 0.65500 0.29227 0.65965 0.28377 0.66133 0.28005 0.66598 0.27786 0.67468 0.26334 0.67495 0.25915 0.68317 0.26404 0.70089 0.26806 0.70184 0.27667 0.71491 0.29072 0.71821 0.29226 0.72225 0.30229 0.72461 0.30477 0.72151 0.30832 0.72602 0.31156 0.72494 0.33535 0.72501 0.34356 0.71773 0.34421 0.70499 0.32881 0.68848 0.32916 0.67015 0.32285 0.66314 0.31901 0.65304 0.31842 0.64185 0.32031 0.62757 0.33950 0.61550 0.35657 0.58821 0.36377 0.54939
6 0.47422 1.00000 0.40947 0.91550 0.40640 0.90741 0.40239 0.90647 0.39070 0.88531 0.33558 0.81712 0.33156 0.81618 0.32495 0.80358 0.31740 0.79812 0.31433 0.79004 0.29308 0.76295 0.28198 0.75298 0.25106 0.70521 0.24504 0.70379 0.22072 0.66862 0.20206 0.65319 0.16713 0.60448 0.15201 0.59356 0.13218 0.55576 0.12061 0.54936 0.11448 0.53319 0.09582 0.51776 0.06796 0.47807 0.06194 0.47666 0.05179 0.45954 0.04778 0.45860 0.03763 0.44148 0.03361 0.44054 0.02748 0.42437 0.02346 0.42343 0.00930 0.40537 0.00480 0.40545 0.00000 0.44173 0.00000 0.89028 0.46716 1.00000 0.47422 1.00000
7 0.10381 0.41836 0.10275 0.41075 0.10570 0.40407 0.11326 0.34693 0.08640 0.33878 0.07866 0.40509 0.07524 0.41533 0.07677 0.41937 0.07535 0.43009 0.07765 0.43616 0.09696 0.43885 0.10381 0.41836
1 0.36377 0.54939 0.36224 0.54535 0.36307 0.52345 0.35817 0.50572 0.35310 0.49717 0.33598 0.48578 0.33350 0.48888 0.32346 0.48652 0.31898 0.48915 0.30534 0.50620 0.29400 0.52932 0.29211 0.54361 0.28963 0.54671 0.28785 0.57575 0.29092 0.58384 0.29151 0.59502 0.30272 0.61975 0.29941 0.64475 0.29599 0.65500 0.29227 0.65965 0.28377 0.66133 0.28005 0.66598 0.27786 0.67468 0.26334 0.67495 0.25915 0.68317 0.26404 0.70089 0.26806 0.70184 0.27667 0.71491 0.29072 0.71821 0.29226 0.72225 0.30229 0.72461 0.30477 0.72151 0.30832 0.72602 0.31156 0.72494 0.33535 0.72501 0.34356 0.71773 0.34421 0.70499 0.32881 0.68848 0.32916 0.67015 0.32285 0.66314 0.31901 0.65304 0.31842 0.64185 0.32031 0.62757 0.33950 0.61550 0.35657 0.58821 0.36377 0.54939
6 0.47422 1.00000 0.40947 0.91550 0.40640 0.90741 0.40239 0.90647 0.39070 0.88531 0.33558 0.81712 0.33156 0.81618 0.32495 0.80358 0.31740 0.79812 0.31433 0.79004 0.29308 0.76295 0.28198 0.75298 0.25106 0.70521 0.24504 0.70379 0.22072 0.66862 0.20206 0.65319 0.16713 0.60448 0.15201 0.59356 0.13218 0.55576 0.12061 0.54936 0.11448 0.53319 0.09582 0.51776 0.06796 0.47807 0.06194 0.47666 0.05179 0.45954 0.04778 0.45860 0.03763 0.44148 0.03361 0.44054 0.02748 0.42437 0.02346 0.42343 0.00930 0.40537 0.00480 0.40545 0.00000 0.44173 0.00000 0.89028 0.46716 1.00000 0.47422 1.00000
7 0.10381 0.41836 0.10275 0.41075 0.10570 0.40407 0.11326 0.34693 0.08640 0.33878 0.07866 0.40509 0.07524 0.41533 0.07677 0.41937 0.07535 0.43009 0.07765 0.43616 0.09696 0.43885 0.10381 0.41836
1 0.36377 0.54939 0.36224 0.54535 0.36307 0.52345 0.35817 0.50572 0.35310 0.49717 0.33598 0.48578 0.33350 0.48888 0.32346 0.48652 0.31898 0.48915 0.30534 0.50620 0.29400 0.52932 0.29211 0.54361 0.28963 0.54671 0.28785 0.57575 0.29092 0.58384 0.29151 0.59502 0.30272 0.61975 0.29941 0.64475 0.29599 0.65500 0.29227 0.65965 0.28377 0.66133 0.28005 0.66598 0.27786 0.67468 0.26334 0.67495 0.25915 0.68317 0.26404 0.70089 0.26806 0.70184 0.27667 0.71491 0.29072 0.71821 0.29226 0.72225 0.30229 0.72461 0.30477 0.72151 0.30832 0.72602 0.31156 0.72494 0.33535 0.72501 0.34356 0.71773 0.34421 0.70499 0.32881 0.68848 0.32916 0.67015 0.32285 0.66314 0.31901 0.65304 0.31842 0.64185 0.32031 0.62757 0.33950 0.61550 0.35657 0.58821 0.36377 0.54939
6 0.47422 1.00000 0.40947 0.91550 0.40640 0.90741 0.40239 0.90647 0.39070 0.88531 0.33558 0.81712 0.33156 0.81618 0.32495 0.80358 0.31740 0.79812 0.31433 0.79004 0.29308 0.76295 0.28198 0.75298 0.25106 0.70521 0.24504 0.70379 0.22072 0.66862 0.20206 0.65319 0.16713 0.60448 0.15201 0.59356 0.13218 0.55576 0.12061 0.54936 0.11448 0.53319 0.09582 0.51776 0.06796 0.47807 0.06194 0.47666 0.05179 0.45954 0.04778 0.45860 0.03763 0.44148 0.03361 0.44054 0.02748 0.42437 0.02346 0.42343 0.00930 0.40537 0.00480 0.40545 0.00000 0.44173 0.00000 0.89028 0.46716 1.00000 0.47422 1.00000
7 0.10381 0.41836 0.10275 0.41075 0.10570 0.40407 0.11326 0.34693 0.08640 0.33878 0.07866 0.40509 0.07524 0.41533 0.07677 0.41937 0.07535 0.43009 0.07765 0.43616 0.09696 0.43885 0.10381 0.41836
1 0.36377 0.54939 0.36224 0.54535 0.36307 0.52345 0.35817 0.50572 0.35310 0.49717 0.33598 0.48578 0.33350 0.48888 0.32346 0.48652 0.31898 0.48915 0.30534 0.50620 0.29400 0.52932 0.29211 0.54361 0.28963 0.54671 0.28785 0.57575 0.29092 0.58384 0.29151 0.59502 0.30272 0.61975 0.29941 0.64475 0.29599 0.65500 0.29227 0.65965 0.28377 0.66133 0.28005 0.66598 0.27786 0.67468 0.26334 0.67495 0.25915 0.68317 0.26404 0.70089 0.26806 0.70184 0.27667 0.71491 0.29072 0.71821 0.29226 0.72225 0.30229 0.72461 0.30477 0.72151 0.30832 0.72602 0.31156 0.72494 0.33535 0.72501 0.34356 0.71773 0.34421 0.70499 0.32881 0.68848 0.32916 0.67015 0.32285 0.66314 0.31901 0.65304 0.31842 0.64185 0.32031 0.62757 0.33950 0.61550 0.35657 0.58821 0.36377 0.54939
6 0.47422 1.00000 0.40947 0.91550 0.40640 0.90741 0.40239 0.90647 0.39070 0.88531 0.33558 0.81712 0.33156 0.81618 0.32495 0.80358 0.31740 0.79812 0.31433 0.79004 0.29308 0.76295 0.28198 0.75298 0.25106 0.70521 0.24504 0.70379 0.22072 0.66862 0.20206 0.65319 0.16713 0.60448 0.15201 0.59356 0.13218 0.55576 0.12061 0.54936 0.11448 0.53319 0.09582 0.51776 0.06796 0.47807 0.06194 0.47666 0.05179 0.45954 0.04778 0.45860 0.03763 0.44148 0.03361 0.44054 0.02748 0.42437 0.02346 0.42343 0.00930 0.40537 0.00480 0.40545 0.00000 0.44173 0.00000 0.89028 0.46716 1.00000 0.47422 1.00000
7 0.10381 0.41836 0.10275 0.41075 0.10570 0.40407 0.11326 0.34693 0.08640 0.33878 0.07866 0.40509 0.07524 0.41533 0.07677 0.41937 0.07535 0.43009 0.07765 0.43616 0.09696 0.43885 0.10381 0.41836
1 0.36377 0.54939 0.36224 0.54535 0.36307 0.52345 0.35817 0.50572 0.35310 0.49717 0.33598 0.48578 0.33350 0.48888 0.32346 0.48652 0.31898 0.48915 0.30534 0.50620 0.29400 0.52932 0.29211 0.54361 0.28963 0.54671 0.28785 0.57575 0.29092 0.58384 0.29151 0.59502 0.30272 0.61975 0.29941 0.64475 0.29599 0.65500 0.29227 0.65965 0.28377 0.66133 0.28005 0.66598 0.27786 0.67468 0.26334 0.67495 0.25915 0.68317 0.26404 0.70089 0.26806 0.70184 0.27667 0.71491 0.29072 0.71821 0.29226 0.72225 0.30229 0.72461 0.30477 0.72151 0.30832 0.72602 0.31156 0.72494 0.33535 0.72501 0.34356 0.71773 0.34421 0.70499 0.32881 0.68848 0.32916 0.67015 0.32285 0.66314 0.31901 0.65304 0.31842 0.64185 0.32031 0.62757 0.33950 0.61550 0.35657 0.58821 0.36377 0.54939
6 0.47422 1.00000 0.40947 0.91550 0.40640 0.90741 0.40239 0.90647 0.39070 0.88531 0.33558 0.81712 0.33156 0.81618 0.32495 0.80358 0.31740 0.79812 0.31433 0.79004 0.29308 0.76295 0.28198 0.75298 0.25106 0.70521 0.24504 0.70379 0.22072 0.66862 0.20206 0.65319 0.16713 0.60448 0.15201 0.59356 0.13218 0.55576 0.12061 0.54936 0.11448 0.53319 0.09582 0.51776 0.06796 0.47807 0.06194 0.47666 0.05179 0.45954 0.04778 0.45860 0.03763 0.44148 0.03361 0.44054 0.02748 0.42437 0.02346 0.42343 0.00930 0.40537 0.00480 0.40545 0.00000 0.44173 0.00000 0.89028 0.46716 1.00000 0.47422 1.00000
7 0.10381 0.41836 0.10275 0.41075 0.10570 0.40407 0.11326 0.34693 0.08640 0.33878 0.07866 0.40509 0.07524 0.41533 0.07677 0.41937 0.07535 0.43009 0.07765 0.43616 0.09696 0.43885 0.10381 0.41836
