6 1.00000 0.49749 0.87163 0.38175 0.69378 0.28464 0.38563 0.14511 0.19264 0.03500 0.01797 0.02591 0.00801 0.27901 0.22784 0.63705 0.28066 0.74210 0.29749 0.78571 0.26672 0.89435 0.19030 0.97907 0.49017 1.00000 0.98101 1.00000 1.00000 0.51744 1.00000 0.49749
5 0.42186 0.00000 0.42146 0.02367 0.42240 0.04026 0.43620 0.07368 0.44050 0.10164 0.43058 0.11386 0.43295 0.12760 0.41035 0.12990 0.40902 0.14531 0.45162 0.16056 0.48971 0.14254 0.48852 0.13216 0.46633 0.12096 0.46537 0.09691 0.45451 0.09615 0.45198 0.06820 0.46010 0.06489 0.46966 0.02771 0.47060 0.00103 0.45581 0.00000 0.42186 0.00000
6 1.00000 0.49749 0.87163 0.38175 0.69378 0.28464 0.38563 0.14511 0.19264 0.03500 0.01797 0.02591 0.00801 0.27901 0.22784 0.63705 0.28066 0.74210 0.29749 0.78571 0.26672 0.89435 0.19030 0.97907 0.49017 1.00000 0.98101 1.00000 1.00000 0.51744 1.00000 0.49749
5 0.42186 0.00000 0.42146 0.02367 0.42240 0.04026 0.43620 0.07368 0.44050 0.10164 0.43058 0.11386 0.43295 0.12760 0.41035 0.12990 0.40902 0.14531 0.45162 0.16056 0.48971 0.14254 0.48852 0.13216 0.46633 0.12096 0.46537 0.09691 0.45451 0.09615 0.45198 0.06820 0.46010 0.06489 0.46966 0.02771 0.47060 0.00103 0.45581 0.00000 0.42186 0.00000
6 1.00000 0.49749 0.87163 0.38175 0.69378 0.28464 0.38563 0.14511 0.19264 0.03500 0.01797 0.02591 0.00801 0.27901 0.22784 0.63705 0.28066 0.74210 0.29749 0.78571 0.26672 0.89435 0.19030 0.97907 0.49017 1.00000 0.98101 1.00000 1.00000 0.51744 1.00000 0.49749
5 0.42186 0.00000 0.42146 0.02367 0.42240 0.04026 0.43620 0.07368 0.44050 0.10164 0.43058 0.11386 0.43295 0.12760 0.41035 0.12990 0.40902 0.14531 0.45162 0.16056 0.48971 0.14254 0.48852 0.13216 0.46633 0.12096 0.46537 0.09691 0.45451 0.09615 0.45198 0.06820 0.46010 0.06489 0.46966 0.02771 0.47060 0.00103 0.45581 0.00000 0.42186 0.00000
6 1.00000 0.49749 0.87163 0.38175 0.69378 0.28464 0.38563 0.14511 0.19264 0.03500 0.01797 0.02591 0.00801 0.27901 0.22784 0.63705 0.28066 0.74210 0.29749 0.78571 0.26672 0.89435 0.19030 0.97907 0.49017 1.00000 0.98101 1.00000 1.00000 0.51744 1.00000 0.49749
5 0.42186 0.00000 0.42146 0.02367 0.42240 0.04026 0.43620 0.07368 0.44050 0.10164 0.43058 0.11386 0.43295 0.12760 0.41035 0.12990 0.40902 0.14531 0.45162 0.16056 0.48971 0.14254 0.48852 0.13216 0.46633 0.12096 0.46537 0.09691 0.45451 0.09615 0.45198 0.06820 0.46010 0.06489 0.46966 0.02771 0.47060 0.00103 0.45581 0.00000 0.42186 0.00000
6 1.00000 0.49749 0.87163 0.38175 0.69378 0.28464 0.38563 0.14511 0.19264 0.03500 0.01797 0.02591 0.00801 0.27901 0.22784 0.63705 0.28066 0.74210 0.29749 0.78571 0.26672 0.89435 0.19030 0.97907 0.49017 1.00000 0.98101 1.00000 1.00000 0.51744 1.00000 0.49749
5 0.42186 0.00000 0.42146 0.02367 0.42240 0.04026 0.43620 0.07368 0.44050 0.10164 0.43058 0.11386 0.43295 0.12760 0.41035 0.12990 0.40902 0.14531 0.45162 0.16056 0.48971 0.14254 0.48852 0.13216 0.46633 0.12096 0.46537 0.09691 0.45451 0.09615 0.45198 0.06820 0.46010 0.06489 0.46966 0.02771 0.47060 0.00103 0.45581 0.00000 0.42186 0.00000
6 1.00000 0.49749 0.87163 0.38175 0.69378 0.28464 0.38563 0.14511 0.19264 0.03500 0.01797 0.02591 0.00801 0.27901 0.22784 0.63705 0.28066 0.74210 0.29749 0.78571 0.26672 0.89435 0.19030 0.97907 0.49017 1.00000 0.98101 1.00000 1.00000 0.51744 1.00000 0.49749
5 0.42186 0.00000 0.42146 0.02367 0.42240 0.04026 0.43620 0.07368 0.44050 0.10164 0.43058 0.11386 0.43295 0.12760 0.41035 0.12990 0.40902 0.14531 0.45162 0.16056 0.48971 0.14254 0.48852 0.13216 0.46633 0.12096 0.46537 0.09691 0.45451 0.09615 0.45198 0.06820 0.46010 0.06489 0.46966 0.02771 0.47060 0.00103 0.45581 0.00000 0.42186 0.00000
