6 1.00000 0.79810 0.85692 0.58540 0.62538 0.27689 0.57762 0.25118 0.50501 0.22959 0.39503 0.22445 0.00000 0.26913 0.00000 0.37454 0.22653 0.33599 0.26560 0.34114 0.25756 0.38127 0.03666 1.00000 1.00000 0.99486 1.00000 0.79810
5 0.90442 0.63837 1.00000 0.75406 0.99902 0.30889 0.96680 0.36271 0.96094 0.39744 0.95508 0.47035 0.98835 0.54325 0.98546 0.58695 0.90442 0.63837
6 1.00000 0.79810 0.85692 0.58540 0.62538 0.27689 0.57762 0.25118 0.50501 0.22959 0.39503 0.22445 0.00000 0.26913 0.00000 0.37454 0.22653 0.33599 0.26560 0.34114 0.25756 0.38127 0.03666 1.00000 1.00000 0.99486 1.00000 0.79810
5 0.90442 0.63837 1.00000 0.75406 0.99902 0.30889 0.96680 0.36271 0.96094 0.39744 0.95508 0.47035 0.98835 0.54325 0.98546 0.58695 0.90442 0.63837
6 1.00000 0.79810 0.85692 0.58540 0.62538 0.27689 0.57762 0.25118 0.50501 0.22959 0.39503 0.22445 0.00000 0.26913 0.00000 0.37454 0.22653 0.33599 0.26560 0.34114 0.25756 0.38127 0.03666 1.00000 1.00000 0.99486 1.00000 0.79810
5 0.90442 0.63837 1.00000 0.75406 0.99902 0.30889 0.96680 0.36271 0.96094 0.39744 0.95508 0.47035 0.98835 0.54325 0.98546 0.58695 0.90442 0.63837
6 1.00000 0.79810 0.85692 0.58540 0.62538 0.27689 0.57762 0.25118 0.50501 0.22959 0.39503 0.22445 0.00000 0.26913 0.00000 0.37454 0.22653 0.33599 0.26560 0.34114 0.25756 0.38127 0.03666 1.00000 1.00000 0.99486 1.00000 0.79810
5 0.90442 0.63837 1.00000 0.75406 0.99902 0.30889 0.96680 0.36271 0.96094 0.39744 0.95508 0.47035 0.98835 0.54325 0.98546 0.58695 0.90442 0.63837
6 1.00000 0.79810 0.85692 0.58540 0.62538 0.27689 0.57762 0.25118 0.50501 0.22959 0.39503 0.22445 0.00000 0.26913 0.00000 0.37454 0.22653 0.33599 0.26560 0.34114 0.25756 0.38127 0.03666 1.00000 1.00000 0.99486 1.00000 0.79810
5 0.90442 0.63837 1.00000 0.75406 0.99902 0.30889 0.96680 0.36271 0.96094 0.39744 0.95508 0.47035 0.98835 0.54325 0.98546 0.58695 0.90442 0.63837
6 1.00000 0.79810 0.85692 0.58540 0.62538 0.27689 0.57762 0.25118 0.50501 0.22959 0.39503 0.22445 0.00000 0.26913 0.00000 0.37454 0.22653 0.33599 0.26560 0.34114 0.25756 0.38127 0.03666 1.00000 1.00000 0.99486 1.00000 0.79810
5 0.90442 0.63837 1.00000 0.75406 0.99902 0.30889 0.96680 0.36271 0.96094 0.39744 0.95508 0.47035 0.98835 0.54325 0.98546 0.58695 0.90442 0.63837
