6 0.34346 1.00000 0.33607 0.99557 0.32387 0.99400 0.29421 0.97742 0.27772 0.97297 0.26685 0.96404 0.25267 0.96279 0.24608 0.95672 0.22959 0.95228 0.21245 0.94080 0.20652 0.94177 0.17520 0.92904 0.16861 0.92297 0.15014 0.91885 0.14355 0.91279 0.13761 0.91375 0.13103 0.90769 0.11223 0.90005 0.10003 0.89848 0.07037 0.88190 0.04992 0.87810 0.04103 0.86884 0.03509 0.86982 0.02994 0.86559 0.04233 1.00000 0.34346 1.00000
1 0.07835 0.83774 0.08365 0.82973 0.09322 0.82460 0.09934 0.81467 0.09523 0.80284 0.07645 0.79520 0.06428 0.77220 0.05488 0.76838 0.05193 0.75814 0.05030 0.74055 0.05445 0.73095 0.06402 0.72581 0.06931 0.71780 0.07975 0.68932 0.08209 0.67108 0.07852 0.63238 0.07063 0.61224 0.05598 0.59500 0.03719 0.58736 0.02167 0.59347 0.01836 0.60115 0.01275 0.60564 0.00747 0.62173 0.01731 0.72857 0.02046 0.73294 0.03018 0.74027 0.03145 0.77578 0.02242 0.78394 0.02899 0.85522 0.02983 0.85639 0.04056 0.85285 0.04502 0.84677 0.07076 0.84255 0.07242 0.83871 0.07835 0.83774
6 0.34346 1.00000 0.33607 0.99557 0.32387 0.99400 0.29421 0.97742 0.27772 0.97297 0.26685 0.96404 0.25267 0.96279 0.24608 0.95672 0.22959 0.95228 0.21245 0.94080 0.20652 0.94177 0.17520 0.92904 0.16861 0.92297 0.15014 0.91885 0.14355 0.91279 0.13761 0.91375 0.13103 0.90769 0.11223 0.90005 0.10003 0.89848 0.07037 0.88190 0.04992 0.87810 0.04103 0.86884 0.03509 0.86982 0.02994 0.86559 0.04233 1.00000 0.34346 1.00000
1 0.07835 0.83774 0.08365 0.82973 0.09322 0.82460 0.09934 0.81467 0.09523 0.80284 0.07645 0.79520 0.06428 0.77220 0.05488 0.76838 0.05193 0.75814 0.05030 0.74055 0.05445 0.73095 0.06402 0.72581 0.06931 0.71780 0.07975 0.68932 0.08209 0.67108 0.07852 0.63238 0.07063 0.61224 0.05598 0.59500 0.03719 0.58736 0.02167 0.59347 0.01836 0.60115 0.01275 0.60564 0.00747 0.62173 0.01731 0.72857 0.02046 0.73294 0.03018 0.74027 0.03145 0.77578 0.02242 0.78394 0.02899 0.85522 0.02983 0.85639 0.04056 0.85285 0.04502 0.84677 0.07076 0.84255 0.07242 0.83871 0.07835 0.83774
6 0.34346 1.00000 0.33607 0.99557 0.32387 0.99400 0.29421 0.97742 0.27772 0.97297 0.26685 0.96404 0.25267 0.96279 0.24608 0.95672 0.22959 0.95228 0.21245 0.94080 0.20652 0.94177 0.17520 0.92904 0.16861 0.92297 0.15014 0.91885 0.14355 0.91279 0.13761 0.91375 0.13103 0.90769 0.11223 0.90005 0.10003 0.89848 0.07037 0.88190 0.04992 0.87810 0.04103 0.86884 0.03509 0.86982 0.02994 0.86559 0.04233 1.00000 0.34346 1.00000
1 0.07835 0.83774 0.08365 0.82973 0.09322 0.82460 0.09934 0.81467 0.09523 0.80284 0.07645 0.79520 0.06428 0.77220 0.05488 0.76838 0.05193 0.75814 0.05030 0.74055 0.05445 0.73095 0.06402 0.72581 0.06931 0.71780 0.07975 0.68932 0.08209 0.67108 0.07852 0.63238 0.07063 0.61224 0.05598 0.59500 0.03719 0.58736 0.02167 0.59347 0.01836 0.60115 0.01275 0.60564 0.00747 0.62173 0.01731 0.72857 0.02046 0.73294 0.03018 0.74027 0.03145 0.77578 0.02242 0.78394 0.02899 0.85522 0.02983 0.85639 0.04056 0.85285 0.04502 0.84677 0.07076 0.84255 0.07242 0.83871 0.07835 0.83774
6 0.34346 1.00000 0.33607 0.99557 0.32387 0.99400 0.29421 0.97742 0.27772 0.97297 0.26685 0.96404 0.25267 0.96279 0.24608 0.95672 0.22959 0.95228 0.21245 0.94080 0.20652 0.94177 0.17520 0.92904 0.16861 0.92297 0.15014 0.91885 0.14355 0.91279 0.13761 0.91375 0.13103 0.90769 0.11223 0.90005 0.10003 0.89848 0.07037 0.88190 0.04992 0.87810 0.04103 0.86884 0.03509 0.86982 0.02994 0.86559 0.04233 1.00000 0.34346 1.00000
1 0.07835 0.83774 0.08365 0.82973 0.09322 0.82460 0.09934 0.81467 0.09523 0.80284 0.07645 0.79520 0.06428 0.77220 0.05488 0.76838 0.05193 0.75814 0.05030 0.74055 0.05445 0.73095 0.06402 0.72581 0.06931 0.71780 0.07975 0.68932 0.08209 0.67108 0.07852 0.63238 0.07063 0.61224 0.05598 0.59500 0.03719 0.58736 0.02167 0.59347 0.01836 0.60115 0.01275 0.60564 0.00747 0.62173 0.01731 0.72857 0.02046 0.73294 0.03018 0.74027 0.03145 0.77578 0.02242 0.78394 0.02899 0.85522 0.02983 0.85639 0.04056 0.85285 0.04502 0.84677 0.07076 0.84255 0.07242 0.83871 0.07835 0.83774
6 0.34346 1.00000 0.33607 0.99557 0.32387 0.99400 0.29421 0.97742 0.27772 0.97297 0.26685 0.96404 0.25267 0.96279 0.24608 0.95672 0.22959 0.95228 0.21245 0.94080 0.20652 0.94177 0.17520 0.92904 0.16861 0.92297 0.15014 0.91885 0.14355 0.91279 0.13761 0.91375 0.13103 0.90769 0.11223 0.90005 0.10003 0.89848 0.07037 0.88190 0.04992 0.87810 0.04103 0.86884 0.03509 0.86982 0.02994 0.86559 0.04233 1.00000 0.34346 1.00000
1 0.07835 0.83774 0.08365 0.82973 0.09322 0.82460 0.09934 0.81467 0.09523 0.80284 0.07645 0.79520 0.06428 0.77220 0.05488 0.76838 0.05193 0.75814 0.05030 0.74055 0.05445 0.73095 0.06402 0.72581 0.06931 0.71780 0.07975 0.68932 0.08209 0.67108 0.07852 0.63238 0.07063 0.61224 0.05598 0.59500 0.03719 0.58736 0.02167 0.59347 0.01836 0.60115 0.01275 0.60564 0.00747 0.62173 0.01731 0.72857 0.02046 0.73294 0.03018 0.74027 0.03145 0.77578 0.02242 0.78394 0.02899 0.85522 0.02983 0.85639 0.04056 0.85285 0.04502 0.84677 0.07076 0.84255 0.07242 0.83871 0.07835 0.83774
6 0.34346 1.00000 0.33607 0.99557 0.32387 0.99400 0.29421 0.97742 0.27772 0.97297 0.26685 0.96404 0.25267 0.96279 0.24608 0.95672 0.22959 0.95228 0.21245 0.94080 0.20652 0.94177 0.17520 0.92904 0.16861 0.92297 0.15014 0.91885 0.14355 0.91279 0.13761 0.91375 0.13103 0.90769 0.11223 0.90005 0.10003 0.89848 0.07037 0.88190 0.04992 0.87810 0.04103 0.86884 0.03509 0.86982 0.02994 0.86559 0.04233 1.00000 0.34346 1.00000
1 0.07835 0.83774 0.08365 0.82973 0.09322 0.82460 0.09934 0.81467 0.09523 0.80284 0.07645 0.79520 0.06428 0.77220 0.05488 0.76838 0.05193 0.75814 0.05030 0.74055 0.05445 0.73095 0.06402 0.72581 0.06931 0.71780 0.07975 0.68932 0.08209 0.67108 0.07852 0.63238 0.07063 0.61224 0.05598 0.59500 0.03719 0.58736 0.02167 0.59347 0.01836 0.60115 0.01275 0.60564 0.00747 0.62173 0.01731 0.72857 0.02046 0.73294 0.03018 0.74027 0.03145 0.77578 0.02242 0.78394 0.02899 0.85522 0.02983 0.85639 0.04056 0.85285 0.04502 0.84677 0.07076 0.84255 0.07242 0.83871 0.07835 0.83774
