6 0.91633 1.00000 0.91337 0.99660 0.91123 0.98741 0.91270 0.98234 0.90846 0.98518 0.90354 0.97377 0.89962 0.97313 0.87655 0.93221 0.87916 0.92556 0.87784 0.91827 0.88860 0.90941 0.88614 0.90371 0.86459 0.90018 0.86035 0.90303 0.85708 0.89542 0.85316 0.89478 0.84988 0.88716 0.84433 0.88272 0.81193 0.82436 0.79754 0.80785 0.78771 0.78502 0.78379 0.78438 0.77724 0.76916 0.77005 0.76091 0.76791 0.75171 0.75859 0.73427 0.75335 0.72634 0.74943 0.72570 0.74616 0.71808 0.74060 0.71364 0.73929 0.70635 0.71967 0.68191 0.69741 0.64289 0.69186 0.63845 0.68726 0.62355 0.68203 0.61562 0.67811 0.61498 0.67124 0.60324 0.66828 0.59214 0.65126 0.56106 0.64735 0.56042 0.64489 0.55471 0.64717 0.55155 0.64618 0.54077 0.65237 0.53825 0.65334 0.52779 0.64696 0.52144 0.63913 0.52016 0.63457 0.52649 0.63261 0.52617 0.63129 0.51888 0.43867 0.49445 0.43019 0.50014 0.42645 0.50837 0.41993 0.51438 0.41505 0.52420 0.41440 0.53116 0.39812 0.55680 0.39520 0.56694 0.37696 0.59225 0.37404 0.60239 0.33755 0.65302 0.30890 0.70494 0.29750 0.72076 0.29002 0.73723 0.25550 0.78818 0.23857 0.82079 0.22261 0.84294 0.21740 0.85624 0.20372 0.87523 0.18452 0.91100 0.17800 0.91701 0.17280 0.93031 0.16367 0.94297 0.16379 0.94877 0.21872 0.95775 0.21902 0.95733 0.21977 0.95792 0.47704 1.00000 0.91633 1.00000
6 0.65094 0.56454 0.66206 0.57344 0.66516 0.57218 0.67249 0.56807 0.67837 0.56903 0.68015 0.56048 0.67851 0.55667 0.68553 0.55605 0.68895 0.55130 0.68991 0.54085 0.67994 0.53038 0.63179 0.52427 0.63884 0.54487 0.64439 0.54932 0.65094 0.56454
6 0.95125 0.56413 0.94701 0.56698 0.94341 0.56285 0.93917 0.56570 0.93557 0.56157 0.93133 0.56441 0.92774 0.56029 0.92154 0.56281 0.91599 0.55837 0.90947 0.56437 0.74851 0.54159 0.74623 0.54475 0.71489 0.53963 0.70950 0.54405 0.70854 0.55451 0.71182 0.56212 0.71281 0.57289 0.71723 0.57892 0.79477 0.58984 0.84292 0.59594 0.84520 0.59278 0.85304 0.59406 0.85468 0.59787 0.85696 0.59470 0.86871 0.59662 0.87035 0.60043 0.87263 0.59727 0.99297 0.61695 0.99668 0.57671 0.97639 0.57179 0.97475 0.56798 0.96692 0.56670 0.96464 0.56986 0.95288 0.56794 0.95125 0.56413
6 0.00000 0.48943 0.02624 0.49244 0.07831 0.49919 0.08059 0.49602 0.08615 0.50047 0.08843 0.49730 0.15731 0.50504 0.15960 0.50187 0.20465 0.50924 0.20807 0.50449 0.20904 0.49404 0.21684 0.47409 0.19251 0.46834 0.19023 0.47150 0.14518 0.46414 0.14289 0.46730 0.14126 0.46350 0.13898 0.46666 0.02144 0.44744 0.01916 0.45060 0.00096 0.44884 0.00000 0.45927 0.00000 0.48943
4 0.73128 0.48040 0.72227 0.45947 0.70724 0.44994 0.69029 0.46131 0.68166 0.47936 0.67909 0.50724 0.68173 0.52182 0.69351 0.54497 0.68945 0.55669 0.68243 0.55731 0.68147 0.56777 0.67805 0.57252 0.67217 0.57155 0.66875 0.57630 0.66811 0.58327 0.67188 0.59627 0.68399 0.61594 0.70668 0.61788 0.71565 0.61758 0.71907 0.61283 0.72132 0.58844 0.71723 0.57892 0.71085 0.57257 0.71150 0.56561 0.70494 0.55038 0.70559 0.54341 0.71489 0.53963 0.72743 0.52222 0.73228 0.49118 0.73128 0.48040
7 0.40738 0.41327 0.40574 0.40947 0.40767 0.38856 0.39313 0.38441 0.38589 0.45221 0.38753 0.45602 0.38432 0.49087 0.38677 0.49657 0.39379 0.49595 0.39999 0.49343 0.40738 0.41327
7 0.40776 0.45225 0.41104 0.45986 0.40843 0.46651 0.40651 0.48742 0.42414 0.49030 0.42724 0.48904 0.42870 0.48398 0.42279 0.46179 0.42667 0.44119 0.42504 0.43739 0.42921 0.39208 0.42758 0.38828 0.42854 0.37782 0.42609 0.37211 0.41401 0.37368 0.40677 0.44147 0.40776 0.45225
6 0.91633 1.00000 0.91337 0.99660 0.91123 0.98741 0.91270 0.98234 0.90846 0.98518 0.90354 0.97377 0.89962 0.97313 0.87655 0.93221 0.87916 0.92556 0.87784 0.91827 0.88860 0.90941 0.88614 0.90371 0.86459 0.90018 0.86035 0.90303 0.85708 0.89542 0.85316 0.89478 0.84988 0.88716 0.84433 0.88272 0.81193 0.82436 0.79754 0.80785 0.78771 0.78502 0.78379 0.78438 0.77724 0.76916 0.77005 0.76091 0.76791 0.75171 0.75859 0.73427 0.75335 0.72634 0.74943 0.72570 0.74616 0.71808 0.74060 0.71364 0.73929 0.70635 0.71967 0.68191 0.69741 0.64289 0.69186 0.63845 0.68726 0.62355 0.68203 0.61562 0.67811 0.61498 0.67124 0.60324 0.66828 0.59214 0.65126 0.56106 0.64735 0.56042 0.64489 0.55471 0.64717 0.55155 0.64618 0.54077 0.65237 0.53825 0.65334 0.52779 0.64696 0.52144 0.63913 0.52016 0.63457 0.52649 0.63261 0.52617 0.63129 0.51888 0.43867 0.49445 0.43019 0.50014 0.42645 0.50837 0.41993 0.51438 0.41505 0.52420 0.41440 0.53116 0.39812 0.55680 0.39520 0.56694 0.37696 0.59225 0.37404 0.60239 0.33755 0.65302 0.30890 0.70494 0.29750 0.72076 0.29002 0.73723 0.25550 0.78818 0.23857 0.82079 0.22261 0.84294 0.21740 0.85624 0.20372 0.87523 0.18452 0.91100 0.17800 0.91701 0.17280 0.93031 0.16367 0.94297 0.16379 0.94877 0.21872 0.95775 0.21902 0.95733 0.21977 0.95792 0.47704 1.00000 0.91633 1.00000
6 0.65094 0.56454 0.66206 0.57344 0.66516 0.57218 0.67249 0.56807 0.67837 0.56903 0.68015 0.56048 0.67851 0.55667 0.68553 0.55605 0.68895 0.55130 0.68991 0.54085 0.67994 0.53038 0.63179 0.52427 0.63884 0.54487 0.64439 0.54932 0.65094 0.56454
6 0.95125 0.56413 0.94701 0.56698 0.94341 0.56285 0.93917 0.56570 0.93557 0.56157 0.93133 0.56441 0.92774 0.56029 0.92154 0.56281 0.91599 0.55837 0.90947 0.56437 0.74851 0.54159 0.74623 0.54475 0.71489 0.53963 0.70950 0.54405 0.70854 0.55451 0.71182 0.56212 0.71281 0.57289 0.71723 0.57892 0.79477 0.58984 0.84292 0.59594 0.84520 0.59278 0.85304 0.59406 0.85468 0.59787 0.85696 0.59470 0.86871 0.59662 0.87035 0.60043 0.87263 0.59727 0.99297 0.61695 0.99668 0.57671 0.97639 0.57179 0.97475 0.56798 0.96692 0.56670 0.96464 0.56986 0.95288 0.56794 0.95125 0.56413
6 0.00000 0.48943 0.02624 0.49244 0.07831 0.49919 0.08059 0.49602 0.08615 0.50047 0.08843 0.49730 0.15731 0.50504 0.15960 0.50187 0.20465 0.50924 0.20807 0.50449 0.20904 0.49404 0.21684 0.47409 0.19251 0.46834 0.19023 0.47150 0.14518 0.46414 0.14289 0.46730 0.14126 0.46350 0.13898 0.46666 0.02144 0.44744 0.01916 0.45060 0.00096 0.44884 0.00000 0.45927 0.00000 0.48943
4 0.73128 0.48040 0.72227 0.45947 0.70724 0.44994 0.69029 0.46131 0.68166 0.47936 0.67909 0.50724 0.68173 0.52182 0.69351 0.54497 0.68945 0.55669 0.68243 0.55731 0.68147 0.56777 0.67805 0.57252 0.67217 0.57155 0.66875 0.57630 0.66811 0.58327 0.67188 0.59627 0.68399 0.61594 0.70668 0.61788 0.71565 0.61758 0.71907 0.61283 0.72132 0.58844 0.71723 0.57892 0.71085 0.57257 0.71150 0.56561 0.70494 0.55038 0.70559 0.54341 0.71489 0.53963 0.72743 0.52222 0.73228 0.49118 0.73128 0.48040
7 0.40738 0.41327 0.40574 0.40947 0.40767 0.38856 0.39313 0.38441 0.38589 0.45221 0.38753 0.45602 0.38432 0.49087 0.38677 0.49657 0.39379 0.49595 0.39999 0.49343 0.40738 0.41327
7 0.40776 0.45225 0.41104 0.45986 0.40843 0.46651 0.40651 0.48742 0.42414 0.49030 0.42724 0.48904 0.42870 0.48398 0.42279 0.46179 0.42667 0.44119 0.42504 0.43739 0.42921 0.39208 0.42758 0.38828 0.42854 0.37782 0.42609 0.37211 0.41401 0.37368 0.40677 0.44147 0.40776 0.45225
6 0.91633 1.00000 0.91337 0.99660 0.91123 0.98741 0.91270 0.98234 0.90846 0.98518 0.90354 0.97377 0.89962 0.97313 0.87655 0.93221 0.87916 0.92556 0.87784 0.91827 0.88860 0.90941 0.88614 0.90371 0.86459 0.90018 0.86035 0.90303 0.85708 0.89542 0.85316 0.89478 0.84988 0.88716 0.84433 0.88272 0.81193 0.82436 0.79754 0.80785 0.78771 0.78502 0.78379 0.78438 0.77724 0.76916 0.77005 0.76091 0.76791 0.75171 0.75859 0.73427 0.75335 0.72634 0.74943 0.72570 0.74616 0.71808 0.74060 0.71364 0.73929 0.70635 0.71967 0.68191 0.69741 0.64289 0.69186 0.63845 0.68726 0.62355 0.68203 0.61562 0.67811 0.61498 0.67124 0.60324 0.66828 0.59214 0.65126 0.56106 0.64735 0.56042 0.64489 0.55471 0.64717 0.55155 0.64618 0.54077 0.65237 0.53825 0.65334 0.52779 0.64696 0.52144 0.63913 0.52016 0.63457 0.52649 0.63261 0.52617 0.63129 0.51888 0.43867 0.49445 0.43019 0.50014 0.42645 0.50837 0.41993 0.51438 0.41505 0.52420 0.41440 0.53116 0.39812 0.55680 0.39520 0.56694 0.37696 0.59225 0.37404 0.60239 0.33755 0.65302 0.30890 0.70494 0.29750 0.72076 0.29002 0.73723 0.25550 0.78818 0.23857 0.82079 0.22261 0.84294 0.21740 0.85624 0.20372 0.87523 0.18452 0.91100 0.17800 0.91701 0.17280 0.93031 0.16367 0.94297 0.16379 0.94877 0.21872 0.95775 0.21902 0.95733 0.21977 0.95792 0.47704 1.00000 0.91633 1.00000
6 0.65094 0.56454 0.66206 0.57344 0.66516 0.57218 0.67249 0.56807 0.67837 0.56903 0.68015 0.56048 0.67851 0.55667 0.68553 0.55605 0.68895 0.55130 0.68991 0.54085 0.67994 0.53038 0.63179 0.52427 0.63884 0.54487 0.64439 0.54932 0.65094 0.56454
6 0.95125 0.56413 0.94701 0.56698 0.94341 0.56285 0.93917 0.56570 0.93557 0.56157 0.93133 0.56441 0.92774 0.56029 0.92154 0.56281 0.91599 0.55837 0.90947 0.56437 0.74851 0.54159 0.74623 0.54475 0.71489 0.53963 0.70950 0.54405 0.70854 0.55451 0.71182 0.56212 0.71281 0.57289 0.71723 0.57892 0.79477 0.58984 0.84292 0.59594 0.84520 0.59278 0.85304 0.59406 0.85468 0.59787 0.85696 0.59470 0.86871 0.59662 0.87035 0.60043 0.87263 0.59727 0.99297 0.61695 0.99668 0.57671 0.97639 0.57179 0.97475 0.56798 0.96692 0.56670 0.96464 0.56986 0.95288 0.56794 0.95125 0.56413
6 0.00000 0.48943 0.02624 0.49244 0.07831 0.49919 0.08059 0.49602 0.08615 0.50047 0.08843 0.49730 0.15731 0.50504 0.15960 0.50187 0.20465 0.50924 0.20807 0.50449 0.20904 0.49404 0.21684 0.47409 0.19251 0.46834 0.19023 0.47150 0.14518 0.46414 0.14289 0.46730 0.14126 0.46350 0.13898 0.46666 0.02144 0.44744 0.01916 0.45060 0.00096 0.44884 0.00000 0.45927 0.00000 0.48943
4 0.73128 0.48040 0.72227 0.45947 0.70724 0.44994 0.69029 0.46131 0.68166 0.47936 0.67909 0.50724 0.68173 0.52182 0.69351 0.54497 0.68945 0.55669 0.68243 0.55731 0.68147 0.56777 0.67805 0.57252 0.67217 0.57155 0.66875 0.57630 0.66811 0.58327 0.67188 0.59627 0.68399 0.61594 0.70668 0.61788 0.71565 0.61758 0.71907 0.61283 0.72132 0.58844 0.71723 0.57892 0.71085 0.57257 0.71150 0.56561 0.70494 0.55038 0.70559 0.54341 0.71489 0.53963 0.72743 0.52222 0.73228 0.49118 0.73128 0.48040
7 0.40738 0.41327 0.40574 0.40947 0.40767 0.38856 0.39313 0.38441 0.38589 0.45221 0.38753 0.45602 0.38432 0.49087 0.38677 0.49657 0.39379 0.49595 0.39999 0.49343 0.40738 0.41327
7 0.40776 0.45225 0.41104 0.45986 0.40843 0.46651 0.40651 0.48742 0.42414 0.49030 0.42724 0.48904 0.42870 0.48398 0.42279 0.46179 0.42667 0.44119 0.42504 0.43739 0.42921 0.39208 0.42758 0.38828 0.42854 0.37782 0.42609 0.37211 0.41401 0.37368 0.40677 0.44147 0.40776 0.45225
