6 0.00648 0.00000 0.00620 0.02080 0.05946 0.02732 0.00409 0.18243 0.00000 0.49419 0.00000 0.98845 0.49672 1.00000 0.99352 1.00000 0.99450 0.92540 0.38689 0.00000 0.00648 0.00000
1 0.62704 0.23099 0.61716 0.23395 0.57698 0.24131 0.57205 0.26359 0.61440 0.30714 0.68615 0.29925 0.68513 0.27454 0.66070 0.25964 0.66070 0.22541 0.64765 0.22988 0.64693 0.20561 0.65972 0.18239 0.67875 0.17194 0.69347 0.15209 0.70541 0.10051 0.70861 0.05308 0.69355 0.00443 0.62416 0.00281 0.60152 0.03798 0.59654 0.11845 0.60121 0.15080 0.61016 0.16897 0.62708 0.20020 0.62704 0.23099
6 0.00648 0.00000 0.00620 0.02080 0.05946 0.02732 0.00409 0.18243 0.00000 0.49419 0.00000 0.98845 0.49672 1.00000 0.99352 1.00000 0.99450 0.92540 0.38689 0.00000 0.00648 0.00000
1 0.62704 0.23099 0.61716 0.23395 0.57698 0.24131 0.57205 0.26359 0.61440 0.30714 0.68615 0.29925 0.68513 0.27454 0.66070 0.25964 0.66070 0.22541 0.64765 0.22988 0.64693 0.20561 0.65972 0.18239 0.67875 0.17194 0.69347 0.15209 0.70541 0.10051 0.70861 0.05308 0.69355 0.00443 0.62416 0.00281 0.60152 0.03798 0.59654 0.11845 0.60121 0.15080 0.61016 0.16897 0.62708 0.20020 0.62704 0.23099
6 0.00648 0.00000 0.00620 0.02080 0.05946 0.02732 0.00409 0.18243 0.00000 0.49419 0.00000 0.98845 0.49672 1.00000 0.99352 1.00000 0.99450 0.92540 0.38689 0.00000 0.00648 0.00000
1 0.62704 0.23099 0.61716 0.23395 0.57698 0.24131 0.57205 0.26359 0.61440 0.30714 0.68615 0.29925 0.68513 0.27454 0.66070 0.25964 0.66070 0.22541 0.64765 0.22988 0.64693 0.20561 0.65972 0.18239 0.67875 0.17194 0.69347 0.15209 0.70541 0.10051 0.70861 0.05308 0.69355 0.00443 0.62416 0.00281 0.60152 0.03798 0.59654 0.11845 0.60121 0.15080 0.61016 0.16897 0.62708 0.20020 0.62704 0.23099
6 0.00648 0.00000 0.00620 0.02080 0.05946 0.02732 0.00409 0.18243 0.00000 0.49419 0.00000 0.98845 0.49672 1.00000 0.99352 1.00000 0.99450 0.92540 0.38689 0.00000 0.00648 0.00000
1 0.62704 0.23099 0.61716 0.23395 0.57698 0.24131 0.57205 0.26359 0.61440 0.30714 0.68615 0.29925 0.68513 0.27454 0.66070 0.25964 0.66070 0.22541 0.64765 0.22988 0.64693 0.20561 0.65972 0.18239 0.67875 0.17194 0.69347 0.15209 0.70541 0.10051 0.70861 0.05308 0.69355 0.00443 0.62416 0.00281 0.60152 0.03798 0.59654 0.11845 0.60121 0.15080 0.61016 0.16897 0.62708 0.20020 0.62704 0.23099
6 0.00648 0.00000 0.00620 0.02080 0.05946 0.02732 0.00409 0.18243 0.00000 0.49419 0.00000 0.98845 0.49672 1.00000 0.99352 1.00000 0.99450 0.92540 0.38689 0.00000 0.00648 0.00000
1 0.62704 0.23099 0.61716 0.23395 0.57698 0.24131 0.57205 0.26359 0.61440 0.30714 0.68615 0.29925 0.68513 0.27454 0.66070 0.25964 0.66070 0.22541 0.64765 0.22988 0.64693 0.20561 0.65972 0.18239 0.67875 0.17194 0.69347 0.15209 0.70541 0.10051 0.70861 0.05308 0.69355 0.00443 0.62416 0.00281 0.60152 0.03798 0.59654 0.11845 0.60121 0.15080 0.61016 0.16897 0.62708 0.20020 0.62704 0.23099
6 0.00648 0.00000 0.00620 0.02080 0.05946 0.02732 0.00409 0.18243 0.00000 0.49419 0.00000 0.98845 0.49672 1.00000 0.99352 1.00000 0.99450 0.92540 0.38689 0.00000 0.00648 0.00000
1 0.62704 0.23099 0.61716 0.23395 0.57698 0.24131 0.57205 0.26359 0.61440 0.30714 0.68615 0.29925 0.68513 0.27454 0.66070 0.25964 0.66070 0.22541 0.64765 0.22988 0.64693 0.20561 0.65972 0.18239 0.67875 0.17194 0.69347 0.15209 0.70541 0.10051 0.70861 0.05308 0.69355 0.00443 0.62416 0.00281 0.60152 0.03798 0.59654 0.11845 0.60121 0.15080 0.61016 0.16897 0.62708 0.20020 0.62704 0.23099
