2 0.73985 0.35143 0.73684 0.34567 0.72631 0.34518 0.72330 0.33941 0.71968 0.31673 0.72688 0.28329 0.73369 0.26484 0.73389 0.25735 0.74290 0.23525 0.74319 0.22401 0.75500 0.17578 0.75559 0.15330 0.74846 0.14358 0.74626 0.14723 0.72731 0.14635 0.72511 0.15000 0.70616 0.14912 0.70396 0.15277 0.67017 0.15495 0.66045 0.16388 0.66016 0.17512 0.67792 0.22098 0.68747 0.25894 0.69932 0.28951 0.70294 0.31220 0.70205 0.34593 0.69654 0.35505 0.69023 0.35475 0.68692 0.36023 0.68623 0.38646 0.66829 0.38750 0.66268 0.40037 0.66559 0.40989 0.68013 0.41807 0.69438 0.43750 0.69759 0.43577 0.70200 0.42847 0.70219 0.42098 0.70760 0.41560 0.75833 0.41045 0.76124 0.41997 0.76435 0.42199 0.77006 0.40537 0.77045 0.39038 0.76744 0.38461 0.74658 0.37614 0.74157 0.36652 0.73985 0.35143
6 0.98720 1.00000 0.99115 0.84916 0.54110 0.24025 0.46475 0.20418 0.37104 0.18731 0.22773 0.18565 0.06024 0.19537 0.00567 0.27200 0.00559 0.27514 0.17083 0.26555 0.20138 0.27948 0.20079 0.30197 0.15548 0.42244 0.00000 0.85044 0.00000 0.97705 0.49345 1.00000 0.98720 1.00000
2 0.73985 0.35143 0.73684 0.34567 0.72631 0.34518 0.72330 0.33941 0.71968 0.31673 0.72688 0.28329 0.73369 0.26484 0.73389 0.25735 0.74290 0.23525 0.74319 0.22401 0.75500 0.17578 0.75559 0.15330 0.74846 0.14358 0.74626 0.14723 0.72731 0.14635 0.72511 0.15000 0.70616 0.14912 0.70396 0.15277 0.67017 0.15495 0.66045 0.16388 0.66016 0.17512 0.67792 0.22098 0.68747 0.25894 0.69932 0.28951 0.70294 0.31220 0.70205 0.34593 0.69654 0.35505 0.69023 0.35475 0.68692 0.36023 0.68623 0.38646 0.66829 0.38750 0.66268 0.40037 0.66559 0.40989 0.68013 0.41807 0.69438 0.43750 0.69759 0.43577 0.70200 0.42847 0.70219 0.42098 0.70760 0.41560 0.75833 0.41045 0.76124 0.41997 0.76435 0.42199 0.77006 0.40537 0.77045 0.39038 0.76744 0.38461 0.74658 0.37614 0.74157 0.36652 0.73985 0.35143
6 0.98720 1.00000 0.99115 0.84916 0.54110 0.24025 0.46475 0.20418 0.37104 0.18731 0.22773 0.18565 0.06024 0.19537 0.00567 0.27200 0.00559 0.27514 0.17083 0.26555 0.20138 0.27948 0.20079 0.30197 0.15548 0.42244 0.00000 0.85044 0.00000 0.97705 0.49345 1.00000 0.98720 1.00000
2 0.73985 0.35143 0.73684 0.34567 0.72631 0.34518 0.72330 0.33941 0.71968 0.31673 0.72688 0.28329 0.73369 0.26484 0.73389 0.25735 0.74290 0.23525 0.74319 0.22401 0.75500 0.17578 0.75559 0.15330 0.74846 0.14358 0.74626 0.14723 0.72731 0.14635 0.72511 0.15000 0.70616 0.14912 0.70396 0.15277 0.67017 0.15495 0.66045 0.16388 0.66016 0.17512 0.67792 0.22098 0.68747 0.25894 0.69932 0.28951 0.70294 0.31220 0.70205 0.34593 0.69654 0.35505 0.69023 0.35475 0.68692 0.36023 0.68623 0.38646 0.66829 0.38750 0.66268 0.40037 0.66559 0.40989 0.68013 0.41807 0.69438 0.43750 0.69759 0.43577 0.70200 0.42847 0.70219 0.42098 0.70760 0.41560 0.75833 0.41045 0.76124 0.41997 0.76435 0.42199 0.77006 0.40537 0.77045 0.39038 0.76744 0.38461 0.74658 0.37614 0.74157 0.36652 0.73985 0.35143
6 0.98720 1.00000 0.99115 0.84916 0.54110 0.24025 0.46475 0.20418 0.37104 0.18731 0.22773 0.18565 0.06024 0.19537 0.00567 0.27200 0.00559 0.27514 0.17083 0.26555 0.20138 0.27948 0.20079 0.30197 0.15548 0.42244 0.00000 0.85044 0.00000 0.97705 0.49345 1.00000 0.98720 1.00000
2 0.73985 0.35143 0.73684 0.34567 0.72631 0.34518 0.72330 0.33941 0.71968 0.31673 0.72688 0.28329 0.73369 0.26484 0.73389 0.25735 0.74290 0.23525 0.74319 0.22401 0.75500 0.17578 0.75559 0.15330 0.74846 0.14358 0.74626 0.14723 0.72731 0.14635 0.72511 0.15000 0.70616 0.14912 0.70396 0.15277 0.67017 0.15495 0.66045 0.16388 0.66016 0.17512 0.67792 0.22098 0.68747 0.25894 0.69932 0.28951 0.70294 0.31220 0.70205 0.34593 0.69654 0.35505 0.69023 0.35475 0.68692 0.36023 0.68623 0.38646 0.66829 0.38750 0.66268 0.40037 0.66559 0.40989 0.68013 0.41807 0.69438 0.43750 0.69759 0.43577 0.70200 0.42847 0.70219 0.42098 0.70760 0.41560 0.75833 0.41045 0.76124 0.41997 0.76435 0.42199 0.77006 0.40537 0.77045 0.39038 0.76744 0.38461 0.74658 0.37614 0.74157 0.36652 0.73985 0.35143
6 0.98720 1.00000 0.99115 0.84916 0.54110 0.24025 0.46475 0.20418 0.37104 0.18731 0.22773 0.18565 0.06024 0.19537 0.00567 0.27200 0.00559 0.27514 0.17083 0.26555 0.20138 0.27948 0.20079 0.30197 0.15548 0.42244 0.00000 0.85044 0.00000 0.97705 0.49345 1.00000 0.98720 1.00000
2 0.73985 0.35143 0.73684 0.34567 0.72631 0.34518 0.72330 0.33941 0.71968 0.31673 0.72688 0.28329 0.73369 0.26484 0.73389 0.25735 0.74290 0.23525 0.74319 0.22401 0.75500 0.17578 0.75559 0.15330 0.74846 0.14358 0.74626 0.14723 0.72731 0.14635 0.72511 0.15000 0.70616 0.14912 0.70396 0.15277 0.67017 0.15495 0.66045 0.16388 0.66016 0.17512 0.67792 0.22098 0.68747 0.25894 0.69932 0.28951 0.70294 0.31220 0.70205 0.34593 0.69654 0.35505 0.69023 0.35475 0.68692 0.36023 0.68623 0.38646 0.66829 0.38750 0.66268 0.40037 0.66559 0.40989 0.68013 0.41807 0.69438 0.43750 0.69759 0.43577 0.70200 0.42847 0.70219 0.42098 0.70760 0.41560 0.75833 0.41045 0.76124 0.41997 0.76435 0.42199 0.77006 0.40537 0.77045 0.39038 0.76744 0.38461 0.74658 0.37614 0.74157 0.36652 0.73985 0.35143
6 0.98720 1.00000 0.99115 0.84916 0.54110 0.24025 0.46475 0.20418 0.37104 0.18731 0.22773 0.18565 0.06024 0.19537 0.00567 0.27200 0.00559 0.27514 0.17083 0.26555 0.20138 0.27948 0.20079 0.30197 0.15548 0.42244 0.00000 0.85044 0.00000 0.97705 0.49345 1.00000 0.98720 1.00000
2 0.73985 0.35143 0.73684 0.34567 0.72631 0.34518 0.72330 0.33941 0.71968 0.31673 0.72688 0.28329 0.73369 0.26484 0.73389 0.25735 0.74290 0.23525 0.74319 0.22401 0.75500 0.17578 0.75559 0.15330 0.74846 0.14358 0.74626 0.14723 0.72731 0.14635 0.72511 0.15000 0.70616 0.14912 0.70396 0.15277 0.67017 0.15495 0.66045 0.16388 0.66016 0.17512 0.67792 0.22098 0.68747 0.25894 0.69932 0.28951 0.70294 0.31220 0.70205 0.34593 0.69654 0.35505 0.69023 0.35475 0.68692 0.36023 0.68623 0.38646 0.66829 0.38750 0.66268 0.40037 0.66559 0.40989 0.68013 0.41807 0.69438 0.43750 0.69759 0.43577 0.70200 0.42847 0.70219 0.42098 0.70760 0.41560 0.75833 0.41045 0.76124 0.41997 0.76435 0.42199 0.77006 0.40537 0.77045 0.39038 0.76744 0.38461 0.74658 0.37614 0.74157 0.36652 0.73985 0.35143
6 0.98720 1.00000 0.99115 0.84916 0.54110 0.24025 0.46475 0.20418 0.37104 0.18731 0.22773 0.18565 0.06024 0.19537 0.00567 0.27200 0.00559 0.27514 0.17083 0.26555 0.20138 0.27948 0.20079 0.30197 0.15548 0.42244 0.00000 0.85044 0.00000 0.97705 0.49345 1.00000 0.98720 1.00000
