6 1.00000 0.79810 0.85692 0.58540 0.62538 0.27689 0.57762 0.25118 0.50501 0.22959 0.39503 0.22445 0.00000 0.26913 0.00000 0.37454 0.22653 0.33599 0.26560 0.34114 0.26479 0.38642 0.04194 1.00000 1.00000 0.99486 1.00000 0.79810
5 1.00000 0.76949 0.99902 0.32432 0.97967 0.37870 0.97388 0.49439 0.98835 0.55867 0.98546 0.60237 0.91600 0.65122 1.00000 0.76949
6 1.00000 0.79810 0.85692 0.58540 0.62538 0.27689 0.57762 0.25118 0.50501 0.22959 0.39503 0.22445 0.00000 0.26913 0.00000 0.37454 0.22653 0.33599 0.26560 0.34114 0.26479 0.38642 0.04194 1.00000 1.00000 0.99486 1.00000 0.79810
5 1.00000 0.76949 0.99902 0.32432 0.97967 0.37870 0.97388 0.49439 0.98835 0.55867 0.98546 0.60237 0.91600 0.65122 1.00000 0.76949
6 1.00000 0.79810 0.85692 0.58540 0.62538 0.27689 0.57762 0.25118 0.50501 0.22959 0.39503 0.22445 0.00000 0.26913 0.00000 0.37454 0.22653 0.33599 0.26560 0.34114 0.26479 0.38642 0.04194 1.00000 1.00000 0.99486 1.00000 0.79810
5 1.00000 0.76949 0.99902 0.32432 0.97967 0.37870 0.97388 0.49439 0.98835 0.55867 0.98546 0.60237 0.91600 0.65122 1.00000 0.76949
6 1.00000 0.79810 0.85692 0.58540 0.62538 0.27689 0.57762 0.25118 0.50501 0.22959 0.39503 0.22445 0.00000 0.26913 0.00000 0.37454 0.22653 0.33599 0.26560 0.34114 0.26479 0.38642 0.04194 1.00000 1.00000 0.99486 1.00000 0.79810
5 1.00000 0.76949 0.99902 0.32432 0.97967 0.37870 0.97388 0.49439 0.98835 0.55867 0.98546 0.60237 0.91600 0.65122 1.00000 0.76949
6 1.00000 0.79810 0.85692 0.58540 0.62538 0.27689 0.57762 0.25118 0.50501 0.22959 0.39503 0.22445 0.00000 0.26913 0.00000 0.37454 0.22653 0.33599 0.26560 0.34114 0.26479 0.38642 0.04194 1.00000 1.00000 0.99486 1.00000 0.79810
5 1.00000 0.76949 0.99902 0.32432 0.97967 0.37870 0.97388 0.49439 0.98835 0.55867 0.98546 0.60237 0.91600 0.65122 1.00000 0.76949
6 1.00000 0.79810 0.85692 0.58540 0.62538 0.27689 0.57762 0.25118 0.50501 0.22959 0.39503 0.22445 0.00000 0.26913 0.00000 0.37454 0.22653 0.33599 0.26560 0.34114 0.26479 0.38642 0.04194 1.00000 1.00000 0.99486 1.00000 0.79810
5 1.00000 0.76949 0.99902 0.32432 0.97967 0.37870 0.97388 0.49439 0.98835 0.55867 0.98546 0.60237 0.91600 0.65122 1.00000 0.76949
