2 0.68667 0.29684 0.68359 0.29157 0.67557 0.29175 0.67045 0.28296 0.66830 0.27231 0.66993 0.24375 0.67380 0.23297 0.67748 0.20793 0.68331 0.19353 0.68504 0.17210 0.68891 0.16131 0.69236 0.11845 0.68723 0.10966 0.67921 0.10984 0.67725 0.11345 0.65519 0.11396 0.65323 0.11758 0.63719 0.11795 0.63523 0.12156 0.61323 0.12564 0.60828 0.13110 0.61048 0.14531 0.62283 0.16998 0.62708 0.18771 0.65203 0.25486 0.65254 0.29407 0.64960 0.29948 0.64065 0.30504 0.64093 0.32643 0.63799 0.33184 0.62596 0.33212 0.62102 0.33759 0.62111 0.34471 0.62624 0.35351 0.63230 0.35693 0.67338 0.35419 0.68840 0.35206 0.69432 0.34479 0.70234 0.34461 0.70430 0.34100 0.71036 0.34442 0.71330 0.33900 0.71311 0.32475 0.71003 0.31947 0.70201 0.31966 0.69189 0.31276 0.68677 0.30397 0.68667 0.29684
6 1.00000 0.79563 0.87463 0.66147 0.67608 0.40702 0.52528 0.22513 0.44330 0.19376 0.37234 0.18591 0.29608 0.18293 0.20923 0.18732 0.09701 0.19468 0.00000 0.21615 0.00000 0.28843 0.10074 0.27541 0.16885 0.26907 0.18629 0.27342 0.19179 0.28518 0.17901 0.33063 0.00635 0.99058 0.00648 1.00000 0.50328 1.00000 1.00000 0.98845 1.00000 0.79563
2 0.68667 0.29684 0.68359 0.29157 0.67557 0.29175 0.67045 0.28296 0.66830 0.27231 0.66993 0.24375 0.67380 0.23297 0.67748 0.20793 0.68331 0.19353 0.68504 0.17210 0.68891 0.16131 0.69236 0.11845 0.68723 0.10966 0.67921 0.10984 0.67725 0.11345 0.65519 0.11396 0.65323 0.11758 0.63719 0.11795 0.63523 0.12156 0.61323 0.12564 0.60828 0.13110 0.61048 0.14531 0.62283 0.16998 0.62708 0.18771 0.65203 0.25486 0.65254 0.29407 0.64960 0.29948 0.64065 0.30504 0.64093 0.32643 0.63799 0.33184 0.62596 0.33212 0.62102 0.33759 0.62111 0.34471 0.62624 0.35351 0.63230 0.35693 0.67338 0.35419 0.68840 0.35206 0.69432 0.34479 0.70234 0.34461 0.70430 0.34100 0.71036 0.34442 0.71330 0.33900 0.71311 0.32475 0.71003 0.31947 0.70201 0.31966 0.69189 0.31276 0.68677 0.30397 0.68667 0.29684
6 1.00000 0.79563 0.87463 0.66147 0.67608 0.40702 0.52528 0.22513 0.44330 0.19376 0.37234 0.18591 0.29608 0.18293 0.20923 0.18732 0.09701 0.19468 0.00000 0.21615 0.00000 0.28843 0.10074 0.27541 0.16885 0.26907 0.18629 0.27342 0.19179 0.28518 0.17901 0.33063 0.00635 0.99058 0.00648 1.00000 0.50328 1.00000 1.00000 0.98845 1.00000 0.79563
2 0.68667 0.29684 0.68359 0.29157 0.67557 0.29175 0.67045 0.28296 0.66830 0.27231 0.66993 0.24375 0.67380 0.23297 0.67748 0.20793 0.68331 0.19353 0.68504 0.17210 0.68891 0.16131 0.69236 0.11845 0.68723 0.10966 0.67921 0.10984 0.67725 0.11345 0.65519 0.11396 0.65323 0.11758 0.63719 0.11795 0.63523 0.12156 0.61323 0.12564 0.60828 0.13110 0.61048 0.14531 0.62283 0.16998 0.62708 0.18771 0.65203 0.25486 0.65254 0.29407 0.64960 0.29948 0.64065 0.30504 0.64093 0.32643 0.63799 0.33184 0.62596 0.33212 0.62102 0.33759 0.62111 0.34471 0.62624 0.35351 0.63230 0.35693 0.67338 0.35419 0.68840 0.35206 0.69432 0.34479 0.70234 0.34461 0.70430 0.34100 0.71036 0.34442 0.71330 0.33900 0.71311 0.32475 0.71003 0.31947 0.70201 0.31966 0.69189 0.31276 0.68677 0.30397 0.68667 0.29684
6 1.00000 0.79563 0.87463 0.66147 0.67608 0.40702 0.52528 0.22513 0.44330 0.19376 0.37234 0.18591 0.29608 0.18293 0.20923 0.18732 0.09701 0.19468 0.00000 0.21615 0.00000 0.28843 0.10074 0.27541 0.16885 0.26907 0.18629 0.27342 0.19179 0.28518 0.17901 0.33063 0.00635 0.99058 0.00648 1.00000 0.50328 1.00000 1.00000 0.98845 1.00000 0.79563
2 0.68667 0.29684 0.68359 0.29157 0.67557 0.29175 0.67045 0.28296 0.66830 0.27231 0.66993 0.24375 0.67380 0.23297 0.67748 0.20793 0.68331 0.19353 0.68504 0.17210 0.68891 0.16131 0.69236 0.11845 0.68723 0.10966 0.67921 0.10984 0.67725 0.11345 0.65519 0.11396 0.65323 0.11758 0.63719 0.11795 0.63523 0.12156 0.61323 0.12564 0.60828 0.13110 0.61048 0.14531 0.62283 0.16998 0.62708 0.18771 0.65203 0.25486 0.65254 0.29407 0.64960 0.29948 0.64065 0.30504 0.64093 0.32643 0.63799 0.33184 0.62596 0.33212 0.62102 0.33759 0.62111 0.34471 0.62624 0.35351 0.63230 0.35693 0.67338 0.35419 0.68840 0.35206 0.69432 0.34479 0.70234 0.34461 0.70430 0.34100 0.71036 0.34442 0.71330 0.33900 0.71311 0.32475 0.71003 0.31947 0.70201 0.31966 0.69189 0.31276 0.68677 0.30397 0.68667 0.29684
6 1.00000 0.79563 0.87463 0.66147 0.67608 0.40702 0.52528 0.22513 0.44330 0.19376 0.37234 0.18591 0.29608 0.18293 0.20923 0.18732 0.09701 0.19468 0.00000 0.21615 0.00000 0.28843 0.10074 0.27541 0.16885 0.26907 0.18629 0.27342 0.19179 0.28518 0.17901 0.33063 0.00635 0.99058 0.00648 1.00000 0.50328 1.00000 1.00000 0.98845 1.00000 0.79563
2 0.68667 0.29684 0.68359 0.29157 0.67557 0.29175 0.67045 0.28296 0.66830 0.27231 0.66993 0.24375 0.67380 0.23297 0.67748 0.20793 0.68331 0.19353 0.68504 0.17210 0.68891 0.16131 0.69236 0.11845 0.68723 0.10966 0.67921 0.10984 0.67725 0.11345 0.65519 0.11396 0.65323 0.11758 0.63719 0.11795 0.63523 0.12156 0.61323 0.12564 0.60828 0.13110 0.61048 0.14531 0.62283 0.16998 0.62708 0.18771 0.65203 0.25486 0.65254 0.29407 0.64960 0.29948 0.64065 0.30504 0.64093 0.32643 0.63799 0.33184 0.62596 0.33212 0.62102 0.33759 0.62111 0.34471 0.62624 0.35351 0.63230 0.35693 0.67338 0.35419 0.68840 0.35206 0.69432 0.34479 0.70234 0.34461 0.70430 0.34100 0.71036 0.34442 0.71330 0.33900 0.71311 0.32475 0.71003 0.31947 0.70201 0.31966 0.69189 0.31276 0.68677 0.30397 0.68667 0.29684
6 1.00000 0.79563 0.87463 0.66147 0.67608 0.40702 0.52528 0.22513 0.44330 0.19376 0.37234 0.18591 0.29608 0.18293 0.20923 0.18732 0.09701 0.19468 0.00000 0.21615 0.00000 0.28843 0.10074 0.27541 0.16885 0.26907 0.18629 0.27342 0.19179 0.28518 0.17901 0.33063 0.00635 0.99058 0.00648 1.00000 0.50328 1.00000 1.00000 0.98845 1.00000 0.79563
2 0.68667 0.29684 0.68359 0.29157 0.67557 0.29175 0.67045 0.28296 0.66830 0.27231 0.66993 0.24375 0.67380 0.23297 0.67748 0.20793 0.68331 0.19353 0.68504 0.17210 0.68891 0.16131 0.69236 0.11845 0.68723 0.10966 0.67921 0.10984 0.67725 0.11345 0.65519 0.11396 0.65323 0.11758 0.63719 0.11795 0.63523 0.12156 0.61323 0.12564 0.60828 0.13110 0.61048 0.14531 0.62283 0.16998 0.62708 0.18771 0.65203 0.25486 0.65254 0.29407 0.64960 0.29948 0.64065 0.30504 0.64093 0.32643 0.63799 0.33184 0.62596 0.33212 0.62102 0.33759 0.62111 0.34471 0.62624 0.35351 0.63230 0.35693 0.67338 0.35419 0.68840 0.35206 0.69432 0.34479 0.70234 0.34461 0.70430 0.34100 0.71036 0.34442 0.71330 0.33900 0.71311 0.32475 0.71003 0.31947 0.70201 0.31966 0.69189 0.31276 0.68677 0.30397 0.68667 0.29684
6 1.00000 0.79563 0.87463 0.66147 0.67608 0.40702 0.52528 0.22513 0.44330 0.19376 0.37234 0.18591 0.29608 0.18293 0.20923 0.18732 0.09701 0.19468 0.00000 0.21615 0.00000 0.28843 0.10074 0.27541 0.16885 0.26907 0.18629 0.27342 0.19179 0.28518 0.17901 0.33063 0.00635 0.99058 0.00648 1.00000 0.50328 1.00000 1.00000 0.98845 1.00000 0.79563
