6 0.27637 0.84375 0.26855 0.82986 0.25684 0.81945 0.25293 0.81945 0.24512 0.80903 0.22754 0.79861 0.20996 0.78125 0.20606 0.78125 0.19629 0.77083 0.17871 0.76042 0.17480 0.75347 0.16309 0.74305 0.15918 0.74305 0.15137 0.73264 0.12793 0.71528 0.12402 0.70833 0.12012 0.70833 0.10645 0.69097 0.08691 0.68403 0.08496 0.68055 0.06543 0.67708 0.06348 0.67361 0.03809 0.67361 0.03613 0.67014 0.01465 0.67014 0.01270 0.66667 0.00000 0.66840 0.00098 0.99653 0.43945 0.99827 0.44336 0.99479 0.29394 0.86111 0.28809 0.85070 0.27637 0.84375
5 0.33149 0.78100 0.31344 0.78546 0.31093 0.81309 0.28585 0.81755 0.28585 0.84341 0.32196 0.87729 0.38966 0.84786 0.38966 0.82468 0.36309 0.80418 0.36258 0.77921 0.34954 0.77921 0.34854 0.74623 0.36108 0.74088 0.37913 0.69006 0.38064 0.63211 0.36008 0.58753 0.32798 0.59288 0.30340 0.63657 0.30340 0.70165 0.32748 0.74890 0.33149 0.78100
6 0.27637 0.84375 0.26855 0.82986 0.25684 0.81945 0.25293 0.81945 0.24512 0.80903 0.22754 0.79861 0.20996 0.78125 0.20606 0.78125 0.19629 0.77083 0.17871 0.76042 0.17480 0.75347 0.16309 0.74305 0.15918 0.74305 0.15137 0.73264 0.12793 0.71528 0.12402 0.70833 0.12012 0.70833 0.10645 0.69097 0.08691 0.68403 0.08496 0.68055 0.06543 0.67708 0.06348 0.67361 0.03809 0.67361 0.03613 0.67014 0.01465 0.67014 0.01270 0.66667 0.00000 0.66840 0.00098 0.99653 0.43945 0.99827 0.44336 0.99479 0.29394 0.86111 0.28809 0.85070 0.27637 0.84375
5 0.33149 0.78100 0.31344 0.78546 0.31093 0.81309 0.28585 0.81755 0.28585 0.84341 0.32196 0.87729 0.38966 0.84786 0.38966 0.82468 0.36309 0.80418 0.36258 0.77921 0.34954 0.77921 0.34854 0.74623 0.36108 0.74088 0.37913 0.69006 0.38064 0.63211 0.36008 0.58753 0.32798 0.59288 0.30340 0.63657 0.30340 0.70165 0.32748 0.74890 0.33149 0.78100
6 0.27637 0.84375 0.26855 0.82986 0.25684 0.81945 0.25293 0.81945 0.24512 0.80903 0.22754 0.79861 0.20996 0.78125 0.20606 0.78125 0.19629 0.77083 0.17871 0.76042 0.17480 0.75347 0.16309 0.74305 0.15918 0.74305 0.15137 0.73264 0.12793 0.71528 0.12402 0.70833 0.12012 0.70833 0.10645 0.69097 0.08691 0.68403 0.08496 0.68055 0.06543 0.67708 0.06348 0.67361 0.03809 0.67361 0.03613 0.67014 0.01465 0.67014 0.01270 0.66667 0.00000 0.66840 0.00098 0.99653 0.43945 0.99827 0.44336 0.99479 0.29394 0.86111 0.28809 0.85070 0.27637 0.84375
5 0.33149 0.78100 0.31344 0.78546 0.31093 0.81309 0.28585 0.81755 0.28585 0.84341 0.32196 0.87729 0.38966 0.84786 0.38966 0.82468 0.36309 0.80418 0.36258 0.77921 0.34954 0.77921 0.34854 0.74623 0.36108 0.74088 0.37913 0.69006 0.38064 0.63211 0.36008 0.58753 0.32798 0.59288 0.30340 0.63657 0.30340 0.70165 0.32748 0.74890 0.33149 0.78100
6 0.27637 0.84375 0.26855 0.82986 0.25684 0.81945 0.25293 0.81945 0.24512 0.80903 0.22754 0.79861 0.20996 0.78125 0.20606 0.78125 0.19629 0.77083 0.17871 0.76042 0.17480 0.75347 0.16309 0.74305 0.15918 0.74305 0.15137 0.73264 0.12793 0.71528 0.12402 0.70833 0.12012 0.70833 0.10645 0.69097 0.08691 0.68403 0.08496 0.68055 0.06543 0.67708 0.06348 0.67361 0.03809 0.67361 0.03613 0.67014 0.01465 0.67014 0.01270 0.66667 0.00000 0.66840 0.00098 0.99653 0.43945 0.99827 0.44336 0.99479 0.29394 0.86111 0.28809 0.85070 0.27637 0.84375
5 0.33149 0.78100 0.31344 0.78546 0.31093 0.81309 0.28585 0.81755 0.28585 0.84341 0.32196 0.87729 0.38966 0.84786 0.38966 0.82468 0.36309 0.80418 0.36258 0.77921 0.34954 0.77921 0.34854 0.74623 0.36108 0.74088 0.37913 0.69006 0.38064 0.63211 0.36008 0.58753 0.32798 0.59288 0.30340 0.63657 0.30340 0.70165 0.32748 0.74890 0.33149 0.78100
6 0.27637 0.84375 0.26855 0.82986 0.25684 0.81945 0.25293 0.81945 0.24512 0.80903 0.22754 0.79861 0.20996 0.78125 0.20606 0.78125 0.19629 0.77083 0.17871 0.76042 0.17480 0.75347 0.16309 0.74305 0.15918 0.74305 0.15137 0.73264 0.12793 0.71528 0.12402 0.70833 0.12012 0.70833 0.10645 0.69097 0.08691 0.68403 0.08496 0.68055 0.06543 0.67708 0.06348 0.67361 0.03809 0.67361 0.03613 0.67014 0.01465 0.67014 0.01270 0.66667 0.00000 0.66840 0.00098 0.99653 0.43945 0.99827 0.44336 0.99479 0.29394 0.86111 0.28809 0.85070 0.27637 0.84375
5 0.33149 0.78100 0.31344 0.78546 0.31093 0.81309 0.28585 0.81755 0.28585 0.84341 0.32196 0.87729 0.38966 0.84786 0.38966 0.82468 0.36309 0.80418 0.36258 0.77921 0.34954 0.77921 0.34854 0.74623 0.36108 0.74088 0.37913 0.69006 0.38064 0.63211 0.36008 0.58753 0.32798 0.59288 0.30340 0.63657 0.30340 0.70165 0.32748 0.74890 0.33149 0.78100
6 0.27637 0.84375 0.26855 0.82986 0.25684 0.81945 0.25293 0.81945 0.24512 0.80903 0.22754 0.79861 0.20996 0.78125 0.20606 0.78125 0.19629 0.77083 0.17871 0.76042 0.17480 0.75347 0.16309 0.74305 0.15918 0.74305 0.15137 0.73264 0.12793 0.71528 0.12402 0.70833 0.12012 0.70833 0.10645 0.69097 0.08691 0.68403 0.08496 0.68055 0.06543 0.67708 0.06348 0.67361 0.03809 0.67361 0.03613 0.67014 0.01465 0.67014 0.01270 0.66667 0.00000 0.66840 0.00098 0.99653 0.43945 0.99827 0.44336 0.99479 0.29394 0.86111 0.28809 0.85070 0.27637 0.84375
5 0.33149 0.78100 0.31344 0.78546 0.31093 0.81309 0.28585 0.81755 0.28585 0.84341 0.32196 0.87729 0.38966 0.84786 0.38966 0.82468 0.36309 0.80418 0.36258 0.77921 0.34954 0.77921 0.34854 0.74623 0.36108 0.74088 0.37913 0.69006 0.38064 0.63211 0.36008 0.58753 0.32798 0.59288 0.30340 0.63657 0.30340 0.70165 0.32748 0.74890 0.33149 0.78100
