6 1.00000 0.47361 0.55928 0.05222 0.48381 0.03929 0.41506 0.05130 0.28263 0.08064 0.00000 0.16091 0.00000 0.24456 0.25238 0.17436 0.25916 0.19554 0.13823 1.00000 0.51967 1.00000 1.00000 0.93275 1.00000 0.47361
5 0.83232 0.00000 0.81942 0.03241 0.81468 0.06412 0.81646 0.12490 0.82908 0.14407 0.85351 0.17623 0.84981 0.21407 0.83436 0.22946 0.80000 0.25247 0.79945 0.27610 0.85313 0.32212 0.93603 0.28300 0.93377 0.25436 0.90115 0.23079 0.88884 0.20235 0.87850 0.20032 0.87539 0.16598 0.89684 0.14751 0.90966 0.09946 0.91251 0.08480 0.91269 0.00083 0.91219 0.00000 0.83232 0.00000
6 1.00000 0.47361 0.55928 0.05222 0.48381 0.03929 0.41506 0.05130 0.28263 0.08064 0.00000 0.16091 0.00000 0.24456 0.25238 0.17436 0.25916 0.19554 0.13823 1.00000 0.51967 1.00000 1.00000 0.93275 1.00000 0.47361
5 0.83232 0.00000 0.81942 0.03241 0.81468 0.06412 0.81646 0.12490 0.82908 0.14407 0.85351 0.17623 0.84981 0.21407 0.83436 0.22946 0.80000 0.25247 0.79945 0.27610 0.85313 0.32212 0.93603 0.28300 0.93377 0.25436 0.90115 0.23079 0.88884 0.20235 0.87850 0.20032 0.87539 0.16598 0.89684 0.14751 0.90966 0.09946 0.91251 0.08480 0.91269 0.00083 0.91219 0.00000 0.83232 0.00000
6 1.00000 0.47361 0.55928 0.05222 0.48381 0.03929 0.41506 0.05130 0.28263 0.08064 0.00000 0.16091 0.00000 0.24456 0.25238 0.17436 0.25916 0.19554 0.13823 1.00000 0.51967 1.00000 1.00000 0.93275 1.00000 0.47361
5 0.83232 0.00000 0.81942 0.03241 0.81468 0.06412 0.81646 0.12490 0.82908 0.14407 0.85351 0.17623 0.84981 0.21407 0.83436 0.22946 0.80000 0.25247 0.79945 0.27610 0.85313 0.32212 0.93603 0.28300 0.93377 0.25436 0.90115 0.23079 0.88884 0.20235 0.87850 0.20032 0.87539 0.16598 0.89684 0.14751 0.90966 0.09946 0.91251 0.08480 0.91269 0.00083 0.91219 0.00000 0.83232 0.00000
6 1.00000 0.47361 0.55928 0.05222 0.48381 0.03929 0.41506 0.05130 0.28263 0.08064 0.00000 0.16091 0.00000 0.24456 0.25238 0.17436 0.25916 0.19554 0.13823 1.00000 0.51967 1.00000 1.00000 0.93275 1.00000 0.47361
5 0.83232 0.00000 0.81942 0.03241 0.81468 0.06412 0.81646 0.12490 0.82908 0.14407 0.85351 0.17623 0.84981 0.21407 0.83436 0.22946 0.80000 0.25247 0.79945 0.27610 0.85313 0.32212 0.93603 0.28300 0.93377 0.25436 0.90115 0.23079 0.88884 0.20235 0.87850 0.20032 0.87539 0.16598 0.89684 0.14751 0.90966 0.09946 0.91251 0.08480 0.91269 0.00083 0.91219 0.00000 0.83232 0.00000
6 1.00000 0.47361 0.55928 0.05222 0.48381 0.03929 0.41506 0.05130 0.28263 0.08064 0.00000 0.16091 0.00000 0.24456 0.25238 0.17436 0.25916 0.19554 0.13823 1.00000 0.51967 1.00000 1.00000 0.93275 1.00000 0.47361
5 0.83232 0.00000 0.81942 0.03241 0.81468 0.06412 0.81646 0.12490 0.82908 0.14407 0.85351 0.17623 0.84981 0.21407 0.83436 0.22946 0.80000 0.25247 0.79945 0.27610 0.85313 0.32212 0.93603 0.28300 0.93377 0.25436 0.90115 0.23079 0.88884 0.20235 0.87850 0.20032 0.87539 0.16598 0.89684 0.14751 0.90966 0.09946 0.91251 0.08480 0.91269 0.00083 0.91219 0.00000 0.83232 0.00000
6 1.00000 0.47361 0.55928 0.05222 0.48381 0.03929 0.41506 0.05130 0.28263 0.08064 0.00000 0.16091 0.00000 0.24456 0.25238 0.17436 0.25916 0.19554 0.13823 1.00000 0.51967 1.00000 1.00000 0.93275 1.00000 0.47361
5 0.83232 0.00000 0.81942 0.03241 0.81468 0.06412 0.81646 0.12490 0.82908 0.14407 0.85351 0.17623 0.84981 0.21407 0.83436 0.22946 0.80000 0.25247 0.79945 0.27610 0.85313 0.32212 0.93603 0.28300 0.93377 0.25436 0.90115 0.23079 0.88884 0.20235 0.87850 0.20032 0.87539 0.16598 0.89684 0.14751 0.90966 0.09946 0.91251 0.08480 0.91269 0.00083 0.91219 0.00000 0.83232 0.00000
