7 0.08903 0.45834 0.10635 0.46016 0.11123 0.45384 0.11805 0.39653 0.11646 0.39252 0.12134 0.38621 0.12347 0.36830 0.10053 0.36162 0.09687 0.36636 0.09517 0.38069 0.09834 0.38870 0.09304 0.39860 0.08708 0.44875 0.08903 0.45834
1 0.33623 0.63534 0.34026 0.63619 0.35282 0.62598 0.36056 0.61293 0.37001 0.58555 0.37299 0.56047 0.37140 0.55647 0.37195 0.53455 0.36481 0.51652 0.34998 0.50238 0.33991 0.50025 0.32900 0.50529 0.31845 0.51592 0.30540 0.53887 0.30211 0.54919 0.29785 0.58501 0.30292 0.61179 0.31605 0.64026 0.31519 0.64742 0.30697 0.67323 0.29605 0.67827 0.28831 0.69132 0.27824 0.68920 0.27215 0.69709 0.27526 0.71427 0.27929 0.71512 0.29009 0.72841 0.31345 0.73151 0.34486 0.73630 0.35133 0.73399 0.35541 0.72567 0.35346 0.71608 0.34223 0.70637 0.33985 0.70036 0.33954 0.68561 0.33356 0.67516 0.32954 0.67431 0.32801 0.66114 0.33014 0.64323 0.33623 0.63534
6 0.47843 1.00000 0.47187 0.98708 0.42147 0.92504 0.40591 0.89972 0.39828 0.89445 0.37351 0.85984 0.36948 0.85899 0.34989 0.83283 0.34587 0.83198 0.33189 0.81067 0.29907 0.77437 0.26953 0.72775 0.25629 0.71761 0.24793 0.70116 0.24391 0.70031 0.23152 0.68301 0.22188 0.67730 0.20229 0.65114 0.19827 0.65029 0.18271 0.62498 0.17106 0.61885 0.15665 0.60112 0.14915 0.57751 0.13188 0.56652 0.12236 0.54248 0.11431 0.54078 0.10308 0.53107 0.08752 0.50575 0.07026 0.49477 0.05470 0.46945 0.04347 0.45974 0.03871 0.44772 0.01150 0.41628 0.00545 0.41500 0.00424 0.41193 0.00000 0.44758 0.00000 0.90075 0.47046 1.00000 0.47843 1.00000
7 0.08903 0.45834 0.10635 0.46016 0.11123 0.45384 0.11805 0.39653 0.11646 0.39252 0.12134 0.38621 0.12347 0.36830 0.10053 0.36162 0.09687 0.36636 0.09517 0.38069 0.09834 0.38870 0.09304 0.39860 0.08708 0.44875 0.08903 0.45834
1 0.33623 0.63534 0.34026 0.63619 0.35282 0.62598 0.36056 0.61293 0.37001 0.58555 0.37299 0.56047 0.37140 0.55647 0.37195 0.53455 0.36481 0.51652 0.34998 0.50238 0.33991 0.50025 0.32900 0.50529 0.31845 0.51592 0.30540 0.53887 0.30211 0.54919 0.29785 0.58501 0.30292 0.61179 0.31605 0.64026 0.31519 0.64742 0.30697 0.67323 0.29605 0.67827 0.28831 0.69132 0.27824 0.68920 0.27215 0.69709 0.27526 0.71427 0.27929 0.71512 0.29009 0.72841 0.31345 0.73151 0.34486 0.73630 0.35133 0.73399 0.35541 0.72567 0.35346 0.71608 0.34223 0.70637 0.33985 0.70036 0.33954 0.68561 0.33356 0.67516 0.32954 0.67431 0.32801 0.66114 0.33014 0.64323 0.33623 0.63534
6 0.47843 1.00000 0.47187 0.98708 0.42147 0.92504 0.40591 0.89972 0.39828 0.89445 0.37351 0.85984 0.36948 0.85899 0.34989 0.83283 0.34587 0.83198 0.33189 0.81067 0.29907 0.77437 0.26953 0.72775 0.25629 0.71761 0.24793 0.70116 0.24391 0.70031 0.23152 0.68301 0.22188 0.67730 0.20229 0.65114 0.19827 0.65029 0.18271 0.62498 0.17106 0.61885 0.15665 0.60112 0.14915 0.57751 0.13188 0.56652 0.12236 0.54248 0.11431 0.54078 0.10308 0.53107 0.08752 0.50575 0.07026 0.49477 0.05470 0.46945 0.04347 0.45974 0.03871 0.44772 0.01150 0.41628 0.00545 0.41500 0.00424 0.41193 0.00000 0.44758 0.00000 0.90075 0.47046 1.00000 0.47843 1.00000
7 0.08903 0.45834 0.10635 0.46016 0.11123 0.45384 0.11805 0.39653 0.11646 0.39252 0.12134 0.38621 0.12347 0.36830 0.10053 0.36162 0.09687 0.36636 0.09517 0.38069 0.09834 0.38870 0.09304 0.39860 0.08708 0.44875 0.08903 0.45834
1 0.33623 0.63534 0.34026 0.63619 0.35282 0.62598 0.36056 0.61293 0.37001 0.58555 0.37299 0.56047 0.37140 0.55647 0.37195 0.53455 0.36481 0.51652 0.34998 0.50238 0.33991 0.50025 0.32900 0.50529 0.31845 0.51592 0.30540 0.53887 0.30211 0.54919 0.29785 0.58501 0.30292 0.61179 0.31605 0.64026 0.31519 0.64742 0.30697 0.67323 0.29605 0.67827 0.28831 0.69132 0.27824 0.68920 0.27215 0.69709 0.27526 0.71427 0.27929 0.71512 0.29009 0.72841 0.31345 0.73151 0.34486 0.73630 0.35133 0.73399 0.35541 0.72567 0.35346 0.71608 0.34223 0.70637 0.33985 0.70036 0.33954 0.68561 0.33356 0.67516 0.32954 0.67431 0.32801 0.66114 0.33014 0.64323 0.33623 0.63534
6 0.47843 1.00000 0.47187 0.98708 0.42147 0.92504 0.40591 0.89972 0.39828 0.89445 0.37351 0.85984 0.36948 0.85899 0.34989 0.83283 0.34587 0.83198 0.33189 0.81067 0.29907 0.77437 0.26953 0.72775 0.25629 0.71761 0.24793 0.70116 0.24391 0.70031 0.23152 0.68301 0.22188 0.67730 0.20229 0.65114 0.19827 0.65029 0.18271 0.62498 0.17106 0.61885 0.15665 0.60112 0.14915 0.57751 0.13188 0.56652 0.12236 0.54248 0.11431 0.54078 0.10308 0.53107 0.08752 0.50575 0.07026 0.49477 0.05470 0.46945 0.04347 0.45974 0.03871 0.44772 0.01150 0.41628 0.00545 0.41500 0.00424 0.41193 0.00000 0.44758 0.00000 0.90075 0.47046 1.00000 0.47843 1.00000
7 0.08903 0.45834 0.10635 0.46016 0.11123 0.45384 0.11805 0.39653 0.11646 0.39252 0.12134 0.38621 0.12347 0.36830 0.10053 0.36162 0.09687 0.36636 0.09517 0.38069 0.09834 0.38870 0.09304 0.39860 0.08708 0.44875 0.08903 0.45834
1 0.33623 0.63534 0.34026 0.63619 0.35282 0.62598 0.36056 0.61293 0.37001 0.58555 0.37299 0.56047 0.37140 0.55647 0.37195 0.53455 0.36481 0.51652 0.34998 0.50238 0.33991 0.50025 0.32900 0.50529 0.31845 0.51592 0.30540 0.53887 0.30211 0.54919 0.29785 0.58501 0.30292 0.61179 0.31605 0.64026 0.31519 0.64742 0.30697 0.67323 0.29605 0.67827 0.28831 0.69132 0.27824 0.68920 0.27215 0.69709 0.27526 0.71427 0.27929 0.71512 0.29009 0.72841 0.31345 0.73151 0.34486 0.73630 0.35133 0.73399 0.35541 0.72567 0.35346 0.71608 0.34223 0.70637 0.33985 0.70036 0.33954 0.68561 0.33356 0.67516 0.32954 0.67431 0.32801 0.66114 0.33014 0.64323 0.33623 0.63534
6 0.47843 1.00000 0.47187 0.98708 0.42147 0.92504 0.40591 0.89972 0.39828 0.89445 0.37351 0.85984 0.36948 0.85899 0.34989 0.83283 0.34587 0.83198 0.33189 0.81067 0.29907 0.77437 0.26953 0.72775 0.25629 0.71761 0.24793 0.70116 0.24391 0.70031 0.23152 0.68301 0.22188 0.67730 0.20229 0.65114 0.19827 0.65029 0.18271 0.62498 0.17106 0.61885 0.15665 0.60112 0.14915 0.57751 0.13188 0.56652 0.12236 0.54248 0.11431 0.54078 0.10308 0.53107 0.08752 0.50575 0.07026 0.49477 0.05470 0.46945 0.04347 0.45974 0.03871 0.44772 0.01150 0.41628 0.00545 0.41500 0.00424 0.41193 0.00000 0.44758 0.00000 0.90075 0.47046 1.00000 0.47843 1.00000
7 0.08903 0.45834 0.10635 0.46016 0.11123 0.45384 0.11805 0.39653 0.11646 0.39252 0.12134 0.38621 0.12347 0.36830 0.10053 0.36162 0.09687 0.36636 0.09517 0.38069 0.09834 0.38870 0.09304 0.39860 0.08708 0.44875 0.08903 0.45834
1 0.33623 0.63534 0.34026 0.63619 0.35282 0.62598 0.36056 0.61293 0.37001 0.58555 0.37299 0.56047 0.37140 0.55647 0.37195 0.53455 0.36481 0.51652 0.34998 0.50238 0.33991 0.50025 0.32900 0.50529 0.31845 0.51592 0.30540 0.53887 0.30211 0.54919 0.29785 0.58501 0.30292 0.61179 0.31605 0.64026 0.31519 0.64742 0.30697 0.67323 0.29605 0.67827 0.28831 0.69132 0.27824 0.68920 0.27215 0.69709 0.27526 0.71427 0.27929 0.71512 0.29009 0.72841 0.31345 0.73151 0.34486 0.73630 0.35133 0.73399 0.35541 0.72567 0.35346 0.71608 0.34223 0.70637 0.33985 0.70036 0.33954 0.68561 0.33356 0.67516 0.32954 0.67431 0.32801 0.66114 0.33014 0.64323 0.33623 0.63534
6 0.47843 1.00000 0.47187 0.98708 0.42147 0.92504 0.40591 0.89972 0.39828 0.89445 0.37351 0.85984 0.36948 0.85899 0.34989 0.83283 0.34587 0.83198 0.33189 0.81067 0.29907 0.77437 0.26953 0.72775 0.25629 0.71761 0.24793 0.70116 0.24391 0.70031 0.23152 0.68301 0.22188 0.67730 0.20229 0.65114 0.19827 0.65029 0.18271 0.62498 0.17106 0.61885 0.15665 0.60112 0.14915 0.57751 0.13188 0.56652 0.12236 0.54248 0.11431 0.54078 0.10308 0.53107 0.08752 0.50575 0.07026 0.49477 0.05470 0.46945 0.04347 0.45974 0.03871 0.44772 0.01150 0.41628 0.00545 0.41500 0.00424 0.41193 0.00000 0.44758 0.00000 0.90075 0.47046 1.00000 0.47843 1.00000
7 0.08903 0.45834 0.10635 0.46016 0.11123 0.45384 0.11805 0.39653 0.11646 0.39252 0.12134 0.38621 0.12347 0.36830 0.10053 0.36162 0.09687 0.36636 0.09517 0.38069 0.09834 0.38870 0.09304 0.39860 0.08708 0.44875 0.08903 0.45834
1 0.33623 0.63534 0.34026 0.63619 0.35282 0.62598 0.36056 0.61293 0.37001 0.58555 0.37299 0.56047 0.37140 0.55647 0.37195 0.53455 0.36481 0.51652 0.34998 0.50238 0.33991 0.50025 0.32900 0.50529 0.31845 0.51592 0.30540 0.53887 0.30211 0.54919 0.29785 0.58501 0.30292 0.61179 0.31605 0.64026 0.31519 0.64742 0.30697 0.67323 0.29605 0.67827 0.28831 0.69132 0.27824 0.68920 0.27215 0.69709 0.27526 0.71427 0.27929 0.71512 0.29009 0.72841 0.31345 0.73151 0.34486 0.73630 0.35133 0.73399 0.35541 0.72567 0.35346 0.71608 0.34223 0.70637 0.33985 0.70036 0.33954 0.68561 0.33356 0.67516 0.32954 0.67431 0.32801 0.66114 0.33014 0.64323 0.33623 0.63534
6 0.47843 1.00000 0.47187 0.98708 0.42147 0.92504 0.40591 0.89972 0.39828 0.89445 0.37351 0.85984 0.36948 0.85899 0.34989 0.83283 0.34587 0.83198 0.33189 0.81067 0.29907 0.77437 0.26953 0.72775 0.25629 0.71761 0.24793 0.70116 0.24391 0.70031 0.23152 0.68301 0.22188 0.67730 0.20229 0.65114 0.19827 0.65029 0.18271 0.62498 0.17106 0.61885 0.15665 0.60112 0.14915 0.57751 0.13188 0.56652 0.12236 0.54248 0.11431 0.54078 0.10308 0.53107 0.08752 0.50575 0.07026 0.49477 0.05470 0.46945 0.04347 0.45974 0.03871 0.44772 0.01150 0.41628 0.00545 0.41500 0.00424 0.41193 0.00000 0.44758 0.00000 0.90075 0.47046 1.00000 0.47843 1.00000
