6 0.02650 0.00000 0.00000 0.11980 0.00000 1.00000 1.00000 1.00000 1.00000 0.88261 0.33764 0.00000 0.02650 0.00000
1 0.56874 0.16523 0.56909 0.19471 0.55965 0.19777 0.52650 0.21207 0.52576 0.23282 0.55794 0.26789 0.62658 0.25874 0.62529 0.23511 0.60170 0.22139 0.60127 0.18862 0.58882 0.19319 0.58782 0.16997 0.59979 0.14746 0.61789 0.13704 0.62947 0.09847 0.63526 0.07019 0.63285 0.00153 0.55181 0.00000 0.53844 0.05777 0.53844 0.08766 0.54333 0.11853 0.55213 0.13572 0.56874 0.16523
6 0.02650 0.00000 0.00000 0.11980 0.00000 1.00000 1.00000 1.00000 1.00000 0.88261 0.33764 0.00000 0.02650 0.00000
1 0.56874 0.16523 0.56909 0.19471 0.55965 0.19777 0.52650 0.21207 0.52576 0.23282 0.55794 0.26789 0.62658 0.25874 0.62529 0.23511 0.60170 0.22139 0.60127 0.18862 0.58882 0.19319 0.58782 0.16997 0.59979 0.14746 0.61789 0.13704 0.62947 0.09847 0.63526 0.07019 0.63285 0.00153 0.55181 0.00000 0.53844 0.05777 0.53844 0.08766 0.54333 0.11853 0.55213 0.13572 0.56874 0.16523
6 0.02650 0.00000 0.00000 0.11980 0.00000 1.00000 1.00000 1.00000 1.00000 0.88261 0.33764 0.00000 0.02650 0.00000
1 0.56874 0.16523 0.56909 0.19471 0.55965 0.19777 0.52650 0.21207 0.52576 0.23282 0.55794 0.26789 0.62658 0.25874 0.62529 0.23511 0.60170 0.22139 0.60127 0.18862 0.58882 0.19319 0.58782 0.16997 0.59979 0.14746 0.61789 0.13704 0.62947 0.09847 0.63526 0.07019 0.63285 0.00153 0.55181 0.00000 0.53844 0.05777 0.53844 0.08766 0.54333 0.11853 0.55213 0.13572 0.56874 0.16523
6 0.02650 0.00000 0.00000 0.11980 0.00000 1.00000 1.00000 1.00000 1.00000 0.88261 0.33764 0.00000 0.02650 0.00000
1 0.56874 0.16523 0.56909 0.19471 0.55965 0.19777 0.52650 0.21207 0.52576 0.23282 0.55794 0.26789 0.62658 0.25874 0.62529 0.23511 0.60170 0.22139 0.60127 0.18862 0.58882 0.19319 0.58782 0.16997 0.59979 0.14746 0.61789 0.13704 0.62947 0.09847 0.63526 0.07019 0.63285 0.00153 0.55181 0.00000 0.53844 0.05777 0.53844 0.08766 0.54333 0.11853 0.55213 0.13572 0.56874 0.16523
6 0.02650 0.00000 0.00000 0.11980 0.00000 1.00000 1.00000 1.00000 1.00000 0.88261 0.33764 0.00000 0.02650 0.00000
1 0.56874 0.16523 0.56909 0.19471 0.55965 0.19777 0.52650 0.21207 0.52576 0.23282 0.55794 0.26789 0.62658 0.25874 0.62529 0.23511 0.60170 0.22139 0.60127 0.18862 0.58882 0.19319 0.58782 0.16997 0.59979 0.14746 0.61789 0.13704 0.62947 0.09847 0.63526 0.07019 0.63285 0.00153 0.55181 0.00000 0.53844 0.05777 0.53844 0.08766 0.54333 0.11853 0.55213 0.13572 0.56874 0.16523
6 0.02650 0.00000 0.00000 0.11980 0.00000 1.00000 1.00000 1.00000 1.00000 0.88261 0.33764 0.00000 0.02650 0.00000
1 0.56874 0.16523 0.56909 0.19471 0.55965 0.19777 0.52650 0.21207 0.52576 0.23282 0.55794 0.26789 0.62658 0.25874 0.62529 0.23511 0.60170 0.22139 0.60127 0.18862 0.58882 0.19319 0.58782 0.16997 0.59979 0.14746 0.61789 0.13704 0.62947 0.09847 0.63526 0.07019 0.63285 0.00153 0.55181 0.00000 0.53844 0.05777 0.53844 0.08766 0.54333 0.11853 0.55213 0.13572 0.56874 0.16523
