6 0.00000 0.36343 0.22005 0.38657 0.23177 0.37963 0.24479 0.36111 0.25260 0.35185 0.26172 0.35185 0.26693 0.34722 0.26693 0.33565 0.26432 0.30324 0.25911 0.30093 0.25521 0.29861 0.25130 0.29167 0.24479 0.28472 0.24089 0.26157 0.23698 0.24537 0.23568 0.22917 0.23828 0.20370 0.00000 0.17824 0.00000 0.36343
6 1.00000 0.52546 0.71875 0.07407 0.54427 0.06713 0.50260 0.22454 0.28385 0.20602 0.29167 0.24305 0.27865 0.25695 0.29167 0.32639 0.28776 0.36111 0.33073 0.36574 0.32422 0.39815 0.44141 0.40741 0.27474 0.99537 1.00000 1.00000 1.00000 0.52546
7 0.49512 0.15625 0.48828 0.15452 0.48828 0.14062 0.49219 0.12327 0.50488 0.10764 0.50977 0.09548 0.51172 0.07118 0.51367 0.06771 0.50781 0.03993 0.49902 0.02430 0.48730 0.02083 0.48535 0.01736 0.46582 0.01736 0.45703 0.05729 0.45703 0.08160 0.46289 0.11285 0.46094 0.11979 0.46094 0.15798 0.44727 0.17535 0.44727 0.22048 0.49414 0.22396 0.49805 0.21702 0.50586 0.18229 0.50195 0.16840 0.49512 0.15625
7 0.87012 0.18750 0.86426 0.19792 0.85254 0.19792 0.84961 0.19271 0.85547 0.13021 0.85742 0.12673 0.85742 0.11285 0.85938 0.10938 0.85938 0.08854 0.86133 0.08507 0.86133 0.06771 0.86328 0.06423 0.86328 0.03646 0.85840 0.03125 0.84668 0.03125 0.84180 0.04688 0.83984 0.08854 0.83789 0.09202 0.83789 0.10938 0.83594 0.11285 0.83594 0.13368 0.83399 0.13715 0.83203 0.16840 0.82617 0.18577 0.82422 0.22743 0.83301 0.23611 0.84082 0.23611 0.84473 0.24305 0.84668 0.23611 0.85840 0.23611 0.86035 0.23958 0.86621 0.23958 0.86816 0.25000 0.87109 0.24827 0.87500 0.24132 0.87500 0.22396 0.87891 0.20312 0.87012 0.18750
6 0.00000 0.36343 0.22005 0.38657 0.23177 0.37963 0.24479 0.36111 0.25260 0.35185 0.26172 0.35185 0.26693 0.34722 0.26693 0.33565 0.26432 0.30324 0.25911 0.30093 0.25521 0.29861 0.25130 0.29167 0.24479 0.28472 0.24089 0.26157 0.23698 0.24537 0.23568 0.22917 0.23828 0.20370 0.00000 0.17824 0.00000 0.36343
6 1.00000 0.52546 0.71875 0.07407 0.54427 0.06713 0.50260 0.22454 0.28385 0.20602 0.29167 0.24305 0.27865 0.25695 0.29167 0.32639 0.28776 0.36111 0.33073 0.36574 0.32422 0.39815 0.44141 0.40741 0.27474 0.99537 1.00000 1.00000 1.00000 0.52546
7 0.49512 0.15625 0.48828 0.15452 0.48828 0.14062 0.49219 0.12327 0.50488 0.10764 0.50977 0.09548 0.51172 0.07118 0.51367 0.06771 0.50781 0.03993 0.49902 0.02430 0.48730 0.02083 0.48535 0.01736 0.46582 0.01736 0.45703 0.05729 0.45703 0.08160 0.46289 0.11285 0.46094 0.11979 0.46094 0.15798 0.44727 0.17535 0.44727 0.22048 0.49414 0.22396 0.49805 0.21702 0.50586 0.18229 0.50195 0.16840 0.49512 0.15625
7 0.87012 0.18750 0.86426 0.19792 0.85254 0.19792 0.84961 0.19271 0.85547 0.13021 0.85742 0.12673 0.85742 0.11285 0.85938 0.10938 0.85938 0.08854 0.86133 0.08507 0.86133 0.06771 0.86328 0.06423 0.86328 0.03646 0.85840 0.03125 0.84668 0.03125 0.84180 0.04688 0.83984 0.08854 0.83789 0.09202 0.83789 0.10938 0.83594 0.11285 0.83594 0.13368 0.83399 0.13715 0.83203 0.16840 0.82617 0.18577 0.82422 0.22743 0.83301 0.23611 0.84082 0.23611 0.84473 0.24305 0.84668 0.23611 0.85840 0.23611 0.86035 0.23958 0.86621 0.23958 0.86816 0.25000 0.87109 0.24827 0.87500 0.24132 0.87500 0.22396 0.87891 0.20312 0.87012 0.18750
6 0.00000 0.36343 0.22005 0.38657 0.23177 0.37963 0.24479 0.36111 0.25260 0.35185 0.26172 0.35185 0.26693 0.34722 0.26693 0.33565 0.26432 0.30324 0.25911 0.30093 0.25521 0.29861 0.25130 0.29167 0.24479 0.28472 0.24089 0.26157 0.23698 0.24537 0.23568 0.22917 0.23828 0.20370 0.00000 0.17824 0.00000 0.36343
6 1.00000 0.52546 0.71875 0.07407 0.54427 0.06713 0.50260 0.22454 0.28385 0.20602 0.29167 0.24305 0.27865 0.25695 0.29167 0.32639 0.28776 0.36111 0.33073 0.36574 0.32422 0.39815 0.44141 0.40741 0.27474 0.99537 1.00000 1.00000 1.00000 0.52546
7 0.49512 0.15625 0.48828 0.15452 0.48828 0.14062 0.49219 0.12327 0.50488 0.10764 0.50977 0.09548 0.51172 0.07118 0.51367 0.06771 0.50781 0.03993 0.49902 0.02430 0.48730 0.02083 0.48535 0.01736 0.46582 0.01736 0.45703 0.05729 0.45703 0.08160 0.46289 0.11285 0.46094 0.11979 0.46094 0.15798 0.44727 0.17535 0.44727 0.22048 0.49414 0.22396 0.49805 0.21702 0.50586 0.18229 0.50195 0.16840 0.49512 0.15625
7 0.87012 0.18750 0.86426 0.19792 0.85254 0.19792 0.84961 0.19271 0.85547 0.13021 0.85742 0.12673 0.85742 0.11285 0.85938 0.10938 0.85938 0.08854 0.86133 0.08507 0.86133 0.06771 0.86328 0.06423 0.86328 0.03646 0.85840 0.03125 0.84668 0.03125 0.84180 0.04688 0.83984 0.08854 0.83789 0.09202 0.83789 0.10938 0.83594 0.11285 0.83594 0.13368 0.83399 0.13715 0.83203 0.16840 0.82617 0.18577 0.82422 0.22743 0.83301 0.23611 0.84082 0.23611 0.84473 0.24305 0.84668 0.23611 0.85840 0.23611 0.86035 0.23958 0.86621 0.23958 0.86816 0.25000 0.87109 0.24827 0.87500 0.24132 0.87500 0.22396 0.87891 0.20312 0.87012 0.18750
