6 0.00000 0.94364 0.37836 0.98773 0.35041 0.94691 0.29621 0.88693 0.29054 0.87477 0.27633 0.86161 0.22879 0.79857 0.20464 0.77276 0.18313 0.73958 0.17081 0.73048 0.16226 0.72948 0.16037 0.72543 0.13284 0.71839 0.13095 0.71434 0.10531 0.71135 0.09512 0.70249 0.08846 0.70555 0.07991 0.70455 0.07802 0.70050 0.06306 0.69876 0.06068 0.70231 0.05665 0.69801 0.05213 0.70132 0.04597 0.69677 0.00000 0.69141 0.00000 0.94364
2 0.37453 0.75997 0.38896 0.70415 0.39360 0.66636 0.38863 0.66003 0.38625 0.66359 0.36274 0.66085 0.36035 0.66440 0.32377 0.66397 0.31353 0.67236 0.31278 0.68378 0.32196 0.70785 0.33393 0.75524 0.34475 0.78717 0.34639 0.79503 0.34439 0.82546 0.34628 0.82951 0.34006 0.84220 0.33578 0.84171 0.33220 0.84704 0.33070 0.86986 0.32285 0.87470 0.31430 0.87370 0.31072 0.87904 0.30997 0.89045 0.31896 0.90108 0.34794 0.90254 0.37742 0.89639 0.38646 0.88978 0.39262 0.89433 0.40048 0.88950 0.40079 0.86845 0.37991 0.85835 0.37500 0.83478 0.36337 0.83150 0.36060 0.80818 0.36299 0.80463 0.36687 0.77825 0.37453 0.75997
6 0.00000 0.94364 0.37836 0.98773 0.35041 0.94691 0.29621 0.88693 0.29054 0.87477 0.27633 0.86161 0.22879 0.79857 0.20464 0.77276 0.18313 0.73958 0.17081 0.73048 0.16226 0.72948 0.16037 0.72543 0.13284 0.71839 0.13095 0.71434 0.10531 0.71135 0.09512 0.70249 0.08846 0.70555 0.07991 0.70455 0.07802 0.70050 0.06306 0.69876 0.06068 0.70231 0.05665 0.69801 0.05213 0.70132 0.04597 0.69677 0.00000 0.69141 0.00000 0.94364
2 0.37453 0.75997 0.38896 0.70415 0.39360 0.66636 0.38863 0.66003 0.38625 0.66359 0.36274 0.66085 0.36035 0.66440 0.32377 0.66397 0.31353 0.67236 0.31278 0.68378 0.32196 0.70785 0.33393 0.75524 0.34475 0.78717 0.34639 0.79503 0.34439 0.82546 0.34628 0.82951 0.34006 0.84220 0.33578 0.84171 0.33220 0.84704 0.33070 0.86986 0.32285 0.87470 0.31430 0.87370 0.31072 0.87904 0.30997 0.89045 0.31896 0.90108 0.34794 0.90254 0.37742 0.89639 0.38646 0.88978 0.39262 0.89433 0.40048 0.88950 0.40079 0.86845 0.37991 0.85835 0.37500 0.83478 0.36337 0.83150 0.36060 0.80818 0.36299 0.80463 0.36687 0.77825 0.37453 0.75997
6 0.00000 0.94364 0.37836 0.98773 0.35041 0.94691 0.29621 0.88693 0.29054 0.87477 0.27633 0.86161 0.22879 0.79857 0.20464 0.77276 0.18313 0.73958 0.17081 0.73048 0.16226 0.72948 0.16037 0.72543 0.13284 0.71839 0.13095 0.71434 0.10531 0.71135 0.09512 0.70249 0.08846 0.70555 0.07991 0.70455 0.07802 0.70050 0.06306 0.69876 0.06068 0.70231 0.05665 0.69801 0.05213 0.70132 0.04597 0.69677 0.00000 0.69141 0.00000 0.94364
2 0.37453 0.75997 0.38896 0.70415 0.39360 0.66636 0.38863 0.66003 0.38625 0.66359 0.36274 0.66085 0.36035 0.66440 0.32377 0.66397 0.31353 0.67236 0.31278 0.68378 0.32196 0.70785 0.33393 0.75524 0.34475 0.78717 0.34639 0.79503 0.34439 0.82546 0.34628 0.82951 0.34006 0.84220 0.33578 0.84171 0.33220 0.84704 0.33070 0.86986 0.32285 0.87470 0.31430 0.87370 0.31072 0.87904 0.30997 0.89045 0.31896 0.90108 0.34794 0.90254 0.37742 0.89639 0.38646 0.88978 0.39262 0.89433 0.40048 0.88950 0.40079 0.86845 0.37991 0.85835 0.37500 0.83478 0.36337 0.83150 0.36060 0.80818 0.36299 0.80463 0.36687 0.77825 0.37453 0.75997
6 0.00000 0.94364 0.37836 0.98773 0.35041 0.94691 0.29621 0.88693 0.29054 0.87477 0.27633 0.86161 0.22879 0.79857 0.20464 0.77276 0.18313 0.73958 0.17081 0.73048 0.16226 0.72948 0.16037 0.72543 0.13284 0.71839 0.13095 0.71434 0.10531 0.71135 0.09512 0.70249 0.08846 0.70555 0.07991 0.70455 0.07802 0.70050 0.06306 0.69876 0.06068 0.70231 0.05665 0.69801 0.05213 0.70132 0.04597 0.69677 0.00000 0.69141 0.00000 0.94364
2 0.37453 0.75997 0.38896 0.70415 0.39360 0.66636 0.38863 0.66003 0.38625 0.66359 0.36274 0.66085 0.36035 0.66440 0.32377 0.66397 0.31353 0.67236 0.31278 0.68378 0.32196 0.70785 0.33393 0.75524 0.34475 0.78717 0.34639 0.79503 0.34439 0.82546 0.34628 0.82951 0.34006 0.84220 0.33578 0.84171 0.33220 0.84704 0.33070 0.86986 0.32285 0.87470 0.31430 0.87370 0.31072 0.87904 0.30997 0.89045 0.31896 0.90108 0.34794 0.90254 0.37742 0.89639 0.38646 0.88978 0.39262 0.89433 0.40048 0.88950 0.40079 0.86845 0.37991 0.85835 0.37500 0.83478 0.36337 0.83150 0.36060 0.80818 0.36299 0.80463 0.36687 0.77825 0.37453 0.75997
6 0.00000 0.94364 0.37836 0.98773 0.35041 0.94691 0.29621 0.88693 0.29054 0.87477 0.27633 0.86161 0.22879 0.79857 0.20464 0.77276 0.18313 0.73958 0.17081 0.73048 0.16226 0.72948 0.16037 0.72543 0.13284 0.71839 0.13095 0.71434 0.10531 0.71135 0.09512 0.70249 0.08846 0.70555 0.07991 0.70455 0.07802 0.70050 0.06306 0.69876 0.06068 0.70231 0.05665 0.69801 0.05213 0.70132 0.04597 0.69677 0.00000 0.69141 0.00000 0.94364
2 0.37453 0.75997 0.38896 0.70415 0.39360 0.66636 0.38863 0.66003 0.38625 0.66359 0.36274 0.66085 0.36035 0.66440 0.32377 0.66397 0.31353 0.67236 0.31278 0.68378 0.32196 0.70785 0.33393 0.75524 0.34475 0.78717 0.34639 0.79503 0.34439 0.82546 0.34628 0.82951 0.34006 0.84220 0.33578 0.84171 0.33220 0.84704 0.33070 0.86986 0.32285 0.87470 0.31430 0.87370 0.31072 0.87904 0.30997 0.89045 0.31896 0.90108 0.34794 0.90254 0.37742 0.89639 0.38646 0.88978 0.39262 0.89433 0.40048 0.88950 0.40079 0.86845 0.37991 0.85835 0.37500 0.83478 0.36337 0.83150 0.36060 0.80818 0.36299 0.80463 0.36687 0.77825 0.37453 0.75997
6 0.00000 0.94364 0.37836 0.98773 0.35041 0.94691 0.29621 0.88693 0.29054 0.87477 0.27633 0.86161 0.22879 0.79857 0.20464 0.77276 0.18313 0.73958 0.17081 0.73048 0.16226 0.72948 0.16037 0.72543 0.13284 0.71839 0.13095 0.71434 0.10531 0.71135 0.09512 0.70249 0.08846 0.70555 0.07991 0.70455 0.07802 0.70050 0.06306 0.69876 0.06068 0.70231 0.05665 0.69801 0.05213 0.70132 0.04597 0.69677 0.00000 0.69141 0.00000 0.94364
2 0.37453 0.75997 0.38896 0.70415 0.39360 0.66636 0.38863 0.66003 0.38625 0.66359 0.36274 0.66085 0.36035 0.66440 0.32377 0.66397 0.31353 0.67236 0.31278 0.68378 0.32196 0.70785 0.33393 0.75524 0.34475 0.78717 0.34639 0.79503 0.34439 0.82546 0.34628 0.82951 0.34006 0.84220 0.33578 0.84171 0.33220 0.84704 0.33070 0.86986 0.32285 0.87470 0.31430 0.87370 0.31072 0.87904 0.30997 0.89045 0.31896 0.90108 0.34794 0.90254 0.37742 0.89639 0.38646 0.88978 0.39262 0.89433 0.40048 0.88950 0.40079 0.86845 0.37991 0.85835 0.37500 0.83478 0.36337 0.83150 0.36060 0.80818 0.36299 0.80463 0.36687 0.77825 0.37453 0.75997
