2 0.81348 0.54861 0.81543 0.54514 0.82520 0.54514 0.82715 0.54167 0.83887 0.54514 0.84375 0.56771 0.84961 0.56771 0.84961 0.54688 0.85352 0.53993 0.85352 0.51910 0.85059 0.51389 0.82129 0.50347 0.81836 0.49827 0.81836 0.48438 0.81348 0.47222 0.79883 0.47048 0.79687 0.44965 0.79492 0.44618 0.79492 0.42882 0.82227 0.33160 0.83203 0.27952 0.83203 0.26215 0.82520 0.25347 0.73145 0.26389 0.72461 0.27257 0.72461 0.28646 0.74023 0.32118 0.75977 0.38715 0.76562 0.39757 0.77344 0.42188 0.77344 0.45660 0.77539 0.46007 0.77539 0.47048 0.77051 0.47917 0.76465 0.47917 0.75781 0.48438 0.75684 0.51389 0.73926 0.51389 0.73340 0.51736 0.73047 0.52257 0.73047 0.53298 0.73340 0.54167 0.74121 0.54514 0.74512 0.55208 0.75684 0.55555 0.76465 0.57292 0.76953 0.57465 0.77832 0.55208 0.79785 0.55208 0.79980 0.54861 0.81348 0.54861
6 0.98958 1.00000 1.00000 0.91667 0.64713 0.39120 0.56641 0.33565 0.45313 0.31250 0.34115 0.30787 0.23177 0.31945 0.14453 0.32176 0.08203 0.38657 0.18620 0.38195 0.26042 0.38426 0.27213 0.40046 0.26302 0.41898 0.24740 0.45602 0.00000 0.87268 0.00000 1.00000 0.98958 1.00000
2 0.81348 0.54861 0.81543 0.54514 0.82520 0.54514 0.82715 0.54167 0.83887 0.54514 0.84375 0.56771 0.84961 0.56771 0.84961 0.54688 0.85352 0.53993 0.85352 0.51910 0.85059 0.51389 0.82129 0.50347 0.81836 0.49827 0.81836 0.48438 0.81348 0.47222 0.79883 0.47048 0.79687 0.44965 0.79492 0.44618 0.79492 0.42882 0.82227 0.33160 0.83203 0.27952 0.83203 0.26215 0.82520 0.25347 0.73145 0.26389 0.72461 0.27257 0.72461 0.28646 0.74023 0.32118 0.75977 0.38715 0.76562 0.39757 0.77344 0.42188 0.77344 0.45660 0.77539 0.46007 0.77539 0.47048 0.77051 0.47917 0.76465 0.47917 0.75781 0.48438 0.75684 0.51389 0.73926 0.51389 0.73340 0.51736 0.73047 0.52257 0.73047 0.53298 0.73340 0.54167 0.74121 0.54514 0.74512 0.55208 0.75684 0.55555 0.76465 0.57292 0.76953 0.57465 0.77832 0.55208 0.79785 0.55208 0.79980 0.54861 0.81348 0.54861
6 0.98958 1.00000 1.00000 0.91667 0.64713 0.39120 0.56641 0.33565 0.45313 0.31250 0.34115 0.30787 0.23177 0.31945 0.14453 0.32176 0.08203 0.38657 0.18620 0.38195 0.26042 0.38426 0.27213 0.40046 0.26302 0.41898 0.24740 0.45602 0.00000 0.87268 0.00000 1.00000 0.98958 1.00000
2 0.81348 0.54861 0.81543 0.54514 0.82520 0.54514 0.82715 0.54167 0.83887 0.54514 0.84375 0.56771 0.84961 0.56771 0.84961 0.54688 0.85352 0.53993 0.85352 0.51910 0.85059 0.51389 0.82129 0.50347 0.81836 0.49827 0.81836 0.48438 0.81348 0.47222 0.79883 0.47048 0.79687 0.44965 0.79492 0.44618 0.79492 0.42882 0.82227 0.33160 0.83203 0.27952 0.83203 0.26215 0.82520 0.25347 0.73145 0.26389 0.72461 0.27257 0.72461 0.28646 0.74023 0.32118 0.75977 0.38715 0.76562 0.39757 0.77344 0.42188 0.77344 0.45660 0.77539 0.46007 0.77539 0.47048 0.77051 0.47917 0.76465 0.47917 0.75781 0.48438 0.75684 0.51389 0.73926 0.51389 0.73340 0.51736 0.73047 0.52257 0.73047 0.53298 0.73340 0.54167 0.74121 0.54514 0.74512 0.55208 0.75684 0.55555 0.76465 0.57292 0.76953 0.57465 0.77832 0.55208 0.79785 0.55208 0.79980 0.54861 0.81348 0.54861
6 0.98958 1.00000 1.00000 0.91667 0.64713 0.39120 0.56641 0.33565 0.45313 0.31250 0.34115 0.30787 0.23177 0.31945 0.14453 0.32176 0.08203 0.38657 0.18620 0.38195 0.26042 0.38426 0.27213 0.40046 0.26302 0.41898 0.24740 0.45602 0.00000 0.87268 0.00000 1.00000 0.98958 1.00000
2 0.81348 0.54861 0.81543 0.54514 0.82520 0.54514 0.82715 0.54167 0.83887 0.54514 0.84375 0.56771 0.84961 0.56771 0.84961 0.54688 0.85352 0.53993 0.85352 0.51910 0.85059 0.51389 0.82129 0.50347 0.81836 0.49827 0.81836 0.48438 0.81348 0.47222 0.79883 0.47048 0.79687 0.44965 0.79492 0.44618 0.79492 0.42882 0.82227 0.33160 0.83203 0.27952 0.83203 0.26215 0.82520 0.25347 0.73145 0.26389 0.72461 0.27257 0.72461 0.28646 0.74023 0.32118 0.75977 0.38715 0.76562 0.39757 0.77344 0.42188 0.77344 0.45660 0.77539 0.46007 0.77539 0.47048 0.77051 0.47917 0.76465 0.47917 0.75781 0.48438 0.75684 0.51389 0.73926 0.51389 0.73340 0.51736 0.73047 0.52257 0.73047 0.53298 0.73340 0.54167 0.74121 0.54514 0.74512 0.55208 0.75684 0.55555 0.76465 0.57292 0.76953 0.57465 0.77832 0.55208 0.79785 0.55208 0.79980 0.54861 0.81348 0.54861
6 0.98958 1.00000 1.00000 0.91667 0.64713 0.39120 0.56641 0.33565 0.45313 0.31250 0.34115 0.30787 0.23177 0.31945 0.14453 0.32176 0.08203 0.38657 0.18620 0.38195 0.26042 0.38426 0.27213 0.40046 0.26302 0.41898 0.24740 0.45602 0.00000 0.87268 0.00000 1.00000 0.98958 1.00000
2 0.81348 0.54861 0.81543 0.54514 0.82520 0.54514 0.82715 0.54167 0.83887 0.54514 0.84375 0.56771 0.84961 0.56771 0.84961 0.54688 0.85352 0.53993 0.85352 0.51910 0.85059 0.51389 0.82129 0.50347 0.81836 0.49827 0.81836 0.48438 0.81348 0.47222 0.79883 0.47048 0.79687 0.44965 0.79492 0.44618 0.79492 0.42882 0.82227 0.33160 0.83203 0.27952 0.83203 0.26215 0.82520 0.25347 0.73145 0.26389 0.72461 0.27257 0.72461 0.28646 0.74023 0.32118 0.75977 0.38715 0.76562 0.39757 0.77344 0.42188 0.77344 0.45660 0.77539 0.46007 0.77539 0.47048 0.77051 0.47917 0.76465 0.47917 0.75781 0.48438 0.75684 0.51389 0.73926 0.51389 0.73340 0.51736 0.73047 0.52257 0.73047 0.53298 0.73340 0.54167 0.74121 0.54514 0.74512 0.55208 0.75684 0.55555 0.76465 0.57292 0.76953 0.57465 0.77832 0.55208 0.79785 0.55208 0.79980 0.54861 0.81348 0.54861
6 0.98958 1.00000 1.00000 0.91667 0.64713 0.39120 0.56641 0.33565 0.45313 0.31250 0.34115 0.30787 0.23177 0.31945 0.14453 0.32176 0.08203 0.38657 0.18620 0.38195 0.26042 0.38426 0.27213 0.40046 0.26302 0.41898 0.24740 0.45602 0.00000 0.87268 0.00000 1.00000 0.98958 1.00000
2 0.81348 0.54861 0.81543 0.54514 0.82520 0.54514 0.82715 0.54167 0.83887 0.54514 0.84375 0.56771 0.84961 0.56771 0.84961 0.54688 0.85352 0.53993 0.85352 0.51910 0.85059 0.51389 0.82129 0.50347 0.81836 0.49827 0.81836 0.48438 0.81348 0.47222 0.79883 0.47048 0.79687 0.44965 0.79492 0.44618 0.79492 0.42882 0.82227 0.33160 0.83203 0.27952 0.83203 0.26215 0.82520 0.25347 0.73145 0.26389 0.72461 0.27257 0.72461 0.28646 0.74023 0.32118 0.75977 0.38715 0.76562 0.39757 0.77344 0.42188 0.77344 0.45660 0.77539 0.46007 0.77539 0.47048 0.77051 0.47917 0.76465 0.47917 0.75781 0.48438 0.75684 0.51389 0.73926 0.51389 0.73340 0.51736 0.73047 0.52257 0.73047 0.53298 0.73340 0.54167 0.74121 0.54514 0.74512 0.55208 0.75684 0.55555 0.76465 0.57292 0.76953 0.57465 0.77832 0.55208 0.79785 0.55208 0.79980 0.54861 0.81348 0.54861
6 0.98958 1.00000 1.00000 0.91667 0.64713 0.39120 0.56641 0.33565 0.45313 0.31250 0.34115 0.30787 0.23177 0.31945 0.14453 0.32176 0.08203 0.38657 0.18620 0.38195 0.26042 0.38426 0.27213 0.40046 0.26302 0.41898 0.24740 0.45602 0.00000 0.87268 0.00000 1.00000 0.98958 1.00000
