4 0.84570 0.71702 0.85156 0.71007 0.85156 0.69965 0.83887 0.68055 0.82910 0.67361 0.82520 0.65625 0.81348 0.65278 0.81250 0.63021 0.82715 0.62153 0.84570 0.59202 0.85156 0.56771 0.85156 0.53646 0.84766 0.52604 0.84766 0.51910 0.83301 0.49305 0.81738 0.48264 0.79980 0.48264 0.78613 0.49305 0.77344 0.51562 0.76758 0.54340 0.76953 0.57812 0.77734 0.60590 0.78613 0.62153 0.79492 0.63021 0.79492 0.64757 0.79199 0.65278 0.78418 0.65278 0.77637 0.67361 0.76270 0.67361 0.75781 0.68229 0.75781 0.68923 0.76367 0.70660 0.79394 0.75347 0.83399 0.75173 0.84277 0.75000 0.84961 0.74132 0.84961 0.73090 0.84570 0.71702
7 0.34961 0.65798 0.34961 0.62673 0.34668 0.62153 0.33203 0.61979 0.33594 0.60938 0.33203 0.45312 0.31152 0.45139 0.30664 0.45660 0.30664 0.54340 0.30859 0.54688 0.31055 0.61979 0.29394 0.62153 0.28418 0.63195 0.27734 0.64757 0.28223 0.65278 0.29004 0.65278 0.30762 0.67361 0.31152 0.67361 0.32520 0.70139 0.33789 0.69965 0.34082 0.69792 0.34961 0.67882 0.35156 0.66146 0.34961 0.65798
7 0.39551 0.53472 0.38281 0.53298 0.38477 0.52257 0.38477 0.49132 0.38281 0.48785 0.38477 0.47048 0.38086 0.44965 0.38281 0.44618 0.38281 0.42535 0.37988 0.41320 0.36621 0.41320 0.35938 0.41840 0.35938 0.44618 0.36133 0.44965 0.36328 0.51910 0.36719 0.52952 0.36230 0.53820 0.35840 0.53472 0.35352 0.53993 0.35352 0.56077 0.35156 0.56423 0.35645 0.57292 0.38867 0.57118 0.40234 0.55729 0.40234 0.52952 0.39746 0.52778 0.39551 0.53472
6 0.30664 0.58854 0.30469 0.58160 0.27637 0.57986 0.27441 0.58333 0.26660 0.58333 0.26270 0.57986 0.26074 0.58333 0.23535 0.58333 0.23145 0.58680 0.22852 0.59202 0.22852 0.61632 0.23047 0.61979 0.22852 0.62673 0.23438 0.64410 0.23438 0.65104 0.23730 0.65625 0.25391 0.65452 0.27246 0.64930 0.28613 0.62500 0.30566 0.61805 0.30664 0.58854
6 0.19043 0.67014 0.19824 0.65972 0.20996 0.65625 0.21484 0.64062 0.21484 0.61285 0.20508 0.59548 0.20117 0.58160 0.19629 0.57639 0.16699 0.57639 0.15918 0.58333 0.14160 0.58333 0.13965 0.58680 0.08496 0.58680 0.08301 0.57986 0.07324 0.57986 0.07129 0.57639 0.06738 0.57986 0.02246 0.57986 0.02051 0.58333 0.00000 0.58507 0.00098 0.67708 0.01855 0.67708 0.02051 0.67361 0.12988 0.67361 0.13672 0.69271 0.13574 0.69792 0.17578 0.69618 0.17969 0.68923 0.17969 0.68229 0.18652 0.67014 0.19043 0.67014
6 1.00000 0.64410 0.99902 0.56945 0.98535 0.56945 0.98340 0.56597 0.97559 0.56597 0.97363 0.56945 0.97168 0.56597 0.95996 0.56597 0.95801 0.56945 0.95215 0.56945 0.95020 0.56597 0.90918 0.56597 0.89746 0.55903 0.85449 0.55903 0.85156 0.57812 0.84375 0.59548 0.84180 0.60938 0.83301 0.61458 0.82422 0.63021 0.82617 0.63368 0.82617 0.64757 0.83301 0.66320 0.87402 0.66320 0.87500 0.65452 0.87793 0.64930 0.87988 0.65278 0.88770 0.64930 0.90332 0.65972 0.93066 0.65972 0.93262 0.66320 0.93848 0.65972 0.94043 0.64930 0.94434 0.64930 0.94531 0.65104 0.94141 0.65452 0.94141 0.66146 0.94824 0.66667 0.97266 0.66493 1.00000 0.66146 0.99902 0.65625 0.98828 0.65104 1.00000 0.64410
6 0.92090 0.94097 0.91504 0.93750 0.90332 0.91320 0.89746 0.90972 0.88184 0.88542 0.87793 0.88542 0.87207 0.87153 0.86230 0.86111 0.85547 0.84896 0.85742 0.84548 0.85645 0.84028 0.85254 0.84375 0.84473 0.83333 0.84180 0.82812 0.84375 0.82118 0.84082 0.81597 0.83887 0.82292 0.83691 0.81597 0.83301 0.81597 0.79785 0.76042 0.78223 0.74653 0.75195 0.69618 0.74805 0.68577 0.75195 0.67535 0.75098 0.67014 0.77441 0.66320 0.78027 0.64930 0.78906 0.64062 0.78906 0.63021 0.78418 0.62500 0.77734 0.60938 0.77148 0.58507 0.76562 0.57465 0.76562 0.56771 0.76270 0.56250 0.75098 0.56250 0.74902 0.55903 0.71191 0.56250 0.70020 0.55555 0.53223 0.55903 0.53027 0.56250 0.52637 0.55903 0.52441 0.56250 0.43652 0.56250 0.43457 0.56597 0.42285 0.56250 0.41309 0.56945 0.40918 0.56597 0.40332 0.57292 0.39355 0.57639 0.38965 0.58333 0.35254 0.58333 0.34570 0.59202 0.34570 0.60590 0.35742 0.61285 0.35938 0.65104 0.36133 0.65798 0.35352 0.66840 0.35156 0.68229 0.33399 0.71702 0.32617 0.74132 0.31836 0.75173 0.31250 0.76910 0.30664 0.77604 0.28711 0.82118 0.27930 0.83160 0.27734 0.84202 0.27441 0.84722 0.26855 0.84722 0.26562 0.85243 0.26758 0.85938 0.26367 0.86979 0.25391 0.89062 0.24609 0.90104 0.24609 0.90798 0.20508 0.98785 0.20606 0.99653 0.53809 0.99653 0.54004 0.99305 0.54199 0.99653 0.59668 0.99653 0.59863 0.99305 0.60254 0.99653 0.95117 0.99479 0.95117 0.98785 0.94238 0.97222 0.93066 0.95833 0.92090 0.94097
4 0.84570 0.71702 0.85156 0.71007 0.85156 0.69965 0.83887 0.68055 0.82910 0.67361 0.82520 0.65625 0.81348 0.65278 0.81250 0.63021 0.82715 0.62153 0.84570 0.59202 0.85156 0.56771 0.85156 0.53646 0.84766 0.52604 0.84766 0.51910 0.83301 0.49305 0.81738 0.48264 0.79980 0.48264 0.78613 0.49305 0.77344 0.51562 0.76758 0.54340 0.76953 0.57812 0.77734 0.60590 0.78613 0.62153 0.79492 0.63021 0.79492 0.64757 0.79199 0.65278 0.78418 0.65278 0.77637 0.67361 0.76270 0.67361 0.75781 0.68229 0.75781 0.68923 0.76367 0.70660 0.79394 0.75347 0.83399 0.75173 0.84277 0.75000 0.84961 0.74132 0.84961 0.73090 0.84570 0.71702
7 0.34961 0.65798 0.34961 0.62673 0.34668 0.62153 0.33203 0.61979 0.33594 0.60938 0.33203 0.45312 0.31152 0.45139 0.30664 0.45660 0.30664 0.54340 0.30859 0.54688 0.31055 0.61979 0.29394 0.62153 0.28418 0.63195 0.27734 0.64757 0.28223 0.65278 0.29004 0.65278 0.30762 0.67361 0.31152 0.67361 0.32520 0.70139 0.33789 0.69965 0.34082 0.69792 0.34961 0.67882 0.35156 0.66146 0.34961 0.65798
7 0.39551 0.53472 0.38281 0.53298 0.38477 0.52257 0.38477 0.49132 0.38281 0.48785 0.38477 0.47048 0.38086 0.44965 0.38281 0.44618 0.38281 0.42535 0.37988 0.41320 0.36621 0.41320 0.35938 0.41840 0.35938 0.44618 0.36133 0.44965 0.36328 0.51910 0.36719 0.52952 0.36230 0.53820 0.35840 0.53472 0.35352 0.53993 0.35352 0.56077 0.35156 0.56423 0.35645 0.57292 0.38867 0.57118 0.40234 0.55729 0.40234 0.52952 0.39746 0.52778 0.39551 0.53472
6 0.30664 0.58854 0.30469 0.58160 0.27637 0.57986 0.27441 0.58333 0.26660 0.58333 0.26270 0.57986 0.26074 0.58333 0.23535 0.58333 0.23145 0.58680 0.22852 0.59202 0.22852 0.61632 0.23047 0.61979 0.22852 0.62673 0.23438 0.64410 0.23438 0.65104 0.23730 0.65625 0.25391 0.65452 0.27246 0.64930 0.28613 0.62500 0.30566 0.61805 0.30664 0.58854
6 0.19043 0.67014 0.19824 0.65972 0.20996 0.65625 0.21484 0.64062 0.21484 0.61285 0.20508 0.59548 0.20117 0.58160 0.19629 0.57639 0.16699 0.57639 0.15918 0.58333 0.14160 0.58333 0.13965 0.58680 0.08496 0.58680 0.08301 0.57986 0.07324 0.57986 0.07129 0.57639 0.06738 0.57986 0.02246 0.57986 0.02051 0.58333 0.00000 0.58507 0.00098 0.67708 0.01855 0.67708 0.02051 0.67361 0.12988 0.67361 0.13672 0.69271 0.13574 0.69792 0.17578 0.69618 0.17969 0.68923 0.17969 0.68229 0.18652 0.67014 0.19043 0.67014
6 1.00000 0.64410 0.99902 0.56945 0.98535 0.56945 0.98340 0.56597 0.97559 0.56597 0.97363 0.56945 0.97168 0.56597 0.95996 0.56597 0.95801 0.56945 0.95215 0.56945 0.95020 0.56597 0.90918 0.56597 0.89746 0.55903 0.85449 0.55903 0.85156 0.57812 0.84375 0.59548 0.84180 0.60938 0.83301 0.61458 0.82422 0.63021 0.82617 0.63368 0.82617 0.64757 0.83301 0.66320 0.87402 0.66320 0.87500 0.65452 0.87793 0.64930 0.87988 0.65278 0.88770 0.64930 0.90332 0.65972 0.93066 0.65972 0.93262 0.66320 0.93848 0.65972 0.94043 0.64930 0.94434 0.64930 0.94531 0.65104 0.94141 0.65452 0.94141 0.66146 0.94824 0.66667 0.97266 0.66493 1.00000 0.66146 0.99902 0.65625 0.98828 0.65104 1.00000 0.64410
6 0.92090 0.94097 0.91504 0.93750 0.90332 0.91320 0.89746 0.90972 0.88184 0.88542 0.87793 0.88542 0.87207 0.87153 0.86230 0.86111 0.85547 0.84896 0.85742 0.84548 0.85645 0.84028 0.85254 0.84375 0.84473 0.83333 0.84180 0.82812 0.84375 0.82118 0.84082 0.81597 0.83887 0.82292 0.83691 0.81597 0.83301 0.81597 0.79785 0.76042 0.78223 0.74653 0.75195 0.69618 0.74805 0.68577 0.75195 0.67535 0.75098 0.67014 0.77441 0.66320 0.78027 0.64930 0.78906 0.64062 0.78906 0.63021 0.78418 0.62500 0.77734 0.60938 0.77148 0.58507 0.76562 0.57465 0.76562 0.56771 0.76270 0.56250 0.75098 0.56250 0.74902 0.55903 0.71191 0.56250 0.70020 0.55555 0.53223 0.55903 0.53027 0.56250 0.52637 0.55903 0.52441 0.56250 0.43652 0.56250 0.43457 0.56597 0.42285 0.56250 0.41309 0.56945 0.40918 0.56597 0.40332 0.57292 0.39355 0.57639 0.38965 0.58333 0.35254 0.58333 0.34570 0.59202 0.34570 0.60590 0.35742 0.61285 0.35938 0.65104 0.36133 0.65798 0.35352 0.66840 0.35156 0.68229 0.33399 0.71702 0.32617 0.74132 0.31836 0.75173 0.31250 0.76910 0.30664 0.77604 0.28711 0.82118 0.27930 0.83160 0.27734 0.84202 0.27441 0.84722 0.26855 0.84722 0.26562 0.85243 0.26758 0.85938 0.26367 0.86979 0.25391 0.89062 0.24609 0.90104 0.24609 0.90798 0.20508 0.98785 0.20606 0.99653 0.53809 0.99653 0.54004 0.99305 0.54199 0.99653 0.59668 0.99653 0.59863 0.99305 0.60254 0.99653 0.95117 0.99479 0.95117 0.98785 0.94238 0.97222 0.93066 0.95833 0.92090 0.94097
4 0.84570 0.71702 0.85156 0.71007 0.85156 0.69965 0.83887 0.68055 0.82910 0.67361 0.82520 0.65625 0.81348 0.65278 0.81250 0.63021 0.82715 0.62153 0.84570 0.59202 0.85156 0.56771 0.85156 0.53646 0.84766 0.52604 0.84766 0.51910 0.83301 0.49305 0.81738 0.48264 0.79980 0.48264 0.78613 0.49305 0.77344 0.51562 0.76758 0.54340 0.76953 0.57812 0.77734 0.60590 0.78613 0.62153 0.79492 0.63021 0.79492 0.64757 0.79199 0.65278 0.78418 0.65278 0.77637 0.67361 0.76270 0.67361 0.75781 0.68229 0.75781 0.68923 0.76367 0.70660 0.79394 0.75347 0.83399 0.75173 0.84277 0.75000 0.84961 0.74132 0.84961 0.73090 0.84570 0.71702
7 0.34961 0.65798 0.34961 0.62673 0.34668 0.62153 0.33203 0.61979 0.33594 0.60938 0.33203 0.45312 0.31152 0.45139 0.30664 0.45660 0.30664 0.54340 0.30859 0.54688 0.31055 0.61979 0.29394 0.62153 0.28418 0.63195 0.27734 0.64757 0.28223 0.65278 0.29004 0.65278 0.30762 0.67361 0.31152 0.67361 0.32520 0.70139 0.33789 0.69965 0.34082 0.69792 0.34961 0.67882 0.35156 0.66146 0.34961 0.65798
7 0.39551 0.53472 0.38281 0.53298 0.38477 0.52257 0.38477 0.49132 0.38281 0.48785 0.38477 0.47048 0.38086 0.44965 0.38281 0.44618 0.38281 0.42535 0.37988 0.41320 0.36621 0.41320 0.35938 0.41840 0.35938 0.44618 0.36133 0.44965 0.36328 0.51910 0.36719 0.52952 0.36230 0.53820 0.35840 0.53472 0.35352 0.53993 0.35352 0.56077 0.35156 0.56423 0.35645 0.57292 0.38867 0.57118 0.40234 0.55729 0.40234 0.52952 0.39746 0.52778 0.39551 0.53472
6 0.30664 0.58854 0.30469 0.58160 0.27637 0.57986 0.27441 0.58333 0.26660 0.58333 0.26270 0.57986 0.26074 0.58333 0.23535 0.58333 0.23145 0.58680 0.22852 0.59202 0.22852 0.61632 0.23047 0.61979 0.22852 0.62673 0.23438 0.64410 0.23438 0.65104 0.23730 0.65625 0.25391 0.65452 0.27246 0.64930 0.28613 0.62500 0.30566 0.61805 0.30664 0.58854
6 0.19043 0.67014 0.19824 0.65972 0.20996 0.65625 0.21484 0.64062 0.21484 0.61285 0.20508 0.59548 0.20117 0.58160 0.19629 0.57639 0.16699 0.57639 0.15918 0.58333 0.14160 0.58333 0.13965 0.58680 0.08496 0.58680 0.08301 0.57986 0.07324 0.57986 0.07129 0.57639 0.06738 0.57986 0.02246 0.57986 0.02051 0.58333 0.00000 0.58507 0.00098 0.67708 0.01855 0.67708 0.02051 0.67361 0.12988 0.67361 0.13672 0.69271 0.13574 0.69792 0.17578 0.69618 0.17969 0.68923 0.17969 0.68229 0.18652 0.67014 0.19043 0.67014
6 1.00000 0.64410 0.99902 0.56945 0.98535 0.56945 0.98340 0.56597 0.97559 0.56597 0.97363 0.56945 0.97168 0.56597 0.95996 0.56597 0.95801 0.56945 0.95215 0.56945 0.95020 0.56597 0.90918 0.56597 0.89746 0.55903 0.85449 0.55903 0.85156 0.57812 0.84375 0.59548 0.84180 0.60938 0.83301 0.61458 0.82422 0.63021 0.82617 0.63368 0.82617 0.64757 0.83301 0.66320 0.87402 0.66320 0.87500 0.65452 0.87793 0.64930 0.87988 0.65278 0.88770 0.64930 0.90332 0.65972 0.93066 0.65972 0.93262 0.66320 0.93848 0.65972 0.94043 0.64930 0.94434 0.64930 0.94531 0.65104 0.94141 0.65452 0.94141 0.66146 0.94824 0.66667 0.97266 0.66493 1.00000 0.66146 0.99902 0.65625 0.98828 0.65104 1.00000 0.64410
6 0.92090 0.94097 0.91504 0.93750 0.90332 0.91320 0.89746 0.90972 0.88184 0.88542 0.87793 0.88542 0.87207 0.87153 0.86230 0.86111 0.85547 0.84896 0.85742 0.84548 0.85645 0.84028 0.85254 0.84375 0.84473 0.83333 0.84180 0.82812 0.84375 0.82118 0.84082 0.81597 0.83887 0.82292 0.83691 0.81597 0.83301 0.81597 0.79785 0.76042 0.78223 0.74653 0.75195 0.69618 0.74805 0.68577 0.75195 0.67535 0.75098 0.67014 0.77441 0.66320 0.78027 0.64930 0.78906 0.64062 0.78906 0.63021 0.78418 0.62500 0.77734 0.60938 0.77148 0.58507 0.76562 0.57465 0.76562 0.56771 0.76270 0.56250 0.75098 0.56250 0.74902 0.55903 0.71191 0.56250 0.70020 0.55555 0.53223 0.55903 0.53027 0.56250 0.52637 0.55903 0.52441 0.56250 0.43652 0.56250 0.43457 0.56597 0.42285 0.56250 0.41309 0.56945 0.40918 0.56597 0.40332 0.57292 0.39355 0.57639 0.38965 0.58333 0.35254 0.58333 0.34570 0.59202 0.34570 0.60590 0.35742 0.61285 0.35938 0.65104 0.36133 0.65798 0.35352 0.66840 0.35156 0.68229 0.33399 0.71702 0.32617 0.74132 0.31836 0.75173 0.31250 0.76910 0.30664 0.77604 0.28711 0.82118 0.27930 0.83160 0.27734 0.84202 0.27441 0.84722 0.26855 0.84722 0.26562 0.85243 0.26758 0.85938 0.26367 0.86979 0.25391 0.89062 0.24609 0.90104 0.24609 0.90798 0.20508 0.98785 0.20606 0.99653 0.53809 0.99653 0.54004 0.99305 0.54199 0.99653 0.59668 0.99653 0.59863 0.99305 0.60254 0.99653 0.95117 0.99479 0.95117 0.98785 0.94238 0.97222 0.93066 0.95833 0.92090 0.94097
