6 0.94678 1.00000 0.95919 0.89565 0.84480 0.65970 0.65135 0.30478 0.60697 0.26924 0.53743 0.23259 0.42884 0.20444 0.03345 0.16628 0.02101 0.27085 0.24837 0.27993 0.28655 0.29322 0.27383 0.33141 0.00000 0.86359 0.00000 0.90075 0.47046 1.00000 0.94678 1.00000
5 1.00000 0.43741 0.98019 0.46154 0.97028 0.49479 0.95585 0.56599 0.98028 0.64535 0.97224 0.68816 0.88571 0.72225 0.96429 0.85277 1.00000 0.55242 1.00000 0.43741
6 0.94678 1.00000 0.95919 0.89565 0.84480 0.65970 0.65135 0.30478 0.60697 0.26924 0.53743 0.23259 0.42884 0.20444 0.03345 0.16628 0.02101 0.27085 0.24837 0.27993 0.28655 0.29322 0.27383 0.33141 0.00000 0.86359 0.00000 0.90075 0.47046 1.00000 0.94678 1.00000
5 1.00000 0.43741 0.98019 0.46154 0.97028 0.49479 0.95585 0.56599 0.98028 0.64535 0.97224 0.68816 0.88571 0.72225 0.96429 0.85277 1.00000 0.55242 1.00000 0.43741
6 0.94678 1.00000 0.95919 0.89565 0.84480 0.65970 0.65135 0.30478 0.60697 0.26924 0.53743 0.23259 0.42884 0.20444 0.03345 0.16628 0.02101 0.27085 0.24837 0.27993 0.28655 0.29322 0.27383 0.33141 0.00000 0.86359 0.00000 0.90075 0.47046 1.00000 0.94678 1.00000
5 1.00000 0.43741 0.98019 0.46154 0.97028 0.49479 0.95585 0.56599 0.98028 0.64535 0.97224 0.68816 0.88571 0.72225 0.96429 0.85277 1.00000 0.55242 1.00000 0.43741
6 0.94678 1.00000 0.95919 0.89565 0.84480 0.65970 0.65135 0.30478 0.60697 0.26924 0.53743 0.23259 0.42884 0.20444 0.03345 0.16628 0.02101 0.27085 0.24837 0.27993 0.28655 0.29322 0.27383 0.33141 0.00000 0.86359 0.00000 0.90075 0.47046 1.00000 0.94678 1.00000
5 1.00000 0.43741 0.98019 0.46154 0.97028 0.49479 0.95585 0.56599 0.98028 0.64535 0.97224 0.68816 0.88571 0.72225 0.96429 0.85277 1.00000 0.55242 1.00000 0.43741
6 0.94678 1.00000 0.95919 0.89565 0.84480 0.65970 0.65135 0.30478 0.60697 0.26924 0.53743 0.23259 0.42884 0.20444 0.03345 0.16628 0.02101 0.27085 0.24837 0.27993 0.28655 0.29322 0.27383 0.33141 0.00000 0.86359 0.00000 0.90075 0.47046 1.00000 0.94678 1.00000
5 1.00000 0.43741 0.98019 0.46154 0.97028 0.49479 0.95585 0.56599 0.98028 0.64535 0.97224 0.68816 0.88571 0.72225 0.96429 0.85277 1.00000 0.55242 1.00000 0.43741
6 0.94678 1.00000 0.95919 0.89565 0.84480 0.65970 0.65135 0.30478 0.60697 0.26924 0.53743 0.23259 0.42884 0.20444 0.03345 0.16628 0.02101 0.27085 0.24837 0.27993 0.28655 0.29322 0.27383 0.33141 0.00000 0.86359 0.00000 0.90075 0.47046 1.00000 0.94678 1.00000
5 1.00000 0.43741 0.98019 0.46154 0.97028 0.49479 0.95585 0.56599 0.98028 0.64535 0.97224 0.68816 0.88571 0.72225 0.96429 0.85277 1.00000 0.55242 1.00000 0.43741
