6 0.27571 1.00000 0.24700 0.98310 0.23470 0.98208 0.22990 0.97588 0.20686 0.96991 0.18058 0.95380 0.17464 0.95505 0.15712 0.94431 0.15118 0.94557 0.14638 0.93936 0.12093 0.93029 0.09465 0.91418 0.07995 0.91007 0.06003 0.89622 0.05607 0.89706 0.04689 0.88817 0.03993 0.88826 0.05322 1.00000 0.27571 1.00000
2 0.26150 0.89161 0.25551 0.88386 0.24440 0.88439 0.24315 0.87383 0.24075 0.87073 0.24022 0.84919 0.24292 0.83779 0.24281 0.81977 0.24593 0.81189 0.24883 0.76797 0.24663 0.73234 0.24303 0.72769 0.22520 0.73145 0.22364 0.73539 0.20779 0.73873 0.20623 0.74267 0.18445 0.74727 0.17064 0.75920 0.17189 0.76977 0.18911 0.79501 0.20799 0.83433 0.22041 0.85337 0.22250 0.87097 0.22490 0.87407 0.22783 0.89872 0.22549 0.90463 0.21721 0.91179 0.22013 0.93643 0.20393 0.94527 0.20158 0.95117 0.20284 0.96173 0.20842 0.96597 0.22228 0.96305 0.23303 0.96800 0.23579 0.96561 0.24167 0.95535 0.25908 0.94807 0.26064 0.94413 0.27211 0.93810 0.27523 0.93022 0.28910 0.92730 0.29144 0.92139 0.28857 0.90575 0.28418 0.90307 0.26636 0.90683 0.26276 0.90218 0.26150 0.89161
6 0.27571 1.00000 0.24700 0.98310 0.23470 0.98208 0.22990 0.97588 0.20686 0.96991 0.18058 0.95380 0.17464 0.95505 0.15712 0.94431 0.15118 0.94557 0.14638 0.93936 0.12093 0.93029 0.09465 0.91418 0.07995 0.91007 0.06003 0.89622 0.05607 0.89706 0.04689 0.88817 0.03993 0.88826 0.05322 1.00000 0.27571 1.00000
2 0.26150 0.89161 0.25551 0.88386 0.24440 0.88439 0.24315 0.87383 0.24075 0.87073 0.24022 0.84919 0.24292 0.83779 0.24281 0.81977 0.24593 0.81189 0.24883 0.76797 0.24663 0.73234 0.24303 0.72769 0.22520 0.73145 0.22364 0.73539 0.20779 0.73873 0.20623 0.74267 0.18445 0.74727 0.17064 0.75920 0.17189 0.76977 0.18911 0.79501 0.20799 0.83433 0.22041 0.85337 0.22250 0.87097 0.22490 0.87407 0.22783 0.89872 0.22549 0.90463 0.21721 0.91179 0.22013 0.93643 0.20393 0.94527 0.20158 0.95117 0.20284 0.96173 0.20842 0.96597 0.22228 0.96305 0.23303 0.96800 0.23579 0.96561 0.24167 0.95535 0.25908 0.94807 0.26064 0.94413 0.27211 0.93810 0.27523 0.93022 0.28910 0.92730 0.29144 0.92139 0.28857 0.90575 0.28418 0.90307 0.26636 0.90683 0.26276 0.90218 0.26150 0.89161
6 0.27571 1.00000 0.24700 0.98310 0.23470 0.98208 0.22990 0.97588 0.20686 0.96991 0.18058 0.95380 0.17464 0.95505 0.15712 0.94431 0.15118 0.94557 0.14638 0.93936 0.12093 0.93029 0.09465 0.91418 0.07995 0.91007 0.06003 0.89622 0.05607 0.89706 0.04689 0.88817 0.03993 0.88826 0.05322 1.00000 0.27571 1.00000
2 0.26150 0.89161 0.25551 0.88386 0.24440 0.88439 0.24315 0.87383 0.24075 0.87073 0.24022 0.84919 0.24292 0.83779 0.24281 0.81977 0.24593 0.81189 0.24883 0.76797 0.24663 0.73234 0.24303 0.72769 0.22520 0.73145 0.22364 0.73539 0.20779 0.73873 0.20623 0.74267 0.18445 0.74727 0.17064 0.75920 0.17189 0.76977 0.18911 0.79501 0.20799 0.83433 0.22041 0.85337 0.22250 0.87097 0.22490 0.87407 0.22783 0.89872 0.22549 0.90463 0.21721 0.91179 0.22013 0.93643 0.20393 0.94527 0.20158 0.95117 0.20284 0.96173 0.20842 0.96597 0.22228 0.96305 0.23303 0.96800 0.23579 0.96561 0.24167 0.95535 0.25908 0.94807 0.26064 0.94413 0.27211 0.93810 0.27523 0.93022 0.28910 0.92730 0.29144 0.92139 0.28857 0.90575 0.28418 0.90307 0.26636 0.90683 0.26276 0.90218 0.26150 0.89161
6 0.27571 1.00000 0.24700 0.98310 0.23470 0.98208 0.22990 0.97588 0.20686 0.96991 0.18058 0.95380 0.17464 0.95505 0.15712 0.94431 0.15118 0.94557 0.14638 0.93936 0.12093 0.93029 0.09465 0.91418 0.07995 0.91007 0.06003 0.89622 0.05607 0.89706 0.04689 0.88817 0.03993 0.88826 0.05322 1.00000 0.27571 1.00000
2 0.26150 0.89161 0.25551 0.88386 0.24440 0.88439 0.24315 0.87383 0.24075 0.87073 0.24022 0.84919 0.24292 0.83779 0.24281 0.81977 0.24593 0.81189 0.24883 0.76797 0.24663 0.73234 0.24303 0.72769 0.22520 0.73145 0.22364 0.73539 0.20779 0.73873 0.20623 0.74267 0.18445 0.74727 0.17064 0.75920 0.17189 0.76977 0.18911 0.79501 0.20799 0.83433 0.22041 0.85337 0.22250 0.87097 0.22490 0.87407 0.22783 0.89872 0.22549 0.90463 0.21721 0.91179 0.22013 0.93643 0.20393 0.94527 0.20158 0.95117 0.20284 0.96173 0.20842 0.96597 0.22228 0.96305 0.23303 0.96800 0.23579 0.96561 0.24167 0.95535 0.25908 0.94807 0.26064 0.94413 0.27211 0.93810 0.27523 0.93022 0.28910 0.92730 0.29144 0.92139 0.28857 0.90575 0.28418 0.90307 0.26636 0.90683 0.26276 0.90218 0.26150 0.89161
6 0.27571 1.00000 0.24700 0.98310 0.23470 0.98208 0.22990 0.97588 0.20686 0.96991 0.18058 0.95380 0.17464 0.95505 0.15712 0.94431 0.15118 0.94557 0.14638 0.93936 0.12093 0.93029 0.09465 0.91418 0.07995 0.91007 0.06003 0.89622 0.05607 0.89706 0.04689 0.88817 0.03993 0.88826 0.05322 1.00000 0.27571 1.00000
2 0.26150 0.89161 0.25551 0.88386 0.24440 0.88439 0.24315 0.87383 0.24075 0.87073 0.24022 0.84919 0.24292 0.83779 0.24281 0.81977 0.24593 0.81189 0.24883 0.76797 0.24663 0.73234 0.24303 0.72769 0.22520 0.73145 0.22364 0.73539 0.20779 0.73873 0.20623 0.74267 0.18445 0.74727 0.17064 0.75920 0.17189 0.76977 0.18911 0.79501 0.20799 0.83433 0.22041 0.85337 0.22250 0.87097 0.22490 0.87407 0.22783 0.89872 0.22549 0.90463 0.21721 0.91179 0.22013 0.93643 0.20393 0.94527 0.20158 0.95117 0.20284 0.96173 0.20842 0.96597 0.22228 0.96305 0.23303 0.96800 0.23579 0.96561 0.24167 0.95535 0.25908 0.94807 0.26064 0.94413 0.27211 0.93810 0.27523 0.93022 0.28910 0.92730 0.29144 0.92139 0.28857 0.90575 0.28418 0.90307 0.26636 0.90683 0.26276 0.90218 0.26150 0.89161
6 0.27571 1.00000 0.24700 0.98310 0.23470 0.98208 0.22990 0.97588 0.20686 0.96991 0.18058 0.95380 0.17464 0.95505 0.15712 0.94431 0.15118 0.94557 0.14638 0.93936 0.12093 0.93029 0.09465 0.91418 0.07995 0.91007 0.06003 0.89622 0.05607 0.89706 0.04689 0.88817 0.03993 0.88826 0.05322 1.00000 0.27571 1.00000
2 0.26150 0.89161 0.25551 0.88386 0.24440 0.88439 0.24315 0.87383 0.24075 0.87073 0.24022 0.84919 0.24292 0.83779 0.24281 0.81977 0.24593 0.81189 0.24883 0.76797 0.24663 0.73234 0.24303 0.72769 0.22520 0.73145 0.22364 0.73539 0.20779 0.73873 0.20623 0.74267 0.18445 0.74727 0.17064 0.75920 0.17189 0.76977 0.18911 0.79501 0.20799 0.83433 0.22041 0.85337 0.22250 0.87097 0.22490 0.87407 0.22783 0.89872 0.22549 0.90463 0.21721 0.91179 0.22013 0.93643 0.20393 0.94527 0.20158 0.95117 0.20284 0.96173 0.20842 0.96597 0.22228 0.96305 0.23303 0.96800 0.23579 0.96561 0.24167 0.95535 0.25908 0.94807 0.26064 0.94413 0.27211 0.93810 0.27523 0.93022 0.28910 0.92730 0.29144 0.92139 0.28857 0.90575 0.28418 0.90307 0.26636 0.90683 0.26276 0.90218 0.26150 0.89161
