7 0.43209 0.09880 0.43312 0.13799 0.42156 0.15636 0.42194 0.17061 0.42003 0.17427 0.42268 0.19911 0.46887 0.20053 0.47614 0.17166 0.47996 0.16434 0.47978 0.15722 0.47463 0.15211 0.46824 0.13814 0.46423 0.13832 0.46109 0.13312 0.46090 0.12600 0.46616 0.09721 0.47963 0.07519 0.47707 0.05391 0.48203 0.05189 0.48280 0.04294 0.47404 0.01481 0.46469 0.00277 0.45868 0.00304 0.45784 0.00166 0.43267 0.00283 0.43167 0.00608 0.43204 0.02033 0.42678 0.04911 0.42944 0.07396 0.43391 0.09158 0.43209 0.09880
7 0.80674 0.00000 0.80710 0.01359 0.80518 0.01724 0.80584 0.04218 0.80393 0.04584 0.80440 0.06365 0.80248 0.06730 0.80333 0.09937 0.80141 0.10302 0.80188 0.12084 0.79997 0.12449 0.80034 0.13874 0.80349 0.14395 0.81265 0.14887 0.81302 0.16312 0.80901 0.16330 0.80769 0.15088 0.79366 0.15154 0.78974 0.15529 0.78506 0.16798 0.78590 0.20005 0.79706 0.20488 0.80289 0.19748 0.80890 0.19720 0.81309 0.20413 0.81691 0.19682 0.83295 0.19608 0.83619 0.20484 0.83933 0.21005 0.84029 0.20822 0.84402 0.19734 0.84490 0.15450 0.84175 0.14930 0.83574 0.14958 0.83383 0.15323 0.81875 0.15215 0.81829 0.13434 0.82020 0.13068 0.82127 0.09496 0.82318 0.09131 0.82252 0.06637 0.82444 0.06272 0.82397 0.04491 0.82588 0.04125 0.82541 0.02344 0.82732 0.01978 0.82680 0.00000 0.80674 0.00000
6 0.00000 0.33827 0.20423 0.36205 0.20727 0.37618 0.21684 0.33293 0.23803 0.32481 0.24816 0.30294 0.24894 0.28150 0.23831 0.28437 0.23526 0.27025 0.23222 0.25612 0.21957 0.23293 0.21901 0.21155 0.21317 0.19280 0.00000 0.18215 0.00000 0.33827
6 1.00000 0.52209 0.69073 0.03981 0.52099 0.04532 0.46618 0.20006 0.26928 0.19020 0.26997 0.21632 0.26087 0.22625 0.26559 0.30450 0.26833 0.30675 0.27277 0.32319 0.31043 0.33095 0.30996 0.36427 0.41710 0.36879 0.23688 1.00000 0.50655 1.00000 1.00000 0.97705 1.00000 0.52209
7 0.43209 0.09880 0.43312 0.13799 0.42156 0.15636 0.42194 0.17061 0.42003 0.17427 0.42268 0.19911 0.46887 0.20053 0.47614 0.17166 0.47996 0.16434 0.47978 0.15722 0.47463 0.15211 0.46824 0.13814 0.46423 0.13832 0.46109 0.13312 0.46090 0.12600 0.46616 0.09721 0.47963 0.07519 0.47707 0.05391 0.48203 0.05189 0.48280 0.04294 0.47404 0.01481 0.46469 0.00277 0.45868 0.00304 0.45784 0.00166 0.43267 0.00283 0.43167 0.00608 0.43204 0.02033 0.42678 0.04911 0.42944 0.07396 0.43391 0.09158 0.43209 0.09880
7 0.80674 0.00000 0.80710 0.01359 0.80518 0.01724 0.80584 0.04218 0.80393 0.04584 0.80440 0.06365 0.80248 0.06730 0.80333 0.09937 0.80141 0.10302 0.80188 0.12084 0.79997 0.12449 0.80034 0.13874 0.80349 0.14395 0.81265 0.14887 0.81302 0.16312 0.80901 0.16330 0.80769 0.15088 0.79366 0.15154 0.78974 0.15529 0.78506 0.16798 0.78590 0.20005 0.79706 0.20488 0.80289 0.19748 0.80890 0.19720 0.81309 0.20413 0.81691 0.19682 0.83295 0.19608 0.83619 0.20484 0.83933 0.21005 0.84029 0.20822 0.84402 0.19734 0.84490 0.15450 0.84175 0.14930 0.83574 0.14958 0.83383 0.15323 0.81875 0.15215 0.81829 0.13434 0.82020 0.13068 0.82127 0.09496 0.82318 0.09131 0.82252 0.06637 0.82444 0.06272 0.82397 0.04491 0.82588 0.04125 0.82541 0.02344 0.82732 0.01978 0.82680 0.00000 0.80674 0.00000
6 0.00000 0.33827 0.20423 0.36205 0.20727 0.37618 0.21684 0.33293 0.23803 0.32481 0.24816 0.30294 0.24894 0.28150 0.23831 0.28437 0.23526 0.27025 0.23222 0.25612 0.21957 0.23293 0.21901 0.21155 0.21317 0.19280 0.00000 0.18215 0.00000 0.33827
6 1.00000 0.52209 0.69073 0.03981 0.52099 0.04532 0.46618 0.20006 0.26928 0.19020 0.26997 0.21632 0.26087 0.22625 0.26559 0.30450 0.26833 0.30675 0.27277 0.32319 0.31043 0.33095 0.30996 0.36427 0.41710 0.36879 0.23688 1.00000 0.50655 1.00000 1.00000 0.97705 1.00000 0.52209
7 0.43209 0.09880 0.43312 0.13799 0.42156 0.15636 0.42194 0.17061 0.42003 0.17427 0.42268 0.19911 0.46887 0.20053 0.47614 0.17166 0.47996 0.16434 0.47978 0.15722 0.47463 0.15211 0.46824 0.13814 0.46423 0.13832 0.46109 0.13312 0.46090 0.12600 0.46616 0.09721 0.47963 0.07519 0.47707 0.05391 0.48203 0.05189 0.48280 0.04294 0.47404 0.01481 0.46469 0.00277 0.45868 0.00304 0.45784 0.00166 0.43267 0.00283 0.43167 0.00608 0.43204 0.02033 0.42678 0.04911 0.42944 0.07396 0.43391 0.09158 0.43209 0.09880
7 0.80674 0.00000 0.80710 0.01359 0.80518 0.01724 0.80584 0.04218 0.80393 0.04584 0.80440 0.06365 0.80248 0.06730 0.80333 0.09937 0.80141 0.10302 0.80188 0.12084 0.79997 0.12449 0.80034 0.13874 0.80349 0.14395 0.81265 0.14887 0.81302 0.16312 0.80901 0.16330 0.80769 0.15088 0.79366 0.15154 0.78974 0.15529 0.78506 0.16798 0.78590 0.20005 0.79706 0.20488 0.80289 0.19748 0.80890 0.19720 0.81309 0.20413 0.81691 0.19682 0.83295 0.19608 0.83619 0.20484 0.83933 0.21005 0.84029 0.20822 0.84402 0.19734 0.84490 0.15450 0.84175 0.14930 0.83574 0.14958 0.83383 0.15323 0.81875 0.15215 0.81829 0.13434 0.82020 0.13068 0.82127 0.09496 0.82318 0.09131 0.82252 0.06637 0.82444 0.06272 0.82397 0.04491 0.82588 0.04125 0.82541 0.02344 0.82732 0.01978 0.82680 0.00000 0.80674 0.00000
6 0.00000 0.33827 0.20423 0.36205 0.20727 0.37618 0.21684 0.33293 0.23803 0.32481 0.24816 0.30294 0.24894 0.28150 0.23831 0.28437 0.23526 0.27025 0.23222 0.25612 0.21957 0.23293 0.21901 0.21155 0.21317 0.19280 0.00000 0.18215 0.00000 0.33827
6 1.00000 0.52209 0.69073 0.03981 0.52099 0.04532 0.46618 0.20006 0.26928 0.19020 0.26997 0.21632 0.26087 0.22625 0.26559 0.30450 0.26833 0.30675 0.27277 0.32319 0.31043 0.33095 0.30996 0.36427 0.41710 0.36879 0.23688 1.00000 0.50655 1.00000 1.00000 0.97705 1.00000 0.52209
7 0.43209 0.09880 0.43312 0.13799 0.42156 0.15636 0.42194 0.17061 0.42003 0.17427 0.42268 0.19911 0.46887 0.20053 0.47614 0.17166 0.47996 0.16434 0.47978 0.15722 0.47463 0.15211 0.46824 0.13814 0.46423 0.13832 0.46109 0.13312 0.46090 0.12600 0.46616 0.09721 0.47963 0.07519 0.47707 0.05391 0.48203 0.05189 0.48280 0.04294 0.47404 0.01481 0.46469 0.00277 0.45868 0.00304 0.45784 0.00166 0.43267 0.00283 0.43167 0.00608 0.43204 0.02033 0.42678 0.04911 0.42944 0.07396 0.43391 0.09158 0.43209 0.09880
7 0.80674 0.00000 0.80710 0.01359 0.80518 0.01724 0.80584 0.04218 0.80393 0.04584 0.80440 0.06365 0.80248 0.06730 0.80333 0.09937 0.80141 0.10302 0.80188 0.12084 0.79997 0.12449 0.80034 0.13874 0.80349 0.14395 0.81265 0.14887 0.81302 0.16312 0.80901 0.16330 0.80769 0.15088 0.79366 0.15154 0.78974 0.15529 0.78506 0.16798 0.78590 0.20005 0.79706 0.20488 0.80289 0.19748 0.80890 0.19720 0.81309 0.20413 0.81691 0.19682 0.83295 0.19608 0.83619 0.20484 0.83933 0.21005 0.84029 0.20822 0.84402 0.19734 0.84490 0.15450 0.84175 0.14930 0.83574 0.14958 0.83383 0.15323 0.81875 0.15215 0.81829 0.13434 0.82020 0.13068 0.82127 0.09496 0.82318 0.09131 0.82252 0.06637 0.82444 0.06272 0.82397 0.04491 0.82588 0.04125 0.82541 0.02344 0.82732 0.01978 0.82680 0.00000 0.80674 0.00000
6 0.00000 0.33827 0.20423 0.36205 0.20727 0.37618 0.21684 0.33293 0.23803 0.32481 0.24816 0.30294 0.24894 0.28150 0.23831 0.28437 0.23526 0.27025 0.23222 0.25612 0.21957 0.23293 0.21901 0.21155 0.21317 0.19280 0.00000 0.18215 0.00000 0.33827
6 1.00000 0.52209 0.69073 0.03981 0.52099 0.04532 0.46618 0.20006 0.26928 0.19020 0.26997 0.21632 0.26087 0.22625 0.26559 0.30450 0.26833 0.30675 0.27277 0.32319 0.31043 0.33095 0.30996 0.36427 0.41710 0.36879 0.23688 1.00000 0.50655 1.00000 1.00000 0.97705 1.00000 0.52209
7 0.43209 0.09880 0.43312 0.13799 0.42156 0.15636 0.42194 0.17061 0.42003 0.17427 0.42268 0.19911 0.46887 0.20053 0.47614 0.17166 0.47996 0.16434 0.47978 0.15722 0.47463 0.15211 0.46824 0.13814 0.46423 0.13832 0.46109 0.13312 0.46090 0.12600 0.46616 0.09721 0.47963 0.07519 0.47707 0.05391 0.48203 0.05189 0.48280 0.04294 0.47404 0.01481 0.46469 0.00277 0.45868 0.00304 0.45784 0.00166 0.43267 0.00283 0.43167 0.00608 0.43204 0.02033 0.42678 0.04911 0.42944 0.07396 0.43391 0.09158 0.43209 0.09880
7 0.80674 0.00000 0.80710 0.01359 0.80518 0.01724 0.80584 0.04218 0.80393 0.04584 0.80440 0.06365 0.80248 0.06730 0.80333 0.09937 0.80141 0.10302 0.80188 0.12084 0.79997 0.12449 0.80034 0.13874 0.80349 0.14395 0.81265 0.14887 0.81302 0.16312 0.80901 0.16330 0.80769 0.15088 0.79366 0.15154 0.78974 0.15529 0.78506 0.16798 0.78590 0.20005 0.79706 0.20488 0.80289 0.19748 0.80890 0.19720 0.81309 0.20413 0.81691 0.19682 0.83295 0.19608 0.83619 0.20484 0.83933 0.21005 0.84029 0.20822 0.84402 0.19734 0.84490 0.15450 0.84175 0.14930 0.83574 0.14958 0.83383 0.15323 0.81875 0.15215 0.81829 0.13434 0.82020 0.13068 0.82127 0.09496 0.82318 0.09131 0.82252 0.06637 0.82444 0.06272 0.82397 0.04491 0.82588 0.04125 0.82541 0.02344 0.82732 0.01978 0.82680 0.00000 0.80674 0.00000
6 0.00000 0.33827 0.20423 0.36205 0.20727 0.37618 0.21684 0.33293 0.23803 0.32481 0.24816 0.30294 0.24894 0.28150 0.23831 0.28437 0.23526 0.27025 0.23222 0.25612 0.21957 0.23293 0.21901 0.21155 0.21317 0.19280 0.00000 0.18215 0.00000 0.33827
6 1.00000 0.52209 0.69073 0.03981 0.52099 0.04532 0.46618 0.20006 0.26928 0.19020 0.26997 0.21632 0.26087 0.22625 0.26559 0.30450 0.26833 0.30675 0.27277 0.32319 0.31043 0.33095 0.30996 0.36427 0.41710 0.36879 0.23688 1.00000 0.50655 1.00000 1.00000 0.97705 1.00000 0.52209
7 0.43209 0.09880 0.43312 0.13799 0.42156 0.15636 0.42194 0.17061 0.42003 0.17427 0.42268 0.19911 0.46887 0.20053 0.47614 0.17166 0.47996 0.16434 0.47978 0.15722 0.47463 0.15211 0.46824 0.13814 0.46423 0.13832 0.46109 0.13312 0.46090 0.12600 0.46616 0.09721 0.47963 0.07519 0.47707 0.05391 0.48203 0.05189 0.48280 0.04294 0.47404 0.01481 0.46469 0.00277 0.45868 0.00304 0.45784 0.00166 0.43267 0.00283 0.43167 0.00608 0.43204 0.02033 0.42678 0.04911 0.42944 0.07396 0.43391 0.09158 0.43209 0.09880
7 0.80674 0.00000 0.80710 0.01359 0.80518 0.01724 0.80584 0.04218 0.80393 0.04584 0.80440 0.06365 0.80248 0.06730 0.80333 0.09937 0.80141 0.10302 0.80188 0.12084 0.79997 0.12449 0.80034 0.13874 0.80349 0.14395 0.81265 0.14887 0.81302 0.16312 0.80901 0.16330 0.80769 0.15088 0.79366 0.15154 0.78974 0.15529 0.78506 0.16798 0.78590 0.20005 0.79706 0.20488 0.80289 0.19748 0.80890 0.19720 0.81309 0.20413 0.81691 0.19682 0.83295 0.19608 0.83619 0.20484 0.83933 0.21005 0.84029 0.20822 0.84402 0.19734 0.84490 0.15450 0.84175 0.14930 0.83574 0.14958 0.83383 0.15323 0.81875 0.15215 0.81829 0.13434 0.82020 0.13068 0.82127 0.09496 0.82318 0.09131 0.82252 0.06637 0.82444 0.06272 0.82397 0.04491 0.82588 0.04125 0.82541 0.02344 0.82732 0.01978 0.82680 0.00000 0.80674 0.00000
6 0.00000 0.33827 0.20423 0.36205 0.20727 0.37618 0.21684 0.33293 0.23803 0.32481 0.24816 0.30294 0.24894 0.28150 0.23831 0.28437 0.23526 0.27025 0.23222 0.25612 0.21957 0.23293 0.21901 0.21155 0.21317 0.19280 0.00000 0.18215 0.00000 0.33827
6 1.00000 0.52209 0.69073 0.03981 0.52099 0.04532 0.46618 0.20006 0.26928 0.19020 0.26997 0.21632 0.26087 0.22625 0.26559 0.30450 0.26833 0.30675 0.27277 0.32319 0.31043 0.33095 0.30996 0.36427 0.41710 0.36879 0.23688 1.00000 0.50655 1.00000 1.00000 0.97705 1.00000 0.52209
