7 0.47785 0.03983 0.47574 0.03634 0.47766 0.03266 0.47710 0.01116 0.47183 0.00244 0.45369 0.00329 0.45081 0.00880 0.44945 0.03397 0.44570 0.04491 0.44655 0.07716 0.45086 0.08771 0.45236 0.14504 0.43873 0.16361 0.43690 0.17087 0.43765 0.19954 0.44110 0.21552 0.46729 0.21430 0.46921 0.21063 0.47929 0.21016 0.48140 0.21364 0.48840 0.21152 0.49407 0.19691 0.49304 0.15750 0.47856 0.14382 0.47818 0.12949 0.48010 0.12582 0.47963 0.10790 0.48704 0.08245 0.48600 0.04304 0.48092 0.04148 0.47918 0.05232 0.47602 0.04709 0.47785 0.03983
7 0.84253 0.00000 0.83805 0.00514 0.83842 0.01947 0.83650 0.02314 0.83706 0.04464 0.83514 0.04832 0.83561 0.06623 0.83369 0.06991 0.83454 0.10216 0.83098 0.12026 0.82981 0.15260 0.82501 0.16179 0.81906 0.16565 0.81243 0.18211 0.81463 0.18918 0.81529 0.21426 0.82046 0.21939 0.82421 0.20846 0.83429 0.20799 0.84043 0.21129 0.84464 0.21827 0.84848 0.21092 0.86460 0.21017 0.87093 0.22064 0.87391 0.21870 0.87756 0.20418 0.87672 0.17194 0.87451 0.16487 0.87135 0.15963 0.86943 0.16331 0.85024 0.16241 0.84977 0.14449 0.85169 0.14082 0.85122 0.12290 0.85314 0.11923 0.85267 0.10131 0.85614 0.07963 0.85567 0.06171 0.85759 0.05804 0.85712 0.04012 0.85904 0.03645 0.85848 0.01495 0.86030 0.00769 0.85193 0.00000 0.84253 0.00000
6 0.00000 0.36964 0.21346 0.39471 0.24073 0.35757 0.25410 0.35455 0.26276 0.32545 0.25285 0.30678 0.23879 0.28352 0.22986 0.25046 0.22533 0.23154 0.22598 0.20520 0.00000 0.18983 0.00000 0.36964
6 1.00000 0.48838 0.99977 0.47978 0.72511 0.05762 0.53405 0.05455 0.50104 0.18045 0.27606 0.21722 0.27650 0.23394 0.27412 0.24600 0.27344 0.32257 0.28950 0.31943 0.28512 0.35789 0.32005 0.35627 0.31965 0.39216 0.43560 0.40351 0.27550 1.00000 0.50655 1.00000 1.00000 0.97705 1.00000 0.48838
7 0.47785 0.03983 0.47574 0.03634 0.47766 0.03266 0.47710 0.01116 0.47183 0.00244 0.45369 0.00329 0.45081 0.00880 0.44945 0.03397 0.44570 0.04491 0.44655 0.07716 0.45086 0.08771 0.45236 0.14504 0.43873 0.16361 0.43690 0.17087 0.43765 0.19954 0.44110 0.21552 0.46729 0.21430 0.46921 0.21063 0.47929 0.21016 0.48140 0.21364 0.48840 0.21152 0.49407 0.19691 0.49304 0.15750 0.47856 0.14382 0.47818 0.12949 0.48010 0.12582 0.47963 0.10790 0.48704 0.08245 0.48600 0.04304 0.48092 0.04148 0.47918 0.05232 0.47602 0.04709 0.47785 0.03983
7 0.84253 0.00000 0.83805 0.00514 0.83842 0.01947 0.83650 0.02314 0.83706 0.04464 0.83514 0.04832 0.83561 0.06623 0.83369 0.06991 0.83454 0.10216 0.83098 0.12026 0.82981 0.15260 0.82501 0.16179 0.81906 0.16565 0.81243 0.18211 0.81463 0.18918 0.81529 0.21426 0.82046 0.21939 0.82421 0.20846 0.83429 0.20799 0.84043 0.21129 0.84464 0.21827 0.84848 0.21092 0.86460 0.21017 0.87093 0.22064 0.87391 0.21870 0.87756 0.20418 0.87672 0.17194 0.87451 0.16487 0.87135 0.15963 0.86943 0.16331 0.85024 0.16241 0.84977 0.14449 0.85169 0.14082 0.85122 0.12290 0.85314 0.11923 0.85267 0.10131 0.85614 0.07963 0.85567 0.06171 0.85759 0.05804 0.85712 0.04012 0.85904 0.03645 0.85848 0.01495 0.86030 0.00769 0.85193 0.00000 0.84253 0.00000
6 0.00000 0.36964 0.21346 0.39471 0.24073 0.35757 0.25410 0.35455 0.26276 0.32545 0.25285 0.30678 0.23879 0.28352 0.22986 0.25046 0.22533 0.23154 0.22598 0.20520 0.00000 0.18983 0.00000 0.36964
6 1.00000 0.48838 0.99977 0.47978 0.72511 0.05762 0.53405 0.05455 0.50104 0.18045 0.27606 0.21722 0.27650 0.23394 0.27412 0.24600 0.27344 0.32257 0.28950 0.31943 0.28512 0.35789 0.32005 0.35627 0.31965 0.39216 0.43560 0.40351 0.27550 1.00000 0.50655 1.00000 1.00000 0.97705 1.00000 0.48838
7 0.47785 0.03983 0.47574 0.03634 0.47766 0.03266 0.47710 0.01116 0.47183 0.00244 0.45369 0.00329 0.45081 0.00880 0.44945 0.03397 0.44570 0.04491 0.44655 0.07716 0.45086 0.08771 0.45236 0.14504 0.43873 0.16361 0.43690 0.17087 0.43765 0.19954 0.44110 0.21552 0.46729 0.21430 0.46921 0.21063 0.47929 0.21016 0.48140 0.21364 0.48840 0.21152 0.49407 0.19691 0.49304 0.15750 0.47856 0.14382 0.47818 0.12949 0.48010 0.12582 0.47963 0.10790 0.48704 0.08245 0.48600 0.04304 0.48092 0.04148 0.47918 0.05232 0.47602 0.04709 0.47785 0.03983
7 0.84253 0.00000 0.83805 0.00514 0.83842 0.01947 0.83650 0.02314 0.83706 0.04464 0.83514 0.04832 0.83561 0.06623 0.83369 0.06991 0.83454 0.10216 0.83098 0.12026 0.82981 0.15260 0.82501 0.16179 0.81906 0.16565 0.81243 0.18211 0.81463 0.18918 0.81529 0.21426 0.82046 0.21939 0.82421 0.20846 0.83429 0.20799 0.84043 0.21129 0.84464 0.21827 0.84848 0.21092 0.86460 0.21017 0.87093 0.22064 0.87391 0.21870 0.87756 0.20418 0.87672 0.17194 0.87451 0.16487 0.87135 0.15963 0.86943 0.16331 0.85024 0.16241 0.84977 0.14449 0.85169 0.14082 0.85122 0.12290 0.85314 0.11923 0.85267 0.10131 0.85614 0.07963 0.85567 0.06171 0.85759 0.05804 0.85712 0.04012 0.85904 0.03645 0.85848 0.01495 0.86030 0.00769 0.85193 0.00000 0.84253 0.00000
6 0.00000 0.36964 0.21346 0.39471 0.24073 0.35757 0.25410 0.35455 0.26276 0.32545 0.25285 0.30678 0.23879 0.28352 0.22986 0.25046 0.22533 0.23154 0.22598 0.20520 0.00000 0.18983 0.00000 0.36964
6 1.00000 0.48838 0.99977 0.47978 0.72511 0.05762 0.53405 0.05455 0.50104 0.18045 0.27606 0.21722 0.27650 0.23394 0.27412 0.24600 0.27344 0.32257 0.28950 0.31943 0.28512 0.35789 0.32005 0.35627 0.31965 0.39216 0.43560 0.40351 0.27550 1.00000 0.50655 1.00000 1.00000 0.97705 1.00000 0.48838
7 0.47785 0.03983 0.47574 0.03634 0.47766 0.03266 0.47710 0.01116 0.47183 0.00244 0.45369 0.00329 0.45081 0.00880 0.44945 0.03397 0.44570 0.04491 0.44655 0.07716 0.45086 0.08771 0.45236 0.14504 0.43873 0.16361 0.43690 0.17087 0.43765 0.19954 0.44110 0.21552 0.46729 0.21430 0.46921 0.21063 0.47929 0.21016 0.48140 0.21364 0.48840 0.21152 0.49407 0.19691 0.49304 0.15750 0.47856 0.14382 0.47818 0.12949 0.48010 0.12582 0.47963 0.10790 0.48704 0.08245 0.48600 0.04304 0.48092 0.04148 0.47918 0.05232 0.47602 0.04709 0.47785 0.03983
7 0.84253 0.00000 0.83805 0.00514 0.83842 0.01947 0.83650 0.02314 0.83706 0.04464 0.83514 0.04832 0.83561 0.06623 0.83369 0.06991 0.83454 0.10216 0.83098 0.12026 0.82981 0.15260 0.82501 0.16179 0.81906 0.16565 0.81243 0.18211 0.81463 0.18918 0.81529 0.21426 0.82046 0.21939 0.82421 0.20846 0.83429 0.20799 0.84043 0.21129 0.84464 0.21827 0.84848 0.21092 0.86460 0.21017 0.87093 0.22064 0.87391 0.21870 0.87756 0.20418 0.87672 0.17194 0.87451 0.16487 0.87135 0.15963 0.86943 0.16331 0.85024 0.16241 0.84977 0.14449 0.85169 0.14082 0.85122 0.12290 0.85314 0.11923 0.85267 0.10131 0.85614 0.07963 0.85567 0.06171 0.85759 0.05804 0.85712 0.04012 0.85904 0.03645 0.85848 0.01495 0.86030 0.00769 0.85193 0.00000 0.84253 0.00000
6 0.00000 0.36964 0.21346 0.39471 0.24073 0.35757 0.25410 0.35455 0.26276 0.32545 0.25285 0.30678 0.23879 0.28352 0.22986 0.25046 0.22533 0.23154 0.22598 0.20520 0.00000 0.18983 0.00000 0.36964
6 1.00000 0.48838 0.99977 0.47978 0.72511 0.05762 0.53405 0.05455 0.50104 0.18045 0.27606 0.21722 0.27650 0.23394 0.27412 0.24600 0.27344 0.32257 0.28950 0.31943 0.28512 0.35789 0.32005 0.35627 0.31965 0.39216 0.43560 0.40351 0.27550 1.00000 0.50655 1.00000 1.00000 0.97705 1.00000 0.48838
7 0.47785 0.03983 0.47574 0.03634 0.47766 0.03266 0.47710 0.01116 0.47183 0.00244 0.45369 0.00329 0.45081 0.00880 0.44945 0.03397 0.44570 0.04491 0.44655 0.07716 0.45086 0.08771 0.45236 0.14504 0.43873 0.16361 0.43690 0.17087 0.43765 0.19954 0.44110 0.21552 0.46729 0.21430 0.46921 0.21063 0.47929 0.21016 0.48140 0.21364 0.48840 0.21152 0.49407 0.19691 0.49304 0.15750 0.47856 0.14382 0.47818 0.12949 0.48010 0.12582 0.47963 0.10790 0.48704 0.08245 0.48600 0.04304 0.48092 0.04148 0.47918 0.05232 0.47602 0.04709 0.47785 0.03983
7 0.84253 0.00000 0.83805 0.00514 0.83842 0.01947 0.83650 0.02314 0.83706 0.04464 0.83514 0.04832 0.83561 0.06623 0.83369 0.06991 0.83454 0.10216 0.83098 0.12026 0.82981 0.15260 0.82501 0.16179 0.81906 0.16565 0.81243 0.18211 0.81463 0.18918 0.81529 0.21426 0.82046 0.21939 0.82421 0.20846 0.83429 0.20799 0.84043 0.21129 0.84464 0.21827 0.84848 0.21092 0.86460 0.21017 0.87093 0.22064 0.87391 0.21870 0.87756 0.20418 0.87672 0.17194 0.87451 0.16487 0.87135 0.15963 0.86943 0.16331 0.85024 0.16241 0.84977 0.14449 0.85169 0.14082 0.85122 0.12290 0.85314 0.11923 0.85267 0.10131 0.85614 0.07963 0.85567 0.06171 0.85759 0.05804 0.85712 0.04012 0.85904 0.03645 0.85848 0.01495 0.86030 0.00769 0.85193 0.00000 0.84253 0.00000
6 0.00000 0.36964 0.21346 0.39471 0.24073 0.35757 0.25410 0.35455 0.26276 0.32545 0.25285 0.30678 0.23879 0.28352 0.22986 0.25046 0.22533 0.23154 0.22598 0.20520 0.00000 0.18983 0.00000 0.36964
6 1.00000 0.48838 0.99977 0.47978 0.72511 0.05762 0.53405 0.05455 0.50104 0.18045 0.27606 0.21722 0.27650 0.23394 0.27412 0.24600 0.27344 0.32257 0.28950 0.31943 0.28512 0.35789 0.32005 0.35627 0.31965 0.39216 0.43560 0.40351 0.27550 1.00000 0.50655 1.00000 1.00000 0.97705 1.00000 0.48838
7 0.47785 0.03983 0.47574 0.03634 0.47766 0.03266 0.47710 0.01116 0.47183 0.00244 0.45369 0.00329 0.45081 0.00880 0.44945 0.03397 0.44570 0.04491 0.44655 0.07716 0.45086 0.08771 0.45236 0.14504 0.43873 0.16361 0.43690 0.17087 0.43765 0.19954 0.44110 0.21552 0.46729 0.21430 0.46921 0.21063 0.47929 0.21016 0.48140 0.21364 0.48840 0.21152 0.49407 0.19691 0.49304 0.15750 0.47856 0.14382 0.47818 0.12949 0.48010 0.12582 0.47963 0.10790 0.48704 0.08245 0.48600 0.04304 0.48092 0.04148 0.47918 0.05232 0.47602 0.04709 0.47785 0.03983
7 0.84253 0.00000 0.83805 0.00514 0.83842 0.01947 0.83650 0.02314 0.83706 0.04464 0.83514 0.04832 0.83561 0.06623 0.83369 0.06991 0.83454 0.10216 0.83098 0.12026 0.82981 0.15260 0.82501 0.16179 0.81906 0.16565 0.81243 0.18211 0.81463 0.18918 0.81529 0.21426 0.82046 0.21939 0.82421 0.20846 0.83429 0.20799 0.84043 0.21129 0.84464 0.21827 0.84848 0.21092 0.86460 0.21017 0.87093 0.22064 0.87391 0.21870 0.87756 0.20418 0.87672 0.17194 0.87451 0.16487 0.87135 0.15963 0.86943 0.16331 0.85024 0.16241 0.84977 0.14449 0.85169 0.14082 0.85122 0.12290 0.85314 0.11923 0.85267 0.10131 0.85614 0.07963 0.85567 0.06171 0.85759 0.05804 0.85712 0.04012 0.85904 0.03645 0.85848 0.01495 0.86030 0.00769 0.85193 0.00000 0.84253 0.00000
6 0.00000 0.36964 0.21346 0.39471 0.24073 0.35757 0.25410 0.35455 0.26276 0.32545 0.25285 0.30678 0.23879 0.28352 0.22986 0.25046 0.22533 0.23154 0.22598 0.20520 0.00000 0.18983 0.00000 0.36964
6 1.00000 0.48838 0.99977 0.47978 0.72511 0.05762 0.53405 0.05455 0.50104 0.18045 0.27606 0.21722 0.27650 0.23394 0.27412 0.24600 0.27344 0.32257 0.28950 0.31943 0.28512 0.35789 0.32005 0.35627 0.31965 0.39216 0.43560 0.40351 0.27550 1.00000 0.50655 1.00000 1.00000 0.97705 1.00000 0.48838
