1 0.76779 0.00000 0.76445 0.00461 0.74503 0.06597 0.74151 0.10598 0.74491 0.14827 0.74755 0.15157 0.75270 0.17386 0.75899 0.18806 0.78702 0.21673 0.78665 0.26383 0.78256 0.27458 0.76810 0.28189 0.76157 0.29910 0.75679 0.29630 0.73114 0.30233 0.72706 0.31308 0.72907 0.32828 0.74673 0.35351 0.77477 0.38219 0.78118 0.38068 0.78382 0.38398 0.87653 0.36024 0.88144 0.34734 0.87993 0.33594 0.87018 0.32060 0.85799 0.31171 0.84347 0.29357 0.83882 0.27508 0.83008 0.26734 0.82581 0.26834 0.81921 0.26010 0.81631 0.22160 0.81877 0.21515 0.83322 0.20784 0.85208 0.18382 0.86811 0.14676 0.87313 0.11815 0.87502 0.08245 0.86697 0.02166 0.85754 0.00037 0.85725 0.00000 0.76779 0.00000
6 1.00000 0.67817 0.43709 0.00706 0.00000 0.10972 0.00000 0.14531 0.02296 0.14351 0.02556 0.17424 0.11984 0.16515 0.00824 0.62053 0.05848 1.00000 0.53284 1.00000 1.00000 0.89028 1.00000 0.67817
1 0.76779 0.00000 0.76445 0.00461 0.74503 0.06597 0.74151 0.10598 0.74491 0.14827 0.74755 0.15157 0.75270 0.17386 0.75899 0.18806 0.78702 0.21673 0.78665 0.26383 0.78256 0.27458 0.76810 0.28189 0.76157 0.29910 0.75679 0.29630 0.73114 0.30233 0.72706 0.31308 0.72907 0.32828 0.74673 0.35351 0.77477 0.38219 0.78118 0.38068 0.78382 0.38398 0.87653 0.36024 0.88144 0.34734 0.87993 0.33594 0.87018 0.32060 0.85799 0.31171 0.84347 0.29357 0.83882 0.27508 0.83008 0.26734 0.82581 0.26834 0.81921 0.26010 0.81631 0.22160 0.81877 0.21515 0.83322 0.20784 0.85208 0.18382 0.86811 0.14676 0.87313 0.11815 0.87502 0.08245 0.86697 0.02166 0.85754 0.00037 0.85725 0.00000 0.76779 0.00000
6 1.00000 0.67817 0.43709 0.00706 0.00000 0.10972 0.00000 0.14531 0.02296 0.14351 0.02556 0.17424 0.11984 0.16515 0.00824 0.62053 0.05848 1.00000 0.53284 1.00000 1.00000 0.89028 1.00000 0.67817
1 0.76779 0.00000 0.76445 0.00461 0.74503 0.06597 0.74151 0.10598 0.74491 0.14827 0.74755 0.15157 0.75270 0.17386 0.75899 0.18806 0.78702 0.21673 0.78665 0.26383 0.78256 0.27458 0.76810 0.28189 0.76157 0.29910 0.75679 0.29630 0.73114 0.30233 0.72706 0.31308 0.72907 0.32828 0.74673 0.35351 0.77477 0.38219 0.78118 0.38068 0.78382 0.38398 0.87653 0.36024 0.88144 0.34734 0.87993 0.33594 0.87018 0.32060 0.85799 0.31171 0.84347 0.29357 0.83882 0.27508 0.83008 0.26734 0.82581 0.26834 0.81921 0.26010 0.81631 0.22160 0.81877 0.21515 0.83322 0.20784 0.85208 0.18382 0.86811 0.14676 0.87313 0.11815 0.87502 0.08245 0.86697 0.02166 0.85754 0.00037 0.85725 0.00000 0.76779 0.00000
6 1.00000 0.67817 0.43709 0.00706 0.00000 0.10972 0.00000 0.14531 0.02296 0.14351 0.02556 0.17424 0.11984 0.16515 0.00824 0.62053 0.05848 1.00000 0.53284 1.00000 1.00000 0.89028 1.00000 0.67817
1 0.76779 0.00000 0.76445 0.00461 0.74503 0.06597 0.74151 0.10598 0.74491 0.14827 0.74755 0.15157 0.75270 0.17386 0.75899 0.18806 0.78702 0.21673 0.78665 0.26383 0.78256 0.27458 0.76810 0.28189 0.76157 0.29910 0.75679 0.29630 0.73114 0.30233 0.72706 0.31308 0.72907 0.32828 0.74673 0.35351 0.77477 0.38219 0.78118 0.38068 0.78382 0.38398 0.87653 0.36024 0.88144 0.34734 0.87993 0.33594 0.87018 0.32060 0.85799 0.31171 0.84347 0.29357 0.83882 0.27508 0.83008 0.26734 0.82581 0.26834 0.81921 0.26010 0.81631 0.22160 0.81877 0.21515 0.83322 0.20784 0.85208 0.18382 0.86811 0.14676 0.87313 0.11815 0.87502 0.08245 0.86697 0.02166 0.85754 0.00037 0.85725 0.00000 0.76779 0.00000
6 1.00000 0.67817 0.43709 0.00706 0.00000 0.10972 0.00000 0.14531 0.02296 0.14351 0.02556 0.17424 0.11984 0.16515 0.00824 0.62053 0.05848 1.00000 0.53284 1.00000 1.00000 0.89028 1.00000 0.67817
1 0.76779 0.00000 0.76445 0.00461 0.74503 0.06597 0.74151 0.10598 0.74491 0.14827 0.74755 0.15157 0.75270 0.17386 0.75899 0.18806 0.78702 0.21673 0.78665 0.26383 0.78256 0.27458 0.76810 0.28189 0.76157 0.29910 0.75679 0.29630 0.73114 0.30233 0.72706 0.31308 0.72907 0.32828 0.74673 0.35351 0.77477 0.38219 0.78118 0.38068 0.78382 0.38398 0.87653 0.36024 0.88144 0.34734 0.87993 0.33594 0.87018 0.32060 0.85799 0.31171 0.84347 0.29357 0.83882 0.27508 0.83008 0.26734 0.82581 0.26834 0.81921 0.26010 0.81631 0.22160 0.81877 0.21515 0.83322 0.20784 0.85208 0.18382 0.86811 0.14676 0.87313 0.11815 0.87502 0.08245 0.86697 0.02166 0.85754 0.00037 0.85725 0.00000 0.76779 0.00000
6 1.00000 0.67817 0.43709 0.00706 0.00000 0.10972 0.00000 0.14531 0.02296 0.14351 0.02556 0.17424 0.11984 0.16515 0.00824 0.62053 0.05848 1.00000 0.53284 1.00000 1.00000 0.89028 1.00000 0.67817
