5 0.33126 0.81887 0.32943 0.80128 0.31697 0.80389 0.31734 0.75894 0.32723 0.75372 0.34812 0.70747 0.34592 0.64233 0.32503 0.60389 0.30011 0.60715 0.27630 0.64754 0.27153 0.72115 0.29901 0.76936 0.29682 0.80519 0.28252 0.80975 0.28252 0.82604 0.25357 0.82995 0.25211 0.85275 0.29352 0.88792 0.35655 0.85991 0.35948 0.84102 0.33126 0.81887
6 0.00000 0.98785 0.00488 0.99653 0.39258 0.99827 0.39648 0.99479 0.38965 0.98611 0.38574 0.98611 0.37793 0.97570 0.37012 0.97222 0.36621 0.96528 0.34277 0.94445 0.33887 0.94445 0.33496 0.93750 0.32324 0.93055 0.31934 0.92361 0.30762 0.91320 0.30371 0.91320 0.24121 0.85417 0.23145 0.85070 0.23242 0.84548 0.22949 0.84028 0.21387 0.82639 0.20996 0.82639 0.19434 0.80903 0.18262 0.80555 0.17871 0.79861 0.17480 0.79861 0.16113 0.78472 0.14160 0.77430 0.12793 0.75695 0.12012 0.75347 0.10254 0.73611 0.09863 0.73611 0.09473 0.72917 0.08301 0.72222 0.07129 0.70833 0.05762 0.70486 0.05566 0.69792 0.04394 0.69097 0.02441 0.69097 0.02246 0.68750 0.00879 0.69097 0.00684 0.68403 0.00000 0.68577 0.00000 0.98785
5 0.33126 0.81887 0.32943 0.80128 0.31697 0.80389 0.31734 0.75894 0.32723 0.75372 0.34812 0.70747 0.34592 0.64233 0.32503 0.60389 0.30011 0.60715 0.27630 0.64754 0.27153 0.72115 0.29901 0.76936 0.29682 0.80519 0.28252 0.80975 0.28252 0.82604 0.25357 0.82995 0.25211 0.85275 0.29352 0.88792 0.35655 0.85991 0.35948 0.84102 0.33126 0.81887
6 0.00000 0.98785 0.00488 0.99653 0.39258 0.99827 0.39648 0.99479 0.38965 0.98611 0.38574 0.98611 0.37793 0.97570 0.37012 0.97222 0.36621 0.96528 0.34277 0.94445 0.33887 0.94445 0.33496 0.93750 0.32324 0.93055 0.31934 0.92361 0.30762 0.91320 0.30371 0.91320 0.24121 0.85417 0.23145 0.85070 0.23242 0.84548 0.22949 0.84028 0.21387 0.82639 0.20996 0.82639 0.19434 0.80903 0.18262 0.80555 0.17871 0.79861 0.17480 0.79861 0.16113 0.78472 0.14160 0.77430 0.12793 0.75695 0.12012 0.75347 0.10254 0.73611 0.09863 0.73611 0.09473 0.72917 0.08301 0.72222 0.07129 0.70833 0.05762 0.70486 0.05566 0.69792 0.04394 0.69097 0.02441 0.69097 0.02246 0.68750 0.00879 0.69097 0.00684 0.68403 0.00000 0.68577 0.00000 0.98785
5 0.33126 0.81887 0.32943 0.80128 0.31697 0.80389 0.31734 0.75894 0.32723 0.75372 0.34812 0.70747 0.34592 0.64233 0.32503 0.60389 0.30011 0.60715 0.27630 0.64754 0.27153 0.72115 0.29901 0.76936 0.29682 0.80519 0.28252 0.80975 0.28252 0.82604 0.25357 0.82995 0.25211 0.85275 0.29352 0.88792 0.35655 0.85991 0.35948 0.84102 0.33126 0.81887
6 0.00000 0.98785 0.00488 0.99653 0.39258 0.99827 0.39648 0.99479 0.38965 0.98611 0.38574 0.98611 0.37793 0.97570 0.37012 0.97222 0.36621 0.96528 0.34277 0.94445 0.33887 0.94445 0.33496 0.93750 0.32324 0.93055 0.31934 0.92361 0.30762 0.91320 0.30371 0.91320 0.24121 0.85417 0.23145 0.85070 0.23242 0.84548 0.22949 0.84028 0.21387 0.82639 0.20996 0.82639 0.19434 0.80903 0.18262 0.80555 0.17871 0.79861 0.17480 0.79861 0.16113 0.78472 0.14160 0.77430 0.12793 0.75695 0.12012 0.75347 0.10254 0.73611 0.09863 0.73611 0.09473 0.72917 0.08301 0.72222 0.07129 0.70833 0.05762 0.70486 0.05566 0.69792 0.04394 0.69097 0.02441 0.69097 0.02246 0.68750 0.00879 0.69097 0.00684 0.68403 0.00000 0.68577 0.00000 0.98785
5 0.33126 0.81887 0.32943 0.80128 0.31697 0.80389 0.31734 0.75894 0.32723 0.75372 0.34812 0.70747 0.34592 0.64233 0.32503 0.60389 0.30011 0.60715 0.27630 0.64754 0.27153 0.72115 0.29901 0.76936 0.29682 0.80519 0.28252 0.80975 0.28252 0.82604 0.25357 0.82995 0.25211 0.85275 0.29352 0.88792 0.35655 0.85991 0.35948 0.84102 0.33126 0.81887
6 0.00000 0.98785 0.00488 0.99653 0.39258 0.99827 0.39648 0.99479 0.38965 0.98611 0.38574 0.98611 0.37793 0.97570 0.37012 0.97222 0.36621 0.96528 0.34277 0.94445 0.33887 0.94445 0.33496 0.93750 0.32324 0.93055 0.31934 0.92361 0.30762 0.91320 0.30371 0.91320 0.24121 0.85417 0.23145 0.85070 0.23242 0.84548 0.22949 0.84028 0.21387 0.82639 0.20996 0.82639 0.19434 0.80903 0.18262 0.80555 0.17871 0.79861 0.17480 0.79861 0.16113 0.78472 0.14160 0.77430 0.12793 0.75695 0.12012 0.75347 0.10254 0.73611 0.09863 0.73611 0.09473 0.72917 0.08301 0.72222 0.07129 0.70833 0.05762 0.70486 0.05566 0.69792 0.04394 0.69097 0.02441 0.69097 0.02246 0.68750 0.00879 0.69097 0.00684 0.68403 0.00000 0.68577 0.00000 0.98785
5 0.33126 0.81887 0.32943 0.80128 0.31697 0.80389 0.31734 0.75894 0.32723 0.75372 0.34812 0.70747 0.34592 0.64233 0.32503 0.60389 0.30011 0.60715 0.27630 0.64754 0.27153 0.72115 0.29901 0.76936 0.29682 0.80519 0.28252 0.80975 0.28252 0.82604 0.25357 0.82995 0.25211 0.85275 0.29352 0.88792 0.35655 0.85991 0.35948 0.84102 0.33126 0.81887
6 0.00000 0.98785 0.00488 0.99653 0.39258 0.99827 0.39648 0.99479 0.38965 0.98611 0.38574 0.98611 0.37793 0.97570 0.37012 0.97222 0.36621 0.96528 0.34277 0.94445 0.33887 0.94445 0.33496 0.93750 0.32324 0.93055 0.31934 0.92361 0.30762 0.91320 0.30371 0.91320 0.24121 0.85417 0.23145 0.85070 0.23242 0.84548 0.22949 0.84028 0.21387 0.82639 0.20996 0.82639 0.19434 0.80903 0.18262 0.80555 0.17871 0.79861 0.17480 0.79861 0.16113 0.78472 0.14160 0.77430 0.12793 0.75695 0.12012 0.75347 0.10254 0.73611 0.09863 0.73611 0.09473 0.72917 0.08301 0.72222 0.07129 0.70833 0.05762 0.70486 0.05566 0.69792 0.04394 0.69097 0.02441 0.69097 0.02246 0.68750 0.00879 0.69097 0.00684 0.68403 0.00000 0.68577 0.00000 0.98785
5 0.33126 0.81887 0.32943 0.80128 0.31697 0.80389 0.31734 0.75894 0.32723 0.75372 0.34812 0.70747 0.34592 0.64233 0.32503 0.60389 0.30011 0.60715 0.27630 0.64754 0.27153 0.72115 0.29901 0.76936 0.29682 0.80519 0.28252 0.80975 0.28252 0.82604 0.25357 0.82995 0.25211 0.85275 0.29352 0.88792 0.35655 0.85991 0.35948 0.84102 0.33126 0.81887
6 0.00000 0.98785 0.00488 0.99653 0.39258 0.99827 0.39648 0.99479 0.38965 0.98611 0.38574 0.98611 0.37793 0.97570 0.37012 0.97222 0.36621 0.96528 0.34277 0.94445 0.33887 0.94445 0.33496 0.93750 0.32324 0.93055 0.31934 0.92361 0.30762 0.91320 0.30371 0.91320 0.24121 0.85417 0.23145 0.85070 0.23242 0.84548 0.22949 0.84028 0.21387 0.82639 0.20996 0.82639 0.19434 0.80903 0.18262 0.80555 0.17871 0.79861 0.17480 0.79861 0.16113 0.78472 0.14160 0.77430 0.12793 0.75695 0.12012 0.75347 0.10254 0.73611 0.09863 0.73611 0.09473 0.72917 0.08301 0.72222 0.07129 0.70833 0.05762 0.70486 0.05566 0.69792 0.04394 0.69097 0.02441 0.69097 0.02246 0.68750 0.00879 0.69097 0.00684 0.68403 0.00000 0.68577 0.00000 0.98785
