6 0.00000 0.93275 0.36469 0.98381 0.36005 0.97654 0.31405 0.92748 0.31065 0.91991 0.29937 0.91123 0.28497 0.89146 0.27538 0.88657 0.27199 0.87899 0.26070 0.87031 0.25731 0.86273 0.23699 0.84214 0.23360 0.83456 0.22598 0.82995 0.21186 0.80666 0.18617 0.77821 0.18222 0.77766 0.17883 0.77009 0.16190 0.75706 0.15484 0.74542 0.13227 0.72806 0.09585 0.68391 0.09191 0.68336 0.07553 0.66331 0.07159 0.66276 0.05379 0.63541 0.03828 0.62969 0.03659 0.62590 0.02672 0.62452 0.02503 0.62073 0.01319 0.61907 0.01149 0.61529 0.00000 0.61305 0.00000 0.93275
5 0.33801 0.81239 0.31434 0.78801 0.31450 0.76981 0.29940 0.77054 0.30359 0.72956 0.31502 0.72661 0.33926 0.66680 0.34277 0.61832 0.33859 0.60634 0.32323 0.57402 0.29231 0.57652 0.26819 0.61870 0.26669 0.61735 0.26275 0.67943 0.28723 0.73411 0.28331 0.77171 0.26907 0.77370 0.26214 0.79664 0.23422 0.80583 0.23329 0.82165 0.26887 0.85737 0.33678 0.84012 0.33801 0.81239
6 0.00000 0.93275 0.36469 0.98381 0.36005 0.97654 0.31405 0.92748 0.31065 0.91991 0.29937 0.91123 0.28497 0.89146 0.27538 0.88657 0.27199 0.87899 0.26070 0.87031 0.25731 0.86273 0.23699 0.84214 0.23360 0.83456 0.22598 0.82995 0.21186 0.80666 0.18617 0.77821 0.18222 0.77766 0.17883 0.77009 0.16190 0.75706 0.15484 0.74542 0.13227 0.72806 0.09585 0.68391 0.09191 0.68336 0.07553 0.66331 0.07159 0.66276 0.05379 0.63541 0.03828 0.62969 0.03659 0.62590 0.02672 0.62452 0.02503 0.62073 0.01319 0.61907 0.01149 0.61529 0.00000 0.61305 0.00000 0.93275
5 0.33801 0.81239 0.31434 0.78801 0.31450 0.76981 0.29940 0.77054 0.30359 0.72956 0.31502 0.72661 0.33926 0.66680 0.34277 0.61832 0.33859 0.60634 0.32323 0.57402 0.29231 0.57652 0.26819 0.61870 0.26669 0.61735 0.26275 0.67943 0.28723 0.73411 0.28331 0.77171 0.26907 0.77370 0.26214 0.79664 0.23422 0.80583 0.23329 0.82165 0.26887 0.85737 0.33678 0.84012 0.33801 0.81239
6 0.00000 0.93275 0.36469 0.98381 0.36005 0.97654 0.31405 0.92748 0.31065 0.91991 0.29937 0.91123 0.28497 0.89146 0.27538 0.88657 0.27199 0.87899 0.26070 0.87031 0.25731 0.86273 0.23699 0.84214 0.23360 0.83456 0.22598 0.82995 0.21186 0.80666 0.18617 0.77821 0.18222 0.77766 0.17883 0.77009 0.16190 0.75706 0.15484 0.74542 0.13227 0.72806 0.09585 0.68391 0.09191 0.68336 0.07553 0.66331 0.07159 0.66276 0.05379 0.63541 0.03828 0.62969 0.03659 0.62590 0.02672 0.62452 0.02503 0.62073 0.01319 0.61907 0.01149 0.61529 0.00000 0.61305 0.00000 0.93275
5 0.33801 0.81239 0.31434 0.78801 0.31450 0.76981 0.29940 0.77054 0.30359 0.72956 0.31502 0.72661 0.33926 0.66680 0.34277 0.61832 0.33859 0.60634 0.32323 0.57402 0.29231 0.57652 0.26819 0.61870 0.26669 0.61735 0.26275 0.67943 0.28723 0.73411 0.28331 0.77171 0.26907 0.77370 0.26214 0.79664 0.23422 0.80583 0.23329 0.82165 0.26887 0.85737 0.33678 0.84012 0.33801 0.81239
6 0.00000 0.93275 0.36469 0.98381 0.36005 0.97654 0.31405 0.92748 0.31065 0.91991 0.29937 0.91123 0.28497 0.89146 0.27538 0.88657 0.27199 0.87899 0.26070 0.87031 0.25731 0.86273 0.23699 0.84214 0.23360 0.83456 0.22598 0.82995 0.21186 0.80666 0.18617 0.77821 0.18222 0.77766 0.17883 0.77009 0.16190 0.75706 0.15484 0.74542 0.13227 0.72806 0.09585 0.68391 0.09191 0.68336 0.07553 0.66331 0.07159 0.66276 0.05379 0.63541 0.03828 0.62969 0.03659 0.62590 0.02672 0.62452 0.02503 0.62073 0.01319 0.61907 0.01149 0.61529 0.00000 0.61305 0.00000 0.93275
5 0.33801 0.81239 0.31434 0.78801 0.31450 0.76981 0.29940 0.77054 0.30359 0.72956 0.31502 0.72661 0.33926 0.66680 0.34277 0.61832 0.33859 0.60634 0.32323 0.57402 0.29231 0.57652 0.26819 0.61870 0.26669 0.61735 0.26275 0.67943 0.28723 0.73411 0.28331 0.77171 0.26907 0.77370 0.26214 0.79664 0.23422 0.80583 0.23329 0.82165 0.26887 0.85737 0.33678 0.84012 0.33801 0.81239
6 0.00000 0.93275 0.36469 0.98381 0.36005 0.97654 0.31405 0.92748 0.31065 0.91991 0.29937 0.91123 0.28497 0.89146 0.27538 0.88657 0.27199 0.87899 0.26070 0.87031 0.25731 0.86273 0.23699 0.84214 0.23360 0.83456 0.22598 0.82995 0.21186 0.80666 0.18617 0.77821 0.18222 0.77766 0.17883 0.77009 0.16190 0.75706 0.15484 0.74542 0.13227 0.72806 0.09585 0.68391 0.09191 0.68336 0.07553 0.66331 0.07159 0.66276 0.05379 0.63541 0.03828 0.62969 0.03659 0.62590 0.02672 0.62452 0.02503 0.62073 0.01319 0.61907 0.01149 0.61529 0.00000 0.61305 0.00000 0.93275
5 0.33801 0.81239 0.31434 0.78801 0.31450 0.76981 0.29940 0.77054 0.30359 0.72956 0.31502 0.72661 0.33926 0.66680 0.34277 0.61832 0.33859 0.60634 0.32323 0.57402 0.29231 0.57652 0.26819 0.61870 0.26669 0.61735 0.26275 0.67943 0.28723 0.73411 0.28331 0.77171 0.26907 0.77370 0.26214 0.79664 0.23422 0.80583 0.23329 0.82165 0.26887 0.85737 0.33678 0.84012 0.33801 0.81239
6 0.00000 0.93275 0.36469 0.98381 0.36005 0.97654 0.31405 0.92748 0.31065 0.91991 0.29937 0.91123 0.28497 0.89146 0.27538 0.88657 0.27199 0.87899 0.26070 0.87031 0.25731 0.86273 0.23699 0.84214 0.23360 0.83456 0.22598 0.82995 0.21186 0.80666 0.18617 0.77821 0.18222 0.77766 0.17883 0.77009 0.16190 0.75706 0.15484 0.74542 0.13227 0.72806 0.09585 0.68391 0.09191 0.68336 0.07553 0.66331 0.07159 0.66276 0.05379 0.63541 0.03828 0.62969 0.03659 0.62590 0.02672 0.62452 0.02503 0.62073 0.01319 0.61907 0.01149 0.61529 0.00000 0.61305 0.00000 0.93275
5 0.33801 0.81239 0.31434 0.78801 0.31450 0.76981 0.29940 0.77054 0.30359 0.72956 0.31502 0.72661 0.33926 0.66680 0.34277 0.61832 0.33859 0.60634 0.32323 0.57402 0.29231 0.57652 0.26819 0.61870 0.26669 0.61735 0.26275 0.67943 0.28723 0.73411 0.28331 0.77171 0.26907 0.77370 0.26214 0.79664 0.23422 0.80583 0.23329 0.82165 0.26887 0.85737 0.33678 0.84012 0.33801 0.81239
