6 1.00000 0.46210 0.86193 0.35738 0.67891 0.27784 0.37176 0.14962 0.18778 0.05150 0.07837 0.04689 0.00000 0.05705 0.00000 0.26157 0.22526 0.62037 0.27865 0.71296 0.31511 0.78704 0.30599 0.84491 0.28646 0.91435 0.20052 1.00000 1.00000 0.99768 1.00000 0.46210
5 0.45581 0.10145 0.45224 0.07418 0.46321 0.07382 0.47054 0.03622 0.47054 0.00012 0.42034 0.00000 0.42051 0.03254 0.42207 0.04877 0.43694 0.08064 0.44225 0.10780 0.43297 0.12049 0.43582 0.13381 0.41370 0.13762 0.41299 0.15284 0.45545 0.16489 0.49220 0.14459 0.49063 0.13448 0.46838 0.12500 0.46651 0.10145 0.45581 0.10145
6 0.08170 0.62788 0.08120 0.62788 0.08120 0.63171 0.08170 0.63171 0.08170 0.62788
6 1.00000 0.46210 0.86193 0.35738 0.67891 0.27784 0.37176 0.14962 0.18778 0.05150 0.07837 0.04689 0.00000 0.05705 0.00000 0.26157 0.22526 0.62037 0.27865 0.71296 0.31511 0.78704 0.30599 0.84491 0.28646 0.91435 0.20052 1.00000 1.00000 0.99768 1.00000 0.46210
5 0.45581 0.10145 0.45224 0.07418 0.46321 0.07382 0.47054 0.03622 0.47054 0.00012 0.42034 0.00000 0.42051 0.03254 0.42207 0.04877 0.43694 0.08064 0.44225 0.10780 0.43297 0.12049 0.43582 0.13381 0.41370 0.13762 0.41299 0.15284 0.45545 0.16489 0.49220 0.14459 0.49063 0.13448 0.46838 0.12500 0.46651 0.10145 0.45581 0.10145
6 0.08170 0.62788 0.08120 0.62788 0.08120 0.63171 0.08170 0.63171 0.08170 0.62788
6 1.00000 0.46210 0.86193 0.35738 0.67891 0.27784 0.37176 0.14962 0.18778 0.05150 0.07837 0.04689 0.00000 0.05705 0.00000 0.26157 0.22526 0.62037 0.27865 0.71296 0.31511 0.78704 0.30599 0.84491 0.28646 0.91435 0.20052 1.00000 1.00000 0.99768 1.00000 0.46210
5 0.45581 0.10145 0.45224 0.07418 0.46321 0.07382 0.47054 0.03622 0.47054 0.00012 0.42034 0.00000 0.42051 0.03254 0.42207 0.04877 0.43694 0.08064 0.44225 0.10780 0.43297 0.12049 0.43582 0.13381 0.41370 0.13762 0.41299 0.15284 0.45545 0.16489 0.49220 0.14459 0.49063 0.13448 0.46838 0.12500 0.46651 0.10145 0.45581 0.10145
6 0.08170 0.62788 0.08120 0.62788 0.08120 0.63171 0.08170 0.63171 0.08170 0.62788
6 1.00000 0.46210 0.86193 0.35738 0.67891 0.27784 0.37176 0.14962 0.18778 0.05150 0.07837 0.04689 0.00000 0.05705 0.00000 0.26157 0.22526 0.62037 0.27865 0.71296 0.31511 0.78704 0.30599 0.84491 0.28646 0.91435 0.20052 1.00000 1.00000 0.99768 1.00000 0.46210
5 0.45581 0.10145 0.45224 0.07418 0.46321 0.07382 0.47054 0.03622 0.47054 0.00012 0.42034 0.00000 0.42051 0.03254 0.42207 0.04877 0.43694 0.08064 0.44225 0.10780 0.43297 0.12049 0.43582 0.13381 0.41370 0.13762 0.41299 0.15284 0.45545 0.16489 0.49220 0.14459 0.49063 0.13448 0.46838 0.12500 0.46651 0.10145 0.45581 0.10145
6 0.08170 0.62788 0.08120 0.62788 0.08120 0.63171 0.08170 0.63171 0.08170 0.62788
6 1.00000 0.46210 0.86193 0.35738 0.67891 0.27784 0.37176 0.14962 0.18778 0.05150 0.07837 0.04689 0.00000 0.05705 0.00000 0.26157 0.22526 0.62037 0.27865 0.71296 0.31511 0.78704 0.30599 0.84491 0.28646 0.91435 0.20052 1.00000 1.00000 0.99768 1.00000 0.46210
5 0.45581 0.10145 0.45224 0.07418 0.46321 0.07382 0.47054 0.03622 0.47054 0.00012 0.42034 0.00000 0.42051 0.03254 0.42207 0.04877 0.43694 0.08064 0.44225 0.10780 0.43297 0.12049 0.43582 0.13381 0.41370 0.13762 0.41299 0.15284 0.45545 0.16489 0.49220 0.14459 0.49063 0.13448 0.46838 0.12500 0.46651 0.10145 0.45581 0.10145
6 0.08170 0.62788 0.08120 0.62788 0.08120 0.63171 0.08170 0.63171 0.08170 0.62788
6 1.00000 0.46210 0.86193 0.35738 0.67891 0.27784 0.37176 0.14962 0.18778 0.05150 0.07837 0.04689 0.00000 0.05705 0.00000 0.26157 0.22526 0.62037 0.27865 0.71296 0.31511 0.78704 0.30599 0.84491 0.28646 0.91435 0.20052 1.00000 1.00000 0.99768 1.00000 0.46210
5 0.45581 0.10145 0.45224 0.07418 0.46321 0.07382 0.47054 0.03622 0.47054 0.00012 0.42034 0.00000 0.42051 0.03254 0.42207 0.04877 0.43694 0.08064 0.44225 0.10780 0.43297 0.12049 0.43582 0.13381 0.41370 0.13762 0.41299 0.15284 0.45545 0.16489 0.49220 0.14459 0.49063 0.13448 0.46838 0.12500 0.46651 0.10145 0.45581 0.10145
6 0.08170 0.62788 0.08120 0.62788 0.08120 0.63171 0.08170 0.63171 0.08170 0.62788
