6 1.00000 0.77629 0.69913 0.42850 0.62327 0.34945 0.55795 0.31322 0.50603 0.29357 0.36853 0.31841 0.26481 0.33771 0.12753 0.36486 0.07912 0.45486 0.16099 0.42740 0.22854 0.41635 0.26686 0.41712 0.26835 0.43329 0.23272 0.51886 0.03980 0.97255 0.04233 1.00000 0.52296 1.00000 1.00000 0.92198 1.00000 0.77629
2 0.84340 0.43070 0.83366 0.43230 0.82523 0.42664 0.81743 0.42791 0.81403 0.42320 0.81016 0.40272 0.80676 0.39800 0.79312 0.40023 0.78617 0.37850 0.78426 0.35771 0.79442 0.29624 0.79899 0.28142 0.79934 0.26378 0.80228 0.25274 0.80624 0.20988 0.80432 0.18909 0.80092 0.18437 0.76974 0.18946 0.76811 0.19325 0.71581 0.20532 0.71418 0.20911 0.70444 0.21070 0.70037 0.22016 0.70359 0.23370 0.72496 0.27242 0.73822 0.30895 0.75960 0.34767 0.76055 0.35807 0.76282 0.36121 0.76570 0.39240 0.76796 0.39555 0.76860 0.40248 0.76453 0.41194 0.75868 0.41290 0.75266 0.42268 0.75409 0.44883 0.73297 0.45580 0.73052 0.46148 0.73180 0.47534 0.74785 0.48854 0.75597 0.49073 0.76699 0.50300 0.77560 0.49984 0.77904 0.48345 0.80047 0.47994 0.80210 0.47615 0.81184 0.47456 0.82289 0.46571 0.83264 0.46413 0.84430 0.48332 0.84820 0.48269 0.84773 0.46693 0.85099 0.45936 0.84908 0.43857 0.84340 0.43070
6 1.00000 0.77629 0.69913 0.42850 0.62327 0.34945 0.55795 0.31322 0.50603 0.29357 0.36853 0.31841 0.26481 0.33771 0.12753 0.36486 0.07912 0.45486 0.16099 0.42740 0.22854 0.41635 0.26686 0.41712 0.26835 0.43329 0.23272 0.51886 0.03980 0.97255 0.04233 1.00000 0.52296 1.00000 1.00000 0.92198 1.00000 0.77629
2 0.84340 0.43070 0.83366 0.43230 0.82523 0.42664 0.81743 0.42791 0.81403 0.42320 0.81016 0.40272 0.80676 0.39800 0.79312 0.40023 0.78617 0.37850 0.78426 0.35771 0.79442 0.29624 0.79899 0.28142 0.79934 0.26378 0.80228 0.25274 0.80624 0.20988 0.80432 0.18909 0.80092 0.18437 0.76974 0.18946 0.76811 0.19325 0.71581 0.20532 0.71418 0.20911 0.70444 0.21070 0.70037 0.22016 0.70359 0.23370 0.72496 0.27242 0.73822 0.30895 0.75960 0.34767 0.76055 0.35807 0.76282 0.36121 0.76570 0.39240 0.76796 0.39555 0.76860 0.40248 0.76453 0.41194 0.75868 0.41290 0.75266 0.42268 0.75409 0.44883 0.73297 0.45580 0.73052 0.46148 0.73180 0.47534 0.74785 0.48854 0.75597 0.49073 0.76699 0.50300 0.77560 0.49984 0.77904 0.48345 0.80047 0.47994 0.80210 0.47615 0.81184 0.47456 0.82289 0.46571 0.83264 0.46413 0.84430 0.48332 0.84820 0.48269 0.84773 0.46693 0.85099 0.45936 0.84908 0.43857 0.84340 0.43070
6 1.00000 0.77629 0.69913 0.42850 0.62327 0.34945 0.55795 0.31322 0.50603 0.29357 0.36853 0.31841 0.26481 0.33771 0.12753 0.36486 0.07912 0.45486 0.16099 0.42740 0.22854 0.41635 0.26686 0.41712 0.26835 0.43329 0.23272 0.51886 0.03980 0.97255 0.04233 1.00000 0.52296 1.00000 1.00000 0.92198 1.00000 0.77629
2 0.84340 0.43070 0.83366 0.43230 0.82523 0.42664 0.81743 0.42791 0.81403 0.42320 0.81016 0.40272 0.80676 0.39800 0.79312 0.40023 0.78617 0.37850 0.78426 0.35771 0.79442 0.29624 0.79899 0.28142 0.79934 0.26378 0.80228 0.25274 0.80624 0.20988 0.80432 0.18909 0.80092 0.18437 0.76974 0.18946 0.76811 0.19325 0.71581 0.20532 0.71418 0.20911 0.70444 0.21070 0.70037 0.22016 0.70359 0.23370 0.72496 0.27242 0.73822 0.30895 0.75960 0.34767 0.76055 0.35807 0.76282 0.36121 0.76570 0.39240 0.76796 0.39555 0.76860 0.40248 0.76453 0.41194 0.75868 0.41290 0.75266 0.42268 0.75409 0.44883 0.73297 0.45580 0.73052 0.46148 0.73180 0.47534 0.74785 0.48854 0.75597 0.49073 0.76699 0.50300 0.77560 0.49984 0.77904 0.48345 0.80047 0.47994 0.80210 0.47615 0.81184 0.47456 0.82289 0.46571 0.83264 0.46413 0.84430 0.48332 0.84820 0.48269 0.84773 0.46693 0.85099 0.45936 0.84908 0.43857 0.84340 0.43070
6 1.00000 0.77629 0.69913 0.42850 0.62327 0.34945 0.55795 0.31322 0.50603 0.29357 0.36853 0.31841 0.26481 0.33771 0.12753 0.36486 0.07912 0.45486 0.16099 0.42740 0.22854 0.41635 0.26686 0.41712 0.26835 0.43329 0.23272 0.51886 0.03980 0.97255 0.04233 1.00000 0.52296 1.00000 1.00000 0.92198 1.00000 0.77629
2 0.84340 0.43070 0.83366 0.43230 0.82523 0.42664 0.81743 0.42791 0.81403 0.42320 0.81016 0.40272 0.80676 0.39800 0.79312 0.40023 0.78617 0.37850 0.78426 0.35771 0.79442 0.29624 0.79899 0.28142 0.79934 0.26378 0.80228 0.25274 0.80624 0.20988 0.80432 0.18909 0.80092 0.18437 0.76974 0.18946 0.76811 0.19325 0.71581 0.20532 0.71418 0.20911 0.70444 0.21070 0.70037 0.22016 0.70359 0.23370 0.72496 0.27242 0.73822 0.30895 0.75960 0.34767 0.76055 0.35807 0.76282 0.36121 0.76570 0.39240 0.76796 0.39555 0.76860 0.40248 0.76453 0.41194 0.75868 0.41290 0.75266 0.42268 0.75409 0.44883 0.73297 0.45580 0.73052 0.46148 0.73180 0.47534 0.74785 0.48854 0.75597 0.49073 0.76699 0.50300 0.77560 0.49984 0.77904 0.48345 0.80047 0.47994 0.80210 0.47615 0.81184 0.47456 0.82289 0.46571 0.83264 0.46413 0.84430 0.48332 0.84820 0.48269 0.84773 0.46693 0.85099 0.45936 0.84908 0.43857 0.84340 0.43070
6 1.00000 0.77629 0.69913 0.42850 0.62327 0.34945 0.55795 0.31322 0.50603 0.29357 0.36853 0.31841 0.26481 0.33771 0.12753 0.36486 0.07912 0.45486 0.16099 0.42740 0.22854 0.41635 0.26686 0.41712 0.26835 0.43329 0.23272 0.51886 0.03980 0.97255 0.04233 1.00000 0.52296 1.00000 1.00000 0.92198 1.00000 0.77629
2 0.84340 0.43070 0.83366 0.43230 0.82523 0.42664 0.81743 0.42791 0.81403 0.42320 0.81016 0.40272 0.80676 0.39800 0.79312 0.40023 0.78617 0.37850 0.78426 0.35771 0.79442 0.29624 0.79899 0.28142 0.79934 0.26378 0.80228 0.25274 0.80624 0.20988 0.80432 0.18909 0.80092 0.18437 0.76974 0.18946 0.76811 0.19325 0.71581 0.20532 0.71418 0.20911 0.70444 0.21070 0.70037 0.22016 0.70359 0.23370 0.72496 0.27242 0.73822 0.30895 0.75960 0.34767 0.76055 0.35807 0.76282 0.36121 0.76570 0.39240 0.76796 0.39555 0.76860 0.40248 0.76453 0.41194 0.75868 0.41290 0.75266 0.42268 0.75409 0.44883 0.73297 0.45580 0.73052 0.46148 0.73180 0.47534 0.74785 0.48854 0.75597 0.49073 0.76699 0.50300 0.77560 0.49984 0.77904 0.48345 0.80047 0.47994 0.80210 0.47615 0.81184 0.47456 0.82289 0.46571 0.83264 0.46413 0.84430 0.48332 0.84820 0.48269 0.84773 0.46693 0.85099 0.45936 0.84908 0.43857 0.84340 0.43070
6 1.00000 0.77629 0.69913 0.42850 0.62327 0.34945 0.55795 0.31322 0.50603 0.29357 0.36853 0.31841 0.26481 0.33771 0.12753 0.36486 0.07912 0.45486 0.16099 0.42740 0.22854 0.41635 0.26686 0.41712 0.26835 0.43329 0.23272 0.51886 0.03980 0.97255 0.04233 1.00000 0.52296 1.00000 1.00000 0.92198 1.00000 0.77629
2 0.84340 0.43070 0.83366 0.43230 0.82523 0.42664 0.81743 0.42791 0.81403 0.42320 0.81016 0.40272 0.80676 0.39800 0.79312 0.40023 0.78617 0.37850 0.78426 0.35771 0.79442 0.29624 0.79899 0.28142 0.79934 0.26378 0.80228 0.25274 0.80624 0.20988 0.80432 0.18909 0.80092 0.18437 0.76974 0.18946 0.76811 0.19325 0.71581 0.20532 0.71418 0.20911 0.70444 0.21070 0.70037 0.22016 0.70359 0.23370 0.72496 0.27242 0.73822 0.30895 0.75960 0.34767 0.76055 0.35807 0.76282 0.36121 0.76570 0.39240 0.76796 0.39555 0.76860 0.40248 0.76453 0.41194 0.75868 0.41290 0.75266 0.42268 0.75409 0.44883 0.73297 0.45580 0.73052 0.46148 0.73180 0.47534 0.74785 0.48854 0.75597 0.49073 0.76699 0.50300 0.77560 0.49984 0.77904 0.48345 0.80047 0.47994 0.80210 0.47615 0.81184 0.47456 0.82289 0.46571 0.83264 0.46413 0.84430 0.48332 0.84820 0.48269 0.84773 0.46693 0.85099 0.45936 0.84908 0.43857 0.84340 0.43070
