6 0.14674 0.00000 0.14756 0.00717 0.17662 0.01224 0.17563 0.03110 0.26642 0.05377 0.00000 0.61999 0.00000 0.95465 0.48689 1.00000 0.97497 1.00000 0.98469 0.81497 0.57801 0.00605 0.51311 0.00000 0.14674 0.00000
1 0.95233 0.25564 0.95270 0.24856 0.96233 0.21748 0.96586 0.15030 0.95920 0.12481 0.93789 0.09262 0.93211 0.08854 0.90425 0.08594 0.87926 0.10493 0.86294 0.13006 0.85188 0.15035 0.83772 0.19166 0.83405 0.22330 0.83586 0.22702 0.83474 0.24823 0.83979 0.26647 0.83941 0.27354 0.86144 0.31112 0.85417 0.33532 0.85343 0.34946 0.84799 0.35784 0.84183 0.36082 0.82989 0.35971 0.82337 0.36976 0.79352 0.36698 0.78808 0.37536 0.78678 0.40011 0.80068 0.42094 0.81331 0.44699 0.82470 0.45871 0.83265 0.45945 0.83446 0.46317 0.84242 0.46391 0.84459 0.46056 0.91713 0.46909 0.92565 0.45923 0.92620 0.44862 0.89895 0.39634 0.89789 0.37848 0.89338 0.36917 0.88290 0.35931 0.88128 0.35206 0.88365 0.34517 0.88494 0.32042 0.91879 0.30403 0.93148 0.29100 0.95233 0.25564
6 0.14674 0.00000 0.14756 0.00717 0.17662 0.01224 0.17563 0.03110 0.26642 0.05377 0.00000 0.61999 0.00000 0.95465 0.48689 1.00000 0.97497 1.00000 0.98469 0.81497 0.57801 0.00605 0.51311 0.00000 0.14674 0.00000
1 0.95233 0.25564 0.95270 0.24856 0.96233 0.21748 0.96586 0.15030 0.95920 0.12481 0.93789 0.09262 0.93211 0.08854 0.90425 0.08594 0.87926 0.10493 0.86294 0.13006 0.85188 0.15035 0.83772 0.19166 0.83405 0.22330 0.83586 0.22702 0.83474 0.24823 0.83979 0.26647 0.83941 0.27354 0.86144 0.31112 0.85417 0.33532 0.85343 0.34946 0.84799 0.35784 0.84183 0.36082 0.82989 0.35971 0.82337 0.36976 0.79352 0.36698 0.78808 0.37536 0.78678 0.40011 0.80068 0.42094 0.81331 0.44699 0.82470 0.45871 0.83265 0.45945 0.83446 0.46317 0.84242 0.46391 0.84459 0.46056 0.91713 0.46909 0.92565 0.45923 0.92620 0.44862 0.89895 0.39634 0.89789 0.37848 0.89338 0.36917 0.88290 0.35931 0.88128 0.35206 0.88365 0.34517 0.88494 0.32042 0.91879 0.30403 0.93148 0.29100 0.95233 0.25564
6 0.14674 0.00000 0.14756 0.00717 0.17662 0.01224 0.17563 0.03110 0.26642 0.05377 0.00000 0.61999 0.00000 0.95465 0.48689 1.00000 0.97497 1.00000 0.98469 0.81497 0.57801 0.00605 0.51311 0.00000 0.14674 0.00000
1 0.95233 0.25564 0.95270 0.24856 0.96233 0.21748 0.96586 0.15030 0.95920 0.12481 0.93789 0.09262 0.93211 0.08854 0.90425 0.08594 0.87926 0.10493 0.86294 0.13006 0.85188 0.15035 0.83772 0.19166 0.83405 0.22330 0.83586 0.22702 0.83474 0.24823 0.83979 0.26647 0.83941 0.27354 0.86144 0.31112 0.85417 0.33532 0.85343 0.34946 0.84799 0.35784 0.84183 0.36082 0.82989 0.35971 0.82337 0.36976 0.79352 0.36698 0.78808 0.37536 0.78678 0.40011 0.80068 0.42094 0.81331 0.44699 0.82470 0.45871 0.83265 0.45945 0.83446 0.46317 0.84242 0.46391 0.84459 0.46056 0.91713 0.46909 0.92565 0.45923 0.92620 0.44862 0.89895 0.39634 0.89789 0.37848 0.89338 0.36917 0.88290 0.35931 0.88128 0.35206 0.88365 0.34517 0.88494 0.32042 0.91879 0.30403 0.93148 0.29100 0.95233 0.25564
6 0.14674 0.00000 0.14756 0.00717 0.17662 0.01224 0.17563 0.03110 0.26642 0.05377 0.00000 0.61999 0.00000 0.95465 0.48689 1.00000 0.97497 1.00000 0.98469 0.81497 0.57801 0.00605 0.51311 0.00000 0.14674 0.00000
1 0.95233 0.25564 0.95270 0.24856 0.96233 0.21748 0.96586 0.15030 0.95920 0.12481 0.93789 0.09262 0.93211 0.08854 0.90425 0.08594 0.87926 0.10493 0.86294 0.13006 0.85188 0.15035 0.83772 0.19166 0.83405 0.22330 0.83586 0.22702 0.83474 0.24823 0.83979 0.26647 0.83941 0.27354 0.86144 0.31112 0.85417 0.33532 0.85343 0.34946 0.84799 0.35784 0.84183 0.36082 0.82989 0.35971 0.82337 0.36976 0.79352 0.36698 0.78808 0.37536 0.78678 0.40011 0.80068 0.42094 0.81331 0.44699 0.82470 0.45871 0.83265 0.45945 0.83446 0.46317 0.84242 0.46391 0.84459 0.46056 0.91713 0.46909 0.92565 0.45923 0.92620 0.44862 0.89895 0.39634 0.89789 0.37848 0.89338 0.36917 0.88290 0.35931 0.88128 0.35206 0.88365 0.34517 0.88494 0.32042 0.91879 0.30403 0.93148 0.29100 0.95233 0.25564
6 0.14674 0.00000 0.14756 0.00717 0.17662 0.01224 0.17563 0.03110 0.26642 0.05377 0.00000 0.61999 0.00000 0.95465 0.48689 1.00000 0.97497 1.00000 0.98469 0.81497 0.57801 0.00605 0.51311 0.00000 0.14674 0.00000
1 0.95233 0.25564 0.95270 0.24856 0.96233 0.21748 0.96586 0.15030 0.95920 0.12481 0.93789 0.09262 0.93211 0.08854 0.90425 0.08594 0.87926 0.10493 0.86294 0.13006 0.85188 0.15035 0.83772 0.19166 0.83405 0.22330 0.83586 0.22702 0.83474 0.24823 0.83979 0.26647 0.83941 0.27354 0.86144 0.31112 0.85417 0.33532 0.85343 0.34946 0.84799 0.35784 0.84183 0.36082 0.82989 0.35971 0.82337 0.36976 0.79352 0.36698 0.78808 0.37536 0.78678 0.40011 0.80068 0.42094 0.81331 0.44699 0.82470 0.45871 0.83265 0.45945 0.83446 0.46317 0.84242 0.46391 0.84459 0.46056 0.91713 0.46909 0.92565 0.45923 0.92620 0.44862 0.89895 0.39634 0.89789 0.37848 0.89338 0.36917 0.88290 0.35931 0.88128 0.35206 0.88365 0.34517 0.88494 0.32042 0.91879 0.30403 0.93148 0.29100 0.95233 0.25564
6 0.14674 0.00000 0.14756 0.00717 0.17662 0.01224 0.17563 0.03110 0.26642 0.05377 0.00000 0.61999 0.00000 0.95465 0.48689 1.00000 0.97497 1.00000 0.98469 0.81497 0.57801 0.00605 0.51311 0.00000 0.14674 0.00000
1 0.95233 0.25564 0.95270 0.24856 0.96233 0.21748 0.96586 0.15030 0.95920 0.12481 0.93789 0.09262 0.93211 0.08854 0.90425 0.08594 0.87926 0.10493 0.86294 0.13006 0.85188 0.15035 0.83772 0.19166 0.83405 0.22330 0.83586 0.22702 0.83474 0.24823 0.83979 0.26647 0.83941 0.27354 0.86144 0.31112 0.85417 0.33532 0.85343 0.34946 0.84799 0.35784 0.84183 0.36082 0.82989 0.35971 0.82337 0.36976 0.79352 0.36698 0.78808 0.37536 0.78678 0.40011 0.80068 0.42094 0.81331 0.44699 0.82470 0.45871 0.83265 0.45945 0.83446 0.46317 0.84242 0.46391 0.84459 0.46056 0.91713 0.46909 0.92565 0.45923 0.92620 0.44862 0.89895 0.39634 0.89789 0.37848 0.89338 0.36917 0.88290 0.35931 0.88128 0.35206 0.88365 0.34517 0.88494 0.32042 0.91879 0.30403 0.93148 0.29100 0.95233 0.25564
