6 0.23533 1.00000 0.22887 0.99541 0.22276 0.99541 0.18200 0.97002 0.17588 0.97002 0.16162 0.95914 0.15550 0.95914 0.14939 0.95189 0.14328 0.95189 0.12493 0.93738 0.10659 0.93012 0.09436 0.91925 0.08009 0.91562 0.05156 0.89748 0.04341 0.89748 0.04137 0.89386 0.01895 0.88661 0.00469 0.87573 0.00000 0.87648 0.00000 1.00000 0.23533 1.00000
2 0.11474 0.82858 0.10455 0.82858 0.09742 0.80863 0.12187 0.69620 0.12187 0.67082 0.11678 0.66538 0.08009 0.66900 0.07806 0.67263 0.05768 0.67263 0.05564 0.67626 0.04341 0.67626 0.03831 0.68532 0.04035 0.69620 0.05462 0.72159 0.06481 0.75423 0.07908 0.78687 0.08111 0.79412 0.08111 0.82314 0.08315 0.82677 0.08315 0.83402 0.08009 0.83946 0.07602 0.83946 0.06889 0.84852 0.07092 0.87029 0.06787 0.87573 0.05360 0.87935 0.04749 0.88298 0.04647 0.88842 0.04952 0.89748 0.07194 0.90111 0.07398 0.90474 0.08519 0.90293 0.09232 0.89386 0.11882 0.88661 0.12697 0.87573 0.13716 0.87573 0.14124 0.88661 0.14633 0.86666 0.14633 0.85941 0.14124 0.85034 0.12086 0.85396 0.11780 0.84490 0.11780 0.83402 0.11474 0.82858
6 0.23533 1.00000 0.22887 0.99541 0.22276 0.99541 0.18200 0.97002 0.17588 0.97002 0.16162 0.95914 0.15550 0.95914 0.14939 0.95189 0.14328 0.95189 0.12493 0.93738 0.10659 0.93012 0.09436 0.91925 0.08009 0.91562 0.05156 0.89748 0.04341 0.89748 0.04137 0.89386 0.01895 0.88661 0.00469 0.87573 0.00000 0.87648 0.00000 1.00000 0.23533 1.00000
2 0.11474 0.82858 0.10455 0.82858 0.09742 0.80863 0.12187 0.69620 0.12187 0.67082 0.11678 0.66538 0.08009 0.66900 0.07806 0.67263 0.05768 0.67263 0.05564 0.67626 0.04341 0.67626 0.03831 0.68532 0.04035 0.69620 0.05462 0.72159 0.06481 0.75423 0.07908 0.78687 0.08111 0.79412 0.08111 0.82314 0.08315 0.82677 0.08315 0.83402 0.08009 0.83946 0.07602 0.83946 0.06889 0.84852 0.07092 0.87029 0.06787 0.87573 0.05360 0.87935 0.04749 0.88298 0.04647 0.88842 0.04952 0.89748 0.07194 0.90111 0.07398 0.90474 0.08519 0.90293 0.09232 0.89386 0.11882 0.88661 0.12697 0.87573 0.13716 0.87573 0.14124 0.88661 0.14633 0.86666 0.14633 0.85941 0.14124 0.85034 0.12086 0.85396 0.11780 0.84490 0.11780 0.83402 0.11474 0.82858
6 0.23533 1.00000 0.22887 0.99541 0.22276 0.99541 0.18200 0.97002 0.17588 0.97002 0.16162 0.95914 0.15550 0.95914 0.14939 0.95189 0.14328 0.95189 0.12493 0.93738 0.10659 0.93012 0.09436 0.91925 0.08009 0.91562 0.05156 0.89748 0.04341 0.89748 0.04137 0.89386 0.01895 0.88661 0.00469 0.87573 0.00000 0.87648 0.00000 1.00000 0.23533 1.00000
2 0.11474 0.82858 0.10455 0.82858 0.09742 0.80863 0.12187 0.69620 0.12187 0.67082 0.11678 0.66538 0.08009 0.66900 0.07806 0.67263 0.05768 0.67263 0.05564 0.67626 0.04341 0.67626 0.03831 0.68532 0.04035 0.69620 0.05462 0.72159 0.06481 0.75423 0.07908 0.78687 0.08111 0.79412 0.08111 0.82314 0.08315 0.82677 0.08315 0.83402 0.08009 0.83946 0.07602 0.83946 0.06889 0.84852 0.07092 0.87029 0.06787 0.87573 0.05360 0.87935 0.04749 0.88298 0.04647 0.88842 0.04952 0.89748 0.07194 0.90111 0.07398 0.90474 0.08519 0.90293 0.09232 0.89386 0.11882 0.88661 0.12697 0.87573 0.13716 0.87573 0.14124 0.88661 0.14633 0.86666 0.14633 0.85941 0.14124 0.85034 0.12086 0.85396 0.11780 0.84490 0.11780 0.83402 0.11474 0.82858
6 0.23533 1.00000 0.22887 0.99541 0.22276 0.99541 0.18200 0.97002 0.17588 0.97002 0.16162 0.95914 0.15550 0.95914 0.14939 0.95189 0.14328 0.95189 0.12493 0.93738 0.10659 0.93012 0.09436 0.91925 0.08009 0.91562 0.05156 0.89748 0.04341 0.89748 0.04137 0.89386 0.01895 0.88661 0.00469 0.87573 0.00000 0.87648 0.00000 1.00000 0.23533 1.00000
2 0.11474 0.82858 0.10455 0.82858 0.09742 0.80863 0.12187 0.69620 0.12187 0.67082 0.11678 0.66538 0.08009 0.66900 0.07806 0.67263 0.05768 0.67263 0.05564 0.67626 0.04341 0.67626 0.03831 0.68532 0.04035 0.69620 0.05462 0.72159 0.06481 0.75423 0.07908 0.78687 0.08111 0.79412 0.08111 0.82314 0.08315 0.82677 0.08315 0.83402 0.08009 0.83946 0.07602 0.83946 0.06889 0.84852 0.07092 0.87029 0.06787 0.87573 0.05360 0.87935 0.04749 0.88298 0.04647 0.88842 0.04952 0.89748 0.07194 0.90111 0.07398 0.90474 0.08519 0.90293 0.09232 0.89386 0.11882 0.88661 0.12697 0.87573 0.13716 0.87573 0.14124 0.88661 0.14633 0.86666 0.14633 0.85941 0.14124 0.85034 0.12086 0.85396 0.11780 0.84490 0.11780 0.83402 0.11474 0.82858
6 0.23533 1.00000 0.22887 0.99541 0.22276 0.99541 0.18200 0.97002 0.17588 0.97002 0.16162 0.95914 0.15550 0.95914 0.14939 0.95189 0.14328 0.95189 0.12493 0.93738 0.10659 0.93012 0.09436 0.91925 0.08009 0.91562 0.05156 0.89748 0.04341 0.89748 0.04137 0.89386 0.01895 0.88661 0.00469 0.87573 0.00000 0.87648 0.00000 1.00000 0.23533 1.00000
2 0.11474 0.82858 0.10455 0.82858 0.09742 0.80863 0.12187 0.69620 0.12187 0.67082 0.11678 0.66538 0.08009 0.66900 0.07806 0.67263 0.05768 0.67263 0.05564 0.67626 0.04341 0.67626 0.03831 0.68532 0.04035 0.69620 0.05462 0.72159 0.06481 0.75423 0.07908 0.78687 0.08111 0.79412 0.08111 0.82314 0.08315 0.82677 0.08315 0.83402 0.08009 0.83946 0.07602 0.83946 0.06889 0.84852 0.07092 0.87029 0.06787 0.87573 0.05360 0.87935 0.04749 0.88298 0.04647 0.88842 0.04952 0.89748 0.07194 0.90111 0.07398 0.90474 0.08519 0.90293 0.09232 0.89386 0.11882 0.88661 0.12697 0.87573 0.13716 0.87573 0.14124 0.88661 0.14633 0.86666 0.14633 0.85941 0.14124 0.85034 0.12086 0.85396 0.11780 0.84490 0.11780 0.83402 0.11474 0.82858
6 0.23533 1.00000 0.22887 0.99541 0.22276 0.99541 0.18200 0.97002 0.17588 0.97002 0.16162 0.95914 0.15550 0.95914 0.14939 0.95189 0.14328 0.95189 0.12493 0.93738 0.10659 0.93012 0.09436 0.91925 0.08009 0.91562 0.05156 0.89748 0.04341 0.89748 0.04137 0.89386 0.01895 0.88661 0.00469 0.87573 0.00000 0.87648 0.00000 1.00000 0.23533 1.00000
2 0.11474 0.82858 0.10455 0.82858 0.09742 0.80863 0.12187 0.69620 0.12187 0.67082 0.11678 0.66538 0.08009 0.66900 0.07806 0.67263 0.05768 0.67263 0.05564 0.67626 0.04341 0.67626 0.03831 0.68532 0.04035 0.69620 0.05462 0.72159 0.06481 0.75423 0.07908 0.78687 0.08111 0.79412 0.08111 0.82314 0.08315 0.82677 0.08315 0.83402 0.08009 0.83946 0.07602 0.83946 0.06889 0.84852 0.07092 0.87029 0.06787 0.87573 0.05360 0.87935 0.04749 0.88298 0.04647 0.88842 0.04952 0.89748 0.07194 0.90111 0.07398 0.90474 0.08519 0.90293 0.09232 0.89386 0.11882 0.88661 0.12697 0.87573 0.13716 0.87573 0.14124 0.88661 0.14633 0.86666 0.14633 0.85941 0.14124 0.85034 0.12086 0.85396 0.11780 0.84490 0.11780 0.83402 0.11474 0.82858
