2 0.82910 0.51042 0.83887 0.53125 0.84180 0.52604 0.84180 0.51215 0.84570 0.50521 0.84473 0.48264 0.83691 0.47570 0.81738 0.47222 0.81250 0.46354 0.81250 0.45312 0.80762 0.44097 0.79590 0.44097 0.79297 0.43577 0.79101 0.41493 0.78906 0.41146 0.79492 0.38021 0.80664 0.33854 0.81055 0.33160 0.82422 0.25868 0.82422 0.24132 0.82129 0.23611 0.78418 0.23611 0.78223 0.23958 0.76074 0.23958 0.75879 0.24305 0.73535 0.24305 0.73340 0.24653 0.72754 0.24653 0.72266 0.25521 0.72461 0.27257 0.74023 0.30729 0.74414 0.32465 0.74805 0.33160 0.74805 0.34202 0.75586 0.35590 0.76758 0.38715 0.76758 0.39757 0.76953 0.40104 0.76953 0.43229 0.77148 0.43577 0.76855 0.44792 0.76074 0.44792 0.75391 0.45660 0.75293 0.48264 0.73145 0.48611 0.72852 0.49132 0.72852 0.49827 0.73145 0.50695 0.75098 0.52083 0.76465 0.53820 0.76758 0.53646 0.77637 0.51736 0.80957 0.51389 0.82129 0.50695 0.82910 0.51042
6 1.00000 0.87963 0.71745 0.48380 0.61849 0.34491 0.57943 0.31945 0.50260 0.29167 0.39583 0.28472 0.27865 0.29398 0.14453 0.30324 0.10026 0.37500 0.22526 0.37268 0.26042 0.37268 0.27734 0.38426 0.27474 0.39583 0.23047 0.48843 0.00000 0.99537 1.00000 1.00000 1.00000 0.87963
2 0.82910 0.51042 0.83887 0.53125 0.84180 0.52604 0.84180 0.51215 0.84570 0.50521 0.84473 0.48264 0.83691 0.47570 0.81738 0.47222 0.81250 0.46354 0.81250 0.45312 0.80762 0.44097 0.79590 0.44097 0.79297 0.43577 0.79101 0.41493 0.78906 0.41146 0.79492 0.38021 0.80664 0.33854 0.81055 0.33160 0.82422 0.25868 0.82422 0.24132 0.82129 0.23611 0.78418 0.23611 0.78223 0.23958 0.76074 0.23958 0.75879 0.24305 0.73535 0.24305 0.73340 0.24653 0.72754 0.24653 0.72266 0.25521 0.72461 0.27257 0.74023 0.30729 0.74414 0.32465 0.74805 0.33160 0.74805 0.34202 0.75586 0.35590 0.76758 0.38715 0.76758 0.39757 0.76953 0.40104 0.76953 0.43229 0.77148 0.43577 0.76855 0.44792 0.76074 0.44792 0.75391 0.45660 0.75293 0.48264 0.73145 0.48611 0.72852 0.49132 0.72852 0.49827 0.73145 0.50695 0.75098 0.52083 0.76465 0.53820 0.76758 0.53646 0.77637 0.51736 0.80957 0.51389 0.82129 0.50695 0.82910 0.51042
6 1.00000 0.87963 0.71745 0.48380 0.61849 0.34491 0.57943 0.31945 0.50260 0.29167 0.39583 0.28472 0.27865 0.29398 0.14453 0.30324 0.10026 0.37500 0.22526 0.37268 0.26042 0.37268 0.27734 0.38426 0.27474 0.39583 0.23047 0.48843 0.00000 0.99537 1.00000 1.00000 1.00000 0.87963
2 0.82910 0.51042 0.83887 0.53125 0.84180 0.52604 0.84180 0.51215 0.84570 0.50521 0.84473 0.48264 0.83691 0.47570 0.81738 0.47222 0.81250 0.46354 0.81250 0.45312 0.80762 0.44097 0.79590 0.44097 0.79297 0.43577 0.79101 0.41493 0.78906 0.41146 0.79492 0.38021 0.80664 0.33854 0.81055 0.33160 0.82422 0.25868 0.82422 0.24132 0.82129 0.23611 0.78418 0.23611 0.78223 0.23958 0.76074 0.23958 0.75879 0.24305 0.73535 0.24305 0.73340 0.24653 0.72754 0.24653 0.72266 0.25521 0.72461 0.27257 0.74023 0.30729 0.74414 0.32465 0.74805 0.33160 0.74805 0.34202 0.75586 0.35590 0.76758 0.38715 0.76758 0.39757 0.76953 0.40104 0.76953 0.43229 0.77148 0.43577 0.76855 0.44792 0.76074 0.44792 0.75391 0.45660 0.75293 0.48264 0.73145 0.48611 0.72852 0.49132 0.72852 0.49827 0.73145 0.50695 0.75098 0.52083 0.76465 0.53820 0.76758 0.53646 0.77637 0.51736 0.80957 0.51389 0.82129 0.50695 0.82910 0.51042
6 1.00000 0.87963 0.71745 0.48380 0.61849 0.34491 0.57943 0.31945 0.50260 0.29167 0.39583 0.28472 0.27865 0.29398 0.14453 0.30324 0.10026 0.37500 0.22526 0.37268 0.26042 0.37268 0.27734 0.38426 0.27474 0.39583 0.23047 0.48843 0.00000 0.99537 1.00000 1.00000 1.00000 0.87963
2 0.82910 0.51042 0.83887 0.53125 0.84180 0.52604 0.84180 0.51215 0.84570 0.50521 0.84473 0.48264 0.83691 0.47570 0.81738 0.47222 0.81250 0.46354 0.81250 0.45312 0.80762 0.44097 0.79590 0.44097 0.79297 0.43577 0.79101 0.41493 0.78906 0.41146 0.79492 0.38021 0.80664 0.33854 0.81055 0.33160 0.82422 0.25868 0.82422 0.24132 0.82129 0.23611 0.78418 0.23611 0.78223 0.23958 0.76074 0.23958 0.75879 0.24305 0.73535 0.24305 0.73340 0.24653 0.72754 0.24653 0.72266 0.25521 0.72461 0.27257 0.74023 0.30729 0.74414 0.32465 0.74805 0.33160 0.74805 0.34202 0.75586 0.35590 0.76758 0.38715 0.76758 0.39757 0.76953 0.40104 0.76953 0.43229 0.77148 0.43577 0.76855 0.44792 0.76074 0.44792 0.75391 0.45660 0.75293 0.48264 0.73145 0.48611 0.72852 0.49132 0.72852 0.49827 0.73145 0.50695 0.75098 0.52083 0.76465 0.53820 0.76758 0.53646 0.77637 0.51736 0.80957 0.51389 0.82129 0.50695 0.82910 0.51042
6 1.00000 0.87963 0.71745 0.48380 0.61849 0.34491 0.57943 0.31945 0.50260 0.29167 0.39583 0.28472 0.27865 0.29398 0.14453 0.30324 0.10026 0.37500 0.22526 0.37268 0.26042 0.37268 0.27734 0.38426 0.27474 0.39583 0.23047 0.48843 0.00000 0.99537 1.00000 1.00000 1.00000 0.87963
2 0.82910 0.51042 0.83887 0.53125 0.84180 0.52604 0.84180 0.51215 0.84570 0.50521 0.84473 0.48264 0.83691 0.47570 0.81738 0.47222 0.81250 0.46354 0.81250 0.45312 0.80762 0.44097 0.79590 0.44097 0.79297 0.43577 0.79101 0.41493 0.78906 0.41146 0.79492 0.38021 0.80664 0.33854 0.81055 0.33160 0.82422 0.25868 0.82422 0.24132 0.82129 0.23611 0.78418 0.23611 0.78223 0.23958 0.76074 0.23958 0.75879 0.24305 0.73535 0.24305 0.73340 0.24653 0.72754 0.24653 0.72266 0.25521 0.72461 0.27257 0.74023 0.30729 0.74414 0.32465 0.74805 0.33160 0.74805 0.34202 0.75586 0.35590 0.76758 0.38715 0.76758 0.39757 0.76953 0.40104 0.76953 0.43229 0.77148 0.43577 0.76855 0.44792 0.76074 0.44792 0.75391 0.45660 0.75293 0.48264 0.73145 0.48611 0.72852 0.49132 0.72852 0.49827 0.73145 0.50695 0.75098 0.52083 0.76465 0.53820 0.76758 0.53646 0.77637 0.51736 0.80957 0.51389 0.82129 0.50695 0.82910 0.51042
6 1.00000 0.87963 0.71745 0.48380 0.61849 0.34491 0.57943 0.31945 0.50260 0.29167 0.39583 0.28472 0.27865 0.29398 0.14453 0.30324 0.10026 0.37500 0.22526 0.37268 0.26042 0.37268 0.27734 0.38426 0.27474 0.39583 0.23047 0.48843 0.00000 0.99537 1.00000 1.00000 1.00000 0.87963
2 0.82910 0.51042 0.83887 0.53125 0.84180 0.52604 0.84180 0.51215 0.84570 0.50521 0.84473 0.48264 0.83691 0.47570 0.81738 0.47222 0.81250 0.46354 0.81250 0.45312 0.80762 0.44097 0.79590 0.44097 0.79297 0.43577 0.79101 0.41493 0.78906 0.41146 0.79492 0.38021 0.80664 0.33854 0.81055 0.33160 0.82422 0.25868 0.82422 0.24132 0.82129 0.23611 0.78418 0.23611 0.78223 0.23958 0.76074 0.23958 0.75879 0.24305 0.73535 0.24305 0.73340 0.24653 0.72754 0.24653 0.72266 0.25521 0.72461 0.27257 0.74023 0.30729 0.74414 0.32465 0.74805 0.33160 0.74805 0.34202 0.75586 0.35590 0.76758 0.38715 0.76758 0.39757 0.76953 0.40104 0.76953 0.43229 0.77148 0.43577 0.76855 0.44792 0.76074 0.44792 0.75391 0.45660 0.75293 0.48264 0.73145 0.48611 0.72852 0.49132 0.72852 0.49827 0.73145 0.50695 0.75098 0.52083 0.76465 0.53820 0.76758 0.53646 0.77637 0.51736 0.80957 0.51389 0.82129 0.50695 0.82910 0.51042
6 1.00000 0.87963 0.71745 0.48380 0.61849 0.34491 0.57943 0.31945 0.50260 0.29167 0.39583 0.28472 0.27865 0.29398 0.14453 0.30324 0.10026 0.37500 0.22526 0.37268 0.26042 0.37268 0.27734 0.38426 0.27474 0.39583 0.23047 0.48843 0.00000 0.99537 1.00000 1.00000 1.00000 0.87963
