6 0.50328 1.00000 0.56314 0.99861 0.54978 0.98220 0.54581 0.98229 0.54175 0.97532 0.53778 0.97542 0.53372 0.96845 0.52574 0.96510 0.52163 0.95461 0.51365 0.95126 0.48754 0.92714 0.48357 0.92723 0.47951 0.92027 0.46147 0.90656 0.43933 0.88236 0.40523 0.85489 0.38710 0.83413 0.38313 0.83422 0.37907 0.82725 0.36708 0.82046 0.33686 0.78585 0.32887 0.78250 0.30880 0.76531 0.30474 0.75834 0.25662 0.72062 0.23849 0.69985 0.21445 0.68275 0.21136 0.67399 0.20232 0.66537 0.19821 0.65487 0.19425 0.65496 0.18811 0.64098 0.18414 0.64107 0.18110 0.63585 0.17999 0.62704 0.16610 0.62737 0.15009 0.61714 0.13796 0.59977 0.11807 0.59670 0.10599 0.58286 0.09800 0.57951 0.09394 0.57254 0.08795 0.56915 0.08186 0.55870 0.05376 0.53463 0.03586 0.53151 0.02585 0.52468 0.00027 0.52651 0.00648 1.00000 0.50328 1.00000
1 0.37455 0.70905 0.37418 0.68080 0.38695 0.67168 0.39955 0.64843 0.40522 0.62711 0.40476 0.59180 0.39844 0.56370 0.38529 0.54457 0.37528 0.53775 0.35747 0.54169 0.34769 0.55251 0.33901 0.57214 0.33154 0.60763 0.33182 0.62881 0.33810 0.65339 0.34926 0.67255 0.35830 0.68117 0.35863 0.70588 0.35383 0.71836 0.34497 0.72386 0.34414 0.73624 0.34022 0.73986 0.32827 0.73661 0.32343 0.74555 0.32352 0.75261 0.32661 0.76137 0.33058 0.76128 0.34267 0.77512 0.35559 0.77659 0.36648 0.77457 0.36841 0.77099 0.40214 0.77021 0.40896 0.76122 0.40583 0.74893 0.39978 0.74201 0.38982 0.73871 0.38677 0.73348 0.38663 0.72289 0.38156 0.71418 0.37759 0.71427 0.37455 0.70905
7 0.16061 0.58688 0.15932 0.56396 0.14345 0.56432 0.14151 0.56790 0.11964 0.56488 0.11770 0.56846 0.10977 0.56864 0.10289 0.57410 0.10396 0.57937 0.12199 0.59308 0.15669 0.59050 0.16061 0.58688
7 0.14377 0.51311 0.14571 0.50953 0.14515 0.46717 0.14211 0.46194 0.13219 0.46217 0.12730 0.46758 0.12841 0.55231 0.13145 0.55754 0.14234 0.55552 0.14428 0.55195 0.14377 0.51311
6 0.50328 1.00000 0.56314 0.99861 0.54978 0.98220 0.54581 0.98229 0.54175 0.97532 0.53778 0.97542 0.53372 0.96845 0.52574 0.96510 0.52163 0.95461 0.51365 0.95126 0.48754 0.92714 0.48357 0.92723 0.47951 0.92027 0.46147 0.90656 0.43933 0.88236 0.40523 0.85489 0.38710 0.83413 0.38313 0.83422 0.37907 0.82725 0.36708 0.82046 0.33686 0.78585 0.32887 0.78250 0.30880 0.76531 0.30474 0.75834 0.25662 0.72062 0.23849 0.69985 0.21445 0.68275 0.21136 0.67399 0.20232 0.66537 0.19821 0.65487 0.19425 0.65496 0.18811 0.64098 0.18414 0.64107 0.18110 0.63585 0.17999 0.62704 0.16610 0.62737 0.15009 0.61714 0.13796 0.59977 0.11807 0.59670 0.10599 0.58286 0.09800 0.57951 0.09394 0.57254 0.08795 0.56915 0.08186 0.55870 0.05376 0.53463 0.03586 0.53151 0.02585 0.52468 0.00027 0.52651 0.00648 1.00000 0.50328 1.00000
1 0.37455 0.70905 0.37418 0.68080 0.38695 0.67168 0.39955 0.64843 0.40522 0.62711 0.40476 0.59180 0.39844 0.56370 0.38529 0.54457 0.37528 0.53775 0.35747 0.54169 0.34769 0.55251 0.33901 0.57214 0.33154 0.60763 0.33182 0.62881 0.33810 0.65339 0.34926 0.67255 0.35830 0.68117 0.35863 0.70588 0.35383 0.71836 0.34497 0.72386 0.34414 0.73624 0.34022 0.73986 0.32827 0.73661 0.32343 0.74555 0.32352 0.75261 0.32661 0.76137 0.33058 0.76128 0.34267 0.77512 0.35559 0.77659 0.36648 0.77457 0.36841 0.77099 0.40214 0.77021 0.40896 0.76122 0.40583 0.74893 0.39978 0.74201 0.38982 0.73871 0.38677 0.73348 0.38663 0.72289 0.38156 0.71418 0.37759 0.71427 0.37455 0.70905
7 0.16061 0.58688 0.15932 0.56396 0.14345 0.56432 0.14151 0.56790 0.11964 0.56488 0.11770 0.56846 0.10977 0.56864 0.10289 0.57410 0.10396 0.57937 0.12199 0.59308 0.15669 0.59050 0.16061 0.58688
7 0.14377 0.51311 0.14571 0.50953 0.14515 0.46717 0.14211 0.46194 0.13219 0.46217 0.12730 0.46758 0.12841 0.55231 0.13145 0.55754 0.14234 0.55552 0.14428 0.55195 0.14377 0.51311
6 0.50328 1.00000 0.56314 0.99861 0.54978 0.98220 0.54581 0.98229 0.54175 0.97532 0.53778 0.97542 0.53372 0.96845 0.52574 0.96510 0.52163 0.95461 0.51365 0.95126 0.48754 0.92714 0.48357 0.92723 0.47951 0.92027 0.46147 0.90656 0.43933 0.88236 0.40523 0.85489 0.38710 0.83413 0.38313 0.83422 0.37907 0.82725 0.36708 0.82046 0.33686 0.78585 0.32887 0.78250 0.30880 0.76531 0.30474 0.75834 0.25662 0.72062 0.23849 0.69985 0.21445 0.68275 0.21136 0.67399 0.20232 0.66537 0.19821 0.65487 0.19425 0.65496 0.18811 0.64098 0.18414 0.64107 0.18110 0.63585 0.17999 0.62704 0.16610 0.62737 0.15009 0.61714 0.13796 0.59977 0.11807 0.59670 0.10599 0.58286 0.09800 0.57951 0.09394 0.57254 0.08795 0.56915 0.08186 0.55870 0.05376 0.53463 0.03586 0.53151 0.02585 0.52468 0.00027 0.52651 0.00648 1.00000 0.50328 1.00000
1 0.37455 0.70905 0.37418 0.68080 0.38695 0.67168 0.39955 0.64843 0.40522 0.62711 0.40476 0.59180 0.39844 0.56370 0.38529 0.54457 0.37528 0.53775 0.35747 0.54169 0.34769 0.55251 0.33901 0.57214 0.33154 0.60763 0.33182 0.62881 0.33810 0.65339 0.34926 0.67255 0.35830 0.68117 0.35863 0.70588 0.35383 0.71836 0.34497 0.72386 0.34414 0.73624 0.34022 0.73986 0.32827 0.73661 0.32343 0.74555 0.32352 0.75261 0.32661 0.76137 0.33058 0.76128 0.34267 0.77512 0.35559 0.77659 0.36648 0.77457 0.36841 0.77099 0.40214 0.77021 0.40896 0.76122 0.40583 0.74893 0.39978 0.74201 0.38982 0.73871 0.38677 0.73348 0.38663 0.72289 0.38156 0.71418 0.37759 0.71427 0.37455 0.70905
7 0.16061 0.58688 0.15932 0.56396 0.14345 0.56432 0.14151 0.56790 0.11964 0.56488 0.11770 0.56846 0.10977 0.56864 0.10289 0.57410 0.10396 0.57937 0.12199 0.59308 0.15669 0.59050 0.16061 0.58688
7 0.14377 0.51311 0.14571 0.50953 0.14515 0.46717 0.14211 0.46194 0.13219 0.46217 0.12730 0.46758 0.12841 0.55231 0.13145 0.55754 0.14234 0.55552 0.14428 0.55195 0.14377 0.51311
6 0.50328 1.00000 0.56314 0.99861 0.54978 0.98220 0.54581 0.98229 0.54175 0.97532 0.53778 0.97542 0.53372 0.96845 0.52574 0.96510 0.52163 0.95461 0.51365 0.95126 0.48754 0.92714 0.48357 0.92723 0.47951 0.92027 0.46147 0.90656 0.43933 0.88236 0.40523 0.85489 0.38710 0.83413 0.38313 0.83422 0.37907 0.82725 0.36708 0.82046 0.33686 0.78585 0.32887 0.78250 0.30880 0.76531 0.30474 0.75834 0.25662 0.72062 0.23849 0.69985 0.21445 0.68275 0.21136 0.67399 0.20232 0.66537 0.19821 0.65487 0.19425 0.65496 0.18811 0.64098 0.18414 0.64107 0.18110 0.63585 0.17999 0.62704 0.16610 0.62737 0.15009 0.61714 0.13796 0.59977 0.11807 0.59670 0.10599 0.58286 0.09800 0.57951 0.09394 0.57254 0.08795 0.56915 0.08186 0.55870 0.05376 0.53463 0.03586 0.53151 0.02585 0.52468 0.00027 0.52651 0.00648 1.00000 0.50328 1.00000
1 0.37455 0.70905 0.37418 0.68080 0.38695 0.67168 0.39955 0.64843 0.40522 0.62711 0.40476 0.59180 0.39844 0.56370 0.38529 0.54457 0.37528 0.53775 0.35747 0.54169 0.34769 0.55251 0.33901 0.57214 0.33154 0.60763 0.33182 0.62881 0.33810 0.65339 0.34926 0.67255 0.35830 0.68117 0.35863 0.70588 0.35383 0.71836 0.34497 0.72386 0.34414 0.73624 0.34022 0.73986 0.32827 0.73661 0.32343 0.74555 0.32352 0.75261 0.32661 0.76137 0.33058 0.76128 0.34267 0.77512 0.35559 0.77659 0.36648 0.77457 0.36841 0.77099 0.40214 0.77021 0.40896 0.76122 0.40583 0.74893 0.39978 0.74201 0.38982 0.73871 0.38677 0.73348 0.38663 0.72289 0.38156 0.71418 0.37759 0.71427 0.37455 0.70905
7 0.16061 0.58688 0.15932 0.56396 0.14345 0.56432 0.14151 0.56790 0.11964 0.56488 0.11770 0.56846 0.10977 0.56864 0.10289 0.57410 0.10396 0.57937 0.12199 0.59308 0.15669 0.59050 0.16061 0.58688
7 0.14377 0.51311 0.14571 0.50953 0.14515 0.46717 0.14211 0.46194 0.13219 0.46217 0.12730 0.46758 0.12841 0.55231 0.13145 0.55754 0.14234 0.55552 0.14428 0.55195 0.14377 0.51311
6 0.50328 1.00000 0.56314 0.99861 0.54978 0.98220 0.54581 0.98229 0.54175 0.97532 0.53778 0.97542 0.53372 0.96845 0.52574 0.96510 0.52163 0.95461 0.51365 0.95126 0.48754 0.92714 0.48357 0.92723 0.47951 0.92027 0.46147 0.90656 0.43933 0.88236 0.40523 0.85489 0.38710 0.83413 0.38313 0.83422 0.37907 0.82725 0.36708 0.82046 0.33686 0.78585 0.32887 0.78250 0.30880 0.76531 0.30474 0.75834 0.25662 0.72062 0.23849 0.69985 0.21445 0.68275 0.21136 0.67399 0.20232 0.66537 0.19821 0.65487 0.19425 0.65496 0.18811 0.64098 0.18414 0.64107 0.18110 0.63585 0.17999 0.62704 0.16610 0.62737 0.15009 0.61714 0.13796 0.59977 0.11807 0.59670 0.10599 0.58286 0.09800 0.57951 0.09394 0.57254 0.08795 0.56915 0.08186 0.55870 0.05376 0.53463 0.03586 0.53151 0.02585 0.52468 0.00027 0.52651 0.00648 1.00000 0.50328 1.00000
1 0.37455 0.70905 0.37418 0.68080 0.38695 0.67168 0.39955 0.64843 0.40522 0.62711 0.40476 0.59180 0.39844 0.56370 0.38529 0.54457 0.37528 0.53775 0.35747 0.54169 0.34769 0.55251 0.33901 0.57214 0.33154 0.60763 0.33182 0.62881 0.33810 0.65339 0.34926 0.67255 0.35830 0.68117 0.35863 0.70588 0.35383 0.71836 0.34497 0.72386 0.34414 0.73624 0.34022 0.73986 0.32827 0.73661 0.32343 0.74555 0.32352 0.75261 0.32661 0.76137 0.33058 0.76128 0.34267 0.77512 0.35559 0.77659 0.36648 0.77457 0.36841 0.77099 0.40214 0.77021 0.40896 0.76122 0.40583 0.74893 0.39978 0.74201 0.38982 0.73871 0.38677 0.73348 0.38663 0.72289 0.38156 0.71418 0.37759 0.71427 0.37455 0.70905
7 0.16061 0.58688 0.15932 0.56396 0.14345 0.56432 0.14151 0.56790 0.11964 0.56488 0.11770 0.56846 0.10977 0.56864 0.10289 0.57410 0.10396 0.57937 0.12199 0.59308 0.15669 0.59050 0.16061 0.58688
7 0.14377 0.51311 0.14571 0.50953 0.14515 0.46717 0.14211 0.46194 0.13219 0.46217 0.12730 0.46758 0.12841 0.55231 0.13145 0.55754 0.14234 0.55552 0.14428 0.55195 0.14377 0.51311
6 0.50328 1.00000 0.56314 0.99861 0.54978 0.98220 0.54581 0.98229 0.54175 0.97532 0.53778 0.97542 0.53372 0.96845 0.52574 0.96510 0.52163 0.95461 0.51365 0.95126 0.48754 0.92714 0.48357 0.92723 0.47951 0.92027 0.46147 0.90656 0.43933 0.88236 0.40523 0.85489 0.38710 0.83413 0.38313 0.83422 0.37907 0.82725 0.36708 0.82046 0.33686 0.78585 0.32887 0.78250 0.30880 0.76531 0.30474 0.75834 0.25662 0.72062 0.23849 0.69985 0.21445 0.68275 0.21136 0.67399 0.20232 0.66537 0.19821 0.65487 0.19425 0.65496 0.18811 0.64098 0.18414 0.64107 0.18110 0.63585 0.17999 0.62704 0.16610 0.62737 0.15009 0.61714 0.13796 0.59977 0.11807 0.59670 0.10599 0.58286 0.09800 0.57951 0.09394 0.57254 0.08795 0.56915 0.08186 0.55870 0.05376 0.53463 0.03586 0.53151 0.02585 0.52468 0.00027 0.52651 0.00648 1.00000 0.50328 1.00000
1 0.37455 0.70905 0.37418 0.68080 0.38695 0.67168 0.39955 0.64843 0.40522 0.62711 0.40476 0.59180 0.39844 0.56370 0.38529 0.54457 0.37528 0.53775 0.35747 0.54169 0.34769 0.55251 0.33901 0.57214 0.33154 0.60763 0.33182 0.62881 0.33810 0.65339 0.34926 0.67255 0.35830 0.68117 0.35863 0.70588 0.35383 0.71836 0.34497 0.72386 0.34414 0.73624 0.34022 0.73986 0.32827 0.73661 0.32343 0.74555 0.32352 0.75261 0.32661 0.76137 0.33058 0.76128 0.34267 0.77512 0.35559 0.77659 0.36648 0.77457 0.36841 0.77099 0.40214 0.77021 0.40896 0.76122 0.40583 0.74893 0.39978 0.74201 0.38982 0.73871 0.38677 0.73348 0.38663 0.72289 0.38156 0.71418 0.37759 0.71427 0.37455 0.70905
7 0.16061 0.58688 0.15932 0.56396 0.14345 0.56432 0.14151 0.56790 0.11964 0.56488 0.11770 0.56846 0.10977 0.56864 0.10289 0.57410 0.10396 0.57937 0.12199 0.59308 0.15669 0.59050 0.16061 0.58688
7 0.14377 0.51311 0.14571 0.50953 0.14515 0.46717 0.14211 0.46194 0.13219 0.46217 0.12730 0.46758 0.12841 0.55231 0.13145 0.55754 0.14234 0.55552 0.14428 0.55195 0.14377 0.51311
