6 0.01280 0.00000 0.00267 0.38661 0.17101 0.58821 0.23547 0.76068 0.10999 0.98216 0.49345 1.00000 0.98720 1.00000 1.00000 0.51162 1.00000 0.40629 0.88532 0.30809 0.69289 0.21214 0.35372 0.08622 0.16017 0.00000 0.01280 0.00000
5 0.35736 0.00000 0.36068 0.01979 0.35007 0.03335 0.35284 0.04823 0.32830 0.05130 0.32707 0.06810 0.37360 0.08361 0.41477 0.06305 0.41332 0.05179 0.38903 0.04016 0.38765 0.01402 0.37583 0.01347 0.37444 0.00000 0.35736 0.00000
6 0.01280 0.00000 0.00267 0.38661 0.17101 0.58821 0.23547 0.76068 0.10999 0.98216 0.49345 1.00000 0.98720 1.00000 1.00000 0.51162 1.00000 0.40629 0.88532 0.30809 0.69289 0.21214 0.35372 0.08622 0.16017 0.00000 0.01280 0.00000
5 0.35736 0.00000 0.36068 0.01979 0.35007 0.03335 0.35284 0.04823 0.32830 0.05130 0.32707 0.06810 0.37360 0.08361 0.41477 0.06305 0.41332 0.05179 0.38903 0.04016 0.38765 0.01402 0.37583 0.01347 0.37444 0.00000 0.35736 0.00000
6 0.01280 0.00000 0.00267 0.38661 0.17101 0.58821 0.23547 0.76068 0.10999 0.98216 0.49345 1.00000 0.98720 1.00000 1.00000 0.51162 1.00000 0.40629 0.88532 0.30809 0.69289 0.21214 0.35372 0.08622 0.16017 0.00000 0.01280 0.00000
5 0.35736 0.00000 0.36068 0.01979 0.35007 0.03335 0.35284 0.04823 0.32830 0.05130 0.32707 0.06810 0.37360 0.08361 0.41477 0.06305 0.41332 0.05179 0.38903 0.04016 0.38765 0.01402 0.37583 0.01347 0.37444 0.00000 0.35736 0.00000
6 0.01280 0.00000 0.00267 0.38661 0.17101 0.58821 0.23547 0.76068 0.10999 0.98216 0.49345 1.00000 0.98720 1.00000 1.00000 0.51162 1.00000 0.40629 0.88532 0.30809 0.69289 0.21214 0.35372 0.08622 0.16017 0.00000 0.01280 0.00000
5 0.35736 0.00000 0.36068 0.01979 0.35007 0.03335 0.35284 0.04823 0.32830 0.05130 0.32707 0.06810 0.37360 0.08361 0.41477 0.06305 0.41332 0.05179 0.38903 0.04016 0.38765 0.01402 0.37583 0.01347 0.37444 0.00000 0.35736 0.00000
6 0.01280 0.00000 0.00267 0.38661 0.17101 0.58821 0.23547 0.76068 0.10999 0.98216 0.49345 1.00000 0.98720 1.00000 1.00000 0.51162 1.00000 0.40629 0.88532 0.30809 0.69289 0.21214 0.35372 0.08622 0.16017 0.00000 0.01280 0.00000
5 0.35736 0.00000 0.36068 0.01979 0.35007 0.03335 0.35284 0.04823 0.32830 0.05130 0.32707 0.06810 0.37360 0.08361 0.41477 0.06305 0.41332 0.05179 0.38903 0.04016 0.38765 0.01402 0.37583 0.01347 0.37444 0.00000 0.35736 0.00000
6 0.01280 0.00000 0.00267 0.38661 0.17101 0.58821 0.23547 0.76068 0.10999 0.98216 0.49345 1.00000 0.98720 1.00000 1.00000 0.51162 1.00000 0.40629 0.88532 0.30809 0.69289 0.21214 0.35372 0.08622 0.16017 0.00000 0.01280 0.00000
5 0.35736 0.00000 0.36068 0.01979 0.35007 0.03335 0.35284 0.04823 0.32830 0.05130 0.32707 0.06810 0.37360 0.08361 0.41477 0.06305 0.41332 0.05179 0.38903 0.04016 0.38765 0.01402 0.37583 0.01347 0.37444 0.00000 0.35736 0.00000
