5 0.47451 0.75646 0.46613 0.75646 0.46299 0.74341 0.46089 0.70987 0.46404 0.70427 0.47032 0.70427 0.47556 0.69496 0.49232 0.65022 0.49232 0.58313 0.47242 0.54398 0.44309 0.54398 0.41690 0.59804 0.41690 0.66141 0.41899 0.66886 0.44413 0.70987 0.44204 0.71359 0.44204 0.75460 0.43890 0.76019 0.42738 0.76205 0.42214 0.80119 0.40328 0.79746 0.39909 0.80119 0.39804 0.80679 0.40538 0.81983 0.41795 0.83102 0.43680 0.84220 0.43994 0.84033 0.44937 0.83847 0.45775 0.83102 0.48079 0.83102 0.50489 0.81797 0.50489 0.80306 0.49546 0.79374 0.48708 0.79374 0.47451 0.80119 0.47346 0.79933 0.47765 0.79560 0.47765 0.76578 0.47451 0.75646
6 0.58345 1.00000 0.57716 0.99503 0.55412 0.96894 0.54574 0.96521 0.54155 0.95775 0.51432 0.93539 0.51013 0.92793 0.50174 0.92420 0.49756 0.91675 0.46613 0.89066 0.46194 0.88320 0.41376 0.84220 0.36557 0.78628 0.36138 0.78628 0.32996 0.75646 0.32577 0.75646 0.29853 0.73037 0.29434 0.73037 0.26921 0.70800 0.26501 0.70055 0.24826 0.68936 0.21474 0.65209 0.19588 0.64463 0.19379 0.64091 0.14770 0.63345 0.14560 0.62972 0.09323 0.62972 0.09113 0.62599 0.06390 0.62599 0.06180 0.62227 0.00000 0.62373 0.00000 1.00000 0.58345 1.00000
5 0.47451 0.75646 0.46613 0.75646 0.46299 0.74341 0.46089 0.70987 0.46404 0.70427 0.47032 0.70427 0.47556 0.69496 0.49232 0.65022 0.49232 0.58313 0.47242 0.54398 0.44309 0.54398 0.41690 0.59804 0.41690 0.66141 0.41899 0.66886 0.44413 0.70987 0.44204 0.71359 0.44204 0.75460 0.43890 0.76019 0.42738 0.76205 0.42214 0.80119 0.40328 0.79746 0.39909 0.80119 0.39804 0.80679 0.40538 0.81983 0.41795 0.83102 0.43680 0.84220 0.43994 0.84033 0.44937 0.83847 0.45775 0.83102 0.48079 0.83102 0.50489 0.81797 0.50489 0.80306 0.49546 0.79374 0.48708 0.79374 0.47451 0.80119 0.47346 0.79933 0.47765 0.79560 0.47765 0.76578 0.47451 0.75646
6 0.58345 1.00000 0.57716 0.99503 0.55412 0.96894 0.54574 0.96521 0.54155 0.95775 0.51432 0.93539 0.51013 0.92793 0.50174 0.92420 0.49756 0.91675 0.46613 0.89066 0.46194 0.88320 0.41376 0.84220 0.36557 0.78628 0.36138 0.78628 0.32996 0.75646 0.32577 0.75646 0.29853 0.73037 0.29434 0.73037 0.26921 0.70800 0.26501 0.70055 0.24826 0.68936 0.21474 0.65209 0.19588 0.64463 0.19379 0.64091 0.14770 0.63345 0.14560 0.62972 0.09323 0.62972 0.09113 0.62599 0.06390 0.62599 0.06180 0.62227 0.00000 0.62373 0.00000 1.00000 0.58345 1.00000
5 0.47451 0.75646 0.46613 0.75646 0.46299 0.74341 0.46089 0.70987 0.46404 0.70427 0.47032 0.70427 0.47556 0.69496 0.49232 0.65022 0.49232 0.58313 0.47242 0.54398 0.44309 0.54398 0.41690 0.59804 0.41690 0.66141 0.41899 0.66886 0.44413 0.70987 0.44204 0.71359 0.44204 0.75460 0.43890 0.76019 0.42738 0.76205 0.42214 0.80119 0.40328 0.79746 0.39909 0.80119 0.39804 0.80679 0.40538 0.81983 0.41795 0.83102 0.43680 0.84220 0.43994 0.84033 0.44937 0.83847 0.45775 0.83102 0.48079 0.83102 0.50489 0.81797 0.50489 0.80306 0.49546 0.79374 0.48708 0.79374 0.47451 0.80119 0.47346 0.79933 0.47765 0.79560 0.47765 0.76578 0.47451 0.75646
6 0.58345 1.00000 0.57716 0.99503 0.55412 0.96894 0.54574 0.96521 0.54155 0.95775 0.51432 0.93539 0.51013 0.92793 0.50174 0.92420 0.49756 0.91675 0.46613 0.89066 0.46194 0.88320 0.41376 0.84220 0.36557 0.78628 0.36138 0.78628 0.32996 0.75646 0.32577 0.75646 0.29853 0.73037 0.29434 0.73037 0.26921 0.70800 0.26501 0.70055 0.24826 0.68936 0.21474 0.65209 0.19588 0.64463 0.19379 0.64091 0.14770 0.63345 0.14560 0.62972 0.09323 0.62972 0.09113 0.62599 0.06390 0.62599 0.06180 0.62227 0.00000 0.62373 0.00000 1.00000 0.58345 1.00000
5 0.47451 0.75646 0.46613 0.75646 0.46299 0.74341 0.46089 0.70987 0.46404 0.70427 0.47032 0.70427 0.47556 0.69496 0.49232 0.65022 0.49232 0.58313 0.47242 0.54398 0.44309 0.54398 0.41690 0.59804 0.41690 0.66141 0.41899 0.66886 0.44413 0.70987 0.44204 0.71359 0.44204 0.75460 0.43890 0.76019 0.42738 0.76205 0.42214 0.80119 0.40328 0.79746 0.39909 0.80119 0.39804 0.80679 0.40538 0.81983 0.41795 0.83102 0.43680 0.84220 0.43994 0.84033 0.44937 0.83847 0.45775 0.83102 0.48079 0.83102 0.50489 0.81797 0.50489 0.80306 0.49546 0.79374 0.48708 0.79374 0.47451 0.80119 0.47346 0.79933 0.47765 0.79560 0.47765 0.76578 0.47451 0.75646
6 0.58345 1.00000 0.57716 0.99503 0.55412 0.96894 0.54574 0.96521 0.54155 0.95775 0.51432 0.93539 0.51013 0.92793 0.50174 0.92420 0.49756 0.91675 0.46613 0.89066 0.46194 0.88320 0.41376 0.84220 0.36557 0.78628 0.36138 0.78628 0.32996 0.75646 0.32577 0.75646 0.29853 0.73037 0.29434 0.73037 0.26921 0.70800 0.26501 0.70055 0.24826 0.68936 0.21474 0.65209 0.19588 0.64463 0.19379 0.64091 0.14770 0.63345 0.14560 0.62972 0.09323 0.62972 0.09113 0.62599 0.06390 0.62599 0.06180 0.62227 0.00000 0.62373 0.00000 1.00000 0.58345 1.00000
5 0.47451 0.75646 0.46613 0.75646 0.46299 0.74341 0.46089 0.70987 0.46404 0.70427 0.47032 0.70427 0.47556 0.69496 0.49232 0.65022 0.49232 0.58313 0.47242 0.54398 0.44309 0.54398 0.41690 0.59804 0.41690 0.66141 0.41899 0.66886 0.44413 0.70987 0.44204 0.71359 0.44204 0.75460 0.43890 0.76019 0.42738 0.76205 0.42214 0.80119 0.40328 0.79746 0.39909 0.80119 0.39804 0.80679 0.40538 0.81983 0.41795 0.83102 0.43680 0.84220 0.43994 0.84033 0.44937 0.83847 0.45775 0.83102 0.48079 0.83102 0.50489 0.81797 0.50489 0.80306 0.49546 0.79374 0.48708 0.79374 0.47451 0.80119 0.47346 0.79933 0.47765 0.79560 0.47765 0.76578 0.47451 0.75646
6 0.58345 1.00000 0.57716 0.99503 0.55412 0.96894 0.54574 0.96521 0.54155 0.95775 0.51432 0.93539 0.51013 0.92793 0.50174 0.92420 0.49756 0.91675 0.46613 0.89066 0.46194 0.88320 0.41376 0.84220 0.36557 0.78628 0.36138 0.78628 0.32996 0.75646 0.32577 0.75646 0.29853 0.73037 0.29434 0.73037 0.26921 0.70800 0.26501 0.70055 0.24826 0.68936 0.21474 0.65209 0.19588 0.64463 0.19379 0.64091 0.14770 0.63345 0.14560 0.62972 0.09323 0.62972 0.09113 0.62599 0.06390 0.62599 0.06180 0.62227 0.00000 0.62373 0.00000 1.00000 0.58345 1.00000
5 0.47451 0.75646 0.46613 0.75646 0.46299 0.74341 0.46089 0.70987 0.46404 0.70427 0.47032 0.70427 0.47556 0.69496 0.49232 0.65022 0.49232 0.58313 0.47242 0.54398 0.44309 0.54398 0.41690 0.59804 0.41690 0.66141 0.41899 0.66886 0.44413 0.70987 0.44204 0.71359 0.44204 0.75460 0.43890 0.76019 0.42738 0.76205 0.42214 0.80119 0.40328 0.79746 0.39909 0.80119 0.39804 0.80679 0.40538 0.81983 0.41795 0.83102 0.43680 0.84220 0.43994 0.84033 0.44937 0.83847 0.45775 0.83102 0.48079 0.83102 0.50489 0.81797 0.50489 0.80306 0.49546 0.79374 0.48708 0.79374 0.47451 0.80119 0.47346 0.79933 0.47765 0.79560 0.47765 0.76578 0.47451 0.75646
6 0.58345 1.00000 0.57716 0.99503 0.55412 0.96894 0.54574 0.96521 0.54155 0.95775 0.51432 0.93539 0.51013 0.92793 0.50174 0.92420 0.49756 0.91675 0.46613 0.89066 0.46194 0.88320 0.41376 0.84220 0.36557 0.78628 0.36138 0.78628 0.32996 0.75646 0.32577 0.75646 0.29853 0.73037 0.29434 0.73037 0.26921 0.70800 0.26501 0.70055 0.24826 0.68936 0.21474 0.65209 0.19588 0.64463 0.19379 0.64091 0.14770 0.63345 0.14560 0.62972 0.09323 0.62972 0.09113 0.62599 0.06390 0.62599 0.06180 0.62227 0.00000 0.62373 0.00000 1.00000 0.58345 1.00000
