6 1.00000 0.89473 0.81757 0.72431 0.56290 0.55610 0.00000 0.25105 0.00000 0.99316 1.00000 1.00000 1.00000 0.89473
1 0.00000 0.24237 0.04116 0.26133 0.10148 0.24943 0.09796 0.21822 0.07488 0.21822 0.07036 0.18434 0.05480 0.19147 0.05145 0.16657 0.06658 0.14988 0.07474 0.12944 0.07864 0.11208 0.07864 0.07736 0.07474 0.04958 0.06009 0.02007 0.05227 0.01312 0.03762 0.01154 0.01563 0.02639 0.00589 0.07337 0.00682 0.10965 0.01881 0.14524 0.02430 0.15637 0.03213 0.16286 0.03370 0.17121 0.03762 0.19789 0.02399 0.19868 0.02213 0.21434 0.00000 0.22341 0.00000 0.24237
6 1.00000 0.89473 0.81757 0.72431 0.56290 0.55610 0.00000 0.25105 0.00000 0.99316 1.00000 1.00000 1.00000 0.89473
1 0.00000 0.24237 0.04116 0.26133 0.10148 0.24943 0.09796 0.21822 0.07488 0.21822 0.07036 0.18434 0.05480 0.19147 0.05145 0.16657 0.06658 0.14988 0.07474 0.12944 0.07864 0.11208 0.07864 0.07736 0.07474 0.04958 0.06009 0.02007 0.05227 0.01312 0.03762 0.01154 0.01563 0.02639 0.00589 0.07337 0.00682 0.10965 0.01881 0.14524 0.02430 0.15637 0.03213 0.16286 0.03370 0.17121 0.03762 0.19789 0.02399 0.19868 0.02213 0.21434 0.00000 0.22341 0.00000 0.24237
6 1.00000 0.89473 0.81757 0.72431 0.56290 0.55610 0.00000 0.25105 0.00000 0.99316 1.00000 1.00000 1.00000 0.89473
1 0.00000 0.24237 0.04116 0.26133 0.10148 0.24943 0.09796 0.21822 0.07488 0.21822 0.07036 0.18434 0.05480 0.19147 0.05145 0.16657 0.06658 0.14988 0.07474 0.12944 0.07864 0.11208 0.07864 0.07736 0.07474 0.04958 0.06009 0.02007 0.05227 0.01312 0.03762 0.01154 0.01563 0.02639 0.00589 0.07337 0.00682 0.10965 0.01881 0.14524 0.02430 0.15637 0.03213 0.16286 0.03370 0.17121 0.03762 0.19789 0.02399 0.19868 0.02213 0.21434 0.00000 0.22341 0.00000 0.24237
6 1.00000 0.89473 0.81757 0.72431 0.56290 0.55610 0.00000 0.25105 0.00000 0.99316 1.00000 1.00000 1.00000 0.89473
1 0.00000 0.24237 0.04116 0.26133 0.10148 0.24943 0.09796 0.21822 0.07488 0.21822 0.07036 0.18434 0.05480 0.19147 0.05145 0.16657 0.06658 0.14988 0.07474 0.12944 0.07864 0.11208 0.07864 0.07736 0.07474 0.04958 0.06009 0.02007 0.05227 0.01312 0.03762 0.01154 0.01563 0.02639 0.00589 0.07337 0.00682 0.10965 0.01881 0.14524 0.02430 0.15637 0.03213 0.16286 0.03370 0.17121 0.03762 0.19789 0.02399 0.19868 0.02213 0.21434 0.00000 0.22341 0.00000 0.24237
6 1.00000 0.89473 0.81757 0.72431 0.56290 0.55610 0.00000 0.25105 0.00000 0.99316 1.00000 1.00000 1.00000 0.89473
1 0.00000 0.24237 0.04116 0.26133 0.10148 0.24943 0.09796 0.21822 0.07488 0.21822 0.07036 0.18434 0.05480 0.19147 0.05145 0.16657 0.06658 0.14988 0.07474 0.12944 0.07864 0.11208 0.07864 0.07736 0.07474 0.04958 0.06009 0.02007 0.05227 0.01312 0.03762 0.01154 0.01563 0.02639 0.00589 0.07337 0.00682 0.10965 0.01881 0.14524 0.02430 0.15637 0.03213 0.16286 0.03370 0.17121 0.03762 0.19789 0.02399 0.19868 0.02213 0.21434 0.00000 0.22341 0.00000 0.24237
6 1.00000 0.89473 0.81757 0.72431 0.56290 0.55610 0.00000 0.25105 0.00000 0.99316 1.00000 1.00000 1.00000 0.89473
1 0.00000 0.24237 0.04116 0.26133 0.10148 0.24943 0.09796 0.21822 0.07488 0.21822 0.07036 0.18434 0.05480 0.19147 0.05145 0.16657 0.06658 0.14988 0.07474 0.12944 0.07864 0.11208 0.07864 0.07736 0.07474 0.04958 0.06009 0.02007 0.05227 0.01312 0.03762 0.01154 0.01563 0.02639 0.00589 0.07337 0.00682 0.10965 0.01881 0.14524 0.02430 0.15637 0.03213 0.16286 0.03370 0.17121 0.03762 0.19789 0.02399 0.19868 0.02213 0.21434 0.00000 0.22341 0.00000 0.24237
