4 0.75505 0.45304 0.75155 0.43827 0.74303 0.42133 0.73314 0.41338 0.71875 0.41600 0.70474 0.43500 0.69995 0.45282 0.69938 0.46731 0.70449 0.49309 0.70922 0.50250 0.71613 0.50843 0.71556 0.52292 0.70823 0.52785 0.70685 0.53684 0.70359 0.54205 0.69748 0.54163 0.69421 0.54685 0.69379 0.55771 0.69838 0.57075 0.71394 0.58999 0.72616 0.59084 0.72833 0.58736 0.73226 0.59127 0.73742 0.58981 0.74462 0.58850 0.74788 0.58328 0.74902 0.55430 0.74211 0.54837 0.73752 0.53534 0.72981 0.52391 0.72820 0.51290 0.73147 0.50768 0.73975 0.50463 0.74955 0.48897 0.75419 0.47477 0.75505 0.45304
7 0.36834 0.50413 0.36886 0.51687 0.36559 0.52209 0.36493 0.51296 0.36711 0.50949 0.36209 0.50732 0.35447 0.51950 0.35333 0.54847 0.35522 0.55224 0.35290 0.55934 0.36170 0.56903 0.39739 0.56971 0.41046 0.54883 0.41770 0.52028 0.41529 0.50377 0.40431 0.49756 0.40881 0.48698 0.41266 0.38919 0.40807 0.37616 0.39789 0.37545 0.39462 0.38067 0.39196 0.50033 0.37677 0.49745 0.36834 0.50413
7 0.43338 0.48506 0.44209 0.47114 0.44266 0.45665 0.44171 0.45477 0.43721 0.46535 0.43262 0.45232 0.43387 0.36888 0.43117 0.35961 0.42099 0.35890 0.41569 0.36398 0.41359 0.46915 0.41804 0.48580 0.43338 0.48506
6 0.98101 1.00000 0.98233 0.96659 0.97663 0.96786 0.97327 0.94947 0.96703 0.95266 0.96324 0.94514 0.95917 0.94486 0.94985 0.92241 0.94280 0.92011 0.94105 0.91272 0.94322 0.90924 0.94242 0.90373 0.93617 0.90693 0.93551 0.89780 0.93267 0.89216 0.93035 0.89926 0.92751 0.89362 0.92576 0.88623 0.92713 0.87725 0.92117 0.87320 0.91289 0.87625 0.90328 0.86105 0.89732 0.85701 0.85307 0.78855 0.83547 0.76916 0.83467 0.76366 0.82411 0.74658 0.82004 0.74629 0.81829 0.73891 0.81233 0.73486 0.80869 0.72371 0.79108 0.70432 0.77187 0.67393 0.76198 0.66598 0.75440 0.65092 0.75033 0.65064 0.74655 0.64311 0.74059 0.63906 0.71570 0.59737 0.69620 0.57422 0.69539 0.56872 0.68106 0.54411 0.67699 0.54383 0.67429 0.53456 0.66657 0.52313 0.67173 0.52167 0.67311 0.51269 0.67638 0.50747 0.68248 0.50790 0.68357 0.50616 0.68073 0.50051 0.67462 0.50009 0.67273 0.49632 0.63406 0.49362 0.63217 0.48986 0.62606 0.48943 0.62389 0.49291 0.58725 0.49036 0.58507 0.49383 0.57490 0.49312 0.57301 0.48936 0.56879 0.49270 0.56065 0.49213 0.55876 0.48836 0.54858 0.48765 0.54640 0.49113 0.54248 0.48723 0.53433 0.48666 0.53216 0.49014 0.51602 0.48538 0.51384 0.48886 0.47924 0.48645 0.47706 0.48993 0.47096 0.48950 0.46906 0.48573 0.46689 0.48921 0.44653 0.48779 0.43811 0.49447 0.42817 0.51375 0.42788 0.52099 0.41917 0.53491 0.41889 0.54216 0.39479 0.58405 0.38347 0.61232 0.33324 0.69597 0.32860 0.71017 0.31771 0.72757 0.31525 0.73829 0.26255 0.83267 0.25574 0.85035 0.24935 0.85717 0.22482 0.90993 0.22170 0.91153 0.21720 0.92211 0.21530 0.91835 0.21218 0.91995 0.21161 0.93443 0.19623 0.96241 0.19158 0.97661 0.52659 1.00000 0.98101 1.00000
6 0.00000 0.52381 0.00530 0.52418 0.02471 0.52371 0.02689 0.52024 0.09609 0.52507 0.09826 0.52159 0.12065 0.52315 0.12283 0.51967 0.20438 0.52173 0.20765 0.51651 0.20807 0.50565 0.21243 0.49869 0.21504 0.48434 0.11640 0.47564 0.11422 0.47912 0.08369 0.47699 0.08151 0.48047 0.02860 0.47678 0.02670 0.47301 0.00035 0.47377 0.00000 0.48256 0.00000 0.52381
6 0.67320 0.53630 0.68309 0.54425 0.69232 0.54309 0.70373 0.53843 0.70510 0.52945 0.71040 0.52437 0.71381 0.51553 0.70515 0.50221 0.69891 0.50541 0.68698 0.49732 0.66459 0.49575 0.66270 0.49199 0.65333 0.49678 0.65304 0.50403 0.67320 0.53630
6 1.00000 0.51306 0.94370 0.50797 0.94153 0.51145 0.88657 0.50762 0.88440 0.51110 0.82945 0.50726 0.82727 0.51074 0.74179 0.50477 0.73431 0.51333 0.73752 0.53534 0.74226 0.54475 0.74822 0.54880 0.76654 0.55008 0.76871 0.54660 0.79721 0.54859 0.79910 0.55236 0.82258 0.55218 0.87658 0.55413 0.87876 0.55065 0.94185 0.55505 0.94374 0.55882 0.99832 0.56020 1.00000 0.51744 1.00000 0.51306
4 0.75505 0.45304 0.75155 0.43827 0.74303 0.42133 0.73314 0.41338 0.71875 0.41600 0.70474 0.43500 0.69995 0.45282 0.69938 0.46731 0.70449 0.49309 0.70922 0.50250 0.71613 0.50843 0.71556 0.52292 0.70823 0.52785 0.70685 0.53684 0.70359 0.54205 0.69748 0.54163 0.69421 0.54685 0.69379 0.55771 0.69838 0.57075 0.71394 0.58999 0.72616 0.59084 0.72833 0.58736 0.73226 0.59127 0.73742 0.58981 0.74462 0.58850 0.74788 0.58328 0.74902 0.55430 0.74211 0.54837 0.73752 0.53534 0.72981 0.52391 0.72820 0.51290 0.73147 0.50768 0.73975 0.50463 0.74955 0.48897 0.75419 0.47477 0.75505 0.45304
7 0.36834 0.50413 0.36886 0.51687 0.36559 0.52209 0.36493 0.51296 0.36711 0.50949 0.36209 0.50732 0.35447 0.51950 0.35333 0.54847 0.35522 0.55224 0.35290 0.55934 0.36170 0.56903 0.39739 0.56971 0.41046 0.54883 0.41770 0.52028 0.41529 0.50377 0.40431 0.49756 0.40881 0.48698 0.41266 0.38919 0.40807 0.37616 0.39789 0.37545 0.39462 0.38067 0.39196 0.50033 0.37677 0.49745 0.36834 0.50413
7 0.43338 0.48506 0.44209 0.47114 0.44266 0.45665 0.44171 0.45477 0.43721 0.46535 0.43262 0.45232 0.43387 0.36888 0.43117 0.35961 0.42099 0.35890 0.41569 0.36398 0.41359 0.46915 0.41804 0.48580 0.43338 0.48506
6 0.98101 1.00000 0.98233 0.96659 0.97663 0.96786 0.97327 0.94947 0.96703 0.95266 0.96324 0.94514 0.95917 0.94486 0.94985 0.92241 0.94280 0.92011 0.94105 0.91272 0.94322 0.90924 0.94242 0.90373 0.93617 0.90693 0.93551 0.89780 0.93267 0.89216 0.93035 0.89926 0.92751 0.89362 0.92576 0.88623 0.92713 0.87725 0.92117 0.87320 0.91289 0.87625 0.90328 0.86105 0.89732 0.85701 0.85307 0.78855 0.83547 0.76916 0.83467 0.76366 0.82411 0.74658 0.82004 0.74629 0.81829 0.73891 0.81233 0.73486 0.80869 0.72371 0.79108 0.70432 0.77187 0.67393 0.76198 0.66598 0.75440 0.65092 0.75033 0.65064 0.74655 0.64311 0.74059 0.63906 0.71570 0.59737 0.69620 0.57422 0.69539 0.56872 0.68106 0.54411 0.67699 0.54383 0.67429 0.53456 0.66657 0.52313 0.67173 0.52167 0.67311 0.51269 0.67638 0.50747 0.68248 0.50790 0.68357 0.50616 0.68073 0.50051 0.67462 0.50009 0.67273 0.49632 0.63406 0.49362 0.63217 0.48986 0.62606 0.48943 0.62389 0.49291 0.58725 0.49036 0.58507 0.49383 0.57490 0.49312 0.57301 0.48936 0.56879 0.49270 0.56065 0.49213 0.55876 0.48836 0.54858 0.48765 0.54640 0.49113 0.54248 0.48723 0.53433 0.48666 0.53216 0.49014 0.51602 0.48538 0.51384 0.48886 0.47924 0.48645 0.47706 0.48993 0.47096 0.48950 0.46906 0.48573 0.46689 0.48921 0.44653 0.48779 0.43811 0.49447 0.42817 0.51375 0.42788 0.52099 0.41917 0.53491 0.41889 0.54216 0.39479 0.58405 0.38347 0.61232 0.33324 0.69597 0.32860 0.71017 0.31771 0.72757 0.31525 0.73829 0.26255 0.83267 0.25574 0.85035 0.24935 0.85717 0.22482 0.90993 0.22170 0.91153 0.21720 0.92211 0.21530 0.91835 0.21218 0.91995 0.21161 0.93443 0.19623 0.96241 0.19158 0.97661 0.52659 1.00000 0.98101 1.00000
6 0.00000 0.52381 0.00530 0.52418 0.02471 0.52371 0.02689 0.52024 0.09609 0.52507 0.09826 0.52159 0.12065 0.52315 0.12283 0.51967 0.20438 0.52173 0.20765 0.51651 0.20807 0.50565 0.21243 0.49869 0.21504 0.48434 0.11640 0.47564 0.11422 0.47912 0.08369 0.47699 0.08151 0.48047 0.02860 0.47678 0.02670 0.47301 0.00035 0.47377 0.00000 0.48256 0.00000 0.52381
6 0.67320 0.53630 0.68309 0.54425 0.69232 0.54309 0.70373 0.53843 0.70510 0.52945 0.71040 0.52437 0.71381 0.51553 0.70515 0.50221 0.69891 0.50541 0.68698 0.49732 0.66459 0.49575 0.66270 0.49199 0.65333 0.49678 0.65304 0.50403 0.67320 0.53630
6 1.00000 0.51306 0.94370 0.50797 0.94153 0.51145 0.88657 0.50762 0.88440 0.51110 0.82945 0.50726 0.82727 0.51074 0.74179 0.50477 0.73431 0.51333 0.73752 0.53534 0.74226 0.54475 0.74822 0.54880 0.76654 0.55008 0.76871 0.54660 0.79721 0.54859 0.79910 0.55236 0.82258 0.55218 0.87658 0.55413 0.87876 0.55065 0.94185 0.55505 0.94374 0.55882 0.99832 0.56020 1.00000 0.51744 1.00000 0.51306
4 0.75505 0.45304 0.75155 0.43827 0.74303 0.42133 0.73314 0.41338 0.71875 0.41600 0.70474 0.43500 0.69995 0.45282 0.69938 0.46731 0.70449 0.49309 0.70922 0.50250 0.71613 0.50843 0.71556 0.52292 0.70823 0.52785 0.70685 0.53684 0.70359 0.54205 0.69748 0.54163 0.69421 0.54685 0.69379 0.55771 0.69838 0.57075 0.71394 0.58999 0.72616 0.59084 0.72833 0.58736 0.73226 0.59127 0.73742 0.58981 0.74462 0.58850 0.74788 0.58328 0.74902 0.55430 0.74211 0.54837 0.73752 0.53534 0.72981 0.52391 0.72820 0.51290 0.73147 0.50768 0.73975 0.50463 0.74955 0.48897 0.75419 0.47477 0.75505 0.45304
7 0.36834 0.50413 0.36886 0.51687 0.36559 0.52209 0.36493 0.51296 0.36711 0.50949 0.36209 0.50732 0.35447 0.51950 0.35333 0.54847 0.35522 0.55224 0.35290 0.55934 0.36170 0.56903 0.39739 0.56971 0.41046 0.54883 0.41770 0.52028 0.41529 0.50377 0.40431 0.49756 0.40881 0.48698 0.41266 0.38919 0.40807 0.37616 0.39789 0.37545 0.39462 0.38067 0.39196 0.50033 0.37677 0.49745 0.36834 0.50413
7 0.43338 0.48506 0.44209 0.47114 0.44266 0.45665 0.44171 0.45477 0.43721 0.46535 0.43262 0.45232 0.43387 0.36888 0.43117 0.35961 0.42099 0.35890 0.41569 0.36398 0.41359 0.46915 0.41804 0.48580 0.43338 0.48506
6 0.98101 1.00000 0.98233 0.96659 0.97663 0.96786 0.97327 0.94947 0.96703 0.95266 0.96324 0.94514 0.95917 0.94486 0.94985 0.92241 0.94280 0.92011 0.94105 0.91272 0.94322 0.90924 0.94242 0.90373 0.93617 0.90693 0.93551 0.89780 0.93267 0.89216 0.93035 0.89926 0.92751 0.89362 0.92576 0.88623 0.92713 0.87725 0.92117 0.87320 0.91289 0.87625 0.90328 0.86105 0.89732 0.85701 0.85307 0.78855 0.83547 0.76916 0.83467 0.76366 0.82411 0.74658 0.82004 0.74629 0.81829 0.73891 0.81233 0.73486 0.80869 0.72371 0.79108 0.70432 0.77187 0.67393 0.76198 0.66598 0.75440 0.65092 0.75033 0.65064 0.74655 0.64311 0.74059 0.63906 0.71570 0.59737 0.69620 0.57422 0.69539 0.56872 0.68106 0.54411 0.67699 0.54383 0.67429 0.53456 0.66657 0.52313 0.67173 0.52167 0.67311 0.51269 0.67638 0.50747 0.68248 0.50790 0.68357 0.50616 0.68073 0.50051 0.67462 0.50009 0.67273 0.49632 0.63406 0.49362 0.63217 0.48986 0.62606 0.48943 0.62389 0.49291 0.58725 0.49036 0.58507 0.49383 0.57490 0.49312 0.57301 0.48936 0.56879 0.49270 0.56065 0.49213 0.55876 0.48836 0.54858 0.48765 0.54640 0.49113 0.54248 0.48723 0.53433 0.48666 0.53216 0.49014 0.51602 0.48538 0.51384 0.48886 0.47924 0.48645 0.47706 0.48993 0.47096 0.48950 0.46906 0.48573 0.46689 0.48921 0.44653 0.48779 0.43811 0.49447 0.42817 0.51375 0.42788 0.52099 0.41917 0.53491 0.41889 0.54216 0.39479 0.58405 0.38347 0.61232 0.33324 0.69597 0.32860 0.71017 0.31771 0.72757 0.31525 0.73829 0.26255 0.83267 0.25574 0.85035 0.24935 0.85717 0.22482 0.90993 0.22170 0.91153 0.21720 0.92211 0.21530 0.91835 0.21218 0.91995 0.21161 0.93443 0.19623 0.96241 0.19158 0.97661 0.52659 1.00000 0.98101 1.00000
6 0.00000 0.52381 0.00530 0.52418 0.02471 0.52371 0.02689 0.52024 0.09609 0.52507 0.09826 0.52159 0.12065 0.52315 0.12283 0.51967 0.20438 0.52173 0.20765 0.51651 0.20807 0.50565 0.21243 0.49869 0.21504 0.48434 0.11640 0.47564 0.11422 0.47912 0.08369 0.47699 0.08151 0.48047 0.02860 0.47678 0.02670 0.47301 0.00035 0.47377 0.00000 0.48256 0.00000 0.52381
6 0.67320 0.53630 0.68309 0.54425 0.69232 0.54309 0.70373 0.53843 0.70510 0.52945 0.71040 0.52437 0.71381 0.51553 0.70515 0.50221 0.69891 0.50541 0.68698 0.49732 0.66459 0.49575 0.66270 0.49199 0.65333 0.49678 0.65304 0.50403 0.67320 0.53630
6 1.00000 0.51306 0.94370 0.50797 0.94153 0.51145 0.88657 0.50762 0.88440 0.51110 0.82945 0.50726 0.82727 0.51074 0.74179 0.50477 0.73431 0.51333 0.73752 0.53534 0.74226 0.54475 0.74822 0.54880 0.76654 0.55008 0.76871 0.54660 0.79721 0.54859 0.79910 0.55236 0.82258 0.55218 0.87658 0.55413 0.87876 0.55065 0.94185 0.55505 0.94374 0.55882 0.99832 0.56020 1.00000 0.51744 1.00000 0.51306
4 0.75505 0.45304 0.75155 0.43827 0.74303 0.42133 0.73314 0.41338 0.71875 0.41600 0.70474 0.43500 0.69995 0.45282 0.69938 0.46731 0.70449 0.49309 0.70922 0.50250 0.71613 0.50843 0.71556 0.52292 0.70823 0.52785 0.70685 0.53684 0.70359 0.54205 0.69748 0.54163 0.69421 0.54685 0.69379 0.55771 0.69838 0.57075 0.71394 0.58999 0.72616 0.59084 0.72833 0.58736 0.73226 0.59127 0.73742 0.58981 0.74462 0.58850 0.74788 0.58328 0.74902 0.55430 0.74211 0.54837 0.73752 0.53534 0.72981 0.52391 0.72820 0.51290 0.73147 0.50768 0.73975 0.50463 0.74955 0.48897 0.75419 0.47477 0.75505 0.45304
7 0.36834 0.50413 0.36886 0.51687 0.36559 0.52209 0.36493 0.51296 0.36711 0.50949 0.36209 0.50732 0.35447 0.51950 0.35333 0.54847 0.35522 0.55224 0.35290 0.55934 0.36170 0.56903 0.39739 0.56971 0.41046 0.54883 0.41770 0.52028 0.41529 0.50377 0.40431 0.49756 0.40881 0.48698 0.41266 0.38919 0.40807 0.37616 0.39789 0.37545 0.39462 0.38067 0.39196 0.50033 0.37677 0.49745 0.36834 0.50413
7 0.43338 0.48506 0.44209 0.47114 0.44266 0.45665 0.44171 0.45477 0.43721 0.46535 0.43262 0.45232 0.43387 0.36888 0.43117 0.35961 0.42099 0.35890 0.41569 0.36398 0.41359 0.46915 0.41804 0.48580 0.43338 0.48506
6 0.98101 1.00000 0.98233 0.96659 0.97663 0.96786 0.97327 0.94947 0.96703 0.95266 0.96324 0.94514 0.95917 0.94486 0.94985 0.92241 0.94280 0.92011 0.94105 0.91272 0.94322 0.90924 0.94242 0.90373 0.93617 0.90693 0.93551 0.89780 0.93267 0.89216 0.93035 0.89926 0.92751 0.89362 0.92576 0.88623 0.92713 0.87725 0.92117 0.87320 0.91289 0.87625 0.90328 0.86105 0.89732 0.85701 0.85307 0.78855 0.83547 0.76916 0.83467 0.76366 0.82411 0.74658 0.82004 0.74629 0.81829 0.73891 0.81233 0.73486 0.80869 0.72371 0.79108 0.70432 0.77187 0.67393 0.76198 0.66598 0.75440 0.65092 0.75033 0.65064 0.74655 0.64311 0.74059 0.63906 0.71570 0.59737 0.69620 0.57422 0.69539 0.56872 0.68106 0.54411 0.67699 0.54383 0.67429 0.53456 0.66657 0.52313 0.67173 0.52167 0.67311 0.51269 0.67638 0.50747 0.68248 0.50790 0.68357 0.50616 0.68073 0.50051 0.67462 0.50009 0.67273 0.49632 0.63406 0.49362 0.63217 0.48986 0.62606 0.48943 0.62389 0.49291 0.58725 0.49036 0.58507 0.49383 0.57490 0.49312 0.57301 0.48936 0.56879 0.49270 0.56065 0.49213 0.55876 0.48836 0.54858 0.48765 0.54640 0.49113 0.54248 0.48723 0.53433 0.48666 0.53216 0.49014 0.51602 0.48538 0.51384 0.48886 0.47924 0.48645 0.47706 0.48993 0.47096 0.48950 0.46906 0.48573 0.46689 0.48921 0.44653 0.48779 0.43811 0.49447 0.42817 0.51375 0.42788 0.52099 0.41917 0.53491 0.41889 0.54216 0.39479 0.58405 0.38347 0.61232 0.33324 0.69597 0.32860 0.71017 0.31771 0.72757 0.31525 0.73829 0.26255 0.83267 0.25574 0.85035 0.24935 0.85717 0.22482 0.90993 0.22170 0.91153 0.21720 0.92211 0.21530 0.91835 0.21218 0.91995 0.21161 0.93443 0.19623 0.96241 0.19158 0.97661 0.52659 1.00000 0.98101 1.00000
6 0.00000 0.52381 0.00530 0.52418 0.02471 0.52371 0.02689 0.52024 0.09609 0.52507 0.09826 0.52159 0.12065 0.52315 0.12283 0.51967 0.20438 0.52173 0.20765 0.51651 0.20807 0.50565 0.21243 0.49869 0.21504 0.48434 0.11640 0.47564 0.11422 0.47912 0.08369 0.47699 0.08151 0.48047 0.02860 0.47678 0.02670 0.47301 0.00035 0.47377 0.00000 0.48256 0.00000 0.52381
6 0.67320 0.53630 0.68309 0.54425 0.69232 0.54309 0.70373 0.53843 0.70510 0.52945 0.71040 0.52437 0.71381 0.51553 0.70515 0.50221 0.69891 0.50541 0.68698 0.49732 0.66459 0.49575 0.66270 0.49199 0.65333 0.49678 0.65304 0.50403 0.67320 0.53630
6 1.00000 0.51306 0.94370 0.50797 0.94153 0.51145 0.88657 0.50762 0.88440 0.51110 0.82945 0.50726 0.82727 0.51074 0.74179 0.50477 0.73431 0.51333 0.73752 0.53534 0.74226 0.54475 0.74822 0.54880 0.76654 0.55008 0.76871 0.54660 0.79721 0.54859 0.79910 0.55236 0.82258 0.55218 0.87658 0.55413 0.87876 0.55065 0.94185 0.55505 0.94374 0.55882 0.99832 0.56020 1.00000 0.51744 1.00000 0.51306
4 0.75505 0.45304 0.75155 0.43827 0.74303 0.42133 0.73314 0.41338 0.71875 0.41600 0.70474 0.43500 0.69995 0.45282 0.69938 0.46731 0.70449 0.49309 0.70922 0.50250 0.71613 0.50843 0.71556 0.52292 0.70823 0.52785 0.70685 0.53684 0.70359 0.54205 0.69748 0.54163 0.69421 0.54685 0.69379 0.55771 0.69838 0.57075 0.71394 0.58999 0.72616 0.59084 0.72833 0.58736 0.73226 0.59127 0.73742 0.58981 0.74462 0.58850 0.74788 0.58328 0.74902 0.55430 0.74211 0.54837 0.73752 0.53534 0.72981 0.52391 0.72820 0.51290 0.73147 0.50768 0.73975 0.50463 0.74955 0.48897 0.75419 0.47477 0.75505 0.45304
7 0.36834 0.50413 0.36886 0.51687 0.36559 0.52209 0.36493 0.51296 0.36711 0.50949 0.36209 0.50732 0.35447 0.51950 0.35333 0.54847 0.35522 0.55224 0.35290 0.55934 0.36170 0.56903 0.39739 0.56971 0.41046 0.54883 0.41770 0.52028 0.41529 0.50377 0.40431 0.49756 0.40881 0.48698 0.41266 0.38919 0.40807 0.37616 0.39789 0.37545 0.39462 0.38067 0.39196 0.50033 0.37677 0.49745 0.36834 0.50413
7 0.43338 0.48506 0.44209 0.47114 0.44266 0.45665 0.44171 0.45477 0.43721 0.46535 0.43262 0.45232 0.43387 0.36888 0.43117 0.35961 0.42099 0.35890 0.41569 0.36398 0.41359 0.46915 0.41804 0.48580 0.43338 0.48506
6 0.98101 1.00000 0.98233 0.96659 0.97663 0.96786 0.97327 0.94947 0.96703 0.95266 0.96324 0.94514 0.95917 0.94486 0.94985 0.92241 0.94280 0.92011 0.94105 0.91272 0.94322 0.90924 0.94242 0.90373 0.93617 0.90693 0.93551 0.89780 0.93267 0.89216 0.93035 0.89926 0.92751 0.89362 0.92576 0.88623 0.92713 0.87725 0.92117 0.87320 0.91289 0.87625 0.90328 0.86105 0.89732 0.85701 0.85307 0.78855 0.83547 0.76916 0.83467 0.76366 0.82411 0.74658 0.82004 0.74629 0.81829 0.73891 0.81233 0.73486 0.80869 0.72371 0.79108 0.70432 0.77187 0.67393 0.76198 0.66598 0.75440 0.65092 0.75033 0.65064 0.74655 0.64311 0.74059 0.63906 0.71570 0.59737 0.69620 0.57422 0.69539 0.56872 0.68106 0.54411 0.67699 0.54383 0.67429 0.53456 0.66657 0.52313 0.67173 0.52167 0.67311 0.51269 0.67638 0.50747 0.68248 0.50790 0.68357 0.50616 0.68073 0.50051 0.67462 0.50009 0.67273 0.49632 0.63406 0.49362 0.63217 0.48986 0.62606 0.48943 0.62389 0.49291 0.58725 0.49036 0.58507 0.49383 0.57490 0.49312 0.57301 0.48936 0.56879 0.49270 0.56065 0.49213 0.55876 0.48836 0.54858 0.48765 0.54640 0.49113 0.54248 0.48723 0.53433 0.48666 0.53216 0.49014 0.51602 0.48538 0.51384 0.48886 0.47924 0.48645 0.47706 0.48993 0.47096 0.48950 0.46906 0.48573 0.46689 0.48921 0.44653 0.48779 0.43811 0.49447 0.42817 0.51375 0.42788 0.52099 0.41917 0.53491 0.41889 0.54216 0.39479 0.58405 0.38347 0.61232 0.33324 0.69597 0.32860 0.71017 0.31771 0.72757 0.31525 0.73829 0.26255 0.83267 0.25574 0.85035 0.24935 0.85717 0.22482 0.90993 0.22170 0.91153 0.21720 0.92211 0.21530 0.91835 0.21218 0.91995 0.21161 0.93443 0.19623 0.96241 0.19158 0.97661 0.52659 1.00000 0.98101 1.00000
6 0.00000 0.52381 0.00530 0.52418 0.02471 0.52371 0.02689 0.52024 0.09609 0.52507 0.09826 0.52159 0.12065 0.52315 0.12283 0.51967 0.20438 0.52173 0.20765 0.51651 0.20807 0.50565 0.21243 0.49869 0.21504 0.48434 0.11640 0.47564 0.11422 0.47912 0.08369 0.47699 0.08151 0.48047 0.02860 0.47678 0.02670 0.47301 0.00035 0.47377 0.00000 0.48256 0.00000 0.52381
6 0.67320 0.53630 0.68309 0.54425 0.69232 0.54309 0.70373 0.53843 0.70510 0.52945 0.71040 0.52437 0.71381 0.51553 0.70515 0.50221 0.69891 0.50541 0.68698 0.49732 0.66459 0.49575 0.66270 0.49199 0.65333 0.49678 0.65304 0.50403 0.67320 0.53630
6 1.00000 0.51306 0.94370 0.50797 0.94153 0.51145 0.88657 0.50762 0.88440 0.51110 0.82945 0.50726 0.82727 0.51074 0.74179 0.50477 0.73431 0.51333 0.73752 0.53534 0.74226 0.54475 0.74822 0.54880 0.76654 0.55008 0.76871 0.54660 0.79721 0.54859 0.79910 0.55236 0.82258 0.55218 0.87658 0.55413 0.87876 0.55065 0.94185 0.55505 0.94374 0.55882 0.99832 0.56020 1.00000 0.51744 1.00000 0.51306
4 0.75505 0.45304 0.75155 0.43827 0.74303 0.42133 0.73314 0.41338 0.71875 0.41600 0.70474 0.43500 0.69995 0.45282 0.69938 0.46731 0.70449 0.49309 0.70922 0.50250 0.71613 0.50843 0.71556 0.52292 0.70823 0.52785 0.70685 0.53684 0.70359 0.54205 0.69748 0.54163 0.69421 0.54685 0.69379 0.55771 0.69838 0.57075 0.71394 0.58999 0.72616 0.59084 0.72833 0.58736 0.73226 0.59127 0.73742 0.58981 0.74462 0.58850 0.74788 0.58328 0.74902 0.55430 0.74211 0.54837 0.73752 0.53534 0.72981 0.52391 0.72820 0.51290 0.73147 0.50768 0.73975 0.50463 0.74955 0.48897 0.75419 0.47477 0.75505 0.45304
7 0.36834 0.50413 0.36886 0.51687 0.36559 0.52209 0.36493 0.51296 0.36711 0.50949 0.36209 0.50732 0.35447 0.51950 0.35333 0.54847 0.35522 0.55224 0.35290 0.55934 0.36170 0.56903 0.39739 0.56971 0.41046 0.54883 0.41770 0.52028 0.41529 0.50377 0.40431 0.49756 0.40881 0.48698 0.41266 0.38919 0.40807 0.37616 0.39789 0.37545 0.39462 0.38067 0.39196 0.50033 0.37677 0.49745 0.36834 0.50413
7 0.43338 0.48506 0.44209 0.47114 0.44266 0.45665 0.44171 0.45477 0.43721 0.46535 0.43262 0.45232 0.43387 0.36888 0.43117 0.35961 0.42099 0.35890 0.41569 0.36398 0.41359 0.46915 0.41804 0.48580 0.43338 0.48506
6 0.98101 1.00000 0.98233 0.96659 0.97663 0.96786 0.97327 0.94947 0.96703 0.95266 0.96324 0.94514 0.95917 0.94486 0.94985 0.92241 0.94280 0.92011 0.94105 0.91272 0.94322 0.90924 0.94242 0.90373 0.93617 0.90693 0.93551 0.89780 0.93267 0.89216 0.93035 0.89926 0.92751 0.89362 0.92576 0.88623 0.92713 0.87725 0.92117 0.87320 0.91289 0.87625 0.90328 0.86105 0.89732 0.85701 0.85307 0.78855 0.83547 0.76916 0.83467 0.76366 0.82411 0.74658 0.82004 0.74629 0.81829 0.73891 0.81233 0.73486 0.80869 0.72371 0.79108 0.70432 0.77187 0.67393 0.76198 0.66598 0.75440 0.65092 0.75033 0.65064 0.74655 0.64311 0.74059 0.63906 0.71570 0.59737 0.69620 0.57422 0.69539 0.56872 0.68106 0.54411 0.67699 0.54383 0.67429 0.53456 0.66657 0.52313 0.67173 0.52167 0.67311 0.51269 0.67638 0.50747 0.68248 0.50790 0.68357 0.50616 0.68073 0.50051 0.67462 0.50009 0.67273 0.49632 0.63406 0.49362 0.63217 0.48986 0.62606 0.48943 0.62389 0.49291 0.58725 0.49036 0.58507 0.49383 0.57490 0.49312 0.57301 0.48936 0.56879 0.49270 0.56065 0.49213 0.55876 0.48836 0.54858 0.48765 0.54640 0.49113 0.54248 0.48723 0.53433 0.48666 0.53216 0.49014 0.51602 0.48538 0.51384 0.48886 0.47924 0.48645 0.47706 0.48993 0.47096 0.48950 0.46906 0.48573 0.46689 0.48921 0.44653 0.48779 0.43811 0.49447 0.42817 0.51375 0.42788 0.52099 0.41917 0.53491 0.41889 0.54216 0.39479 0.58405 0.38347 0.61232 0.33324 0.69597 0.32860 0.71017 0.31771 0.72757 0.31525 0.73829 0.26255 0.83267 0.25574 0.85035 0.24935 0.85717 0.22482 0.90993 0.22170 0.91153 0.21720 0.92211 0.21530 0.91835 0.21218 0.91995 0.21161 0.93443 0.19623 0.96241 0.19158 0.97661 0.52659 1.00000 0.98101 1.00000
6 0.00000 0.52381 0.00530 0.52418 0.02471 0.52371 0.02689 0.52024 0.09609 0.52507 0.09826 0.52159 0.12065 0.52315 0.12283 0.51967 0.20438 0.52173 0.20765 0.51651 0.20807 0.50565 0.21243 0.49869 0.21504 0.48434 0.11640 0.47564 0.11422 0.47912 0.08369 0.47699 0.08151 0.48047 0.02860 0.47678 0.02670 0.47301 0.00035 0.47377 0.00000 0.48256 0.00000 0.52381
6 0.67320 0.53630 0.68309 0.54425 0.69232 0.54309 0.70373 0.53843 0.70510 0.52945 0.71040 0.52437 0.71381 0.51553 0.70515 0.50221 0.69891 0.50541 0.68698 0.49732 0.66459 0.49575 0.66270 0.49199 0.65333 0.49678 0.65304 0.50403 0.67320 0.53630
6 1.00000 0.51306 0.94370 0.50797 0.94153 0.51145 0.88657 0.50762 0.88440 0.51110 0.82945 0.50726 0.82727 0.51074 0.74179 0.50477 0.73431 0.51333 0.73752 0.53534 0.74226 0.54475 0.74822 0.54880 0.76654 0.55008 0.76871 0.54660 0.79721 0.54859 0.79910 0.55236 0.82258 0.55218 0.87658 0.55413 0.87876 0.55065 0.94185 0.55505 0.94374 0.55882 0.99832 0.56020 1.00000 0.51744 1.00000 0.51306
