6 0.95216 1.00000 0.99994 0.54713 0.81361 0.10760 0.61980 0.05838 0.54000 0.20899 0.33070 0.14136 0.32838 0.17713 0.31823 0.19075 0.30940 0.27446 0.31563 0.27045 0.31411 0.29862 0.35435 0.31650 0.35176 0.35482 0.46206 0.38322 0.20702 0.95007 0.47375 1.00000 0.95216 1.00000
6 0.28982 0.23975 0.28296 0.23588 0.28030 0.21986 0.27158 0.19236 0.27452 0.16446 0.27070 0.14564 0.03971 0.07704 0.02147 0.24991 0.24368 0.31906 0.24145 0.32641 0.25517 0.29276 0.28838 0.28087 0.29222 0.25831 0.28982 0.23975
7 0.95297 0.08777 0.94823 0.08107 0.93755 0.07907 0.93161 0.08377 0.93000 0.09899 0.92746 0.10240 0.92505 0.12523 0.92252 0.12863 0.92051 0.14766 0.91797 0.15106 0.91476 0.18150 0.91222 0.18491 0.91021 0.20393 0.90767 0.20733 0.90446 0.23777 0.90152 0.24498 0.88670 0.26161 0.88215 0.28404 0.88395 0.29795 0.89116 0.29154 0.89757 0.29274 0.89931 0.29695 0.90612 0.29434 0.90745 0.30235 0.91427 0.29975 0.93350 0.30335 0.93570 0.31346 0.93784 0.31386 0.94331 0.30325 0.94987 0.26179 0.94553 0.25128 0.94085 0.25429 0.92289 0.24898 0.92864 0.21514 0.93118 0.21173 0.93359 0.18891 0.94027 0.16687 0.94762 0.11781 0.95016 0.11441 0.95297 0.08777
7 0.51373 0.14134 0.50818 0.14225 0.49930 0.15416 0.49449 0.19982 0.49709 0.20613 0.49836 0.20443 0.53935 0.20822 0.54136 0.18920 0.54724 0.17478 0.54591 0.16677 0.54925 0.15575 0.54364 0.14695 0.54645 0.12031 0.54899 0.11691 0.55300 0.07886 0.55728 0.07966 0.55888 0.06444 0.55675 0.06404 0.55467 0.07335 0.55541 0.05603 0.55368 0.05182 0.55851 0.00604 0.53073 0.00084 0.52911 0.01618 0.51989 0.04162 0.51882 0.07246 0.52149 0.08848 0.51855 0.09569 0.51373 0.14134
6 0.95216 1.00000 0.99994 0.54713 0.81361 0.10760 0.61980 0.05838 0.54000 0.20899 0.33070 0.14136 0.32838 0.17713 0.31823 0.19075 0.30940 0.27446 0.31563 0.27045 0.31411 0.29862 0.35435 0.31650 0.35176 0.35482 0.46206 0.38322 0.20702 0.95007 0.47375 1.00000 0.95216 1.00000
6 0.28982 0.23975 0.28296 0.23588 0.28030 0.21986 0.27158 0.19236 0.27452 0.16446 0.27070 0.14564 0.03971 0.07704 0.02147 0.24991 0.24368 0.31906 0.24145 0.32641 0.25517 0.29276 0.28838 0.28087 0.29222 0.25831 0.28982 0.23975
7 0.95297 0.08777 0.94823 0.08107 0.93755 0.07907 0.93161 0.08377 0.93000 0.09899 0.92746 0.10240 0.92505 0.12523 0.92252 0.12863 0.92051 0.14766 0.91797 0.15106 0.91476 0.18150 0.91222 0.18491 0.91021 0.20393 0.90767 0.20733 0.90446 0.23777 0.90152 0.24498 0.88670 0.26161 0.88215 0.28404 0.88395 0.29795 0.89116 0.29154 0.89757 0.29274 0.89931 0.29695 0.90612 0.29434 0.90745 0.30235 0.91427 0.29975 0.93350 0.30335 0.93570 0.31346 0.93784 0.31386 0.94331 0.30325 0.94987 0.26179 0.94553 0.25128 0.94085 0.25429 0.92289 0.24898 0.92864 0.21514 0.93118 0.21173 0.93359 0.18891 0.94027 0.16687 0.94762 0.11781 0.95016 0.11441 0.95297 0.08777
7 0.51373 0.14134 0.50818 0.14225 0.49930 0.15416 0.49449 0.19982 0.49709 0.20613 0.49836 0.20443 0.53935 0.20822 0.54136 0.18920 0.54724 0.17478 0.54591 0.16677 0.54925 0.15575 0.54364 0.14695 0.54645 0.12031 0.54899 0.11691 0.55300 0.07886 0.55728 0.07966 0.55888 0.06444 0.55675 0.06404 0.55467 0.07335 0.55541 0.05603 0.55368 0.05182 0.55851 0.00604 0.53073 0.00084 0.52911 0.01618 0.51989 0.04162 0.51882 0.07246 0.52149 0.08848 0.51855 0.09569 0.51373 0.14134
6 0.95216 1.00000 0.99994 0.54713 0.81361 0.10760 0.61980 0.05838 0.54000 0.20899 0.33070 0.14136 0.32838 0.17713 0.31823 0.19075 0.30940 0.27446 0.31563 0.27045 0.31411 0.29862 0.35435 0.31650 0.35176 0.35482 0.46206 0.38322 0.20702 0.95007 0.47375 1.00000 0.95216 1.00000
6 0.28982 0.23975 0.28296 0.23588 0.28030 0.21986 0.27158 0.19236 0.27452 0.16446 0.27070 0.14564 0.03971 0.07704 0.02147 0.24991 0.24368 0.31906 0.24145 0.32641 0.25517 0.29276 0.28838 0.28087 0.29222 0.25831 0.28982 0.23975
7 0.95297 0.08777 0.94823 0.08107 0.93755 0.07907 0.93161 0.08377 0.93000 0.09899 0.92746 0.10240 0.92505 0.12523 0.92252 0.12863 0.92051 0.14766 0.91797 0.15106 0.91476 0.18150 0.91222 0.18491 0.91021 0.20393 0.90767 0.20733 0.90446 0.23777 0.90152 0.24498 0.88670 0.26161 0.88215 0.28404 0.88395 0.29795 0.89116 0.29154 0.89757 0.29274 0.89931 0.29695 0.90612 0.29434 0.90745 0.30235 0.91427 0.29975 0.93350 0.30335 0.93570 0.31346 0.93784 0.31386 0.94331 0.30325 0.94987 0.26179 0.94553 0.25128 0.94085 0.25429 0.92289 0.24898 0.92864 0.21514 0.93118 0.21173 0.93359 0.18891 0.94027 0.16687 0.94762 0.11781 0.95016 0.11441 0.95297 0.08777
7 0.51373 0.14134 0.50818 0.14225 0.49930 0.15416 0.49449 0.19982 0.49709 0.20613 0.49836 0.20443 0.53935 0.20822 0.54136 0.18920 0.54724 0.17478 0.54591 0.16677 0.54925 0.15575 0.54364 0.14695 0.54645 0.12031 0.54899 0.11691 0.55300 0.07886 0.55728 0.07966 0.55888 0.06444 0.55675 0.06404 0.55467 0.07335 0.55541 0.05603 0.55368 0.05182 0.55851 0.00604 0.53073 0.00084 0.52911 0.01618 0.51989 0.04162 0.51882 0.07246 0.52149 0.08848 0.51855 0.09569 0.51373 0.14134
6 0.95216 1.00000 0.99994 0.54713 0.81361 0.10760 0.61980 0.05838 0.54000 0.20899 0.33070 0.14136 0.32838 0.17713 0.31823 0.19075 0.30940 0.27446 0.31563 0.27045 0.31411 0.29862 0.35435 0.31650 0.35176 0.35482 0.46206 0.38322 0.20702 0.95007 0.47375 1.00000 0.95216 1.00000
6 0.28982 0.23975 0.28296 0.23588 0.28030 0.21986 0.27158 0.19236 0.27452 0.16446 0.27070 0.14564 0.03971 0.07704 0.02147 0.24991 0.24368 0.31906 0.24145 0.32641 0.25517 0.29276 0.28838 0.28087 0.29222 0.25831 0.28982 0.23975
7 0.95297 0.08777 0.94823 0.08107 0.93755 0.07907 0.93161 0.08377 0.93000 0.09899 0.92746 0.10240 0.92505 0.12523 0.92252 0.12863 0.92051 0.14766 0.91797 0.15106 0.91476 0.18150 0.91222 0.18491 0.91021 0.20393 0.90767 0.20733 0.90446 0.23777 0.90152 0.24498 0.88670 0.26161 0.88215 0.28404 0.88395 0.29795 0.89116 0.29154 0.89757 0.29274 0.89931 0.29695 0.90612 0.29434 0.90745 0.30235 0.91427 0.29975 0.93350 0.30335 0.93570 0.31346 0.93784 0.31386 0.94331 0.30325 0.94987 0.26179 0.94553 0.25128 0.94085 0.25429 0.92289 0.24898 0.92864 0.21514 0.93118 0.21173 0.93359 0.18891 0.94027 0.16687 0.94762 0.11781 0.95016 0.11441 0.95297 0.08777
7 0.51373 0.14134 0.50818 0.14225 0.49930 0.15416 0.49449 0.19982 0.49709 0.20613 0.49836 0.20443 0.53935 0.20822 0.54136 0.18920 0.54724 0.17478 0.54591 0.16677 0.54925 0.15575 0.54364 0.14695 0.54645 0.12031 0.54899 0.11691 0.55300 0.07886 0.55728 0.07966 0.55888 0.06444 0.55675 0.06404 0.55467 0.07335 0.55541 0.05603 0.55368 0.05182 0.55851 0.00604 0.53073 0.00084 0.52911 0.01618 0.51989 0.04162 0.51882 0.07246 0.52149 0.08848 0.51855 0.09569 0.51373 0.14134
6 0.95216 1.00000 0.99994 0.54713 0.81361 0.10760 0.61980 0.05838 0.54000 0.20899 0.33070 0.14136 0.32838 0.17713 0.31823 0.19075 0.30940 0.27446 0.31563 0.27045 0.31411 0.29862 0.35435 0.31650 0.35176 0.35482 0.46206 0.38322 0.20702 0.95007 0.47375 1.00000 0.95216 1.00000
6 0.28982 0.23975 0.28296 0.23588 0.28030 0.21986 0.27158 0.19236 0.27452 0.16446 0.27070 0.14564 0.03971 0.07704 0.02147 0.24991 0.24368 0.31906 0.24145 0.32641 0.25517 0.29276 0.28838 0.28087 0.29222 0.25831 0.28982 0.23975
7 0.95297 0.08777 0.94823 0.08107 0.93755 0.07907 0.93161 0.08377 0.93000 0.09899 0.92746 0.10240 0.92505 0.12523 0.92252 0.12863 0.92051 0.14766 0.91797 0.15106 0.91476 0.18150 0.91222 0.18491 0.91021 0.20393 0.90767 0.20733 0.90446 0.23777 0.90152 0.24498 0.88670 0.26161 0.88215 0.28404 0.88395 0.29795 0.89116 0.29154 0.89757 0.29274 0.89931 0.29695 0.90612 0.29434 0.90745 0.30235 0.91427 0.29975 0.93350 0.30335 0.93570 0.31346 0.93784 0.31386 0.94331 0.30325 0.94987 0.26179 0.94553 0.25128 0.94085 0.25429 0.92289 0.24898 0.92864 0.21514 0.93118 0.21173 0.93359 0.18891 0.94027 0.16687 0.94762 0.11781 0.95016 0.11441 0.95297 0.08777
7 0.51373 0.14134 0.50818 0.14225 0.49930 0.15416 0.49449 0.19982 0.49709 0.20613 0.49836 0.20443 0.53935 0.20822 0.54136 0.18920 0.54724 0.17478 0.54591 0.16677 0.54925 0.15575 0.54364 0.14695 0.54645 0.12031 0.54899 0.11691 0.55300 0.07886 0.55728 0.07966 0.55888 0.06444 0.55675 0.06404 0.55467 0.07335 0.55541 0.05603 0.55368 0.05182 0.55851 0.00604 0.53073 0.00084 0.52911 0.01618 0.51989 0.04162 0.51882 0.07246 0.52149 0.08848 0.51855 0.09569 0.51373 0.14134
6 0.95216 1.00000 0.99994 0.54713 0.81361 0.10760 0.61980 0.05838 0.54000 0.20899 0.33070 0.14136 0.32838 0.17713 0.31823 0.19075 0.30940 0.27446 0.31563 0.27045 0.31411 0.29862 0.35435 0.31650 0.35176 0.35482 0.46206 0.38322 0.20702 0.95007 0.47375 1.00000 0.95216 1.00000
6 0.28982 0.23975 0.28296 0.23588 0.28030 0.21986 0.27158 0.19236 0.27452 0.16446 0.27070 0.14564 0.03971 0.07704 0.02147 0.24991 0.24368 0.31906 0.24145 0.32641 0.25517 0.29276 0.28838 0.28087 0.29222 0.25831 0.28982 0.23975
7 0.95297 0.08777 0.94823 0.08107 0.93755 0.07907 0.93161 0.08377 0.93000 0.09899 0.92746 0.10240 0.92505 0.12523 0.92252 0.12863 0.92051 0.14766 0.91797 0.15106 0.91476 0.18150 0.91222 0.18491 0.91021 0.20393 0.90767 0.20733 0.90446 0.23777 0.90152 0.24498 0.88670 0.26161 0.88215 0.28404 0.88395 0.29795 0.89116 0.29154 0.89757 0.29274 0.89931 0.29695 0.90612 0.29434 0.90745 0.30235 0.91427 0.29975 0.93350 0.30335 0.93570 0.31346 0.93784 0.31386 0.94331 0.30325 0.94987 0.26179 0.94553 0.25128 0.94085 0.25429 0.92289 0.24898 0.92864 0.21514 0.93118 0.21173 0.93359 0.18891 0.94027 0.16687 0.94762 0.11781 0.95016 0.11441 0.95297 0.08777
7 0.51373 0.14134 0.50818 0.14225 0.49930 0.15416 0.49449 0.19982 0.49709 0.20613 0.49836 0.20443 0.53935 0.20822 0.54136 0.18920 0.54724 0.17478 0.54591 0.16677 0.54925 0.15575 0.54364 0.14695 0.54645 0.12031 0.54899 0.11691 0.55300 0.07886 0.55728 0.07966 0.55888 0.06444 0.55675 0.06404 0.55467 0.07335 0.55541 0.05603 0.55368 0.05182 0.55851 0.00604 0.53073 0.00084 0.52911 0.01618 0.51989 0.04162 0.51882 0.07246 0.52149 0.08848 0.51855 0.09569 0.51373 0.14134
