5 0.22132 0.85297 0.22034 0.83916 0.20563 0.83882 0.20743 0.79063 0.22109 0.78200 0.24026 0.73696 0.24040 0.66669 0.21923 0.62830 0.18509 0.63440 0.16240 0.68210 0.16072 0.75096 0.18758 0.79844 0.19086 0.84399 0.17068 0.84766 0.16533 0.87165 0.13855 0.87791 0.13438 0.90055 0.17841 0.93741 0.25049 0.90119 0.25077 0.87984 0.22132 0.85297
6 0.00000 0.98845 0.23637 0.99395 0.21053 0.97145 0.20624 0.97135 0.20205 0.96361 0.18499 0.95558 0.17656 0.94392 0.17227 0.94382 0.15745 0.92820 0.15316 0.92810 0.12134 0.90063 0.10657 0.88119 0.08527 0.86923 0.07684 0.85758 0.07041 0.85743 0.05769 0.84568 0.05126 0.84553 0.03006 0.82594 0.01509 0.82177 0.01090 0.81404 0.00661 0.81393 0.00000 0.80581 0.00000 0.98845
5 0.22132 0.85297 0.22034 0.83916 0.20563 0.83882 0.20743 0.79063 0.22109 0.78200 0.24026 0.73696 0.24040 0.66669 0.21923 0.62830 0.18509 0.63440 0.16240 0.68210 0.16072 0.75096 0.18758 0.79844 0.19086 0.84399 0.17068 0.84766 0.16533 0.87165 0.13855 0.87791 0.13438 0.90055 0.17841 0.93741 0.25049 0.90119 0.25077 0.87984 0.22132 0.85297
6 0.00000 0.98845 0.23637 0.99395 0.21053 0.97145 0.20624 0.97135 0.20205 0.96361 0.18499 0.95558 0.17656 0.94392 0.17227 0.94382 0.15745 0.92820 0.15316 0.92810 0.12134 0.90063 0.10657 0.88119 0.08527 0.86923 0.07684 0.85758 0.07041 0.85743 0.05769 0.84568 0.05126 0.84553 0.03006 0.82594 0.01509 0.82177 0.01090 0.81404 0.00661 0.81393 0.00000 0.80581 0.00000 0.98845
5 0.22132 0.85297 0.22034 0.83916 0.20563 0.83882 0.20743 0.79063 0.22109 0.78200 0.24026 0.73696 0.24040 0.66669 0.21923 0.62830 0.18509 0.63440 0.16240 0.68210 0.16072 0.75096 0.18758 0.79844 0.19086 0.84399 0.17068 0.84766 0.16533 0.87165 0.13855 0.87791 0.13438 0.90055 0.17841 0.93741 0.25049 0.90119 0.25077 0.87984 0.22132 0.85297
6 0.00000 0.98845 0.23637 0.99395 0.21053 0.97145 0.20624 0.97135 0.20205 0.96361 0.18499 0.95558 0.17656 0.94392 0.17227 0.94382 0.15745 0.92820 0.15316 0.92810 0.12134 0.90063 0.10657 0.88119 0.08527 0.86923 0.07684 0.85758 0.07041 0.85743 0.05769 0.84568 0.05126 0.84553 0.03006 0.82594 0.01509 0.82177 0.01090 0.81404 0.00661 0.81393 0.00000 0.80581 0.00000 0.98845
5 0.22132 0.85297 0.22034 0.83916 0.20563 0.83882 0.20743 0.79063 0.22109 0.78200 0.24026 0.73696 0.24040 0.66669 0.21923 0.62830 0.18509 0.63440 0.16240 0.68210 0.16072 0.75096 0.18758 0.79844 0.19086 0.84399 0.17068 0.84766 0.16533 0.87165 0.13855 0.87791 0.13438 0.90055 0.17841 0.93741 0.25049 0.90119 0.25077 0.87984 0.22132 0.85297
6 0.00000 0.98845 0.23637 0.99395 0.21053 0.97145 0.20624 0.97135 0.20205 0.96361 0.18499 0.95558 0.17656 0.94392 0.17227 0.94382 0.15745 0.92820 0.15316 0.92810 0.12134 0.90063 0.10657 0.88119 0.08527 0.86923 0.07684 0.85758 0.07041 0.85743 0.05769 0.84568 0.05126 0.84553 0.03006 0.82594 0.01509 0.82177 0.01090 0.81404 0.00661 0.81393 0.00000 0.80581 0.00000 0.98845
5 0.22132 0.85297 0.22034 0.83916 0.20563 0.83882 0.20743 0.79063 0.22109 0.78200 0.24026 0.73696 0.24040 0.66669 0.21923 0.62830 0.18509 0.63440 0.16240 0.68210 0.16072 0.75096 0.18758 0.79844 0.19086 0.84399 0.17068 0.84766 0.16533 0.87165 0.13855 0.87791 0.13438 0.90055 0.17841 0.93741 0.25049 0.90119 0.25077 0.87984 0.22132 0.85297
6 0.00000 0.98845 0.23637 0.99395 0.21053 0.97145 0.20624 0.97135 0.20205 0.96361 0.18499 0.95558 0.17656 0.94392 0.17227 0.94382 0.15745 0.92820 0.15316 0.92810 0.12134 0.90063 0.10657 0.88119 0.08527 0.86923 0.07684 0.85758 0.07041 0.85743 0.05769 0.84568 0.05126 0.84553 0.03006 0.82594 0.01509 0.82177 0.01090 0.81404 0.00661 0.81393 0.00000 0.80581 0.00000 0.98845
5 0.22132 0.85297 0.22034 0.83916 0.20563 0.83882 0.20743 0.79063 0.22109 0.78200 0.24026 0.73696 0.24040 0.66669 0.21923 0.62830 0.18509 0.63440 0.16240 0.68210 0.16072 0.75096 0.18758 0.79844 0.19086 0.84399 0.17068 0.84766 0.16533 0.87165 0.13855 0.87791 0.13438 0.90055 0.17841 0.93741 0.25049 0.90119 0.25077 0.87984 0.22132 0.85297
6 0.00000 0.98845 0.23637 0.99395 0.21053 0.97145 0.20624 0.97135 0.20205 0.96361 0.18499 0.95558 0.17656 0.94392 0.17227 0.94382 0.15745 0.92820 0.15316 0.92810 0.12134 0.90063 0.10657 0.88119 0.08527 0.86923 0.07684 0.85758 0.07041 0.85743 0.05769 0.84568 0.05126 0.84553 0.03006 0.82594 0.01509 0.82177 0.01090 0.81404 0.00661 0.81393 0.00000 0.80581 0.00000 0.98845
