6 0.24902 0.95486 0.24512 0.95486 0.23730 0.94445 0.23340 0.94445 0.21973 0.93055 0.21582 0.93055 0.20215 0.91667 0.19824 0.91667 0.18457 0.90278 0.18066 0.90278 0.16894 0.89236 0.16309 0.89236 0.14941 0.87847 0.13965 0.87500 0.12988 0.86458 0.12012 0.86111 0.10059 0.84375 0.08691 0.83680 0.06934 0.81945 0.04590 0.80555 0.02637 0.78472 0.01074 0.78125 0.00879 0.77778 0.00000 0.77952 0.00098 0.99653 0.29297 0.99827 0.29687 0.99479 0.27637 0.97570 0.26270 0.96875 0.24902 0.95486
2 0.25586 0.86632 0.25586 0.85590 0.25293 0.85070 0.23730 0.85070 0.23340 0.84722 0.23047 0.83160 0.21973 0.82639 0.21484 0.81077 0.21484 0.80035 0.22070 0.78298 0.22266 0.76562 0.22852 0.75173 0.23633 0.70660 0.23828 0.68577 0.23340 0.67361 0.17480 0.68055 0.16016 0.68923 0.16211 0.70660 0.17578 0.73438 0.18945 0.77604 0.19922 0.79340 0.19922 0.83160 0.18555 0.84896 0.18457 0.86805 0.16992 0.87673 0.16992 0.88715 0.17285 0.89236 0.17871 0.89236 0.18066 0.89583 0.19727 0.89410 0.22168 0.88889 0.23926 0.87500 0.25293 0.87153 0.25586 0.86632
6 0.24902 0.95486 0.24512 0.95486 0.23730 0.94445 0.23340 0.94445 0.21973 0.93055 0.21582 0.93055 0.20215 0.91667 0.19824 0.91667 0.18457 0.90278 0.18066 0.90278 0.16894 0.89236 0.16309 0.89236 0.14941 0.87847 0.13965 0.87500 0.12988 0.86458 0.12012 0.86111 0.10059 0.84375 0.08691 0.83680 0.06934 0.81945 0.04590 0.80555 0.02637 0.78472 0.01074 0.78125 0.00879 0.77778 0.00000 0.77952 0.00098 0.99653 0.29297 0.99827 0.29687 0.99479 0.27637 0.97570 0.26270 0.96875 0.24902 0.95486
2 0.25586 0.86632 0.25586 0.85590 0.25293 0.85070 0.23730 0.85070 0.23340 0.84722 0.23047 0.83160 0.21973 0.82639 0.21484 0.81077 0.21484 0.80035 0.22070 0.78298 0.22266 0.76562 0.22852 0.75173 0.23633 0.70660 0.23828 0.68577 0.23340 0.67361 0.17480 0.68055 0.16016 0.68923 0.16211 0.70660 0.17578 0.73438 0.18945 0.77604 0.19922 0.79340 0.19922 0.83160 0.18555 0.84896 0.18457 0.86805 0.16992 0.87673 0.16992 0.88715 0.17285 0.89236 0.17871 0.89236 0.18066 0.89583 0.19727 0.89410 0.22168 0.88889 0.23926 0.87500 0.25293 0.87153 0.25586 0.86632
6 0.24902 0.95486 0.24512 0.95486 0.23730 0.94445 0.23340 0.94445 0.21973 0.93055 0.21582 0.93055 0.20215 0.91667 0.19824 0.91667 0.18457 0.90278 0.18066 0.90278 0.16894 0.89236 0.16309 0.89236 0.14941 0.87847 0.13965 0.87500 0.12988 0.86458 0.12012 0.86111 0.10059 0.84375 0.08691 0.83680 0.06934 0.81945 0.04590 0.80555 0.02637 0.78472 0.01074 0.78125 0.00879 0.77778 0.00000 0.77952 0.00098 0.99653 0.29297 0.99827 0.29687 0.99479 0.27637 0.97570 0.26270 0.96875 0.24902 0.95486
2 0.25586 0.86632 0.25586 0.85590 0.25293 0.85070 0.23730 0.85070 0.23340 0.84722 0.23047 0.83160 0.21973 0.82639 0.21484 0.81077 0.21484 0.80035 0.22070 0.78298 0.22266 0.76562 0.22852 0.75173 0.23633 0.70660 0.23828 0.68577 0.23340 0.67361 0.17480 0.68055 0.16016 0.68923 0.16211 0.70660 0.17578 0.73438 0.18945 0.77604 0.19922 0.79340 0.19922 0.83160 0.18555 0.84896 0.18457 0.86805 0.16992 0.87673 0.16992 0.88715 0.17285 0.89236 0.17871 0.89236 0.18066 0.89583 0.19727 0.89410 0.22168 0.88889 0.23926 0.87500 0.25293 0.87153 0.25586 0.86632
6 0.24902 0.95486 0.24512 0.95486 0.23730 0.94445 0.23340 0.94445 0.21973 0.93055 0.21582 0.93055 0.20215 0.91667 0.19824 0.91667 0.18457 0.90278 0.18066 0.90278 0.16894 0.89236 0.16309 0.89236 0.14941 0.87847 0.13965 0.87500 0.12988 0.86458 0.12012 0.86111 0.10059 0.84375 0.08691 0.83680 0.06934 0.81945 0.04590 0.80555 0.02637 0.78472 0.01074 0.78125 0.00879 0.77778 0.00000 0.77952 0.00098 0.99653 0.29297 0.99827 0.29687 0.99479 0.27637 0.97570 0.26270 0.96875 0.24902 0.95486
2 0.25586 0.86632 0.25586 0.85590 0.25293 0.85070 0.23730 0.85070 0.23340 0.84722 0.23047 0.83160 0.21973 0.82639 0.21484 0.81077 0.21484 0.80035 0.22070 0.78298 0.22266 0.76562 0.22852 0.75173 0.23633 0.70660 0.23828 0.68577 0.23340 0.67361 0.17480 0.68055 0.16016 0.68923 0.16211 0.70660 0.17578 0.73438 0.18945 0.77604 0.19922 0.79340 0.19922 0.83160 0.18555 0.84896 0.18457 0.86805 0.16992 0.87673 0.16992 0.88715 0.17285 0.89236 0.17871 0.89236 0.18066 0.89583 0.19727 0.89410 0.22168 0.88889 0.23926 0.87500 0.25293 0.87153 0.25586 0.86632
6 0.24902 0.95486 0.24512 0.95486 0.23730 0.94445 0.23340 0.94445 0.21973 0.93055 0.21582 0.93055 0.20215 0.91667 0.19824 0.91667 0.18457 0.90278 0.18066 0.90278 0.16894 0.89236 0.16309 0.89236 0.14941 0.87847 0.13965 0.87500 0.12988 0.86458 0.12012 0.86111 0.10059 0.84375 0.08691 0.83680 0.06934 0.81945 0.04590 0.80555 0.02637 0.78472 0.01074 0.78125 0.00879 0.77778 0.00000 0.77952 0.00098 0.99653 0.29297 0.99827 0.29687 0.99479 0.27637 0.97570 0.26270 0.96875 0.24902 0.95486
2 0.25586 0.86632 0.25586 0.85590 0.25293 0.85070 0.23730 0.85070 0.23340 0.84722 0.23047 0.83160 0.21973 0.82639 0.21484 0.81077 0.21484 0.80035 0.22070 0.78298 0.22266 0.76562 0.22852 0.75173 0.23633 0.70660 0.23828 0.68577 0.23340 0.67361 0.17480 0.68055 0.16016 0.68923 0.16211 0.70660 0.17578 0.73438 0.18945 0.77604 0.19922 0.79340 0.19922 0.83160 0.18555 0.84896 0.18457 0.86805 0.16992 0.87673 0.16992 0.88715 0.17285 0.89236 0.17871 0.89236 0.18066 0.89583 0.19727 0.89410 0.22168 0.88889 0.23926 0.87500 0.25293 0.87153 0.25586 0.86632
6 0.24902 0.95486 0.24512 0.95486 0.23730 0.94445 0.23340 0.94445 0.21973 0.93055 0.21582 0.93055 0.20215 0.91667 0.19824 0.91667 0.18457 0.90278 0.18066 0.90278 0.16894 0.89236 0.16309 0.89236 0.14941 0.87847 0.13965 0.87500 0.12988 0.86458 0.12012 0.86111 0.10059 0.84375 0.08691 0.83680 0.06934 0.81945 0.04590 0.80555 0.02637 0.78472 0.01074 0.78125 0.00879 0.77778 0.00000 0.77952 0.00098 0.99653 0.29297 0.99827 0.29687 0.99479 0.27637 0.97570 0.26270 0.96875 0.24902 0.95486
2 0.25586 0.86632 0.25586 0.85590 0.25293 0.85070 0.23730 0.85070 0.23340 0.84722 0.23047 0.83160 0.21973 0.82639 0.21484 0.81077 0.21484 0.80035 0.22070 0.78298 0.22266 0.76562 0.22852 0.75173 0.23633 0.70660 0.23828 0.68577 0.23340 0.67361 0.17480 0.68055 0.16016 0.68923 0.16211 0.70660 0.17578 0.73438 0.18945 0.77604 0.19922 0.79340 0.19922 0.83160 0.18555 0.84896 0.18457 0.86805 0.16992 0.87673 0.16992 0.88715 0.17285 0.89236 0.17871 0.89236 0.18066 0.89583 0.19727 0.89410 0.22168 0.88889 0.23926 0.87500 0.25293 0.87153 0.25586 0.86632
