4 0.70728 0.47793 0.70561 0.49201 0.70321 0.49511 0.70226 0.52018 0.70496 0.53157 0.71476 0.55168 0.71392 0.55873 0.70474 0.56762 0.70030 0.57931 0.69436 0.57806 0.69076 0.58271 0.68993 0.58975 0.69263 0.60115 0.70320 0.62323 0.73213 0.62753 0.73531 0.62640 0.73933 0.61822 0.74184 0.59710 0.73398 0.58641 0.72466 0.55377 0.73660 0.54727 0.74740 0.53330 0.75303 0.52006 0.75555 0.49893 0.74425 0.46587 0.72882 0.45901 0.70728 0.47793
7 0.40962 0.50536 0.41196 0.51126 0.41713 0.51055 0.41682 0.49605 0.42042 0.49139 0.42438 0.49223 0.42882 0.48053 0.42767 0.47307 0.43574 0.38816 0.41911 0.38284 0.41624 0.39848 0.41780 0.40242 0.40974 0.48733 0.41130 0.49127 0.40962 0.50536
7 0.45030 0.47063 0.44561 0.45881 0.44843 0.45219 0.45566 0.37431 0.43903 0.36900 0.43197 0.41984 0.43353 0.42378 0.43060 0.44843 0.43331 0.45982 0.42882 0.48053 0.44862 0.48471 0.45030 0.47063
6 0.91330 1.00000 0.68527 0.58336 0.69639 0.58089 0.70571 0.57083 0.70982 0.54764 0.70406 0.53920 0.69829 0.53077 0.42669 0.49271 0.42161 0.50127 0.43294 0.50847 0.43167 0.54189 0.18501 0.93978 0.47046 1.00000 0.91330 1.00000
6 0.99565 0.58896 0.74675 0.54821 0.73289 0.56614 0.73316 0.57903 0.73538 0.59072 0.99045 0.63276 0.99565 0.58896
6 0.00000 0.46576 0.12167 0.48530 0.12857 0.48035 0.24343 0.49335 0.25007 0.47550 0.25934 0.45821 0.00365 0.41691 0.00000 0.44758 0.00000 0.46576
4 0.70728 0.47793 0.70561 0.49201 0.70321 0.49511 0.70226 0.52018 0.70496 0.53157 0.71476 0.55168 0.71392 0.55873 0.70474 0.56762 0.70030 0.57931 0.69436 0.57806 0.69076 0.58271 0.68993 0.58975 0.69263 0.60115 0.70320 0.62323 0.73213 0.62753 0.73531 0.62640 0.73933 0.61822 0.74184 0.59710 0.73398 0.58641 0.72466 0.55377 0.73660 0.54727 0.74740 0.53330 0.75303 0.52006 0.75555 0.49893 0.74425 0.46587 0.72882 0.45901 0.70728 0.47793
7 0.40962 0.50536 0.41196 0.51126 0.41713 0.51055 0.41682 0.49605 0.42042 0.49139 0.42438 0.49223 0.42882 0.48053 0.42767 0.47307 0.43574 0.38816 0.41911 0.38284 0.41624 0.39848 0.41780 0.40242 0.40974 0.48733 0.41130 0.49127 0.40962 0.50536
7 0.45030 0.47063 0.44561 0.45881 0.44843 0.45219 0.45566 0.37431 0.43903 0.36900 0.43197 0.41984 0.43353 0.42378 0.43060 0.44843 0.43331 0.45982 0.42882 0.48053 0.44862 0.48471 0.45030 0.47063
6 0.91330 1.00000 0.68527 0.58336 0.69639 0.58089 0.70571 0.57083 0.70982 0.54764 0.70406 0.53920 0.69829 0.53077 0.42669 0.49271 0.42161 0.50127 0.43294 0.50847 0.43167 0.54189 0.18501 0.93978 0.47046 1.00000 0.91330 1.00000
6 0.99565 0.58896 0.74675 0.54821 0.73289 0.56614 0.73316 0.57903 0.73538 0.59072 0.99045 0.63276 0.99565 0.58896
6 0.00000 0.46576 0.12167 0.48530 0.12857 0.48035 0.24343 0.49335 0.25007 0.47550 0.25934 0.45821 0.00365 0.41691 0.00000 0.44758 0.00000 0.46576
4 0.70728 0.47793 0.70561 0.49201 0.70321 0.49511 0.70226 0.52018 0.70496 0.53157 0.71476 0.55168 0.71392 0.55873 0.70474 0.56762 0.70030 0.57931 0.69436 0.57806 0.69076 0.58271 0.68993 0.58975 0.69263 0.60115 0.70320 0.62323 0.73213 0.62753 0.73531 0.62640 0.73933 0.61822 0.74184 0.59710 0.73398 0.58641 0.72466 0.55377 0.73660 0.54727 0.74740 0.53330 0.75303 0.52006 0.75555 0.49893 0.74425 0.46587 0.72882 0.45901 0.70728 0.47793
7 0.40962 0.50536 0.41196 0.51126 0.41713 0.51055 0.41682 0.49605 0.42042 0.49139 0.42438 0.49223 0.42882 0.48053 0.42767 0.47307 0.43574 0.38816 0.41911 0.38284 0.41624 0.39848 0.41780 0.40242 0.40974 0.48733 0.41130 0.49127 0.40962 0.50536
7 0.45030 0.47063 0.44561 0.45881 0.44843 0.45219 0.45566 0.37431 0.43903 0.36900 0.43197 0.41984 0.43353 0.42378 0.43060 0.44843 0.43331 0.45982 0.42882 0.48053 0.44862 0.48471 0.45030 0.47063
6 0.91330 1.00000 0.68527 0.58336 0.69639 0.58089 0.70571 0.57083 0.70982 0.54764 0.70406 0.53920 0.69829 0.53077 0.42669 0.49271 0.42161 0.50127 0.43294 0.50847 0.43167 0.54189 0.18501 0.93978 0.47046 1.00000 0.91330 1.00000
6 0.99565 0.58896 0.74675 0.54821 0.73289 0.56614 0.73316 0.57903 0.73538 0.59072 0.99045 0.63276 0.99565 0.58896
6 0.00000 0.46576 0.12167 0.48530 0.12857 0.48035 0.24343 0.49335 0.25007 0.47550 0.25934 0.45821 0.00365 0.41691 0.00000 0.44758 0.00000 0.46576
4 0.70728 0.47793 0.70561 0.49201 0.70321 0.49511 0.70226 0.52018 0.70496 0.53157 0.71476 0.55168 0.71392 0.55873 0.70474 0.56762 0.70030 0.57931 0.69436 0.57806 0.69076 0.58271 0.68993 0.58975 0.69263 0.60115 0.70320 0.62323 0.73213 0.62753 0.73531 0.62640 0.73933 0.61822 0.74184 0.59710 0.73398 0.58641 0.72466 0.55377 0.73660 0.54727 0.74740 0.53330 0.75303 0.52006 0.75555 0.49893 0.74425 0.46587 0.72882 0.45901 0.70728 0.47793
7 0.40962 0.50536 0.41196 0.51126 0.41713 0.51055 0.41682 0.49605 0.42042 0.49139 0.42438 0.49223 0.42882 0.48053 0.42767 0.47307 0.43574 0.38816 0.41911 0.38284 0.41624 0.39848 0.41780 0.40242 0.40974 0.48733 0.41130 0.49127 0.40962 0.50536
7 0.45030 0.47063 0.44561 0.45881 0.44843 0.45219 0.45566 0.37431 0.43903 0.36900 0.43197 0.41984 0.43353 0.42378 0.43060 0.44843 0.43331 0.45982 0.42882 0.48053 0.44862 0.48471 0.45030 0.47063
6 0.91330 1.00000 0.68527 0.58336 0.69639 0.58089 0.70571 0.57083 0.70982 0.54764 0.70406 0.53920 0.69829 0.53077 0.42669 0.49271 0.42161 0.50127 0.43294 0.50847 0.43167 0.54189 0.18501 0.93978 0.47046 1.00000 0.91330 1.00000
6 0.99565 0.58896 0.74675 0.54821 0.73289 0.56614 0.73316 0.57903 0.73538 0.59072 0.99045 0.63276 0.99565 0.58896
6 0.00000 0.46576 0.12167 0.48530 0.12857 0.48035 0.24343 0.49335 0.25007 0.47550 0.25934 0.45821 0.00365 0.41691 0.00000 0.44758 0.00000 0.46576
4 0.70728 0.47793 0.70561 0.49201 0.70321 0.49511 0.70226 0.52018 0.70496 0.53157 0.71476 0.55168 0.71392 0.55873 0.70474 0.56762 0.70030 0.57931 0.69436 0.57806 0.69076 0.58271 0.68993 0.58975 0.69263 0.60115 0.70320 0.62323 0.73213 0.62753 0.73531 0.62640 0.73933 0.61822 0.74184 0.59710 0.73398 0.58641 0.72466 0.55377 0.73660 0.54727 0.74740 0.53330 0.75303 0.52006 0.75555 0.49893 0.74425 0.46587 0.72882 0.45901 0.70728 0.47793
7 0.40962 0.50536 0.41196 0.51126 0.41713 0.51055 0.41682 0.49605 0.42042 0.49139 0.42438 0.49223 0.42882 0.48053 0.42767 0.47307 0.43574 0.38816 0.41911 0.38284 0.41624 0.39848 0.41780 0.40242 0.40974 0.48733 0.41130 0.49127 0.40962 0.50536
7 0.45030 0.47063 0.44561 0.45881 0.44843 0.45219 0.45566 0.37431 0.43903 0.36900 0.43197 0.41984 0.43353 0.42378 0.43060 0.44843 0.43331 0.45982 0.42882 0.48053 0.44862 0.48471 0.45030 0.47063
6 0.91330 1.00000 0.68527 0.58336 0.69639 0.58089 0.70571 0.57083 0.70982 0.54764 0.70406 0.53920 0.69829 0.53077 0.42669 0.49271 0.42161 0.50127 0.43294 0.50847 0.43167 0.54189 0.18501 0.93978 0.47046 1.00000 0.91330 1.00000
6 0.99565 0.58896 0.74675 0.54821 0.73289 0.56614 0.73316 0.57903 0.73538 0.59072 0.99045 0.63276 0.99565 0.58896
6 0.00000 0.46576 0.12167 0.48530 0.12857 0.48035 0.24343 0.49335 0.25007 0.47550 0.25934 0.45821 0.00365 0.41691 0.00000 0.44758 0.00000 0.46576
4 0.70728 0.47793 0.70561 0.49201 0.70321 0.49511 0.70226 0.52018 0.70496 0.53157 0.71476 0.55168 0.71392 0.55873 0.70474 0.56762 0.70030 0.57931 0.69436 0.57806 0.69076 0.58271 0.68993 0.58975 0.69263 0.60115 0.70320 0.62323 0.73213 0.62753 0.73531 0.62640 0.73933 0.61822 0.74184 0.59710 0.73398 0.58641 0.72466 0.55377 0.73660 0.54727 0.74740 0.53330 0.75303 0.52006 0.75555 0.49893 0.74425 0.46587 0.72882 0.45901 0.70728 0.47793
7 0.40962 0.50536 0.41196 0.51126 0.41713 0.51055 0.41682 0.49605 0.42042 0.49139 0.42438 0.49223 0.42882 0.48053 0.42767 0.47307 0.43574 0.38816 0.41911 0.38284 0.41624 0.39848 0.41780 0.40242 0.40974 0.48733 0.41130 0.49127 0.40962 0.50536
7 0.45030 0.47063 0.44561 0.45881 0.44843 0.45219 0.45566 0.37431 0.43903 0.36900 0.43197 0.41984 0.43353 0.42378 0.43060 0.44843 0.43331 0.45982 0.42882 0.48053 0.44862 0.48471 0.45030 0.47063
6 0.91330 1.00000 0.68527 0.58336 0.69639 0.58089 0.70571 0.57083 0.70982 0.54764 0.70406 0.53920 0.69829 0.53077 0.42669 0.49271 0.42161 0.50127 0.43294 0.50847 0.43167 0.54189 0.18501 0.93978 0.47046 1.00000 0.91330 1.00000
6 0.99565 0.58896 0.74675 0.54821 0.73289 0.56614 0.73316 0.57903 0.73538 0.59072 0.99045 0.63276 0.99565 0.58896
6 0.00000 0.46576 0.12167 0.48530 0.12857 0.48035 0.24343 0.49335 0.25007 0.47550 0.25934 0.45821 0.00365 0.41691 0.00000 0.44758 0.00000 0.46576
