6 0.04092 0.00000 0.01856 0.01076 0.01596 0.07700 0.04234 0.06957 0.07604 0.08364 0.24811 0.59962 0.31042 0.82431 0.29256 0.90979 0.24918 0.98318 0.49017 1.00000 0.98101 1.00000 1.00000 0.51744 1.00000 0.48700 0.87572 0.38768 0.69633 0.29649 0.41878 0.09734 0.30690 0.01566 0.22445 0.00000 0.04092 0.00000
5 0.55279 0.13287 0.53032 0.13516 0.52899 0.15048 0.57136 0.16565 0.60926 0.14773 0.60807 0.13741 0.58599 0.12627 0.58505 0.10236 0.57424 0.10161 0.57173 0.07380 0.58281 0.07423 0.59170 0.03677 0.59292 0.00580 0.54229 0.00227 0.54136 0.02953 0.54230 0.04603 0.55603 0.07926 0.56031 0.10706 0.55044 0.11922 0.55279 0.13287
6 0.04092 0.00000 0.01856 0.01076 0.01596 0.07700 0.04234 0.06957 0.07604 0.08364 0.24811 0.59962 0.31042 0.82431 0.29256 0.90979 0.24918 0.98318 0.49017 1.00000 0.98101 1.00000 1.00000 0.51744 1.00000 0.48700 0.87572 0.38768 0.69633 0.29649 0.41878 0.09734 0.30690 0.01566 0.22445 0.00000 0.04092 0.00000
5 0.55279 0.13287 0.53032 0.13516 0.52899 0.15048 0.57136 0.16565 0.60926 0.14773 0.60807 0.13741 0.58599 0.12627 0.58505 0.10236 0.57424 0.10161 0.57173 0.07380 0.58281 0.07423 0.59170 0.03677 0.59292 0.00580 0.54229 0.00227 0.54136 0.02953 0.54230 0.04603 0.55603 0.07926 0.56031 0.10706 0.55044 0.11922 0.55279 0.13287
6 0.04092 0.00000 0.01856 0.01076 0.01596 0.07700 0.04234 0.06957 0.07604 0.08364 0.24811 0.59962 0.31042 0.82431 0.29256 0.90979 0.24918 0.98318 0.49017 1.00000 0.98101 1.00000 1.00000 0.51744 1.00000 0.48700 0.87572 0.38768 0.69633 0.29649 0.41878 0.09734 0.30690 0.01566 0.22445 0.00000 0.04092 0.00000
5 0.55279 0.13287 0.53032 0.13516 0.52899 0.15048 0.57136 0.16565 0.60926 0.14773 0.60807 0.13741 0.58599 0.12627 0.58505 0.10236 0.57424 0.10161 0.57173 0.07380 0.58281 0.07423 0.59170 0.03677 0.59292 0.00580 0.54229 0.00227 0.54136 0.02953 0.54230 0.04603 0.55603 0.07926 0.56031 0.10706 0.55044 0.11922 0.55279 0.13287
6 0.04092 0.00000 0.01856 0.01076 0.01596 0.07700 0.04234 0.06957 0.07604 0.08364 0.24811 0.59962 0.31042 0.82431 0.29256 0.90979 0.24918 0.98318 0.49017 1.00000 0.98101 1.00000 1.00000 0.51744 1.00000 0.48700 0.87572 0.38768 0.69633 0.29649 0.41878 0.09734 0.30690 0.01566 0.22445 0.00000 0.04092 0.00000
5 0.55279 0.13287 0.53032 0.13516 0.52899 0.15048 0.57136 0.16565 0.60926 0.14773 0.60807 0.13741 0.58599 0.12627 0.58505 0.10236 0.57424 0.10161 0.57173 0.07380 0.58281 0.07423 0.59170 0.03677 0.59292 0.00580 0.54229 0.00227 0.54136 0.02953 0.54230 0.04603 0.55603 0.07926 0.56031 0.10706 0.55044 0.11922 0.55279 0.13287
6 0.04092 0.00000 0.01856 0.01076 0.01596 0.07700 0.04234 0.06957 0.07604 0.08364 0.24811 0.59962 0.31042 0.82431 0.29256 0.90979 0.24918 0.98318 0.49017 1.00000 0.98101 1.00000 1.00000 0.51744 1.00000 0.48700 0.87572 0.38768 0.69633 0.29649 0.41878 0.09734 0.30690 0.01566 0.22445 0.00000 0.04092 0.00000
5 0.55279 0.13287 0.53032 0.13516 0.52899 0.15048 0.57136 0.16565 0.60926 0.14773 0.60807 0.13741 0.58599 0.12627 0.58505 0.10236 0.57424 0.10161 0.57173 0.07380 0.58281 0.07423 0.59170 0.03677 0.59292 0.00580 0.54229 0.00227 0.54136 0.02953 0.54230 0.04603 0.55603 0.07926 0.56031 0.10706 0.55044 0.11922 0.55279 0.13287
6 0.04092 0.00000 0.01856 0.01076 0.01596 0.07700 0.04234 0.06957 0.07604 0.08364 0.24811 0.59962 0.31042 0.82431 0.29256 0.90979 0.24918 0.98318 0.49017 1.00000 0.98101 1.00000 1.00000 0.51744 1.00000 0.48700 0.87572 0.38768 0.69633 0.29649 0.41878 0.09734 0.30690 0.01566 0.22445 0.00000 0.04092 0.00000
5 0.55279 0.13287 0.53032 0.13516 0.52899 0.15048 0.57136 0.16565 0.60926 0.14773 0.60807 0.13741 0.58599 0.12627 0.58505 0.10236 0.57424 0.10161 0.57173 0.07380 0.58281 0.07423 0.59170 0.03677 0.59292 0.00580 0.54229 0.00227 0.54136 0.02953 0.54230 0.04603 0.55603 0.07926 0.56031 0.10706 0.55044 0.11922 0.55279 0.13287
