6 0.26074 0.95486 0.25684 0.95486 0.24512 0.94097 0.24121 0.94097 0.21973 0.92014 0.20020 0.90972 0.17676 0.88889 0.16699 0.88542 0.16113 0.87847 0.12793 0.85764 0.08301 0.81945 0.05957 0.80555 0.04004 0.78472 0.01660 0.77778 0.01465 0.77430 0.00000 0.77604 0.00098 0.99653 0.00684 1.00000 0.00879 0.99653 0.02246 0.99653 0.02441 1.00000 0.02637 0.99653 0.30664 0.99827 0.30566 0.99305 0.27832 0.96875 0.26465 0.96180 0.26074 0.95486
2 0.25293 0.87153 0.26562 0.86979 0.26465 0.85070 0.24512 0.84722 0.23730 0.82639 0.22949 0.82639 0.22461 0.81423 0.22461 0.79688 0.22852 0.77604 0.23633 0.75173 0.24609 0.69618 0.24609 0.67882 0.24316 0.67361 0.21777 0.67361 0.21582 0.67708 0.18066 0.68055 0.17871 0.68403 0.17285 0.68403 0.16992 0.69271 0.17187 0.70312 0.17969 0.71702 0.19336 0.75173 0.19531 0.76215 0.20117 0.77257 0.20313 0.78298 0.20703 0.78993 0.20703 0.80382 0.20899 0.80729 0.20899 0.83160 0.19727 0.84548 0.19727 0.86632 0.18262 0.87153 0.17773 0.88021 0.18262 0.89236 0.19043 0.89236 0.19238 0.89583 0.20313 0.89410 0.21582 0.89236 0.21777 0.88889 0.23926 0.88195 0.25293 0.87153
6 0.26074 0.95486 0.25684 0.95486 0.24512 0.94097 0.24121 0.94097 0.21973 0.92014 0.20020 0.90972 0.17676 0.88889 0.16699 0.88542 0.16113 0.87847 0.12793 0.85764 0.08301 0.81945 0.05957 0.80555 0.04004 0.78472 0.01660 0.77778 0.01465 0.77430 0.00000 0.77604 0.00098 0.99653 0.00684 1.00000 0.00879 0.99653 0.02246 0.99653 0.02441 1.00000 0.02637 0.99653 0.30664 0.99827 0.30566 0.99305 0.27832 0.96875 0.26465 0.96180 0.26074 0.95486
2 0.25293 0.87153 0.26562 0.86979 0.26465 0.85070 0.24512 0.84722 0.23730 0.82639 0.22949 0.82639 0.22461 0.81423 0.22461 0.79688 0.22852 0.77604 0.23633 0.75173 0.24609 0.69618 0.24609 0.67882 0.24316 0.67361 0.21777 0.67361 0.21582 0.67708 0.18066 0.68055 0.17871 0.68403 0.17285 0.68403 0.16992 0.69271 0.17187 0.70312 0.17969 0.71702 0.19336 0.75173 0.19531 0.76215 0.20117 0.77257 0.20313 0.78298 0.20703 0.78993 0.20703 0.80382 0.20899 0.80729 0.20899 0.83160 0.19727 0.84548 0.19727 0.86632 0.18262 0.87153 0.17773 0.88021 0.18262 0.89236 0.19043 0.89236 0.19238 0.89583 0.20313 0.89410 0.21582 0.89236 0.21777 0.88889 0.23926 0.88195 0.25293 0.87153
6 0.26074 0.95486 0.25684 0.95486 0.24512 0.94097 0.24121 0.94097 0.21973 0.92014 0.20020 0.90972 0.17676 0.88889 0.16699 0.88542 0.16113 0.87847 0.12793 0.85764 0.08301 0.81945 0.05957 0.80555 0.04004 0.78472 0.01660 0.77778 0.01465 0.77430 0.00000 0.77604 0.00098 0.99653 0.00684 1.00000 0.00879 0.99653 0.02246 0.99653 0.02441 1.00000 0.02637 0.99653 0.30664 0.99827 0.30566 0.99305 0.27832 0.96875 0.26465 0.96180 0.26074 0.95486
2 0.25293 0.87153 0.26562 0.86979 0.26465 0.85070 0.24512 0.84722 0.23730 0.82639 0.22949 0.82639 0.22461 0.81423 0.22461 0.79688 0.22852 0.77604 0.23633 0.75173 0.24609 0.69618 0.24609 0.67882 0.24316 0.67361 0.21777 0.67361 0.21582 0.67708 0.18066 0.68055 0.17871 0.68403 0.17285 0.68403 0.16992 0.69271 0.17187 0.70312 0.17969 0.71702 0.19336 0.75173 0.19531 0.76215 0.20117 0.77257 0.20313 0.78298 0.20703 0.78993 0.20703 0.80382 0.20899 0.80729 0.20899 0.83160 0.19727 0.84548 0.19727 0.86632 0.18262 0.87153 0.17773 0.88021 0.18262 0.89236 0.19043 0.89236 0.19238 0.89583 0.20313 0.89410 0.21582 0.89236 0.21777 0.88889 0.23926 0.88195 0.25293 0.87153
6 0.26074 0.95486 0.25684 0.95486 0.24512 0.94097 0.24121 0.94097 0.21973 0.92014 0.20020 0.90972 0.17676 0.88889 0.16699 0.88542 0.16113 0.87847 0.12793 0.85764 0.08301 0.81945 0.05957 0.80555 0.04004 0.78472 0.01660 0.77778 0.01465 0.77430 0.00000 0.77604 0.00098 0.99653 0.00684 1.00000 0.00879 0.99653 0.02246 0.99653 0.02441 1.00000 0.02637 0.99653 0.30664 0.99827 0.30566 0.99305 0.27832 0.96875 0.26465 0.96180 0.26074 0.95486
2 0.25293 0.87153 0.26562 0.86979 0.26465 0.85070 0.24512 0.84722 0.23730 0.82639 0.22949 0.82639 0.22461 0.81423 0.22461 0.79688 0.22852 0.77604 0.23633 0.75173 0.24609 0.69618 0.24609 0.67882 0.24316 0.67361 0.21777 0.67361 0.21582 0.67708 0.18066 0.68055 0.17871 0.68403 0.17285 0.68403 0.16992 0.69271 0.17187 0.70312 0.17969 0.71702 0.19336 0.75173 0.19531 0.76215 0.20117 0.77257 0.20313 0.78298 0.20703 0.78993 0.20703 0.80382 0.20899 0.80729 0.20899 0.83160 0.19727 0.84548 0.19727 0.86632 0.18262 0.87153 0.17773 0.88021 0.18262 0.89236 0.19043 0.89236 0.19238 0.89583 0.20313 0.89410 0.21582 0.89236 0.21777 0.88889 0.23926 0.88195 0.25293 0.87153
6 0.26074 0.95486 0.25684 0.95486 0.24512 0.94097 0.24121 0.94097 0.21973 0.92014 0.20020 0.90972 0.17676 0.88889 0.16699 0.88542 0.16113 0.87847 0.12793 0.85764 0.08301 0.81945 0.05957 0.80555 0.04004 0.78472 0.01660 0.77778 0.01465 0.77430 0.00000 0.77604 0.00098 0.99653 0.00684 1.00000 0.00879 0.99653 0.02246 0.99653 0.02441 1.00000 0.02637 0.99653 0.30664 0.99827 0.30566 0.99305 0.27832 0.96875 0.26465 0.96180 0.26074 0.95486
2 0.25293 0.87153 0.26562 0.86979 0.26465 0.85070 0.24512 0.84722 0.23730 0.82639 0.22949 0.82639 0.22461 0.81423 0.22461 0.79688 0.22852 0.77604 0.23633 0.75173 0.24609 0.69618 0.24609 0.67882 0.24316 0.67361 0.21777 0.67361 0.21582 0.67708 0.18066 0.68055 0.17871 0.68403 0.17285 0.68403 0.16992 0.69271 0.17187 0.70312 0.17969 0.71702 0.19336 0.75173 0.19531 0.76215 0.20117 0.77257 0.20313 0.78298 0.20703 0.78993 0.20703 0.80382 0.20899 0.80729 0.20899 0.83160 0.19727 0.84548 0.19727 0.86632 0.18262 0.87153 0.17773 0.88021 0.18262 0.89236 0.19043 0.89236 0.19238 0.89583 0.20313 0.89410 0.21582 0.89236 0.21777 0.88889 0.23926 0.88195 0.25293 0.87153
6 0.26074 0.95486 0.25684 0.95486 0.24512 0.94097 0.24121 0.94097 0.21973 0.92014 0.20020 0.90972 0.17676 0.88889 0.16699 0.88542 0.16113 0.87847 0.12793 0.85764 0.08301 0.81945 0.05957 0.80555 0.04004 0.78472 0.01660 0.77778 0.01465 0.77430 0.00000 0.77604 0.00098 0.99653 0.00684 1.00000 0.00879 0.99653 0.02246 0.99653 0.02441 1.00000 0.02637 0.99653 0.30664 0.99827 0.30566 0.99305 0.27832 0.96875 0.26465 0.96180 0.26074 0.95486
2 0.25293 0.87153 0.26562 0.86979 0.26465 0.85070 0.24512 0.84722 0.23730 0.82639 0.22949 0.82639 0.22461 0.81423 0.22461 0.79688 0.22852 0.77604 0.23633 0.75173 0.24609 0.69618 0.24609 0.67882 0.24316 0.67361 0.21777 0.67361 0.21582 0.67708 0.18066 0.68055 0.17871 0.68403 0.17285 0.68403 0.16992 0.69271 0.17187 0.70312 0.17969 0.71702 0.19336 0.75173 0.19531 0.76215 0.20117 0.77257 0.20313 0.78298 0.20703 0.78993 0.20703 0.80382 0.20899 0.80729 0.20899 0.83160 0.19727 0.84548 0.19727 0.86632 0.18262 0.87153 0.17773 0.88021 0.18262 0.89236 0.19043 0.89236 0.19238 0.89583 0.20313 0.89410 0.21582 0.89236 0.21777 0.88889 0.23926 0.88195 0.25293 0.87153
