7 0.86914 0.18229 0.86426 0.17361 0.86035 0.17708 0.84375 0.17535 0.84375 0.15452 0.84570 0.15104 0.84961 0.09896 0.85156 0.09548 0.85156 0.07118 0.85547 0.05035 0.85547 0.02257 0.83691 0.02083 0.83594 0.03646 0.83399 0.03993 0.83399 0.06771 0.83203 0.07118 0.83008 0.10590 0.82813 0.10938 0.83008 0.11285 0.82617 0.13021 0.82422 0.16840 0.82129 0.17361 0.81738 0.17361 0.80859 0.18923 0.80859 0.22396 0.81543 0.22570 0.81934 0.21875 0.82324 0.21875 0.82520 0.22222 0.83496 0.22222 0.83691 0.22917 0.84082 0.22222 0.85645 0.22222 0.86035 0.23264 0.86328 0.23090 0.86719 0.22396 0.86719 0.21354 0.86914 0.21007 0.86914 0.18229
7 0.50000 0.16146 0.50195 0.15798 0.49512 0.14583 0.49121 0.14583 0.48828 0.14062 0.48828 0.12673 0.49023 0.12327 0.49219 0.09896 0.49609 0.08854 0.49609 0.05729 0.49805 0.05035 0.49512 0.04514 0.48828 0.04340 0.48828 0.01215 0.48535 0.00695 0.46777 0.00347 0.46289 0.01215 0.46289 0.02952 0.45703 0.05035 0.45899 0.08160 0.46289 0.09202 0.46289 0.10243 0.46094 0.10590 0.46094 0.14410 0.45410 0.14930 0.44727 0.16493 0.44727 0.20312 0.45020 0.20833 0.49414 0.20660 0.49805 0.19965 0.50195 0.18229 0.50195 0.16493 0.50000 0.16146
6 1.00000 0.53704 0.72656 0.07639 0.54427 0.06250 0.49089 0.21065 0.29427 0.18982 0.28906 0.22454 0.28646 0.22685 0.28646 0.30787 0.29297 0.30787 0.29297 0.32639 0.33333 0.33565 0.33203 0.36805 0.44141 0.37963 0.25521 0.99305 1.00000 1.00000 1.00000 0.53704
6 0.00000 0.32870 0.22005 0.36805 0.22656 0.37500 0.23047 0.33565 0.26172 0.33796 0.27344 0.31250 0.26953 0.28704 0.26042 0.29167 0.25651 0.27083 0.24609 0.24305 0.24609 0.21759 0.24740 0.18750 0.00000 0.16204 0.00000 0.32870
7 0.86914 0.18229 0.86426 0.17361 0.86035 0.17708 0.84375 0.17535 0.84375 0.15452 0.84570 0.15104 0.84961 0.09896 0.85156 0.09548 0.85156 0.07118 0.85547 0.05035 0.85547 0.02257 0.83691 0.02083 0.83594 0.03646 0.83399 0.03993 0.83399 0.06771 0.83203 0.07118 0.83008 0.10590 0.82813 0.10938 0.83008 0.11285 0.82617 0.13021 0.82422 0.16840 0.82129 0.17361 0.81738 0.17361 0.80859 0.18923 0.80859 0.22396 0.81543 0.22570 0.81934 0.21875 0.82324 0.21875 0.82520 0.22222 0.83496 0.22222 0.83691 0.22917 0.84082 0.22222 0.85645 0.22222 0.86035 0.23264 0.86328 0.23090 0.86719 0.22396 0.86719 0.21354 0.86914 0.21007 0.86914 0.18229
7 0.50000 0.16146 0.50195 0.15798 0.49512 0.14583 0.49121 0.14583 0.48828 0.14062 0.48828 0.12673 0.49023 0.12327 0.49219 0.09896 0.49609 0.08854 0.49609 0.05729 0.49805 0.05035 0.49512 0.04514 0.48828 0.04340 0.48828 0.01215 0.48535 0.00695 0.46777 0.00347 0.46289 0.01215 0.46289 0.02952 0.45703 0.05035 0.45899 0.08160 0.46289 0.09202 0.46289 0.10243 0.46094 0.10590 0.46094 0.14410 0.45410 0.14930 0.44727 0.16493 0.44727 0.20312 0.45020 0.20833 0.49414 0.20660 0.49805 0.19965 0.50195 0.18229 0.50195 0.16493 0.50000 0.16146
6 1.00000 0.53704 0.72656 0.07639 0.54427 0.06250 0.49089 0.21065 0.29427 0.18982 0.28906 0.22454 0.28646 0.22685 0.28646 0.30787 0.29297 0.30787 0.29297 0.32639 0.33333 0.33565 0.33203 0.36805 0.44141 0.37963 0.25521 0.99305 1.00000 1.00000 1.00000 0.53704
6 0.00000 0.32870 0.22005 0.36805 0.22656 0.37500 0.23047 0.33565 0.26172 0.33796 0.27344 0.31250 0.26953 0.28704 0.26042 0.29167 0.25651 0.27083 0.24609 0.24305 0.24609 0.21759 0.24740 0.18750 0.00000 0.16204 0.00000 0.32870
7 0.86914 0.18229 0.86426 0.17361 0.86035 0.17708 0.84375 0.17535 0.84375 0.15452 0.84570 0.15104 0.84961 0.09896 0.85156 0.09548 0.85156 0.07118 0.85547 0.05035 0.85547 0.02257 0.83691 0.02083 0.83594 0.03646 0.83399 0.03993 0.83399 0.06771 0.83203 0.07118 0.83008 0.10590 0.82813 0.10938 0.83008 0.11285 0.82617 0.13021 0.82422 0.16840 0.82129 0.17361 0.81738 0.17361 0.80859 0.18923 0.80859 0.22396 0.81543 0.22570 0.81934 0.21875 0.82324 0.21875 0.82520 0.22222 0.83496 0.22222 0.83691 0.22917 0.84082 0.22222 0.85645 0.22222 0.86035 0.23264 0.86328 0.23090 0.86719 0.22396 0.86719 0.21354 0.86914 0.21007 0.86914 0.18229
7 0.50000 0.16146 0.50195 0.15798 0.49512 0.14583 0.49121 0.14583 0.48828 0.14062 0.48828 0.12673 0.49023 0.12327 0.49219 0.09896 0.49609 0.08854 0.49609 0.05729 0.49805 0.05035 0.49512 0.04514 0.48828 0.04340 0.48828 0.01215 0.48535 0.00695 0.46777 0.00347 0.46289 0.01215 0.46289 0.02952 0.45703 0.05035 0.45899 0.08160 0.46289 0.09202 0.46289 0.10243 0.46094 0.10590 0.46094 0.14410 0.45410 0.14930 0.44727 0.16493 0.44727 0.20312 0.45020 0.20833 0.49414 0.20660 0.49805 0.19965 0.50195 0.18229 0.50195 0.16493 0.50000 0.16146
6 1.00000 0.53704 0.72656 0.07639 0.54427 0.06250 0.49089 0.21065 0.29427 0.18982 0.28906 0.22454 0.28646 0.22685 0.28646 0.30787 0.29297 0.30787 0.29297 0.32639 0.33333 0.33565 0.33203 0.36805 0.44141 0.37963 0.25521 0.99305 1.00000 1.00000 1.00000 0.53704
6 0.00000 0.32870 0.22005 0.36805 0.22656 0.37500 0.23047 0.33565 0.26172 0.33796 0.27344 0.31250 0.26953 0.28704 0.26042 0.29167 0.25651 0.27083 0.24609 0.24305 0.24609 0.21759 0.24740 0.18750 0.00000 0.16204 0.00000 0.32870
7 0.86914 0.18229 0.86426 0.17361 0.86035 0.17708 0.84375 0.17535 0.84375 0.15452 0.84570 0.15104 0.84961 0.09896 0.85156 0.09548 0.85156 0.07118 0.85547 0.05035 0.85547 0.02257 0.83691 0.02083 0.83594 0.03646 0.83399 0.03993 0.83399 0.06771 0.83203 0.07118 0.83008 0.10590 0.82813 0.10938 0.83008 0.11285 0.82617 0.13021 0.82422 0.16840 0.82129 0.17361 0.81738 0.17361 0.80859 0.18923 0.80859 0.22396 0.81543 0.22570 0.81934 0.21875 0.82324 0.21875 0.82520 0.22222 0.83496 0.22222 0.83691 0.22917 0.84082 0.22222 0.85645 0.22222 0.86035 0.23264 0.86328 0.23090 0.86719 0.22396 0.86719 0.21354 0.86914 0.21007 0.86914 0.18229
7 0.50000 0.16146 0.50195 0.15798 0.49512 0.14583 0.49121 0.14583 0.48828 0.14062 0.48828 0.12673 0.49023 0.12327 0.49219 0.09896 0.49609 0.08854 0.49609 0.05729 0.49805 0.05035 0.49512 0.04514 0.48828 0.04340 0.48828 0.01215 0.48535 0.00695 0.46777 0.00347 0.46289 0.01215 0.46289 0.02952 0.45703 0.05035 0.45899 0.08160 0.46289 0.09202 0.46289 0.10243 0.46094 0.10590 0.46094 0.14410 0.45410 0.14930 0.44727 0.16493 0.44727 0.20312 0.45020 0.20833 0.49414 0.20660 0.49805 0.19965 0.50195 0.18229 0.50195 0.16493 0.50000 0.16146
6 1.00000 0.53704 0.72656 0.07639 0.54427 0.06250 0.49089 0.21065 0.29427 0.18982 0.28906 0.22454 0.28646 0.22685 0.28646 0.30787 0.29297 0.30787 0.29297 0.32639 0.33333 0.33565 0.33203 0.36805 0.44141 0.37963 0.25521 0.99305 1.00000 1.00000 1.00000 0.53704
6 0.00000 0.32870 0.22005 0.36805 0.22656 0.37500 0.23047 0.33565 0.26172 0.33796 0.27344 0.31250 0.26953 0.28704 0.26042 0.29167 0.25651 0.27083 0.24609 0.24305 0.24609 0.21759 0.24740 0.18750 0.00000 0.16204 0.00000 0.32870
7 0.86914 0.18229 0.86426 0.17361 0.86035 0.17708 0.84375 0.17535 0.84375 0.15452 0.84570 0.15104 0.84961 0.09896 0.85156 0.09548 0.85156 0.07118 0.85547 0.05035 0.85547 0.02257 0.83691 0.02083 0.83594 0.03646 0.83399 0.03993 0.83399 0.06771 0.83203 0.07118 0.83008 0.10590 0.82813 0.10938 0.83008 0.11285 0.82617 0.13021 0.82422 0.16840 0.82129 0.17361 0.81738 0.17361 0.80859 0.18923 0.80859 0.22396 0.81543 0.22570 0.81934 0.21875 0.82324 0.21875 0.82520 0.22222 0.83496 0.22222 0.83691 0.22917 0.84082 0.22222 0.85645 0.22222 0.86035 0.23264 0.86328 0.23090 0.86719 0.22396 0.86719 0.21354 0.86914 0.21007 0.86914 0.18229
7 0.50000 0.16146 0.50195 0.15798 0.49512 0.14583 0.49121 0.14583 0.48828 0.14062 0.48828 0.12673 0.49023 0.12327 0.49219 0.09896 0.49609 0.08854 0.49609 0.05729 0.49805 0.05035 0.49512 0.04514 0.48828 0.04340 0.48828 0.01215 0.48535 0.00695 0.46777 0.00347 0.46289 0.01215 0.46289 0.02952 0.45703 0.05035 0.45899 0.08160 0.46289 0.09202 0.46289 0.10243 0.46094 0.10590 0.46094 0.14410 0.45410 0.14930 0.44727 0.16493 0.44727 0.20312 0.45020 0.20833 0.49414 0.20660 0.49805 0.19965 0.50195 0.18229 0.50195 0.16493 0.50000 0.16146
6 1.00000 0.53704 0.72656 0.07639 0.54427 0.06250 0.49089 0.21065 0.29427 0.18982 0.28906 0.22454 0.28646 0.22685 0.28646 0.30787 0.29297 0.30787 0.29297 0.32639 0.33333 0.33565 0.33203 0.36805 0.44141 0.37963 0.25521 0.99305 1.00000 1.00000 1.00000 0.53704
6 0.00000 0.32870 0.22005 0.36805 0.22656 0.37500 0.23047 0.33565 0.26172 0.33796 0.27344 0.31250 0.26953 0.28704 0.26042 0.29167 0.25651 0.27083 0.24609 0.24305 0.24609 0.21759 0.24740 0.18750 0.00000 0.16204 0.00000 0.32870
7 0.86914 0.18229 0.86426 0.17361 0.86035 0.17708 0.84375 0.17535 0.84375 0.15452 0.84570 0.15104 0.84961 0.09896 0.85156 0.09548 0.85156 0.07118 0.85547 0.05035 0.85547 0.02257 0.83691 0.02083 0.83594 0.03646 0.83399 0.03993 0.83399 0.06771 0.83203 0.07118 0.83008 0.10590 0.82813 0.10938 0.83008 0.11285 0.82617 0.13021 0.82422 0.16840 0.82129 0.17361 0.81738 0.17361 0.80859 0.18923 0.80859 0.22396 0.81543 0.22570 0.81934 0.21875 0.82324 0.21875 0.82520 0.22222 0.83496 0.22222 0.83691 0.22917 0.84082 0.22222 0.85645 0.22222 0.86035 0.23264 0.86328 0.23090 0.86719 0.22396 0.86719 0.21354 0.86914 0.21007 0.86914 0.18229
7 0.50000 0.16146 0.50195 0.15798 0.49512 0.14583 0.49121 0.14583 0.48828 0.14062 0.48828 0.12673 0.49023 0.12327 0.49219 0.09896 0.49609 0.08854 0.49609 0.05729 0.49805 0.05035 0.49512 0.04514 0.48828 0.04340 0.48828 0.01215 0.48535 0.00695 0.46777 0.00347 0.46289 0.01215 0.46289 0.02952 0.45703 0.05035 0.45899 0.08160 0.46289 0.09202 0.46289 0.10243 0.46094 0.10590 0.46094 0.14410 0.45410 0.14930 0.44727 0.16493 0.44727 0.20312 0.45020 0.20833 0.49414 0.20660 0.49805 0.19965 0.50195 0.18229 0.50195 0.16493 0.50000 0.16146
6 1.00000 0.53704 0.72656 0.07639 0.54427 0.06250 0.49089 0.21065 0.29427 0.18982 0.28906 0.22454 0.28646 0.22685 0.28646 0.30787 0.29297 0.30787 0.29297 0.32639 0.33333 0.33565 0.33203 0.36805 0.44141 0.37963 0.25521 0.99305 1.00000 1.00000 1.00000 0.53704
6 0.00000 0.32870 0.22005 0.36805 0.22656 0.37500 0.23047 0.33565 0.26172 0.33796 0.27344 0.31250 0.26953 0.28704 0.26042 0.29167 0.25651 0.27083 0.24609 0.24305 0.24609 0.21759 0.24740 0.18750 0.00000 0.16204 0.00000 0.32870
