6 0.00000 0.98845 0.38537 0.99741 0.38387 0.99176 0.37799 0.98811 0.37221 0.97744 0.35275 0.95592 0.34697 0.94525 0.33334 0.93088 0.32550 0.92719 0.31191 0.90931 0.25735 0.85537 0.22238 0.81241 0.20480 0.79796 0.18153 0.76581 0.15795 0.75824 0.15602 0.75468 0.14221 0.75436 0.14028 0.75080 0.11068 0.75012 0.10875 0.74656 0.10476 0.74998 0.10379 0.74820 0.10678 0.74652 0.10682 0.74300 0.09893 0.74282 0.09691 0.74629 0.09301 0.74268 0.00000 0.74210 0.00000 0.98845
2 0.34780 0.80655 0.36667 0.72271 0.36685 0.70866 0.37107 0.68769 0.36823 0.67885 0.31288 0.68458 0.31086 0.68805 0.30100 0.68782 0.29595 0.69648 0.29778 0.70706 0.30357 0.71773 0.31302 0.74955 0.33023 0.79209 0.33211 0.79916 0.33188 0.81671 0.33380 0.82027 0.33353 0.84134 0.32150 0.85511 0.32128 0.87266 0.31825 0.87786 0.30636 0.88109 0.30333 0.88629 0.30324 0.89331 0.31003 0.90225 0.31792 0.90243 0.31985 0.90598 0.32875 0.90444 0.36340 0.89646 0.37139 0.88962 0.38520 0.88995 0.38828 0.88124 0.38842 0.87071 0.38552 0.86537 0.36786 0.85794 0.36313 0.84202 0.36024 0.83669 0.35235 0.83651 0.34762 0.82059 0.34780 0.80655
6 0.00000 0.98845 0.38537 0.99741 0.38387 0.99176 0.37799 0.98811 0.37221 0.97744 0.35275 0.95592 0.34697 0.94525 0.33334 0.93088 0.32550 0.92719 0.31191 0.90931 0.25735 0.85537 0.22238 0.81241 0.20480 0.79796 0.18153 0.76581 0.15795 0.75824 0.15602 0.75468 0.14221 0.75436 0.14028 0.75080 0.11068 0.75012 0.10875 0.74656 0.10476 0.74998 0.10379 0.74820 0.10678 0.74652 0.10682 0.74300 0.09893 0.74282 0.09691 0.74629 0.09301 0.74268 0.00000 0.74210 0.00000 0.98845
2 0.34780 0.80655 0.36667 0.72271 0.36685 0.70866 0.37107 0.68769 0.36823 0.67885 0.31288 0.68458 0.31086 0.68805 0.30100 0.68782 0.29595 0.69648 0.29778 0.70706 0.30357 0.71773 0.31302 0.74955 0.33023 0.79209 0.33211 0.79916 0.33188 0.81671 0.33380 0.82027 0.33353 0.84134 0.32150 0.85511 0.32128 0.87266 0.31825 0.87786 0.30636 0.88109 0.30333 0.88629 0.30324 0.89331 0.31003 0.90225 0.31792 0.90243 0.31985 0.90598 0.32875 0.90444 0.36340 0.89646 0.37139 0.88962 0.38520 0.88995 0.38828 0.88124 0.38842 0.87071 0.38552 0.86537 0.36786 0.85794 0.36313 0.84202 0.36024 0.83669 0.35235 0.83651 0.34762 0.82059 0.34780 0.80655
6 0.00000 0.98845 0.38537 0.99741 0.38387 0.99176 0.37799 0.98811 0.37221 0.97744 0.35275 0.95592 0.34697 0.94525 0.33334 0.93088 0.32550 0.92719 0.31191 0.90931 0.25735 0.85537 0.22238 0.81241 0.20480 0.79796 0.18153 0.76581 0.15795 0.75824 0.15602 0.75468 0.14221 0.75436 0.14028 0.75080 0.11068 0.75012 0.10875 0.74656 0.10476 0.74998 0.10379 0.74820 0.10678 0.74652 0.10682 0.74300 0.09893 0.74282 0.09691 0.74629 0.09301 0.74268 0.00000 0.74210 0.00000 0.98845
2 0.34780 0.80655 0.36667 0.72271 0.36685 0.70866 0.37107 0.68769 0.36823 0.67885 0.31288 0.68458 0.31086 0.68805 0.30100 0.68782 0.29595 0.69648 0.29778 0.70706 0.30357 0.71773 0.31302 0.74955 0.33023 0.79209 0.33211 0.79916 0.33188 0.81671 0.33380 0.82027 0.33353 0.84134 0.32150 0.85511 0.32128 0.87266 0.31825 0.87786 0.30636 0.88109 0.30333 0.88629 0.30324 0.89331 0.31003 0.90225 0.31792 0.90243 0.31985 0.90598 0.32875 0.90444 0.36340 0.89646 0.37139 0.88962 0.38520 0.88995 0.38828 0.88124 0.38842 0.87071 0.38552 0.86537 0.36786 0.85794 0.36313 0.84202 0.36024 0.83669 0.35235 0.83651 0.34762 0.82059 0.34780 0.80655
6 0.00000 0.98845 0.38537 0.99741 0.38387 0.99176 0.37799 0.98811 0.37221 0.97744 0.35275 0.95592 0.34697 0.94525 0.33334 0.93088 0.32550 0.92719 0.31191 0.90931 0.25735 0.85537 0.22238 0.81241 0.20480 0.79796 0.18153 0.76581 0.15795 0.75824 0.15602 0.75468 0.14221 0.75436 0.14028 0.75080 0.11068 0.75012 0.10875 0.74656 0.10476 0.74998 0.10379 0.74820 0.10678 0.74652 0.10682 0.74300 0.09893 0.74282 0.09691 0.74629 0.09301 0.74268 0.00000 0.74210 0.00000 0.98845
2 0.34780 0.80655 0.36667 0.72271 0.36685 0.70866 0.37107 0.68769 0.36823 0.67885 0.31288 0.68458 0.31086 0.68805 0.30100 0.68782 0.29595 0.69648 0.29778 0.70706 0.30357 0.71773 0.31302 0.74955 0.33023 0.79209 0.33211 0.79916 0.33188 0.81671 0.33380 0.82027 0.33353 0.84134 0.32150 0.85511 0.32128 0.87266 0.31825 0.87786 0.30636 0.88109 0.30333 0.88629 0.30324 0.89331 0.31003 0.90225 0.31792 0.90243 0.31985 0.90598 0.32875 0.90444 0.36340 0.89646 0.37139 0.88962 0.38520 0.88995 0.38828 0.88124 0.38842 0.87071 0.38552 0.86537 0.36786 0.85794 0.36313 0.84202 0.36024 0.83669 0.35235 0.83651 0.34762 0.82059 0.34780 0.80655
6 0.00000 0.98845 0.38537 0.99741 0.38387 0.99176 0.37799 0.98811 0.37221 0.97744 0.35275 0.95592 0.34697 0.94525 0.33334 0.93088 0.32550 0.92719 0.31191 0.90931 0.25735 0.85537 0.22238 0.81241 0.20480 0.79796 0.18153 0.76581 0.15795 0.75824 0.15602 0.75468 0.14221 0.75436 0.14028 0.75080 0.11068 0.75012 0.10875 0.74656 0.10476 0.74998 0.10379 0.74820 0.10678 0.74652 0.10682 0.74300 0.09893 0.74282 0.09691 0.74629 0.09301 0.74268 0.00000 0.74210 0.00000 0.98845
2 0.34780 0.80655 0.36667 0.72271 0.36685 0.70866 0.37107 0.68769 0.36823 0.67885 0.31288 0.68458 0.31086 0.68805 0.30100 0.68782 0.29595 0.69648 0.29778 0.70706 0.30357 0.71773 0.31302 0.74955 0.33023 0.79209 0.33211 0.79916 0.33188 0.81671 0.33380 0.82027 0.33353 0.84134 0.32150 0.85511 0.32128 0.87266 0.31825 0.87786 0.30636 0.88109 0.30333 0.88629 0.30324 0.89331 0.31003 0.90225 0.31792 0.90243 0.31985 0.90598 0.32875 0.90444 0.36340 0.89646 0.37139 0.88962 0.38520 0.88995 0.38828 0.88124 0.38842 0.87071 0.38552 0.86537 0.36786 0.85794 0.36313 0.84202 0.36024 0.83669 0.35235 0.83651 0.34762 0.82059 0.34780 0.80655
6 0.00000 0.98845 0.38537 0.99741 0.38387 0.99176 0.37799 0.98811 0.37221 0.97744 0.35275 0.95592 0.34697 0.94525 0.33334 0.93088 0.32550 0.92719 0.31191 0.90931 0.25735 0.85537 0.22238 0.81241 0.20480 0.79796 0.18153 0.76581 0.15795 0.75824 0.15602 0.75468 0.14221 0.75436 0.14028 0.75080 0.11068 0.75012 0.10875 0.74656 0.10476 0.74998 0.10379 0.74820 0.10678 0.74652 0.10682 0.74300 0.09893 0.74282 0.09691 0.74629 0.09301 0.74268 0.00000 0.74210 0.00000 0.98845
2 0.34780 0.80655 0.36667 0.72271 0.36685 0.70866 0.37107 0.68769 0.36823 0.67885 0.31288 0.68458 0.31086 0.68805 0.30100 0.68782 0.29595 0.69648 0.29778 0.70706 0.30357 0.71773 0.31302 0.74955 0.33023 0.79209 0.33211 0.79916 0.33188 0.81671 0.33380 0.82027 0.33353 0.84134 0.32150 0.85511 0.32128 0.87266 0.31825 0.87786 0.30636 0.88109 0.30333 0.88629 0.30324 0.89331 0.31003 0.90225 0.31792 0.90243 0.31985 0.90598 0.32875 0.90444 0.36340 0.89646 0.37139 0.88962 0.38520 0.88995 0.38828 0.88124 0.38842 0.87071 0.38552 0.86537 0.36786 0.85794 0.36313 0.84202 0.36024 0.83669 0.35235 0.83651 0.34762 0.82059 0.34780 0.80655
