7 0.33927 0.48378 0.33609 0.47812 0.31914 0.47812 0.31172 0.48755 0.31172 0.51773 0.31384 0.52150 0.31384 0.53282 0.31172 0.53659 0.31384 0.54037 0.31384 0.58941 0.31596 0.59318 0.31384 0.62336 0.31596 0.62714 0.31596 0.64600 0.31278 0.65166 0.30431 0.65166 0.29795 0.65543 0.29372 0.66298 0.28948 0.66298 0.28418 0.67618 0.29583 0.67807 0.30643 0.68561 0.31278 0.69316 0.33185 0.73089 0.34138 0.72900 0.34986 0.72145 0.35621 0.69505 0.35621 0.68373 0.35410 0.67995 0.35410 0.65355 0.34668 0.65166 0.34456 0.65543 0.33715 0.64977 0.34138 0.63846 0.34138 0.59318 0.33927 0.58941 0.33927 0.48378
7 0.36151 0.44416 0.35833 0.44982 0.35833 0.46491 0.36045 0.46869 0.36045 0.50641 0.36257 0.51019 0.36257 0.55168 0.36469 0.55546 0.36469 0.56678 0.35198 0.57432 0.35198 0.59318 0.35727 0.61016 0.39011 0.60827 0.39965 0.59884 0.40494 0.58941 0.40494 0.58187 0.40282 0.57809 0.40177 0.56112 0.39541 0.56489 0.38588 0.56300 0.38799 0.54414 0.38588 0.54037 0.38376 0.44982 0.38058 0.44416 0.36151 0.44416
4 0.82443 0.66486 0.82761 0.65921 0.83185 0.65921 0.84456 0.64789 0.86045 0.61959 0.86469 0.60073 0.86469 0.57055 0.86045 0.55168 0.84456 0.52339 0.82761 0.51207 0.81490 0.51207 0.79583 0.52716 0.78630 0.54414 0.77994 0.56678 0.77994 0.60450 0.78206 0.61582 0.79265 0.64600 0.80749 0.66109 0.80749 0.67618 0.80431 0.68561 0.79372 0.68939 0.79265 0.69882 0.78948 0.70448 0.77465 0.70448 0.76935 0.71391 0.76935 0.72145 0.77571 0.74409 0.78736 0.76484 0.80643 0.78748 0.84350 0.78559 0.85727 0.78370 0.86257 0.77427 0.86257 0.76295 0.86045 0.75918 0.86257 0.73654 0.85727 0.72334 0.83927 0.70259 0.83927 0.69127 0.83609 0.68561 0.82761 0.68561 0.82443 0.67995 0.82443 0.66486
6 0.35833 0.66109 0.35833 0.67995 0.36151 0.68561 0.36469 0.68373 0.37952 0.65355 0.37952 0.64600 0.38799 0.63468 0.38799 0.62714 0.38270 0.62525 0.38058 0.62902 0.37634 0.61771 0.35092 0.61771 0.34456 0.62148 0.34350 0.64600 0.35304 0.64789 0.35833 0.66109
6 0.29583 0.61393 0.28100 0.61393 0.27889 0.61771 0.23651 0.61771 0.23333 0.62336 0.23333 0.65355 0.23757 0.66486 0.23969 0.68373 0.25664 0.68373 0.26617 0.68184 0.26829 0.67807 0.27889 0.67807 0.28736 0.65921 0.30219 0.64789 0.31066 0.64789 0.31384 0.64223 0.31172 0.61959 0.30855 0.61393 0.30007 0.61393 0.29795 0.61016 0.29583 0.61393
6 0.00000 0.70723 0.03842 0.70636 0.19202 0.70070 0.20261 0.68939 0.21427 0.68750 0.21427 0.67995 0.21850 0.67241 0.21850 0.64600 0.21638 0.64223 0.21850 0.63846 0.20261 0.61393 0.19838 0.61771 0.19414 0.61393 0.15812 0.61393 0.15600 0.61771 0.13905 0.61771 0.13694 0.62148 0.07550 0.62148 0.07338 0.61771 0.06490 0.61771 0.06278 0.62148 0.01405 0.62148 0.01194 0.61771 0.00770 0.62148 0.00000 0.62148 0.00000 0.70723
6 1.00000 0.60639 0.90389 0.60639 0.90177 0.59884 0.89329 0.59884 0.89117 0.59507 0.88694 0.59884 0.86999 0.59884 0.86893 0.60827 0.85198 0.63468 0.85198 0.64223 0.84668 0.65166 0.84244 0.65166 0.83503 0.66109 0.83503 0.67618 0.84986 0.69127 0.84986 0.69505 0.84562 0.69882 0.84668 0.70448 0.85304 0.70825 0.87528 0.70636 0.88482 0.70448 0.88905 0.69693 0.89541 0.69316 0.91660 0.68939 0.92931 0.68184 0.93990 0.68184 0.94414 0.68561 0.94838 0.66675 0.95050 0.66675 0.95155 0.67618 0.95685 0.68184 0.96109 0.68184 0.96744 0.67430 0.97380 0.69693 0.97592 0.68939 0.98227 0.68939 0.99075 0.68184 0.99287 0.68561 0.99604 0.68373 0.99393 0.66864 0.99711 0.65166 1.00000 0.65269 1.00000 0.60639
6 0.95332 1.00000 0.94626 0.98743 0.91448 0.94593 0.90812 0.93084 0.90389 0.93084 0.88799 0.91009 0.88905 0.90443 0.90282 0.90254 0.90282 0.89122 0.89965 0.88556 0.89541 0.88556 0.89329 0.89688 0.87634 0.89311 0.86999 0.88556 0.86151 0.86670 0.85092 0.85538 0.84880 0.84784 0.84456 0.84784 0.84244 0.84029 0.83185 0.82897 0.81066 0.79502 0.80431 0.79125 0.79795 0.77993 0.78948 0.77238 0.76935 0.74032 0.76723 0.73277 0.76723 0.71391 0.77253 0.70448 0.77677 0.70448 0.77571 0.69882 0.77889 0.69316 0.78736 0.69316 0.80113 0.67241 0.79901 0.65732 0.79054 0.64977 0.77677 0.60262 0.74287 0.60262 0.74075 0.59884 0.73651 0.60262 0.72592 0.60262 0.70897 0.59130 0.68355 0.59130 0.68143 0.59507 0.66660 0.59507 0.66448 0.59130 0.65389 0.59130 0.65177 0.59507 0.55431 0.59507 0.55219 0.59884 0.44414 0.59884 0.44202 0.60262 0.43143 0.60262 0.42507 0.61016 0.41660 0.61016 0.41448 0.61393 0.40600 0.61016 0.38694 0.62148 0.38270 0.63280 0.37740 0.63468 0.37634 0.64789 0.36893 0.64977 0.36893 0.66109 0.36681 0.66486 0.36893 0.67618 0.36681 0.68750 0.36045 0.69882 0.36045 0.70636 0.35198 0.72900 0.34350 0.74032 0.33927 0.75918 0.32867 0.77804 0.32443 0.79313 0.31596 0.80445 0.30749 0.82709 0.29265 0.85350 0.28842 0.87236 0.23333 0.98177 0.22514 1.00000 0.95332 1.00000
7 0.33927 0.48378 0.33609 0.47812 0.31914 0.47812 0.31172 0.48755 0.31172 0.51773 0.31384 0.52150 0.31384 0.53282 0.31172 0.53659 0.31384 0.54037 0.31384 0.58941 0.31596 0.59318 0.31384 0.62336 0.31596 0.62714 0.31596 0.64600 0.31278 0.65166 0.30431 0.65166 0.29795 0.65543 0.29372 0.66298 0.28948 0.66298 0.28418 0.67618 0.29583 0.67807 0.30643 0.68561 0.31278 0.69316 0.33185 0.73089 0.34138 0.72900 0.34986 0.72145 0.35621 0.69505 0.35621 0.68373 0.35410 0.67995 0.35410 0.65355 0.34668 0.65166 0.34456 0.65543 0.33715 0.64977 0.34138 0.63846 0.34138 0.59318 0.33927 0.58941 0.33927 0.48378
7 0.36151 0.44416 0.35833 0.44982 0.35833 0.46491 0.36045 0.46869 0.36045 0.50641 0.36257 0.51019 0.36257 0.55168 0.36469 0.55546 0.36469 0.56678 0.35198 0.57432 0.35198 0.59318 0.35727 0.61016 0.39011 0.60827 0.39965 0.59884 0.40494 0.58941 0.40494 0.58187 0.40282 0.57809 0.40177 0.56112 0.39541 0.56489 0.38588 0.56300 0.38799 0.54414 0.38588 0.54037 0.38376 0.44982 0.38058 0.44416 0.36151 0.44416
4 0.82443 0.66486 0.82761 0.65921 0.83185 0.65921 0.84456 0.64789 0.86045 0.61959 0.86469 0.60073 0.86469 0.57055 0.86045 0.55168 0.84456 0.52339 0.82761 0.51207 0.81490 0.51207 0.79583 0.52716 0.78630 0.54414 0.77994 0.56678 0.77994 0.60450 0.78206 0.61582 0.79265 0.64600 0.80749 0.66109 0.80749 0.67618 0.80431 0.68561 0.79372 0.68939 0.79265 0.69882 0.78948 0.70448 0.77465 0.70448 0.76935 0.71391 0.76935 0.72145 0.77571 0.74409 0.78736 0.76484 0.80643 0.78748 0.84350 0.78559 0.85727 0.78370 0.86257 0.77427 0.86257 0.76295 0.86045 0.75918 0.86257 0.73654 0.85727 0.72334 0.83927 0.70259 0.83927 0.69127 0.83609 0.68561 0.82761 0.68561 0.82443 0.67995 0.82443 0.66486
6 0.35833 0.66109 0.35833 0.67995 0.36151 0.68561 0.36469 0.68373 0.37952 0.65355 0.37952 0.64600 0.38799 0.63468 0.38799 0.62714 0.38270 0.62525 0.38058 0.62902 0.37634 0.61771 0.35092 0.61771 0.34456 0.62148 0.34350 0.64600 0.35304 0.64789 0.35833 0.66109
6 0.29583 0.61393 0.28100 0.61393 0.27889 0.61771 0.23651 0.61771 0.23333 0.62336 0.23333 0.65355 0.23757 0.66486 0.23969 0.68373 0.25664 0.68373 0.26617 0.68184 0.26829 0.67807 0.27889 0.67807 0.28736 0.65921 0.30219 0.64789 0.31066 0.64789 0.31384 0.64223 0.31172 0.61959 0.30855 0.61393 0.30007 0.61393 0.29795 0.61016 0.29583 0.61393
6 0.00000 0.70723 0.03842 0.70636 0.19202 0.70070 0.20261 0.68939 0.21427 0.68750 0.21427 0.67995 0.21850 0.67241 0.21850 0.64600 0.21638 0.64223 0.21850 0.63846 0.20261 0.61393 0.19838 0.61771 0.19414 0.61393 0.15812 0.61393 0.15600 0.61771 0.13905 0.61771 0.13694 0.62148 0.07550 0.62148 0.07338 0.61771 0.06490 0.61771 0.06278 0.62148 0.01405 0.62148 0.01194 0.61771 0.00770 0.62148 0.00000 0.62148 0.00000 0.70723
6 1.00000 0.60639 0.90389 0.60639 0.90177 0.59884 0.89329 0.59884 0.89117 0.59507 0.88694 0.59884 0.86999 0.59884 0.86893 0.60827 0.85198 0.63468 0.85198 0.64223 0.84668 0.65166 0.84244 0.65166 0.83503 0.66109 0.83503 0.67618 0.84986 0.69127 0.84986 0.69505 0.84562 0.69882 0.84668 0.70448 0.85304 0.70825 0.87528 0.70636 0.88482 0.70448 0.88905 0.69693 0.89541 0.69316 0.91660 0.68939 0.92931 0.68184 0.93990 0.68184 0.94414 0.68561 0.94838 0.66675 0.95050 0.66675 0.95155 0.67618 0.95685 0.68184 0.96109 0.68184 0.96744 0.67430 0.97380 0.69693 0.97592 0.68939 0.98227 0.68939 0.99075 0.68184 0.99287 0.68561 0.99604 0.68373 0.99393 0.66864 0.99711 0.65166 1.00000 0.65269 1.00000 0.60639
6 0.95332 1.00000 0.94626 0.98743 0.91448 0.94593 0.90812 0.93084 0.90389 0.93084 0.88799 0.91009 0.88905 0.90443 0.90282 0.90254 0.90282 0.89122 0.89965 0.88556 0.89541 0.88556 0.89329 0.89688 0.87634 0.89311 0.86999 0.88556 0.86151 0.86670 0.85092 0.85538 0.84880 0.84784 0.84456 0.84784 0.84244 0.84029 0.83185 0.82897 0.81066 0.79502 0.80431 0.79125 0.79795 0.77993 0.78948 0.77238 0.76935 0.74032 0.76723 0.73277 0.76723 0.71391 0.77253 0.70448 0.77677 0.70448 0.77571 0.69882 0.77889 0.69316 0.78736 0.69316 0.80113 0.67241 0.79901 0.65732 0.79054 0.64977 0.77677 0.60262 0.74287 0.60262 0.74075 0.59884 0.73651 0.60262 0.72592 0.60262 0.70897 0.59130 0.68355 0.59130 0.68143 0.59507 0.66660 0.59507 0.66448 0.59130 0.65389 0.59130 0.65177 0.59507 0.55431 0.59507 0.55219 0.59884 0.44414 0.59884 0.44202 0.60262 0.43143 0.60262 0.42507 0.61016 0.41660 0.61016 0.41448 0.61393 0.40600 0.61016 0.38694 0.62148 0.38270 0.63280 0.37740 0.63468 0.37634 0.64789 0.36893 0.64977 0.36893 0.66109 0.36681 0.66486 0.36893 0.67618 0.36681 0.68750 0.36045 0.69882 0.36045 0.70636 0.35198 0.72900 0.34350 0.74032 0.33927 0.75918 0.32867 0.77804 0.32443 0.79313 0.31596 0.80445 0.30749 0.82709 0.29265 0.85350 0.28842 0.87236 0.23333 0.98177 0.22514 1.00000 0.95332 1.00000
7 0.33927 0.48378 0.33609 0.47812 0.31914 0.47812 0.31172 0.48755 0.31172 0.51773 0.31384 0.52150 0.31384 0.53282 0.31172 0.53659 0.31384 0.54037 0.31384 0.58941 0.31596 0.59318 0.31384 0.62336 0.31596 0.62714 0.31596 0.64600 0.31278 0.65166 0.30431 0.65166 0.29795 0.65543 0.29372 0.66298 0.28948 0.66298 0.28418 0.67618 0.29583 0.67807 0.30643 0.68561 0.31278 0.69316 0.33185 0.73089 0.34138 0.72900 0.34986 0.72145 0.35621 0.69505 0.35621 0.68373 0.35410 0.67995 0.35410 0.65355 0.34668 0.65166 0.34456 0.65543 0.33715 0.64977 0.34138 0.63846 0.34138 0.59318 0.33927 0.58941 0.33927 0.48378
7 0.36151 0.44416 0.35833 0.44982 0.35833 0.46491 0.36045 0.46869 0.36045 0.50641 0.36257 0.51019 0.36257 0.55168 0.36469 0.55546 0.36469 0.56678 0.35198 0.57432 0.35198 0.59318 0.35727 0.61016 0.39011 0.60827 0.39965 0.59884 0.40494 0.58941 0.40494 0.58187 0.40282 0.57809 0.40177 0.56112 0.39541 0.56489 0.38588 0.56300 0.38799 0.54414 0.38588 0.54037 0.38376 0.44982 0.38058 0.44416 0.36151 0.44416
4 0.82443 0.66486 0.82761 0.65921 0.83185 0.65921 0.84456 0.64789 0.86045 0.61959 0.86469 0.60073 0.86469 0.57055 0.86045 0.55168 0.84456 0.52339 0.82761 0.51207 0.81490 0.51207 0.79583 0.52716 0.78630 0.54414 0.77994 0.56678 0.77994 0.60450 0.78206 0.61582 0.79265 0.64600 0.80749 0.66109 0.80749 0.67618 0.80431 0.68561 0.79372 0.68939 0.79265 0.69882 0.78948 0.70448 0.77465 0.70448 0.76935 0.71391 0.76935 0.72145 0.77571 0.74409 0.78736 0.76484 0.80643 0.78748 0.84350 0.78559 0.85727 0.78370 0.86257 0.77427 0.86257 0.76295 0.86045 0.75918 0.86257 0.73654 0.85727 0.72334 0.83927 0.70259 0.83927 0.69127 0.83609 0.68561 0.82761 0.68561 0.82443 0.67995 0.82443 0.66486
6 0.35833 0.66109 0.35833 0.67995 0.36151 0.68561 0.36469 0.68373 0.37952 0.65355 0.37952 0.64600 0.38799 0.63468 0.38799 0.62714 0.38270 0.62525 0.38058 0.62902 0.37634 0.61771 0.35092 0.61771 0.34456 0.62148 0.34350 0.64600 0.35304 0.64789 0.35833 0.66109
6 0.29583 0.61393 0.28100 0.61393 0.27889 0.61771 0.23651 0.61771 0.23333 0.62336 0.23333 0.65355 0.23757 0.66486 0.23969 0.68373 0.25664 0.68373 0.26617 0.68184 0.26829 0.67807 0.27889 0.67807 0.28736 0.65921 0.30219 0.64789 0.31066 0.64789 0.31384 0.64223 0.31172 0.61959 0.30855 0.61393 0.30007 0.61393 0.29795 0.61016 0.29583 0.61393
6 0.00000 0.70723 0.03842 0.70636 0.19202 0.70070 0.20261 0.68939 0.21427 0.68750 0.21427 0.67995 0.21850 0.67241 0.21850 0.64600 0.21638 0.64223 0.21850 0.63846 0.20261 0.61393 0.19838 0.61771 0.19414 0.61393 0.15812 0.61393 0.15600 0.61771 0.13905 0.61771 0.13694 0.62148 0.07550 0.62148 0.07338 0.61771 0.06490 0.61771 0.06278 0.62148 0.01405 0.62148 0.01194 0.61771 0.00770 0.62148 0.00000 0.62148 0.00000 0.70723
6 1.00000 0.60639 0.90389 0.60639 0.90177 0.59884 0.89329 0.59884 0.89117 0.59507 0.88694 0.59884 0.86999 0.59884 0.86893 0.60827 0.85198 0.63468 0.85198 0.64223 0.84668 0.65166 0.84244 0.65166 0.83503 0.66109 0.83503 0.67618 0.84986 0.69127 0.84986 0.69505 0.84562 0.69882 0.84668 0.70448 0.85304 0.70825 0.87528 0.70636 0.88482 0.70448 0.88905 0.69693 0.89541 0.69316 0.91660 0.68939 0.92931 0.68184 0.93990 0.68184 0.94414 0.68561 0.94838 0.66675 0.95050 0.66675 0.95155 0.67618 0.95685 0.68184 0.96109 0.68184 0.96744 0.67430 0.97380 0.69693 0.97592 0.68939 0.98227 0.68939 0.99075 0.68184 0.99287 0.68561 0.99604 0.68373 0.99393 0.66864 0.99711 0.65166 1.00000 0.65269 1.00000 0.60639
6 0.95332 1.00000 0.94626 0.98743 0.91448 0.94593 0.90812 0.93084 0.90389 0.93084 0.88799 0.91009 0.88905 0.90443 0.90282 0.90254 0.90282 0.89122 0.89965 0.88556 0.89541 0.88556 0.89329 0.89688 0.87634 0.89311 0.86999 0.88556 0.86151 0.86670 0.85092 0.85538 0.84880 0.84784 0.84456 0.84784 0.84244 0.84029 0.83185 0.82897 0.81066 0.79502 0.80431 0.79125 0.79795 0.77993 0.78948 0.77238 0.76935 0.74032 0.76723 0.73277 0.76723 0.71391 0.77253 0.70448 0.77677 0.70448 0.77571 0.69882 0.77889 0.69316 0.78736 0.69316 0.80113 0.67241 0.79901 0.65732 0.79054 0.64977 0.77677 0.60262 0.74287 0.60262 0.74075 0.59884 0.73651 0.60262 0.72592 0.60262 0.70897 0.59130 0.68355 0.59130 0.68143 0.59507 0.66660 0.59507 0.66448 0.59130 0.65389 0.59130 0.65177 0.59507 0.55431 0.59507 0.55219 0.59884 0.44414 0.59884 0.44202 0.60262 0.43143 0.60262 0.42507 0.61016 0.41660 0.61016 0.41448 0.61393 0.40600 0.61016 0.38694 0.62148 0.38270 0.63280 0.37740 0.63468 0.37634 0.64789 0.36893 0.64977 0.36893 0.66109 0.36681 0.66486 0.36893 0.67618 0.36681 0.68750 0.36045 0.69882 0.36045 0.70636 0.35198 0.72900 0.34350 0.74032 0.33927 0.75918 0.32867 0.77804 0.32443 0.79313 0.31596 0.80445 0.30749 0.82709 0.29265 0.85350 0.28842 0.87236 0.23333 0.98177 0.22514 1.00000 0.95332 1.00000
