6 0.49345 0.00000 0.15918 0.01555 0.28470 1.00000 0.50655 1.00000 1.00000 0.97705 1.00000 0.48838 0.99743 0.39050 0.68840 0.13558 0.53248 0.00000 0.49345 0.00000
5 0.67507 0.00000 0.66654 0.05683 0.64283 0.06776 0.64419 0.08278 0.68378 0.11907 0.74097 0.08937 0.73906 0.06738 0.70887 0.04178 0.71022 0.00000 0.67507 0.00000
6 0.49345 0.00000 0.15918 0.01555 0.28470 1.00000 0.50655 1.00000 1.00000 0.97705 1.00000 0.48838 0.99743 0.39050 0.68840 0.13558 0.53248 0.00000 0.49345 0.00000
5 0.67507 0.00000 0.66654 0.05683 0.64283 0.06776 0.64419 0.08278 0.68378 0.11907 0.74097 0.08937 0.73906 0.06738 0.70887 0.04178 0.71022 0.00000 0.67507 0.00000
6 0.49345 0.00000 0.15918 0.01555 0.28470 1.00000 0.50655 1.00000 1.00000 0.97705 1.00000 0.48838 0.99743 0.39050 0.68840 0.13558 0.53248 0.00000 0.49345 0.00000
5 0.67507 0.00000 0.66654 0.05683 0.64283 0.06776 0.64419 0.08278 0.68378 0.11907 0.74097 0.08937 0.73906 0.06738 0.70887 0.04178 0.71022 0.00000 0.67507 0.00000
6 0.49345 0.00000 0.15918 0.01555 0.28470 1.00000 0.50655 1.00000 1.00000 0.97705 1.00000 0.48838 0.99743 0.39050 0.68840 0.13558 0.53248 0.00000 0.49345 0.00000
5 0.67507 0.00000 0.66654 0.05683 0.64283 0.06776 0.64419 0.08278 0.68378 0.11907 0.74097 0.08937 0.73906 0.06738 0.70887 0.04178 0.71022 0.00000 0.67507 0.00000
6 0.49345 0.00000 0.15918 0.01555 0.28470 1.00000 0.50655 1.00000 1.00000 0.97705 1.00000 0.48838 0.99743 0.39050 0.68840 0.13558 0.53248 0.00000 0.49345 0.00000
5 0.67507 0.00000 0.66654 0.05683 0.64283 0.06776 0.64419 0.08278 0.68378 0.11907 0.74097 0.08937 0.73906 0.06738 0.70887 0.04178 0.71022 0.00000 0.67507 0.00000
6 0.49345 0.00000 0.15918 0.01555 0.28470 1.00000 0.50655 1.00000 1.00000 0.97705 1.00000 0.48838 0.99743 0.39050 0.68840 0.13558 0.53248 0.00000 0.49345 0.00000
5 0.67507 0.00000 0.66654 0.05683 0.64283 0.06776 0.64419 0.08278 0.68378 0.11907 0.74097 0.08937 0.73906 0.06738 0.70887 0.04178 0.71022 0.00000 0.67507 0.00000
