6 0.29380 1.00000 0.28662 0.99652 0.22039 0.94795 0.20793 0.94546 0.20346 0.93857 0.18040 0.92977 0.15473 0.91027 0.14860 0.91084 0.13148 0.89783 0.12535 0.89840 0.12088 0.89152 0.09558 0.87928 0.06991 0.85977 0.05522 0.85384 0.03587 0.83739 0.03178 0.83777 0.02303 0.82764 0.01594 0.82691 0.02503 1.00000 0.29380 1.00000
2 0.24127 0.85659 0.23568 0.84798 0.22434 0.84721 0.22377 0.83632 0.22154 0.83288 0.22243 0.81089 0.22595 0.79962 0.22704 0.78127 0.23075 0.77362 0.23664 0.72928 0.23678 0.69277 0.23343 0.68761 0.21503 0.68932 0.21317 0.69314 0.19682 0.69466 0.19496 0.69849 0.17248 0.70058 0.15762 0.71109 0.15820 0.72198 0.17403 0.74971 0.19063 0.79196 0.20199 0.81280 0.20295 0.83096 0.20518 0.83440 0.20652 0.85982 0.20374 0.86555 0.19482 0.87186 0.19616 0.89728 0.17907 0.90435 0.17629 0.91008 0.17686 0.92098 0.18226 0.92595 0.19657 0.92462 0.20717 0.93093 0.21014 0.92883 0.21682 0.91908 0.23502 0.91373 0.23688 0.90991 0.24895 0.90514 0.25266 0.89750 0.26697 0.89616 0.26975 0.89043 0.26787 0.87418 0.26359 0.87093 0.24519 0.87264 0.24184 0.86748 0.24127 0.85659
6 0.29380 1.00000 0.28662 0.99652 0.22039 0.94795 0.20793 0.94546 0.20346 0.93857 0.18040 0.92977 0.15473 0.91027 0.14860 0.91084 0.13148 0.89783 0.12535 0.89840 0.12088 0.89152 0.09558 0.87928 0.06991 0.85977 0.05522 0.85384 0.03587 0.83739 0.03178 0.83777 0.02303 0.82764 0.01594 0.82691 0.02503 1.00000 0.29380 1.00000
2 0.24127 0.85659 0.23568 0.84798 0.22434 0.84721 0.22377 0.83632 0.22154 0.83288 0.22243 0.81089 0.22595 0.79962 0.22704 0.78127 0.23075 0.77362 0.23664 0.72928 0.23678 0.69277 0.23343 0.68761 0.21503 0.68932 0.21317 0.69314 0.19682 0.69466 0.19496 0.69849 0.17248 0.70058 0.15762 0.71109 0.15820 0.72198 0.17403 0.74971 0.19063 0.79196 0.20199 0.81280 0.20295 0.83096 0.20518 0.83440 0.20652 0.85982 0.20374 0.86555 0.19482 0.87186 0.19616 0.89728 0.17907 0.90435 0.17629 0.91008 0.17686 0.92098 0.18226 0.92595 0.19657 0.92462 0.20717 0.93093 0.21014 0.92883 0.21682 0.91908 0.23502 0.91373 0.23688 0.90991 0.24895 0.90514 0.25266 0.89750 0.26697 0.89616 0.26975 0.89043 0.26787 0.87418 0.26359 0.87093 0.24519 0.87264 0.24184 0.86748 0.24127 0.85659
6 0.29380 1.00000 0.28662 0.99652 0.22039 0.94795 0.20793 0.94546 0.20346 0.93857 0.18040 0.92977 0.15473 0.91027 0.14860 0.91084 0.13148 0.89783 0.12535 0.89840 0.12088 0.89152 0.09558 0.87928 0.06991 0.85977 0.05522 0.85384 0.03587 0.83739 0.03178 0.83777 0.02303 0.82764 0.01594 0.82691 0.02503 1.00000 0.29380 1.00000
2 0.24127 0.85659 0.23568 0.84798 0.22434 0.84721 0.22377 0.83632 0.22154 0.83288 0.22243 0.81089 0.22595 0.79962 0.22704 0.78127 0.23075 0.77362 0.23664 0.72928 0.23678 0.69277 0.23343 0.68761 0.21503 0.68932 0.21317 0.69314 0.19682 0.69466 0.19496 0.69849 0.17248 0.70058 0.15762 0.71109 0.15820 0.72198 0.17403 0.74971 0.19063 0.79196 0.20199 0.81280 0.20295 0.83096 0.20518 0.83440 0.20652 0.85982 0.20374 0.86555 0.19482 0.87186 0.19616 0.89728 0.17907 0.90435 0.17629 0.91008 0.17686 0.92098 0.18226 0.92595 0.19657 0.92462 0.20717 0.93093 0.21014 0.92883 0.21682 0.91908 0.23502 0.91373 0.23688 0.90991 0.24895 0.90514 0.25266 0.89750 0.26697 0.89616 0.26975 0.89043 0.26787 0.87418 0.26359 0.87093 0.24519 0.87264 0.24184 0.86748 0.24127 0.85659
6 0.29380 1.00000 0.28662 0.99652 0.22039 0.94795 0.20793 0.94546 0.20346 0.93857 0.18040 0.92977 0.15473 0.91027 0.14860 0.91084 0.13148 0.89783 0.12535 0.89840 0.12088 0.89152 0.09558 0.87928 0.06991 0.85977 0.05522 0.85384 0.03587 0.83739 0.03178 0.83777 0.02303 0.82764 0.01594 0.82691 0.02503 1.00000 0.29380 1.00000
2 0.24127 0.85659 0.23568 0.84798 0.22434 0.84721 0.22377 0.83632 0.22154 0.83288 0.22243 0.81089 0.22595 0.79962 0.22704 0.78127 0.23075 0.77362 0.23664 0.72928 0.23678 0.69277 0.23343 0.68761 0.21503 0.68932 0.21317 0.69314 0.19682 0.69466 0.19496 0.69849 0.17248 0.70058 0.15762 0.71109 0.15820 0.72198 0.17403 0.74971 0.19063 0.79196 0.20199 0.81280 0.20295 0.83096 0.20518 0.83440 0.20652 0.85982 0.20374 0.86555 0.19482 0.87186 0.19616 0.89728 0.17907 0.90435 0.17629 0.91008 0.17686 0.92098 0.18226 0.92595 0.19657 0.92462 0.20717 0.93093 0.21014 0.92883 0.21682 0.91908 0.23502 0.91373 0.23688 0.90991 0.24895 0.90514 0.25266 0.89750 0.26697 0.89616 0.26975 0.89043 0.26787 0.87418 0.26359 0.87093 0.24519 0.87264 0.24184 0.86748 0.24127 0.85659
6 0.29380 1.00000 0.28662 0.99652 0.22039 0.94795 0.20793 0.94546 0.20346 0.93857 0.18040 0.92977 0.15473 0.91027 0.14860 0.91084 0.13148 0.89783 0.12535 0.89840 0.12088 0.89152 0.09558 0.87928 0.06991 0.85977 0.05522 0.85384 0.03587 0.83739 0.03178 0.83777 0.02303 0.82764 0.01594 0.82691 0.02503 1.00000 0.29380 1.00000
2 0.24127 0.85659 0.23568 0.84798 0.22434 0.84721 0.22377 0.83632 0.22154 0.83288 0.22243 0.81089 0.22595 0.79962 0.22704 0.78127 0.23075 0.77362 0.23664 0.72928 0.23678 0.69277 0.23343 0.68761 0.21503 0.68932 0.21317 0.69314 0.19682 0.69466 0.19496 0.69849 0.17248 0.70058 0.15762 0.71109 0.15820 0.72198 0.17403 0.74971 0.19063 0.79196 0.20199 0.81280 0.20295 0.83096 0.20518 0.83440 0.20652 0.85982 0.20374 0.86555 0.19482 0.87186 0.19616 0.89728 0.17907 0.90435 0.17629 0.91008 0.17686 0.92098 0.18226 0.92595 0.19657 0.92462 0.20717 0.93093 0.21014 0.92883 0.21682 0.91908 0.23502 0.91373 0.23688 0.90991 0.24895 0.90514 0.25266 0.89750 0.26697 0.89616 0.26975 0.89043 0.26787 0.87418 0.26359 0.87093 0.24519 0.87264 0.24184 0.86748 0.24127 0.85659
6 0.29380 1.00000 0.28662 0.99652 0.22039 0.94795 0.20793 0.94546 0.20346 0.93857 0.18040 0.92977 0.15473 0.91027 0.14860 0.91084 0.13148 0.89783 0.12535 0.89840 0.12088 0.89152 0.09558 0.87928 0.06991 0.85977 0.05522 0.85384 0.03587 0.83739 0.03178 0.83777 0.02303 0.82764 0.01594 0.82691 0.02503 1.00000 0.29380 1.00000
2 0.24127 0.85659 0.23568 0.84798 0.22434 0.84721 0.22377 0.83632 0.22154 0.83288 0.22243 0.81089 0.22595 0.79962 0.22704 0.78127 0.23075 0.77362 0.23664 0.72928 0.23678 0.69277 0.23343 0.68761 0.21503 0.68932 0.21317 0.69314 0.19682 0.69466 0.19496 0.69849 0.17248 0.70058 0.15762 0.71109 0.15820 0.72198 0.17403 0.74971 0.19063 0.79196 0.20199 0.81280 0.20295 0.83096 0.20518 0.83440 0.20652 0.85982 0.20374 0.86555 0.19482 0.87186 0.19616 0.89728 0.17907 0.90435 0.17629 0.91008 0.17686 0.92098 0.18226 0.92595 0.19657 0.92462 0.20717 0.93093 0.21014 0.92883 0.21682 0.91908 0.23502 0.91373 0.23688 0.90991 0.24895 0.90514 0.25266 0.89750 0.26697 0.89616 0.26975 0.89043 0.26787 0.87418 0.26359 0.87093 0.24519 0.87264 0.24184 0.86748 0.24127 0.85659
