6 0.02242 0.00000 0.01267 0.00495 0.01087 0.07380 0.03760 0.06562 0.07278 0.07940 0.25844 0.61020 0.32619 0.84164 0.30882 0.93070 0.27505 0.98984 0.49345 1.00000 0.98720 1.00000 1.00000 0.51162 1.00000 0.44666 0.90707 0.37539 0.71960 0.28516 0.42876 0.08537 0.31151 0.00337 0.29119 0.00000 0.02242 0.00000
5 0.56837 0.11898 0.54506 0.12189 0.54390 0.13781 0.58809 0.15251 0.62718 0.13303 0.62581 0.12236 0.60274 0.11134 0.60143 0.08657 0.59021 0.08605 0.58721 0.05729 0.59872 0.05746 0.60744 0.01841 0.60780 0.00471 0.55530 0.00227 0.55509 0.01212 0.55628 0.02920 0.57099 0.06332 0.57582 0.09204 0.56574 0.10488 0.56837 0.11898
6 0.02242 0.00000 0.01267 0.00495 0.01087 0.07380 0.03760 0.06562 0.07278 0.07940 0.25844 0.61020 0.32619 0.84164 0.30882 0.93070 0.27505 0.98984 0.49345 1.00000 0.98720 1.00000 1.00000 0.51162 1.00000 0.44666 0.90707 0.37539 0.71960 0.28516 0.42876 0.08537 0.31151 0.00337 0.29119 0.00000 0.02242 0.00000
5 0.56837 0.11898 0.54506 0.12189 0.54390 0.13781 0.58809 0.15251 0.62718 0.13303 0.62581 0.12236 0.60274 0.11134 0.60143 0.08657 0.59021 0.08605 0.58721 0.05729 0.59872 0.05746 0.60744 0.01841 0.60780 0.00471 0.55530 0.00227 0.55509 0.01212 0.55628 0.02920 0.57099 0.06332 0.57582 0.09204 0.56574 0.10488 0.56837 0.11898
6 0.02242 0.00000 0.01267 0.00495 0.01087 0.07380 0.03760 0.06562 0.07278 0.07940 0.25844 0.61020 0.32619 0.84164 0.30882 0.93070 0.27505 0.98984 0.49345 1.00000 0.98720 1.00000 1.00000 0.51162 1.00000 0.44666 0.90707 0.37539 0.71960 0.28516 0.42876 0.08537 0.31151 0.00337 0.29119 0.00000 0.02242 0.00000
5 0.56837 0.11898 0.54506 0.12189 0.54390 0.13781 0.58809 0.15251 0.62718 0.13303 0.62581 0.12236 0.60274 0.11134 0.60143 0.08657 0.59021 0.08605 0.58721 0.05729 0.59872 0.05746 0.60744 0.01841 0.60780 0.00471 0.55530 0.00227 0.55509 0.01212 0.55628 0.02920 0.57099 0.06332 0.57582 0.09204 0.56574 0.10488 0.56837 0.11898
6 0.02242 0.00000 0.01267 0.00495 0.01087 0.07380 0.03760 0.06562 0.07278 0.07940 0.25844 0.61020 0.32619 0.84164 0.30882 0.93070 0.27505 0.98984 0.49345 1.00000 0.98720 1.00000 1.00000 0.51162 1.00000 0.44666 0.90707 0.37539 0.71960 0.28516 0.42876 0.08537 0.31151 0.00337 0.29119 0.00000 0.02242 0.00000
5 0.56837 0.11898 0.54506 0.12189 0.54390 0.13781 0.58809 0.15251 0.62718 0.13303 0.62581 0.12236 0.60274 0.11134 0.60143 0.08657 0.59021 0.08605 0.58721 0.05729 0.59872 0.05746 0.60744 0.01841 0.60780 0.00471 0.55530 0.00227 0.55509 0.01212 0.55628 0.02920 0.57099 0.06332 0.57582 0.09204 0.56574 0.10488 0.56837 0.11898
6 0.02242 0.00000 0.01267 0.00495 0.01087 0.07380 0.03760 0.06562 0.07278 0.07940 0.25844 0.61020 0.32619 0.84164 0.30882 0.93070 0.27505 0.98984 0.49345 1.00000 0.98720 1.00000 1.00000 0.51162 1.00000 0.44666 0.90707 0.37539 0.71960 0.28516 0.42876 0.08537 0.31151 0.00337 0.29119 0.00000 0.02242 0.00000
5 0.56837 0.11898 0.54506 0.12189 0.54390 0.13781 0.58809 0.15251 0.62718 0.13303 0.62581 0.12236 0.60274 0.11134 0.60143 0.08657 0.59021 0.08605 0.58721 0.05729 0.59872 0.05746 0.60744 0.01841 0.60780 0.00471 0.55530 0.00227 0.55509 0.01212 0.55628 0.02920 0.57099 0.06332 0.57582 0.09204 0.56574 0.10488 0.56837 0.11898
6 0.02242 0.00000 0.01267 0.00495 0.01087 0.07380 0.03760 0.06562 0.07278 0.07940 0.25844 0.61020 0.32619 0.84164 0.30882 0.93070 0.27505 0.98984 0.49345 1.00000 0.98720 1.00000 1.00000 0.51162 1.00000 0.44666 0.90707 0.37539 0.71960 0.28516 0.42876 0.08537 0.31151 0.00337 0.29119 0.00000 0.02242 0.00000
5 0.56837 0.11898 0.54506 0.12189 0.54390 0.13781 0.58809 0.15251 0.62718 0.13303 0.62581 0.12236 0.60274 0.11134 0.60143 0.08657 0.59021 0.08605 0.58721 0.05729 0.59872 0.05746 0.60744 0.01841 0.60780 0.00471 0.55530 0.00227 0.55509 0.01212 0.55628 0.02920 0.57099 0.06332 0.57582 0.09204 0.56574 0.10488 0.56837 0.11898
