5 0.32390 0.84076 0.32412 0.82389 0.31088 0.82921 0.31414 0.78148 0.32690 0.77241 0.35068 0.72610 0.34897 0.65577 0.32684 0.61589 0.28989 0.62253 0.26562 0.66602 0.26261 0.73436 0.29297 0.78943 0.29134 0.83344 0.27548 0.83776 0.27680 0.85747 0.24407 0.86327 0.24322 0.88762 0.28953 0.93087 0.35739 0.89777 0.35928 0.87438 0.32390 0.84076
6 0.00000 0.98845 0.34579 0.99649 0.29632 0.95080 0.28149 0.94286 0.24787 0.90412 0.23938 0.90012 0.22679 0.88465 0.22252 0.88455 0.21627 0.87302 0.18255 0.84186 0.17828 0.84176 0.14669 0.81066 0.13607 0.80662 0.11499 0.78714 0.11083 0.77946 0.09391 0.76768 0.08553 0.75609 0.08127 0.75599 0.06227 0.74037 0.04337 0.71715 0.03911 0.71705 0.03281 0.70931 0.01580 0.70512 0.01371 0.70128 0.00092 0.70098 0.00000 0.69929 0.00000 0.98845
5 0.32390 0.84076 0.32412 0.82389 0.31088 0.82921 0.31414 0.78148 0.32690 0.77241 0.35068 0.72610 0.34897 0.65577 0.32684 0.61589 0.28989 0.62253 0.26562 0.66602 0.26261 0.73436 0.29297 0.78943 0.29134 0.83344 0.27548 0.83776 0.27680 0.85747 0.24407 0.86327 0.24322 0.88762 0.28953 0.93087 0.35739 0.89777 0.35928 0.87438 0.32390 0.84076
6 0.00000 0.98845 0.34579 0.99649 0.29632 0.95080 0.28149 0.94286 0.24787 0.90412 0.23938 0.90012 0.22679 0.88465 0.22252 0.88455 0.21627 0.87302 0.18255 0.84186 0.17828 0.84176 0.14669 0.81066 0.13607 0.80662 0.11499 0.78714 0.11083 0.77946 0.09391 0.76768 0.08553 0.75609 0.08127 0.75599 0.06227 0.74037 0.04337 0.71715 0.03911 0.71705 0.03281 0.70931 0.01580 0.70512 0.01371 0.70128 0.00092 0.70098 0.00000 0.69929 0.00000 0.98845
5 0.32390 0.84076 0.32412 0.82389 0.31088 0.82921 0.31414 0.78148 0.32690 0.77241 0.35068 0.72610 0.34897 0.65577 0.32684 0.61589 0.28989 0.62253 0.26562 0.66602 0.26261 0.73436 0.29297 0.78943 0.29134 0.83344 0.27548 0.83776 0.27680 0.85747 0.24407 0.86327 0.24322 0.88762 0.28953 0.93087 0.35739 0.89777 0.35928 0.87438 0.32390 0.84076
6 0.00000 0.98845 0.34579 0.99649 0.29632 0.95080 0.28149 0.94286 0.24787 0.90412 0.23938 0.90012 0.22679 0.88465 0.22252 0.88455 0.21627 0.87302 0.18255 0.84186 0.17828 0.84176 0.14669 0.81066 0.13607 0.80662 0.11499 0.78714 0.11083 0.77946 0.09391 0.76768 0.08553 0.75609 0.08127 0.75599 0.06227 0.74037 0.04337 0.71715 0.03911 0.71705 0.03281 0.70931 0.01580 0.70512 0.01371 0.70128 0.00092 0.70098 0.00000 0.69929 0.00000 0.98845
5 0.32390 0.84076 0.32412 0.82389 0.31088 0.82921 0.31414 0.78148 0.32690 0.77241 0.35068 0.72610 0.34897 0.65577 0.32684 0.61589 0.28989 0.62253 0.26562 0.66602 0.26261 0.73436 0.29297 0.78943 0.29134 0.83344 0.27548 0.83776 0.27680 0.85747 0.24407 0.86327 0.24322 0.88762 0.28953 0.93087 0.35739 0.89777 0.35928 0.87438 0.32390 0.84076
6 0.00000 0.98845 0.34579 0.99649 0.29632 0.95080 0.28149 0.94286 0.24787 0.90412 0.23938 0.90012 0.22679 0.88465 0.22252 0.88455 0.21627 0.87302 0.18255 0.84186 0.17828 0.84176 0.14669 0.81066 0.13607 0.80662 0.11499 0.78714 0.11083 0.77946 0.09391 0.76768 0.08553 0.75609 0.08127 0.75599 0.06227 0.74037 0.04337 0.71715 0.03911 0.71705 0.03281 0.70931 0.01580 0.70512 0.01371 0.70128 0.00092 0.70098 0.00000 0.69929 0.00000 0.98845
5 0.32390 0.84076 0.32412 0.82389 0.31088 0.82921 0.31414 0.78148 0.32690 0.77241 0.35068 0.72610 0.34897 0.65577 0.32684 0.61589 0.28989 0.62253 0.26562 0.66602 0.26261 0.73436 0.29297 0.78943 0.29134 0.83344 0.27548 0.83776 0.27680 0.85747 0.24407 0.86327 0.24322 0.88762 0.28953 0.93087 0.35739 0.89777 0.35928 0.87438 0.32390 0.84076
6 0.00000 0.98845 0.34579 0.99649 0.29632 0.95080 0.28149 0.94286 0.24787 0.90412 0.23938 0.90012 0.22679 0.88465 0.22252 0.88455 0.21627 0.87302 0.18255 0.84186 0.17828 0.84176 0.14669 0.81066 0.13607 0.80662 0.11499 0.78714 0.11083 0.77946 0.09391 0.76768 0.08553 0.75609 0.08127 0.75599 0.06227 0.74037 0.04337 0.71715 0.03911 0.71705 0.03281 0.70931 0.01580 0.70512 0.01371 0.70128 0.00092 0.70098 0.00000 0.69929 0.00000 0.98845
5 0.32390 0.84076 0.32412 0.82389 0.31088 0.82921 0.31414 0.78148 0.32690 0.77241 0.35068 0.72610 0.34897 0.65577 0.32684 0.61589 0.28989 0.62253 0.26562 0.66602 0.26261 0.73436 0.29297 0.78943 0.29134 0.83344 0.27548 0.83776 0.27680 0.85747 0.24407 0.86327 0.24322 0.88762 0.28953 0.93087 0.35739 0.89777 0.35928 0.87438 0.32390 0.84076
6 0.00000 0.98845 0.34579 0.99649 0.29632 0.95080 0.28149 0.94286 0.24787 0.90412 0.23938 0.90012 0.22679 0.88465 0.22252 0.88455 0.21627 0.87302 0.18255 0.84186 0.17828 0.84176 0.14669 0.81066 0.13607 0.80662 0.11499 0.78714 0.11083 0.77946 0.09391 0.76768 0.08553 0.75609 0.08127 0.75599 0.06227 0.74037 0.04337 0.71715 0.03911 0.71705 0.03281 0.70931 0.01580 0.70512 0.01371 0.70128 0.00092 0.70098 0.00000 0.69929 0.00000 0.98845
