5 0.13529 0.82046 0.13377 0.83604 0.17264 0.86450 0.23933 0.82249 0.24162 0.81097 0.21037 0.79336 0.20770 0.77371 0.19703 0.77642 0.19588 0.73780 0.21189 0.73306 0.22713 0.68496 0.22789 0.62398 0.20655 0.58672 0.17607 0.58672 0.14939 0.63214 0.14939 0.69918 0.17988 0.74661 0.17988 0.77913 0.16425 0.79065 0.16311 0.81233 0.13529 0.82046
6 0.26074 1.00000 0.26270 0.99653 0.34375 0.99827 0.34473 0.99305 0.34082 0.99305 0.33301 0.98264 0.32129 0.97917 0.31348 0.96875 0.28223 0.95139 0.27246 0.94097 0.26660 0.94097 0.23730 0.91667 0.20020 0.89583 0.19043 0.88542 0.17871 0.88195 0.14941 0.85764 0.14355 0.85764 0.13965 0.85070 0.12207 0.83680 0.11816 0.83680 0.11035 0.82639 0.09277 0.81250 0.08301 0.80903 0.07129 0.79861 0.05371 0.79167 0.04785 0.78472 0.02441 0.77083 0.01855 0.77083 0.00488 0.76042 0.00000 0.76215 0.00098 0.99653 0.22559 0.99653 0.22754 1.00000 0.23145 0.99653 0.23730 1.00000 0.26074 1.00000
5 0.13529 0.82046 0.13377 0.83604 0.17264 0.86450 0.23933 0.82249 0.24162 0.81097 0.21037 0.79336 0.20770 0.77371 0.19703 0.77642 0.19588 0.73780 0.21189 0.73306 0.22713 0.68496 0.22789 0.62398 0.20655 0.58672 0.17607 0.58672 0.14939 0.63214 0.14939 0.69918 0.17988 0.74661 0.17988 0.77913 0.16425 0.79065 0.16311 0.81233 0.13529 0.82046
6 0.26074 1.00000 0.26270 0.99653 0.34375 0.99827 0.34473 0.99305 0.34082 0.99305 0.33301 0.98264 0.32129 0.97917 0.31348 0.96875 0.28223 0.95139 0.27246 0.94097 0.26660 0.94097 0.23730 0.91667 0.20020 0.89583 0.19043 0.88542 0.17871 0.88195 0.14941 0.85764 0.14355 0.85764 0.13965 0.85070 0.12207 0.83680 0.11816 0.83680 0.11035 0.82639 0.09277 0.81250 0.08301 0.80903 0.07129 0.79861 0.05371 0.79167 0.04785 0.78472 0.02441 0.77083 0.01855 0.77083 0.00488 0.76042 0.00000 0.76215 0.00098 0.99653 0.22559 0.99653 0.22754 1.00000 0.23145 0.99653 0.23730 1.00000 0.26074 1.00000
5 0.13529 0.82046 0.13377 0.83604 0.17264 0.86450 0.23933 0.82249 0.24162 0.81097 0.21037 0.79336 0.20770 0.77371 0.19703 0.77642 0.19588 0.73780 0.21189 0.73306 0.22713 0.68496 0.22789 0.62398 0.20655 0.58672 0.17607 0.58672 0.14939 0.63214 0.14939 0.69918 0.17988 0.74661 0.17988 0.77913 0.16425 0.79065 0.16311 0.81233 0.13529 0.82046
6 0.26074 1.00000 0.26270 0.99653 0.34375 0.99827 0.34473 0.99305 0.34082 0.99305 0.33301 0.98264 0.32129 0.97917 0.31348 0.96875 0.28223 0.95139 0.27246 0.94097 0.26660 0.94097 0.23730 0.91667 0.20020 0.89583 0.19043 0.88542 0.17871 0.88195 0.14941 0.85764 0.14355 0.85764 0.13965 0.85070 0.12207 0.83680 0.11816 0.83680 0.11035 0.82639 0.09277 0.81250 0.08301 0.80903 0.07129 0.79861 0.05371 0.79167 0.04785 0.78472 0.02441 0.77083 0.01855 0.77083 0.00488 0.76042 0.00000 0.76215 0.00098 0.99653 0.22559 0.99653 0.22754 1.00000 0.23145 0.99653 0.23730 1.00000 0.26074 1.00000
5 0.13529 0.82046 0.13377 0.83604 0.17264 0.86450 0.23933 0.82249 0.24162 0.81097 0.21037 0.79336 0.20770 0.77371 0.19703 0.77642 0.19588 0.73780 0.21189 0.73306 0.22713 0.68496 0.22789 0.62398 0.20655 0.58672 0.17607 0.58672 0.14939 0.63214 0.14939 0.69918 0.17988 0.74661 0.17988 0.77913 0.16425 0.79065 0.16311 0.81233 0.13529 0.82046
6 0.26074 1.00000 0.26270 0.99653 0.34375 0.99827 0.34473 0.99305 0.34082 0.99305 0.33301 0.98264 0.32129 0.97917 0.31348 0.96875 0.28223 0.95139 0.27246 0.94097 0.26660 0.94097 0.23730 0.91667 0.20020 0.89583 0.19043 0.88542 0.17871 0.88195 0.14941 0.85764 0.14355 0.85764 0.13965 0.85070 0.12207 0.83680 0.11816 0.83680 0.11035 0.82639 0.09277 0.81250 0.08301 0.80903 0.07129 0.79861 0.05371 0.79167 0.04785 0.78472 0.02441 0.77083 0.01855 0.77083 0.00488 0.76042 0.00000 0.76215 0.00098 0.99653 0.22559 0.99653 0.22754 1.00000 0.23145 0.99653 0.23730 1.00000 0.26074 1.00000
5 0.13529 0.82046 0.13377 0.83604 0.17264 0.86450 0.23933 0.82249 0.24162 0.81097 0.21037 0.79336 0.20770 0.77371 0.19703 0.77642 0.19588 0.73780 0.21189 0.73306 0.22713 0.68496 0.22789 0.62398 0.20655 0.58672 0.17607 0.58672 0.14939 0.63214 0.14939 0.69918 0.17988 0.74661 0.17988 0.77913 0.16425 0.79065 0.16311 0.81233 0.13529 0.82046
6 0.26074 1.00000 0.26270 0.99653 0.34375 0.99827 0.34473 0.99305 0.34082 0.99305 0.33301 0.98264 0.32129 0.97917 0.31348 0.96875 0.28223 0.95139 0.27246 0.94097 0.26660 0.94097 0.23730 0.91667 0.20020 0.89583 0.19043 0.88542 0.17871 0.88195 0.14941 0.85764 0.14355 0.85764 0.13965 0.85070 0.12207 0.83680 0.11816 0.83680 0.11035 0.82639 0.09277 0.81250 0.08301 0.80903 0.07129 0.79861 0.05371 0.79167 0.04785 0.78472 0.02441 0.77083 0.01855 0.77083 0.00488 0.76042 0.00000 0.76215 0.00098 0.99653 0.22559 0.99653 0.22754 1.00000 0.23145 0.99653 0.23730 1.00000 0.26074 1.00000
5 0.13529 0.82046 0.13377 0.83604 0.17264 0.86450 0.23933 0.82249 0.24162 0.81097 0.21037 0.79336 0.20770 0.77371 0.19703 0.77642 0.19588 0.73780 0.21189 0.73306 0.22713 0.68496 0.22789 0.62398 0.20655 0.58672 0.17607 0.58672 0.14939 0.63214 0.14939 0.69918 0.17988 0.74661 0.17988 0.77913 0.16425 0.79065 0.16311 0.81233 0.13529 0.82046
6 0.26074 1.00000 0.26270 0.99653 0.34375 0.99827 0.34473 0.99305 0.34082 0.99305 0.33301 0.98264 0.32129 0.97917 0.31348 0.96875 0.28223 0.95139 0.27246 0.94097 0.26660 0.94097 0.23730 0.91667 0.20020 0.89583 0.19043 0.88542 0.17871 0.88195 0.14941 0.85764 0.14355 0.85764 0.13965 0.85070 0.12207 0.83680 0.11816 0.83680 0.11035 0.82639 0.09277 0.81250 0.08301 0.80903 0.07129 0.79861 0.05371 0.79167 0.04785 0.78472 0.02441 0.77083 0.01855 0.77083 0.00488 0.76042 0.00000 0.76215 0.00098 0.99653 0.22559 0.99653 0.22754 1.00000 0.23145 0.99653 0.23730 1.00000 0.26074 1.00000
