7 0.08640 0.46134 0.10319 0.46271 0.10784 0.45649 0.11370 0.40086 0.11212 0.39701 0.11676 0.39079 0.11860 0.37340 0.09630 0.36746 0.09282 0.37212 0.09135 0.38603 0.09453 0.39372 0.08952 0.40342 0.08438 0.45210 0.08640 0.46134
1 0.32801 0.62713 0.33191 0.62786 0.34395 0.61770 0.35128 0.60489 0.36008 0.57817 0.36265 0.55383 0.36106 0.54998 0.36130 0.52876 0.35416 0.51146 0.33962 0.49811 0.32985 0.49628 0.31935 0.50140 0.30927 0.51193 0.29693 0.53443 0.29387 0.54450 0.29020 0.57927 0.29545 0.60507 0.30852 0.63234 0.30779 0.63929 0.30015 0.66446 0.28964 0.66958 0.28231 0.68239 0.27254 0.68056 0.26674 0.68834 0.26997 0.70490 0.27388 0.70564 0.28451 0.71826 0.30717 0.72073 0.33765 0.72466 0.34387 0.72229 0.34772 0.71414 0.34571 0.70490 0.33472 0.69575 0.33233 0.68998 0.33185 0.67571 0.32592 0.66574 0.32201 0.66500 0.32037 0.65229 0.32220 0.63490 0.32801 0.62713
6 0.00000 0.90697 0.00120 0.90988 0.00706 0.91098 0.00939 0.90787 0.01293 0.91208 0.02075 0.91354 0.02307 0.91043 0.02893 0.91153 0.03052 0.91537 0.04811 0.91866 0.05043 0.91555 0.05397 0.91976 0.48707 0.99907 0.47211 0.98031 0.46381 0.96457 0.41422 0.90565 0.39883 0.88149 0.39138 0.87655 0.36695 0.84361 0.36304 0.84288 0.34374 0.81799 0.33983 0.81726 0.32603 0.79695 0.29379 0.76255 0.26460 0.71808 0.25165 0.70856 0.24334 0.69283 0.23943 0.69209 0.22722 0.67563 0.21782 0.67032 0.19852 0.64543 0.19461 0.64470 0.17922 0.62054 0.16786 0.61487 0.15369 0.59804 0.14612 0.57534 0.12926 0.56510 0.11974 0.54204 0.11192 0.54058 0.10092 0.53143 0.08554 0.50727 0.06868 0.49702 0.05329 0.47287 0.04230 0.46372 0.03753 0.45219 0.01079 0.42236 0.00492 0.42127 0.00370 0.41832 0.00000 0.45343 0.00000 0.90697
7 0.08640 0.46134 0.10319 0.46271 0.10784 0.45649 0.11370 0.40086 0.11212 0.39701 0.11676 0.39079 0.11860 0.37340 0.09630 0.36746 0.09282 0.37212 0.09135 0.38603 0.09453 0.39372 0.08952 0.40342 0.08438 0.45210 0.08640 0.46134
1 0.32801 0.62713 0.33191 0.62786 0.34395 0.61770 0.35128 0.60489 0.36008 0.57817 0.36265 0.55383 0.36106 0.54998 0.36130 0.52876 0.35416 0.51146 0.33962 0.49811 0.32985 0.49628 0.31935 0.50140 0.30927 0.51193 0.29693 0.53443 0.29387 0.54450 0.29020 0.57927 0.29545 0.60507 0.30852 0.63234 0.30779 0.63929 0.30015 0.66446 0.28964 0.66958 0.28231 0.68239 0.27254 0.68056 0.26674 0.68834 0.26997 0.70490 0.27388 0.70564 0.28451 0.71826 0.30717 0.72073 0.33765 0.72466 0.34387 0.72229 0.34772 0.71414 0.34571 0.70490 0.33472 0.69575 0.33233 0.68998 0.33185 0.67571 0.32592 0.66574 0.32201 0.66500 0.32037 0.65229 0.32220 0.63490 0.32801 0.62713
6 0.00000 0.90697 0.00120 0.90988 0.00706 0.91098 0.00939 0.90787 0.01293 0.91208 0.02075 0.91354 0.02307 0.91043 0.02893 0.91153 0.03052 0.91537 0.04811 0.91866 0.05043 0.91555 0.05397 0.91976 0.48707 0.99907 0.47211 0.98031 0.46381 0.96457 0.41422 0.90565 0.39883 0.88149 0.39138 0.87655 0.36695 0.84361 0.36304 0.84288 0.34374 0.81799 0.33983 0.81726 0.32603 0.79695 0.29379 0.76255 0.26460 0.71808 0.25165 0.70856 0.24334 0.69283 0.23943 0.69209 0.22722 0.67563 0.21782 0.67032 0.19852 0.64543 0.19461 0.64470 0.17922 0.62054 0.16786 0.61487 0.15369 0.59804 0.14612 0.57534 0.12926 0.56510 0.11974 0.54204 0.11192 0.54058 0.10092 0.53143 0.08554 0.50727 0.06868 0.49702 0.05329 0.47287 0.04230 0.46372 0.03753 0.45219 0.01079 0.42236 0.00492 0.42127 0.00370 0.41832 0.00000 0.45343 0.00000 0.90697
7 0.08640 0.46134 0.10319 0.46271 0.10784 0.45649 0.11370 0.40086 0.11212 0.39701 0.11676 0.39079 0.11860 0.37340 0.09630 0.36746 0.09282 0.37212 0.09135 0.38603 0.09453 0.39372 0.08952 0.40342 0.08438 0.45210 0.08640 0.46134
1 0.32801 0.62713 0.33191 0.62786 0.34395 0.61770 0.35128 0.60489 0.36008 0.57817 0.36265 0.55383 0.36106 0.54998 0.36130 0.52876 0.35416 0.51146 0.33962 0.49811 0.32985 0.49628 0.31935 0.50140 0.30927 0.51193 0.29693 0.53443 0.29387 0.54450 0.29020 0.57927 0.29545 0.60507 0.30852 0.63234 0.30779 0.63929 0.30015 0.66446 0.28964 0.66958 0.28231 0.68239 0.27254 0.68056 0.26674 0.68834 0.26997 0.70490 0.27388 0.70564 0.28451 0.71826 0.30717 0.72073 0.33765 0.72466 0.34387 0.72229 0.34772 0.71414 0.34571 0.70490 0.33472 0.69575 0.33233 0.68998 0.33185 0.67571 0.32592 0.66574 0.32201 0.66500 0.32037 0.65229 0.32220 0.63490 0.32801 0.62713
6 0.00000 0.90697 0.00120 0.90988 0.00706 0.91098 0.00939 0.90787 0.01293 0.91208 0.02075 0.91354 0.02307 0.91043 0.02893 0.91153 0.03052 0.91537 0.04811 0.91866 0.05043 0.91555 0.05397 0.91976 0.48707 0.99907 0.47211 0.98031 0.46381 0.96457 0.41422 0.90565 0.39883 0.88149 0.39138 0.87655 0.36695 0.84361 0.36304 0.84288 0.34374 0.81799 0.33983 0.81726 0.32603 0.79695 0.29379 0.76255 0.26460 0.71808 0.25165 0.70856 0.24334 0.69283 0.23943 0.69209 0.22722 0.67563 0.21782 0.67032 0.19852 0.64543 0.19461 0.64470 0.17922 0.62054 0.16786 0.61487 0.15369 0.59804 0.14612 0.57534 0.12926 0.56510 0.11974 0.54204 0.11192 0.54058 0.10092 0.53143 0.08554 0.50727 0.06868 0.49702 0.05329 0.47287 0.04230 0.46372 0.03753 0.45219 0.01079 0.42236 0.00492 0.42127 0.00370 0.41832 0.00000 0.45343 0.00000 0.90697
7 0.08640 0.46134 0.10319 0.46271 0.10784 0.45649 0.11370 0.40086 0.11212 0.39701 0.11676 0.39079 0.11860 0.37340 0.09630 0.36746 0.09282 0.37212 0.09135 0.38603 0.09453 0.39372 0.08952 0.40342 0.08438 0.45210 0.08640 0.46134
1 0.32801 0.62713 0.33191 0.62786 0.34395 0.61770 0.35128 0.60489 0.36008 0.57817 0.36265 0.55383 0.36106 0.54998 0.36130 0.52876 0.35416 0.51146 0.33962 0.49811 0.32985 0.49628 0.31935 0.50140 0.30927 0.51193 0.29693 0.53443 0.29387 0.54450 0.29020 0.57927 0.29545 0.60507 0.30852 0.63234 0.30779 0.63929 0.30015 0.66446 0.28964 0.66958 0.28231 0.68239 0.27254 0.68056 0.26674 0.68834 0.26997 0.70490 0.27388 0.70564 0.28451 0.71826 0.30717 0.72073 0.33765 0.72466 0.34387 0.72229 0.34772 0.71414 0.34571 0.70490 0.33472 0.69575 0.33233 0.68998 0.33185 0.67571 0.32592 0.66574 0.32201 0.66500 0.32037 0.65229 0.32220 0.63490 0.32801 0.62713
6 0.00000 0.90697 0.00120 0.90988 0.00706 0.91098 0.00939 0.90787 0.01293 0.91208 0.02075 0.91354 0.02307 0.91043 0.02893 0.91153 0.03052 0.91537 0.04811 0.91866 0.05043 0.91555 0.05397 0.91976 0.48707 0.99907 0.47211 0.98031 0.46381 0.96457 0.41422 0.90565 0.39883 0.88149 0.39138 0.87655 0.36695 0.84361 0.36304 0.84288 0.34374 0.81799 0.33983 0.81726 0.32603 0.79695 0.29379 0.76255 0.26460 0.71808 0.25165 0.70856 0.24334 0.69283 0.23943 0.69209 0.22722 0.67563 0.21782 0.67032 0.19852 0.64543 0.19461 0.64470 0.17922 0.62054 0.16786 0.61487 0.15369 0.59804 0.14612 0.57534 0.12926 0.56510 0.11974 0.54204 0.11192 0.54058 0.10092 0.53143 0.08554 0.50727 0.06868 0.49702 0.05329 0.47287 0.04230 0.46372 0.03753 0.45219 0.01079 0.42236 0.00492 0.42127 0.00370 0.41832 0.00000 0.45343 0.00000 0.90697
7 0.08640 0.46134 0.10319 0.46271 0.10784 0.45649 0.11370 0.40086 0.11212 0.39701 0.11676 0.39079 0.11860 0.37340 0.09630 0.36746 0.09282 0.37212 0.09135 0.38603 0.09453 0.39372 0.08952 0.40342 0.08438 0.45210 0.08640 0.46134
1 0.32801 0.62713 0.33191 0.62786 0.34395 0.61770 0.35128 0.60489 0.36008 0.57817 0.36265 0.55383 0.36106 0.54998 0.36130 0.52876 0.35416 0.51146 0.33962 0.49811 0.32985 0.49628 0.31935 0.50140 0.30927 0.51193 0.29693 0.53443 0.29387 0.54450 0.29020 0.57927 0.29545 0.60507 0.30852 0.63234 0.30779 0.63929 0.30015 0.66446 0.28964 0.66958 0.28231 0.68239 0.27254 0.68056 0.26674 0.68834 0.26997 0.70490 0.27388 0.70564 0.28451 0.71826 0.30717 0.72073 0.33765 0.72466 0.34387 0.72229 0.34772 0.71414 0.34571 0.70490 0.33472 0.69575 0.33233 0.68998 0.33185 0.67571 0.32592 0.66574 0.32201 0.66500 0.32037 0.65229 0.32220 0.63490 0.32801 0.62713
6 0.00000 0.90697 0.00120 0.90988 0.00706 0.91098 0.00939 0.90787 0.01293 0.91208 0.02075 0.91354 0.02307 0.91043 0.02893 0.91153 0.03052 0.91537 0.04811 0.91866 0.05043 0.91555 0.05397 0.91976 0.48707 0.99907 0.47211 0.98031 0.46381 0.96457 0.41422 0.90565 0.39883 0.88149 0.39138 0.87655 0.36695 0.84361 0.36304 0.84288 0.34374 0.81799 0.33983 0.81726 0.32603 0.79695 0.29379 0.76255 0.26460 0.71808 0.25165 0.70856 0.24334 0.69283 0.23943 0.69209 0.22722 0.67563 0.21782 0.67032 0.19852 0.64543 0.19461 0.64470 0.17922 0.62054 0.16786 0.61487 0.15369 0.59804 0.14612 0.57534 0.12926 0.56510 0.11974 0.54204 0.11192 0.54058 0.10092 0.53143 0.08554 0.50727 0.06868 0.49702 0.05329 0.47287 0.04230 0.46372 0.03753 0.45219 0.01079 0.42236 0.00492 0.42127 0.00370 0.41832 0.00000 0.45343 0.00000 0.90697
7 0.08640 0.46134 0.10319 0.46271 0.10784 0.45649 0.11370 0.40086 0.11212 0.39701 0.11676 0.39079 0.11860 0.37340 0.09630 0.36746 0.09282 0.37212 0.09135 0.38603 0.09453 0.39372 0.08952 0.40342 0.08438 0.45210 0.08640 0.46134
1 0.32801 0.62713 0.33191 0.62786 0.34395 0.61770 0.35128 0.60489 0.36008 0.57817 0.36265 0.55383 0.36106 0.54998 0.36130 0.52876 0.35416 0.51146 0.33962 0.49811 0.32985 0.49628 0.31935 0.50140 0.30927 0.51193 0.29693 0.53443 0.29387 0.54450 0.29020 0.57927 0.29545 0.60507 0.30852 0.63234 0.30779 0.63929 0.30015 0.66446 0.28964 0.66958 0.28231 0.68239 0.27254 0.68056 0.26674 0.68834 0.26997 0.70490 0.27388 0.70564 0.28451 0.71826 0.30717 0.72073 0.33765 0.72466 0.34387 0.72229 0.34772 0.71414 0.34571 0.70490 0.33472 0.69575 0.33233 0.68998 0.33185 0.67571 0.32592 0.66574 0.32201 0.66500 0.32037 0.65229 0.32220 0.63490 0.32801 0.62713
6 0.00000 0.90697 0.00120 0.90988 0.00706 0.91098 0.00939 0.90787 0.01293 0.91208 0.02075 0.91354 0.02307 0.91043 0.02893 0.91153 0.03052 0.91537 0.04811 0.91866 0.05043 0.91555 0.05397 0.91976 0.48707 0.99907 0.47211 0.98031 0.46381 0.96457 0.41422 0.90565 0.39883 0.88149 0.39138 0.87655 0.36695 0.84361 0.36304 0.84288 0.34374 0.81799 0.33983 0.81726 0.32603 0.79695 0.29379 0.76255 0.26460 0.71808 0.25165 0.70856 0.24334 0.69283 0.23943 0.69209 0.22722 0.67563 0.21782 0.67032 0.19852 0.64543 0.19461 0.64470 0.17922 0.62054 0.16786 0.61487 0.15369 0.59804 0.14612 0.57534 0.12926 0.56510 0.11974 0.54204 0.11192 0.54058 0.10092 0.53143 0.08554 0.50727 0.06868 0.49702 0.05329 0.47287 0.04230 0.46372 0.03753 0.45219 0.01079 0.42236 0.00492 0.42127 0.00370 0.41832 0.00000 0.45343 0.00000 0.90697
