5 1.00000 0.44758 0.99750 0.42651 0.99301 0.42329 0.98732 0.37543 0.98977 0.36925 0.99061 0.36862 0.96089 0.11870 0.94965 0.12107 0.94388 0.12606 0.90598 0.22652 0.90817 0.24493 0.90654 0.24905 0.90928 0.28999 0.90765 0.29411 0.91203 0.33092 0.92745 0.34465 0.93252 0.36057 0.95214 0.38285 0.95620 0.43483 0.95256 0.44880 0.93645 0.45598 0.93274 0.46054 0.92992 0.47245 0.91337 0.47595 0.90760 0.48093 0.90433 0.48917 0.87950 0.49441 0.88175 0.52224 0.89304 0.53684 0.91134 0.54808 0.91886 0.55782 0.96255 0.58634 0.97540 0.58740 0.97704 0.58328 0.99152 0.58023 1.00000 0.57289 1.00000 0.44758
6 1.00000 0.64934 0.75015 0.40848 0.58079 0.23286 0.51238 0.20452 0.41950 0.19644 0.24686 0.24292 0.13955 0.26808 0.01941 0.31607 0.00000 0.32483 0.00000 0.42282 0.13940 0.37379 0.18078 0.36505 0.20177 0.36314 0.21150 0.37367 0.18760 0.48187 0.06546 1.00000 0.52954 1.00000 1.00000 0.90075 1.00000 0.64934
5 1.00000 0.44758 0.99750 0.42651 0.99301 0.42329 0.98732 0.37543 0.98977 0.36925 0.99061 0.36862 0.96089 0.11870 0.94965 0.12107 0.94388 0.12606 0.90598 0.22652 0.90817 0.24493 0.90654 0.24905 0.90928 0.28999 0.90765 0.29411 0.91203 0.33092 0.92745 0.34465 0.93252 0.36057 0.95214 0.38285 0.95620 0.43483 0.95256 0.44880 0.93645 0.45598 0.93274 0.46054 0.92992 0.47245 0.91337 0.47595 0.90760 0.48093 0.90433 0.48917 0.87950 0.49441 0.88175 0.52224 0.89304 0.53684 0.91134 0.54808 0.91886 0.55782 0.96255 0.58634 0.97540 0.58740 0.97704 0.58328 0.99152 0.58023 1.00000 0.57289 1.00000 0.44758
6 1.00000 0.64934 0.75015 0.40848 0.58079 0.23286 0.51238 0.20452 0.41950 0.19644 0.24686 0.24292 0.13955 0.26808 0.01941 0.31607 0.00000 0.32483 0.00000 0.42282 0.13940 0.37379 0.18078 0.36505 0.20177 0.36314 0.21150 0.37367 0.18760 0.48187 0.06546 1.00000 0.52954 1.00000 1.00000 0.90075 1.00000 0.64934
5 1.00000 0.44758 0.99750 0.42651 0.99301 0.42329 0.98732 0.37543 0.98977 0.36925 0.99061 0.36862 0.96089 0.11870 0.94965 0.12107 0.94388 0.12606 0.90598 0.22652 0.90817 0.24493 0.90654 0.24905 0.90928 0.28999 0.90765 0.29411 0.91203 0.33092 0.92745 0.34465 0.93252 0.36057 0.95214 0.38285 0.95620 0.43483 0.95256 0.44880 0.93645 0.45598 0.93274 0.46054 0.92992 0.47245 0.91337 0.47595 0.90760 0.48093 0.90433 0.48917 0.87950 0.49441 0.88175 0.52224 0.89304 0.53684 0.91134 0.54808 0.91886 0.55782 0.96255 0.58634 0.97540 0.58740 0.97704 0.58328 0.99152 0.58023 1.00000 0.57289 1.00000 0.44758
6 1.00000 0.64934 0.75015 0.40848 0.58079 0.23286 0.51238 0.20452 0.41950 0.19644 0.24686 0.24292 0.13955 0.26808 0.01941 0.31607 0.00000 0.32483 0.00000 0.42282 0.13940 0.37379 0.18078 0.36505 0.20177 0.36314 0.21150 0.37367 0.18760 0.48187 0.06546 1.00000 0.52954 1.00000 1.00000 0.90075 1.00000 0.64934
5 1.00000 0.44758 0.99750 0.42651 0.99301 0.42329 0.98732 0.37543 0.98977 0.36925 0.99061 0.36862 0.96089 0.11870 0.94965 0.12107 0.94388 0.12606 0.90598 0.22652 0.90817 0.24493 0.90654 0.24905 0.90928 0.28999 0.90765 0.29411 0.91203 0.33092 0.92745 0.34465 0.93252 0.36057 0.95214 0.38285 0.95620 0.43483 0.95256 0.44880 0.93645 0.45598 0.93274 0.46054 0.92992 0.47245 0.91337 0.47595 0.90760 0.48093 0.90433 0.48917 0.87950 0.49441 0.88175 0.52224 0.89304 0.53684 0.91134 0.54808 0.91886 0.55782 0.96255 0.58634 0.97540 0.58740 0.97704 0.58328 0.99152 0.58023 1.00000 0.57289 1.00000 0.44758
6 1.00000 0.64934 0.75015 0.40848 0.58079 0.23286 0.51238 0.20452 0.41950 0.19644 0.24686 0.24292 0.13955 0.26808 0.01941 0.31607 0.00000 0.32483 0.00000 0.42282 0.13940 0.37379 0.18078 0.36505 0.20177 0.36314 0.21150 0.37367 0.18760 0.48187 0.06546 1.00000 0.52954 1.00000 1.00000 0.90075 1.00000 0.64934
5 1.00000 0.44758 0.99750 0.42651 0.99301 0.42329 0.98732 0.37543 0.98977 0.36925 0.99061 0.36862 0.96089 0.11870 0.94965 0.12107 0.94388 0.12606 0.90598 0.22652 0.90817 0.24493 0.90654 0.24905 0.90928 0.28999 0.90765 0.29411 0.91203 0.33092 0.92745 0.34465 0.93252 0.36057 0.95214 0.38285 0.95620 0.43483 0.95256 0.44880 0.93645 0.45598 0.93274 0.46054 0.92992 0.47245 0.91337 0.47595 0.90760 0.48093 0.90433 0.48917 0.87950 0.49441 0.88175 0.52224 0.89304 0.53684 0.91134 0.54808 0.91886 0.55782 0.96255 0.58634 0.97540 0.58740 0.97704 0.58328 0.99152 0.58023 1.00000 0.57289 1.00000 0.44758
6 1.00000 0.64934 0.75015 0.40848 0.58079 0.23286 0.51238 0.20452 0.41950 0.19644 0.24686 0.24292 0.13955 0.26808 0.01941 0.31607 0.00000 0.32483 0.00000 0.42282 0.13940 0.37379 0.18078 0.36505 0.20177 0.36314 0.21150 0.37367 0.18760 0.48187 0.06546 1.00000 0.52954 1.00000 1.00000 0.90075 1.00000 0.64934
5 1.00000 0.44758 0.99750 0.42651 0.99301 0.42329 0.98732 0.37543 0.98977 0.36925 0.99061 0.36862 0.96089 0.11870 0.94965 0.12107 0.94388 0.12606 0.90598 0.22652 0.90817 0.24493 0.90654 0.24905 0.90928 0.28999 0.90765 0.29411 0.91203 0.33092 0.92745 0.34465 0.93252 0.36057 0.95214 0.38285 0.95620 0.43483 0.95256 0.44880 0.93645 0.45598 0.93274 0.46054 0.92992 0.47245 0.91337 0.47595 0.90760 0.48093 0.90433 0.48917 0.87950 0.49441 0.88175 0.52224 0.89304 0.53684 0.91134 0.54808 0.91886 0.55782 0.96255 0.58634 0.97540 0.58740 0.97704 0.58328 0.99152 0.58023 1.00000 0.57289 1.00000 0.44758
6 1.00000 0.64934 0.75015 0.40848 0.58079 0.23286 0.51238 0.20452 0.41950 0.19644 0.24686 0.24292 0.13955 0.26808 0.01941 0.31607 0.00000 0.32483 0.00000 0.42282 0.13940 0.37379 0.18078 0.36505 0.20177 0.36314 0.21150 0.37367 0.18760 0.48187 0.06546 1.00000 0.52954 1.00000 1.00000 0.90075 1.00000 0.64934
