6 0.98720 1.00000 0.98985 0.89880 0.67162 0.45095 0.57308 0.29627 0.50809 0.25573 0.42547 0.24438 0.34005 0.23290 0.24600 0.22853 0.15375 0.31679 0.19011 0.32349 0.21224 0.33702 0.20897 0.35438 0.18508 0.40830 0.00000 0.88037 0.00000 0.97705 0.49345 1.00000 0.98720 1.00000
2 0.73591 0.35700 0.74272 0.33856 0.74532 0.31992 0.76133 0.27188 0.77093 0.22730 0.77152 0.20482 0.76229 0.19501 0.67768 0.20608 0.67007 0.21511 0.67178 0.23020 0.68372 0.25702 0.68554 0.26836 0.69347 0.28749 0.69719 0.30642 0.70712 0.32940 0.71285 0.35218 0.71148 0.40465 0.70817 0.41012 0.69975 0.40973 0.69644 0.41521 0.69575 0.44144 0.69245 0.44691 0.67560 0.44613 0.67230 0.45161 0.67421 0.45920 0.68334 0.47276 0.68966 0.47305 0.69166 0.47689 0.71382 0.47605 0.72344 0.47087 0.75091 0.46839 0.75311 0.46475 0.78049 0.46602 0.78379 0.46054 0.78409 0.44930 0.78108 0.44353 0.76031 0.43131 0.74847 0.40074 0.73794 0.40025 0.73332 0.37564 0.73591 0.35700
6 0.98720 1.00000 0.98985 0.89880 0.67162 0.45095 0.57308 0.29627 0.50809 0.25573 0.42547 0.24438 0.34005 0.23290 0.24600 0.22853 0.15375 0.31679 0.19011 0.32349 0.21224 0.33702 0.20897 0.35438 0.18508 0.40830 0.00000 0.88037 0.00000 0.97705 0.49345 1.00000 0.98720 1.00000
2 0.73591 0.35700 0.74272 0.33856 0.74532 0.31992 0.76133 0.27188 0.77093 0.22730 0.77152 0.20482 0.76229 0.19501 0.67768 0.20608 0.67007 0.21511 0.67178 0.23020 0.68372 0.25702 0.68554 0.26836 0.69347 0.28749 0.69719 0.30642 0.70712 0.32940 0.71285 0.35218 0.71148 0.40465 0.70817 0.41012 0.69975 0.40973 0.69644 0.41521 0.69575 0.44144 0.69245 0.44691 0.67560 0.44613 0.67230 0.45161 0.67421 0.45920 0.68334 0.47276 0.68966 0.47305 0.69166 0.47689 0.71382 0.47605 0.72344 0.47087 0.75091 0.46839 0.75311 0.46475 0.78049 0.46602 0.78379 0.46054 0.78409 0.44930 0.78108 0.44353 0.76031 0.43131 0.74847 0.40074 0.73794 0.40025 0.73332 0.37564 0.73591 0.35700
6 0.98720 1.00000 0.98985 0.89880 0.67162 0.45095 0.57308 0.29627 0.50809 0.25573 0.42547 0.24438 0.34005 0.23290 0.24600 0.22853 0.15375 0.31679 0.19011 0.32349 0.21224 0.33702 0.20897 0.35438 0.18508 0.40830 0.00000 0.88037 0.00000 0.97705 0.49345 1.00000 0.98720 1.00000
2 0.73591 0.35700 0.74272 0.33856 0.74532 0.31992 0.76133 0.27188 0.77093 0.22730 0.77152 0.20482 0.76229 0.19501 0.67768 0.20608 0.67007 0.21511 0.67178 0.23020 0.68372 0.25702 0.68554 0.26836 0.69347 0.28749 0.69719 0.30642 0.70712 0.32940 0.71285 0.35218 0.71148 0.40465 0.70817 0.41012 0.69975 0.40973 0.69644 0.41521 0.69575 0.44144 0.69245 0.44691 0.67560 0.44613 0.67230 0.45161 0.67421 0.45920 0.68334 0.47276 0.68966 0.47305 0.69166 0.47689 0.71382 0.47605 0.72344 0.47087 0.75091 0.46839 0.75311 0.46475 0.78049 0.46602 0.78379 0.46054 0.78409 0.44930 0.78108 0.44353 0.76031 0.43131 0.74847 0.40074 0.73794 0.40025 0.73332 0.37564 0.73591 0.35700
6 0.98720 1.00000 0.98985 0.89880 0.67162 0.45095 0.57308 0.29627 0.50809 0.25573 0.42547 0.24438 0.34005 0.23290 0.24600 0.22853 0.15375 0.31679 0.19011 0.32349 0.21224 0.33702 0.20897 0.35438 0.18508 0.40830 0.00000 0.88037 0.00000 0.97705 0.49345 1.00000 0.98720 1.00000
2 0.73591 0.35700 0.74272 0.33856 0.74532 0.31992 0.76133 0.27188 0.77093 0.22730 0.77152 0.20482 0.76229 0.19501 0.67768 0.20608 0.67007 0.21511 0.67178 0.23020 0.68372 0.25702 0.68554 0.26836 0.69347 0.28749 0.69719 0.30642 0.70712 0.32940 0.71285 0.35218 0.71148 0.40465 0.70817 0.41012 0.69975 0.40973 0.69644 0.41521 0.69575 0.44144 0.69245 0.44691 0.67560 0.44613 0.67230 0.45161 0.67421 0.45920 0.68334 0.47276 0.68966 0.47305 0.69166 0.47689 0.71382 0.47605 0.72344 0.47087 0.75091 0.46839 0.75311 0.46475 0.78049 0.46602 0.78379 0.46054 0.78409 0.44930 0.78108 0.44353 0.76031 0.43131 0.74847 0.40074 0.73794 0.40025 0.73332 0.37564 0.73591 0.35700
6 0.98720 1.00000 0.98985 0.89880 0.67162 0.45095 0.57308 0.29627 0.50809 0.25573 0.42547 0.24438 0.34005 0.23290 0.24600 0.22853 0.15375 0.31679 0.19011 0.32349 0.21224 0.33702 0.20897 0.35438 0.18508 0.40830 0.00000 0.88037 0.00000 0.97705 0.49345 1.00000 0.98720 1.00000
2 0.73591 0.35700 0.74272 0.33856 0.74532 0.31992 0.76133 0.27188 0.77093 0.22730 0.77152 0.20482 0.76229 0.19501 0.67768 0.20608 0.67007 0.21511 0.67178 0.23020 0.68372 0.25702 0.68554 0.26836 0.69347 0.28749 0.69719 0.30642 0.70712 0.32940 0.71285 0.35218 0.71148 0.40465 0.70817 0.41012 0.69975 0.40973 0.69644 0.41521 0.69575 0.44144 0.69245 0.44691 0.67560 0.44613 0.67230 0.45161 0.67421 0.45920 0.68334 0.47276 0.68966 0.47305 0.69166 0.47689 0.71382 0.47605 0.72344 0.47087 0.75091 0.46839 0.75311 0.46475 0.78049 0.46602 0.78379 0.46054 0.78409 0.44930 0.78108 0.44353 0.76031 0.43131 0.74847 0.40074 0.73794 0.40025 0.73332 0.37564 0.73591 0.35700
6 0.98720 1.00000 0.98985 0.89880 0.67162 0.45095 0.57308 0.29627 0.50809 0.25573 0.42547 0.24438 0.34005 0.23290 0.24600 0.22853 0.15375 0.31679 0.19011 0.32349 0.21224 0.33702 0.20897 0.35438 0.18508 0.40830 0.00000 0.88037 0.00000 0.97705 0.49345 1.00000 0.98720 1.00000
2 0.73591 0.35700 0.74272 0.33856 0.74532 0.31992 0.76133 0.27188 0.77093 0.22730 0.77152 0.20482 0.76229 0.19501 0.67768 0.20608 0.67007 0.21511 0.67178 0.23020 0.68372 0.25702 0.68554 0.26836 0.69347 0.28749 0.69719 0.30642 0.70712 0.32940 0.71285 0.35218 0.71148 0.40465 0.70817 0.41012 0.69975 0.40973 0.69644 0.41521 0.69575 0.44144 0.69245 0.44691 0.67560 0.44613 0.67230 0.45161 0.67421 0.45920 0.68334 0.47276 0.68966 0.47305 0.69166 0.47689 0.71382 0.47605 0.72344 0.47087 0.75091 0.46839 0.75311 0.46475 0.78049 0.46602 0.78379 0.46054 0.78409 0.44930 0.78108 0.44353 0.76031 0.43131 0.74847 0.40074 0.73794 0.40025 0.73332 0.37564 0.73591 0.35700
