6 0.00000 0.93026 0.28375 0.97161 0.27959 0.95798 0.26211 0.94063 0.24906 0.92018 0.24491 0.91960 0.22594 0.89459 0.22179 0.89400 0.19689 0.86444 0.19275 0.86386 0.17556 0.84282 0.17141 0.84224 0.16785 0.83429 0.16371 0.83371 0.15037 0.81694 0.14622 0.81636 0.13495 0.79988 0.13081 0.79930 0.06531 0.72679 0.05996 0.71486 0.04811 0.70575 0.02562 0.69887 0.02383 0.69490 0.00000 0.68940 0.00000 0.93026
2 0.24384 0.78718 0.24264 0.77583 0.24351 0.76477 0.24853 0.75430 0.25205 0.73616 0.25707 0.72569 0.25765 0.71832 0.26267 0.70784 0.27150 0.67554 0.27648 0.63898 0.27381 0.63302 0.21521 0.63227 0.21285 0.63566 0.20249 0.63421 0.19658 0.64270 0.19749 0.65773 0.20640 0.67761 0.21563 0.71989 0.22603 0.74742 0.22723 0.75877 0.22519 0.78457 0.22697 0.78854 0.22639 0.79591 0.22048 0.80440 0.21634 0.80382 0.21280 0.80891 0.21076 0.83471 0.19271 0.83777 0.18888 0.84655 0.19037 0.85421 0.19511 0.86046 0.20340 0.86162 0.21821 0.87301 0.22855 0.86142 0.23477 0.86229 0.25429 0.85384 0.26701 0.85190 0.27472 0.86043 0.28091 0.84826 0.28148 0.82784 0.26134 0.81757 0.25954 0.80055 0.25480 0.79430 0.24829 0.79711 0.24384 0.78718
6 0.00000 0.93026 0.28375 0.97161 0.27959 0.95798 0.26211 0.94063 0.24906 0.92018 0.24491 0.91960 0.22594 0.89459 0.22179 0.89400 0.19689 0.86444 0.19275 0.86386 0.17556 0.84282 0.17141 0.84224 0.16785 0.83429 0.16371 0.83371 0.15037 0.81694 0.14622 0.81636 0.13495 0.79988 0.13081 0.79930 0.06531 0.72679 0.05996 0.71486 0.04811 0.70575 0.02562 0.69887 0.02383 0.69490 0.00000 0.68940 0.00000 0.93026
2 0.24384 0.78718 0.24264 0.77583 0.24351 0.76477 0.24853 0.75430 0.25205 0.73616 0.25707 0.72569 0.25765 0.71832 0.26267 0.70784 0.27150 0.67554 0.27648 0.63898 0.27381 0.63302 0.21521 0.63227 0.21285 0.63566 0.20249 0.63421 0.19658 0.64270 0.19749 0.65773 0.20640 0.67761 0.21563 0.71989 0.22603 0.74742 0.22723 0.75877 0.22519 0.78457 0.22697 0.78854 0.22639 0.79591 0.22048 0.80440 0.21634 0.80382 0.21280 0.80891 0.21076 0.83471 0.19271 0.83777 0.18888 0.84655 0.19037 0.85421 0.19511 0.86046 0.20340 0.86162 0.21821 0.87301 0.22855 0.86142 0.23477 0.86229 0.25429 0.85384 0.26701 0.85190 0.27472 0.86043 0.28091 0.84826 0.28148 0.82784 0.26134 0.81757 0.25954 0.80055 0.25480 0.79430 0.24829 0.79711 0.24384 0.78718
6 0.00000 0.93026 0.28375 0.97161 0.27959 0.95798 0.26211 0.94063 0.24906 0.92018 0.24491 0.91960 0.22594 0.89459 0.22179 0.89400 0.19689 0.86444 0.19275 0.86386 0.17556 0.84282 0.17141 0.84224 0.16785 0.83429 0.16371 0.83371 0.15037 0.81694 0.14622 0.81636 0.13495 0.79988 0.13081 0.79930 0.06531 0.72679 0.05996 0.71486 0.04811 0.70575 0.02562 0.69887 0.02383 0.69490 0.00000 0.68940 0.00000 0.93026
2 0.24384 0.78718 0.24264 0.77583 0.24351 0.76477 0.24853 0.75430 0.25205 0.73616 0.25707 0.72569 0.25765 0.71832 0.26267 0.70784 0.27150 0.67554 0.27648 0.63898 0.27381 0.63302 0.21521 0.63227 0.21285 0.63566 0.20249 0.63421 0.19658 0.64270 0.19749 0.65773 0.20640 0.67761 0.21563 0.71989 0.22603 0.74742 0.22723 0.75877 0.22519 0.78457 0.22697 0.78854 0.22639 0.79591 0.22048 0.80440 0.21634 0.80382 0.21280 0.80891 0.21076 0.83471 0.19271 0.83777 0.18888 0.84655 0.19037 0.85421 0.19511 0.86046 0.20340 0.86162 0.21821 0.87301 0.22855 0.86142 0.23477 0.86229 0.25429 0.85384 0.26701 0.85190 0.27472 0.86043 0.28091 0.84826 0.28148 0.82784 0.26134 0.81757 0.25954 0.80055 0.25480 0.79430 0.24829 0.79711 0.24384 0.78718
6 0.00000 0.93026 0.28375 0.97161 0.27959 0.95798 0.26211 0.94063 0.24906 0.92018 0.24491 0.91960 0.22594 0.89459 0.22179 0.89400 0.19689 0.86444 0.19275 0.86386 0.17556 0.84282 0.17141 0.84224 0.16785 0.83429 0.16371 0.83371 0.15037 0.81694 0.14622 0.81636 0.13495 0.79988 0.13081 0.79930 0.06531 0.72679 0.05996 0.71486 0.04811 0.70575 0.02562 0.69887 0.02383 0.69490 0.00000 0.68940 0.00000 0.93026
2 0.24384 0.78718 0.24264 0.77583 0.24351 0.76477 0.24853 0.75430 0.25205 0.73616 0.25707 0.72569 0.25765 0.71832 0.26267 0.70784 0.27150 0.67554 0.27648 0.63898 0.27381 0.63302 0.21521 0.63227 0.21285 0.63566 0.20249 0.63421 0.19658 0.64270 0.19749 0.65773 0.20640 0.67761 0.21563 0.71989 0.22603 0.74742 0.22723 0.75877 0.22519 0.78457 0.22697 0.78854 0.22639 0.79591 0.22048 0.80440 0.21634 0.80382 0.21280 0.80891 0.21076 0.83471 0.19271 0.83777 0.18888 0.84655 0.19037 0.85421 0.19511 0.86046 0.20340 0.86162 0.21821 0.87301 0.22855 0.86142 0.23477 0.86229 0.25429 0.85384 0.26701 0.85190 0.27472 0.86043 0.28091 0.84826 0.28148 0.82784 0.26134 0.81757 0.25954 0.80055 0.25480 0.79430 0.24829 0.79711 0.24384 0.78718
6 0.00000 0.93026 0.28375 0.97161 0.27959 0.95798 0.26211 0.94063 0.24906 0.92018 0.24491 0.91960 0.22594 0.89459 0.22179 0.89400 0.19689 0.86444 0.19275 0.86386 0.17556 0.84282 0.17141 0.84224 0.16785 0.83429 0.16371 0.83371 0.15037 0.81694 0.14622 0.81636 0.13495 0.79988 0.13081 0.79930 0.06531 0.72679 0.05996 0.71486 0.04811 0.70575 0.02562 0.69887 0.02383 0.69490 0.00000 0.68940 0.00000 0.93026
2 0.24384 0.78718 0.24264 0.77583 0.24351 0.76477 0.24853 0.75430 0.25205 0.73616 0.25707 0.72569 0.25765 0.71832 0.26267 0.70784 0.27150 0.67554 0.27648 0.63898 0.27381 0.63302 0.21521 0.63227 0.21285 0.63566 0.20249 0.63421 0.19658 0.64270 0.19749 0.65773 0.20640 0.67761 0.21563 0.71989 0.22603 0.74742 0.22723 0.75877 0.22519 0.78457 0.22697 0.78854 0.22639 0.79591 0.22048 0.80440 0.21634 0.80382 0.21280 0.80891 0.21076 0.83471 0.19271 0.83777 0.18888 0.84655 0.19037 0.85421 0.19511 0.86046 0.20340 0.86162 0.21821 0.87301 0.22855 0.86142 0.23477 0.86229 0.25429 0.85384 0.26701 0.85190 0.27472 0.86043 0.28091 0.84826 0.28148 0.82784 0.26134 0.81757 0.25954 0.80055 0.25480 0.79430 0.24829 0.79711 0.24384 0.78718
6 0.00000 0.93026 0.28375 0.97161 0.27959 0.95798 0.26211 0.94063 0.24906 0.92018 0.24491 0.91960 0.22594 0.89459 0.22179 0.89400 0.19689 0.86444 0.19275 0.86386 0.17556 0.84282 0.17141 0.84224 0.16785 0.83429 0.16371 0.83371 0.15037 0.81694 0.14622 0.81636 0.13495 0.79988 0.13081 0.79930 0.06531 0.72679 0.05996 0.71486 0.04811 0.70575 0.02562 0.69887 0.02383 0.69490 0.00000 0.68940 0.00000 0.93026
2 0.24384 0.78718 0.24264 0.77583 0.24351 0.76477 0.24853 0.75430 0.25205 0.73616 0.25707 0.72569 0.25765 0.71832 0.26267 0.70784 0.27150 0.67554 0.27648 0.63898 0.27381 0.63302 0.21521 0.63227 0.21285 0.63566 0.20249 0.63421 0.19658 0.64270 0.19749 0.65773 0.20640 0.67761 0.21563 0.71989 0.22603 0.74742 0.22723 0.75877 0.22519 0.78457 0.22697 0.78854 0.22639 0.79591 0.22048 0.80440 0.21634 0.80382 0.21280 0.80891 0.21076 0.83471 0.19271 0.83777 0.18888 0.84655 0.19037 0.85421 0.19511 0.86046 0.20340 0.86162 0.21821 0.87301 0.22855 0.86142 0.23477 0.86229 0.25429 0.85384 0.26701 0.85190 0.27472 0.86043 0.28091 0.84826 0.28148 0.82784 0.26134 0.81757 0.25954 0.80055 0.25480 0.79430 0.24829 0.79711 0.24384 0.78718
