6 0.48669 0.00000 0.47830 0.01219 0.43510 0.16686 0.26891 0.19511 0.29197 0.34827 0.39955 0.34186 0.25799 1.00000 0.52954 1.00000 1.00000 0.90075 1.00000 0.44758 0.99594 0.41340 0.75842 0.10729 0.66774 0.00000 0.48669 0.00000
6 0.00000 0.38382 0.18665 0.36739 0.21040 0.32694 0.22239 0.32346 0.22490 0.30377 0.20557 0.27720 0.18672 0.20935 0.00000 0.22647 0.00000 0.38382
7 0.38514 0.14791 0.39065 0.17659 0.41644 0.17301 0.41892 0.17622 0.42872 0.17042 0.43120 0.17363 0.43889 0.15895 0.44318 0.12448 0.42130 0.09926 0.42571 0.08341 0.42442 0.07250 0.43937 0.03950 0.43555 0.00736 0.38030 0.01902 0.38196 0.03297 0.38821 0.05030 0.39513 0.10851 0.38502 0.12929 0.38675 0.14384 0.38514 0.14791
7 0.75771 0.00000 0.75840 0.00577 0.75678 0.00983 0.76024 0.03894 0.75863 0.04301 0.76198 0.05349 0.75999 0.06324 0.75180 0.06496 0.74733 0.07150 0.74616 0.07921 0.75048 0.11559 0.75625 0.11997 0.76065 0.10412 0.76313 0.10733 0.77336 0.10517 0.77628 0.11202 0.78037 0.11115 0.78434 0.09166 0.78682 0.09487 0.79296 0.09358 0.80002 0.10887 0.80579 0.11325 0.80852 0.09216 0.80506 0.06305 0.80215 0.05621 0.79843 0.05140 0.79316 0.05997 0.78293 0.06212 0.77921 0.05732 0.77563 0.00959 0.77725 0.00552 0.77659 0.00000 0.75771 0.00000
6 0.48669 0.00000 0.47830 0.01219 0.43510 0.16686 0.26891 0.19511 0.29197 0.34827 0.39955 0.34186 0.25799 1.00000 0.52954 1.00000 1.00000 0.90075 1.00000 0.44758 0.99594 0.41340 0.75842 0.10729 0.66774 0.00000 0.48669 0.00000
6 0.00000 0.38382 0.18665 0.36739 0.21040 0.32694 0.22239 0.32346 0.22490 0.30377 0.20557 0.27720 0.18672 0.20935 0.00000 0.22647 0.00000 0.38382
7 0.38514 0.14791 0.39065 0.17659 0.41644 0.17301 0.41892 0.17622 0.42872 0.17042 0.43120 0.17363 0.43889 0.15895 0.44318 0.12448 0.42130 0.09926 0.42571 0.08341 0.42442 0.07250 0.43937 0.03950 0.43555 0.00736 0.38030 0.01902 0.38196 0.03297 0.38821 0.05030 0.39513 0.10851 0.38502 0.12929 0.38675 0.14384 0.38514 0.14791
7 0.75771 0.00000 0.75840 0.00577 0.75678 0.00983 0.76024 0.03894 0.75863 0.04301 0.76198 0.05349 0.75999 0.06324 0.75180 0.06496 0.74733 0.07150 0.74616 0.07921 0.75048 0.11559 0.75625 0.11997 0.76065 0.10412 0.76313 0.10733 0.77336 0.10517 0.77628 0.11202 0.78037 0.11115 0.78434 0.09166 0.78682 0.09487 0.79296 0.09358 0.80002 0.10887 0.80579 0.11325 0.80852 0.09216 0.80506 0.06305 0.80215 0.05621 0.79843 0.05140 0.79316 0.05997 0.78293 0.06212 0.77921 0.05732 0.77563 0.00959 0.77725 0.00552 0.77659 0.00000 0.75771 0.00000
6 0.48669 0.00000 0.47830 0.01219 0.43510 0.16686 0.26891 0.19511 0.29197 0.34827 0.39955 0.34186 0.25799 1.00000 0.52954 1.00000 1.00000 0.90075 1.00000 0.44758 0.99594 0.41340 0.75842 0.10729 0.66774 0.00000 0.48669 0.00000
6 0.00000 0.38382 0.18665 0.36739 0.21040 0.32694 0.22239 0.32346 0.22490 0.30377 0.20557 0.27720 0.18672 0.20935 0.00000 0.22647 0.00000 0.38382
7 0.38514 0.14791 0.39065 0.17659 0.41644 0.17301 0.41892 0.17622 0.42872 0.17042 0.43120 0.17363 0.43889 0.15895 0.44318 0.12448 0.42130 0.09926 0.42571 0.08341 0.42442 0.07250 0.43937 0.03950 0.43555 0.00736 0.38030 0.01902 0.38196 0.03297 0.38821 0.05030 0.39513 0.10851 0.38502 0.12929 0.38675 0.14384 0.38514 0.14791
7 0.75771 0.00000 0.75840 0.00577 0.75678 0.00983 0.76024 0.03894 0.75863 0.04301 0.76198 0.05349 0.75999 0.06324 0.75180 0.06496 0.74733 0.07150 0.74616 0.07921 0.75048 0.11559 0.75625 0.11997 0.76065 0.10412 0.76313 0.10733 0.77336 0.10517 0.77628 0.11202 0.78037 0.11115 0.78434 0.09166 0.78682 0.09487 0.79296 0.09358 0.80002 0.10887 0.80579 0.11325 0.80852 0.09216 0.80506 0.06305 0.80215 0.05621 0.79843 0.05140 0.79316 0.05997 0.78293 0.06212 0.77921 0.05732 0.77563 0.00959 0.77725 0.00552 0.77659 0.00000 0.75771 0.00000
