6 0.00000 0.00000 0.00000 0.02660 0.00000 0.10345 0.12760 0.09028 0.28255 0.60185 0.34766 0.84491 0.33594 0.91204 0.29759 1.00000 1.00000 0.98694 1.00000 0.43201 0.87820 0.34174 0.71938 0.24221 0.56446 0.14268 0.44599 0.05704 0.37309 0.00000 0.16741 0.00000 0.00000 0.00000
5 0.58046 0.00000 0.58112 0.01480 0.60017 0.05703 0.60139 0.07768 0.59140 0.08386 0.58923 0.09852 0.56792 0.10279 0.56970 0.12168 0.60052 0.14252 0.64567 0.12245 0.64523 0.09698 0.63161 0.10139 0.62367 0.07874 0.61904 0.07784 0.61548 0.05055 0.63456 0.00000 0.58046 0.00000
6 0.00000 0.00000 0.00000 0.02660 0.00000 0.10345 0.12760 0.09028 0.28255 0.60185 0.34766 0.84491 0.33594 0.91204 0.29759 1.00000 1.00000 0.98694 1.00000 0.43201 0.87820 0.34174 0.71938 0.24221 0.56446 0.14268 0.44599 0.05704 0.37309 0.00000 0.16741 0.00000 0.00000 0.00000
5 0.58046 0.00000 0.58112 0.01480 0.60017 0.05703 0.60139 0.07768 0.59140 0.08386 0.58923 0.09852 0.56792 0.10279 0.56970 0.12168 0.60052 0.14252 0.64567 0.12245 0.64523 0.09698 0.63161 0.10139 0.62367 0.07874 0.61904 0.07784 0.61548 0.05055 0.63456 0.00000 0.58046 0.00000
6 0.00000 0.00000 0.00000 0.02660 0.00000 0.10345 0.12760 0.09028 0.28255 0.60185 0.34766 0.84491 0.33594 0.91204 0.29759 1.00000 1.00000 0.98694 1.00000 0.43201 0.87820 0.34174 0.71938 0.24221 0.56446 0.14268 0.44599 0.05704 0.37309 0.00000 0.16741 0.00000 0.00000 0.00000
5 0.58046 0.00000 0.58112 0.01480 0.60017 0.05703 0.60139 0.07768 0.59140 0.08386 0.58923 0.09852 0.56792 0.10279 0.56970 0.12168 0.60052 0.14252 0.64567 0.12245 0.64523 0.09698 0.63161 0.10139 0.62367 0.07874 0.61904 0.07784 0.61548 0.05055 0.63456 0.00000 0.58046 0.00000
6 0.00000 0.00000 0.00000 0.02660 0.00000 0.10345 0.12760 0.09028 0.28255 0.60185 0.34766 0.84491 0.33594 0.91204 0.29759 1.00000 1.00000 0.98694 1.00000 0.43201 0.87820 0.34174 0.71938 0.24221 0.56446 0.14268 0.44599 0.05704 0.37309 0.00000 0.16741 0.00000 0.00000 0.00000
5 0.58046 0.00000 0.58112 0.01480 0.60017 0.05703 0.60139 0.07768 0.59140 0.08386 0.58923 0.09852 0.56792 0.10279 0.56970 0.12168 0.60052 0.14252 0.64567 0.12245 0.64523 0.09698 0.63161 0.10139 0.62367 0.07874 0.61904 0.07784 0.61548 0.05055 0.63456 0.00000 0.58046 0.00000
6 0.00000 0.00000 0.00000 0.02660 0.00000 0.10345 0.12760 0.09028 0.28255 0.60185 0.34766 0.84491 0.33594 0.91204 0.29759 1.00000 1.00000 0.98694 1.00000 0.43201 0.87820 0.34174 0.71938 0.24221 0.56446 0.14268 0.44599 0.05704 0.37309 0.00000 0.16741 0.00000 0.00000 0.00000
5 0.58046 0.00000 0.58112 0.01480 0.60017 0.05703 0.60139 0.07768 0.59140 0.08386 0.58923 0.09852 0.56792 0.10279 0.56970 0.12168 0.60052 0.14252 0.64567 0.12245 0.64523 0.09698 0.63161 0.10139 0.62367 0.07874 0.61904 0.07784 0.61548 0.05055 0.63456 0.00000 0.58046 0.00000
6 0.00000 0.00000 0.00000 0.02660 0.00000 0.10345 0.12760 0.09028 0.28255 0.60185 0.34766 0.84491 0.33594 0.91204 0.29759 1.00000 1.00000 0.98694 1.00000 0.43201 0.87820 0.34174 0.71938 0.24221 0.56446 0.14268 0.44599 0.05704 0.37309 0.00000 0.16741 0.00000 0.00000 0.00000
5 0.58046 0.00000 0.58112 0.01480 0.60017 0.05703 0.60139 0.07768 0.59140 0.08386 0.58923 0.09852 0.56792 0.10279 0.56970 0.12168 0.60052 0.14252 0.64567 0.12245 0.64523 0.09698 0.63161 0.10139 0.62367 0.07874 0.61904 0.07784 0.61548 0.05055 0.63456 0.00000 0.58046 0.00000
