5 0.03012 0.77366 0.01427 0.78141 0.01467 0.80466 0.00079 0.80677 0.00000 0.84059 0.02418 0.85187 0.09790 0.82368 0.09631 0.79973 0.06421 0.79057 0.06381 0.77084 0.04994 0.76802 0.04954 0.72927 0.06143 0.72715 0.08006 0.67501 0.08085 0.61794 0.06024 0.58271 0.02972 0.58694 0.00753 0.63133 0.00793 0.69404 0.03250 0.73631 0.03012 0.77366
6 0.19238 1.00000 0.19434 0.99653 0.20215 0.99653 0.20410 1.00000 0.29297 0.99827 0.28418 0.98958 0.25488 0.97917 0.22754 0.96180 0.20606 0.95486 0.18652 0.94097 0.17090 0.93750 0.15723 0.92708 0.14941 0.92708 0.14160 0.92014 0.10645 0.90625 0.08496 0.89236 0.04199 0.87500 0.01465 0.85764 0.00000 0.85590 0.00098 1.00000 0.19238 1.00000
5 0.03012 0.77366 0.01427 0.78141 0.01467 0.80466 0.00079 0.80677 0.00000 0.84059 0.02418 0.85187 0.09790 0.82368 0.09631 0.79973 0.06421 0.79057 0.06381 0.77084 0.04994 0.76802 0.04954 0.72927 0.06143 0.72715 0.08006 0.67501 0.08085 0.61794 0.06024 0.58271 0.02972 0.58694 0.00753 0.63133 0.00793 0.69404 0.03250 0.73631 0.03012 0.77366
6 0.19238 1.00000 0.19434 0.99653 0.20215 0.99653 0.20410 1.00000 0.29297 0.99827 0.28418 0.98958 0.25488 0.97917 0.22754 0.96180 0.20606 0.95486 0.18652 0.94097 0.17090 0.93750 0.15723 0.92708 0.14941 0.92708 0.14160 0.92014 0.10645 0.90625 0.08496 0.89236 0.04199 0.87500 0.01465 0.85764 0.00000 0.85590 0.00098 1.00000 0.19238 1.00000
5 0.03012 0.77366 0.01427 0.78141 0.01467 0.80466 0.00079 0.80677 0.00000 0.84059 0.02418 0.85187 0.09790 0.82368 0.09631 0.79973 0.06421 0.79057 0.06381 0.77084 0.04994 0.76802 0.04954 0.72927 0.06143 0.72715 0.08006 0.67501 0.08085 0.61794 0.06024 0.58271 0.02972 0.58694 0.00753 0.63133 0.00793 0.69404 0.03250 0.73631 0.03012 0.77366
6 0.19238 1.00000 0.19434 0.99653 0.20215 0.99653 0.20410 1.00000 0.29297 0.99827 0.28418 0.98958 0.25488 0.97917 0.22754 0.96180 0.20606 0.95486 0.18652 0.94097 0.17090 0.93750 0.15723 0.92708 0.14941 0.92708 0.14160 0.92014 0.10645 0.90625 0.08496 0.89236 0.04199 0.87500 0.01465 0.85764 0.00000 0.85590 0.00098 1.00000 0.19238 1.00000
5 0.03012 0.77366 0.01427 0.78141 0.01467 0.80466 0.00079 0.80677 0.00000 0.84059 0.02418 0.85187 0.09790 0.82368 0.09631 0.79973 0.06421 0.79057 0.06381 0.77084 0.04994 0.76802 0.04954 0.72927 0.06143 0.72715 0.08006 0.67501 0.08085 0.61794 0.06024 0.58271 0.02972 0.58694 0.00753 0.63133 0.00793 0.69404 0.03250 0.73631 0.03012 0.77366
6 0.19238 1.00000 0.19434 0.99653 0.20215 0.99653 0.20410 1.00000 0.29297 0.99827 0.28418 0.98958 0.25488 0.97917 0.22754 0.96180 0.20606 0.95486 0.18652 0.94097 0.17090 0.93750 0.15723 0.92708 0.14941 0.92708 0.14160 0.92014 0.10645 0.90625 0.08496 0.89236 0.04199 0.87500 0.01465 0.85764 0.00000 0.85590 0.00098 1.00000 0.19238 1.00000
5 0.03012 0.77366 0.01427 0.78141 0.01467 0.80466 0.00079 0.80677 0.00000 0.84059 0.02418 0.85187 0.09790 0.82368 0.09631 0.79973 0.06421 0.79057 0.06381 0.77084 0.04994 0.76802 0.04954 0.72927 0.06143 0.72715 0.08006 0.67501 0.08085 0.61794 0.06024 0.58271 0.02972 0.58694 0.00753 0.63133 0.00793 0.69404 0.03250 0.73631 0.03012 0.77366
6 0.19238 1.00000 0.19434 0.99653 0.20215 0.99653 0.20410 1.00000 0.29297 0.99827 0.28418 0.98958 0.25488 0.97917 0.22754 0.96180 0.20606 0.95486 0.18652 0.94097 0.17090 0.93750 0.15723 0.92708 0.14941 0.92708 0.14160 0.92014 0.10645 0.90625 0.08496 0.89236 0.04199 0.87500 0.01465 0.85764 0.00000 0.85590 0.00098 1.00000 0.19238 1.00000
5 0.03012 0.77366 0.01427 0.78141 0.01467 0.80466 0.00079 0.80677 0.00000 0.84059 0.02418 0.85187 0.09790 0.82368 0.09631 0.79973 0.06421 0.79057 0.06381 0.77084 0.04994 0.76802 0.04954 0.72927 0.06143 0.72715 0.08006 0.67501 0.08085 0.61794 0.06024 0.58271 0.02972 0.58694 0.00753 0.63133 0.00793 0.69404 0.03250 0.73631 0.03012 0.77366
6 0.19238 1.00000 0.19434 0.99653 0.20215 0.99653 0.20410 1.00000 0.29297 0.99827 0.28418 0.98958 0.25488 0.97917 0.22754 0.96180 0.20606 0.95486 0.18652 0.94097 0.17090 0.93750 0.15723 0.92708 0.14941 0.92708 0.14160 0.92014 0.10645 0.90625 0.08496 0.89236 0.04199 0.87500 0.01465 0.85764 0.00000 0.85590 0.00098 1.00000 0.19238 1.00000
