6 0.00000 0.98845 0.47033 0.99939 0.41862 0.94902 0.41455 0.94151 0.41038 0.94141 0.40631 0.93391 0.35691 0.88829 0.35274 0.88819 0.33016 0.86172 0.29718 0.83501 0.27257 0.80479 0.25610 0.78958 0.25193 0.78948 0.24787 0.78198 0.22316 0.75917 0.20867 0.75142 0.20049 0.74011 0.18809 0.73241 0.16755 0.70970 0.15306 0.70195 0.13049 0.67548 0.12424 0.67533 0.11615 0.65661 0.10995 0.65277 0.10385 0.64150 0.09348 0.63756 0.08321 0.62620 0.07696 0.62605 0.06883 0.61104 0.06466 0.61095 0.05851 0.60339 0.04189 0.59930 0.03371 0.58799 0.00000 0.55580 0.00000 0.98845
1 0.34630 0.66382 0.35066 0.64909 0.35125 0.60464 0.34737 0.58231 0.33618 0.56166 0.32378 0.55396 0.31128 0.55368 0.29864 0.56450 0.29118 0.57730 0.28038 0.60670 0.28013 0.62522 0.27800 0.62887 0.28004 0.63263 0.28173 0.66232 0.28575 0.67353 0.29287 0.68666 0.30111 0.69427 0.30411 0.70361 0.30198 0.70726 0.30169 0.72949 0.29427 0.73858 0.29011 0.73849 0.28362 0.75687 0.26904 0.75653 0.26482 0.76014 0.26361 0.77308 0.26661 0.78241 0.29132 0.80523 0.29965 0.80542 0.30178 0.80176 0.30382 0.80552 0.32155 0.80407 0.33932 0.79893 0.35303 0.78628 0.35013 0.76953 0.34596 0.76943 0.33259 0.75615 0.33070 0.74129 0.32043 0.72993 0.32058 0.71881 0.31854 0.71506 0.31874 0.70024 0.33666 0.68398 0.34630 0.66382
7 0.07687 0.55379 0.07726 0.52414 0.07939 0.52049 0.08017 0.46121 0.06040 0.45889 0.05721 0.46438 0.05701 0.47920 0.05904 0.48295 0.05609 0.54959 0.05909 0.55893 0.07474 0.55744 0.07687 0.55379
6 0.00000 0.98845 0.47033 0.99939 0.41862 0.94902 0.41455 0.94151 0.41038 0.94141 0.40631 0.93391 0.35691 0.88829 0.35274 0.88819 0.33016 0.86172 0.29718 0.83501 0.27257 0.80479 0.25610 0.78958 0.25193 0.78948 0.24787 0.78198 0.22316 0.75917 0.20867 0.75142 0.20049 0.74011 0.18809 0.73241 0.16755 0.70970 0.15306 0.70195 0.13049 0.67548 0.12424 0.67533 0.11615 0.65661 0.10995 0.65277 0.10385 0.64150 0.09348 0.63756 0.08321 0.62620 0.07696 0.62605 0.06883 0.61104 0.06466 0.61095 0.05851 0.60339 0.04189 0.59930 0.03371 0.58799 0.00000 0.55580 0.00000 0.98845
1 0.34630 0.66382 0.35066 0.64909 0.35125 0.60464 0.34737 0.58231 0.33618 0.56166 0.32378 0.55396 0.31128 0.55368 0.29864 0.56450 0.29118 0.57730 0.28038 0.60670 0.28013 0.62522 0.27800 0.62887 0.28004 0.63263 0.28173 0.66232 0.28575 0.67353 0.29287 0.68666 0.30111 0.69427 0.30411 0.70361 0.30198 0.70726 0.30169 0.72949 0.29427 0.73858 0.29011 0.73849 0.28362 0.75687 0.26904 0.75653 0.26482 0.76014 0.26361 0.77308 0.26661 0.78241 0.29132 0.80523 0.29965 0.80542 0.30178 0.80176 0.30382 0.80552 0.32155 0.80407 0.33932 0.79893 0.35303 0.78628 0.35013 0.76953 0.34596 0.76943 0.33259 0.75615 0.33070 0.74129 0.32043 0.72993 0.32058 0.71881 0.31854 0.71506 0.31874 0.70024 0.33666 0.68398 0.34630 0.66382
7 0.07687 0.55379 0.07726 0.52414 0.07939 0.52049 0.08017 0.46121 0.06040 0.45889 0.05721 0.46438 0.05701 0.47920 0.05904 0.48295 0.05609 0.54959 0.05909 0.55893 0.07474 0.55744 0.07687 0.55379
6 0.00000 0.98845 0.47033 0.99939 0.41862 0.94902 0.41455 0.94151 0.41038 0.94141 0.40631 0.93391 0.35691 0.88829 0.35274 0.88819 0.33016 0.86172 0.29718 0.83501 0.27257 0.80479 0.25610 0.78958 0.25193 0.78948 0.24787 0.78198 0.22316 0.75917 0.20867 0.75142 0.20049 0.74011 0.18809 0.73241 0.16755 0.70970 0.15306 0.70195 0.13049 0.67548 0.12424 0.67533 0.11615 0.65661 0.10995 0.65277 0.10385 0.64150 0.09348 0.63756 0.08321 0.62620 0.07696 0.62605 0.06883 0.61104 0.06466 0.61095 0.05851 0.60339 0.04189 0.59930 0.03371 0.58799 0.00000 0.55580 0.00000 0.98845
1 0.34630 0.66382 0.35066 0.64909 0.35125 0.60464 0.34737 0.58231 0.33618 0.56166 0.32378 0.55396 0.31128 0.55368 0.29864 0.56450 0.29118 0.57730 0.28038 0.60670 0.28013 0.62522 0.27800 0.62887 0.28004 0.63263 0.28173 0.66232 0.28575 0.67353 0.29287 0.68666 0.30111 0.69427 0.30411 0.70361 0.30198 0.70726 0.30169 0.72949 0.29427 0.73858 0.29011 0.73849 0.28362 0.75687 0.26904 0.75653 0.26482 0.76014 0.26361 0.77308 0.26661 0.78241 0.29132 0.80523 0.29965 0.80542 0.30178 0.80176 0.30382 0.80552 0.32155 0.80407 0.33932 0.79893 0.35303 0.78628 0.35013 0.76953 0.34596 0.76943 0.33259 0.75615 0.33070 0.74129 0.32043 0.72993 0.32058 0.71881 0.31854 0.71506 0.31874 0.70024 0.33666 0.68398 0.34630 0.66382
7 0.07687 0.55379 0.07726 0.52414 0.07939 0.52049 0.08017 0.46121 0.06040 0.45889 0.05721 0.46438 0.05701 0.47920 0.05904 0.48295 0.05609 0.54959 0.05909 0.55893 0.07474 0.55744 0.07687 0.55379
6 0.00000 0.98845 0.47033 0.99939 0.41862 0.94902 0.41455 0.94151 0.41038 0.94141 0.40631 0.93391 0.35691 0.88829 0.35274 0.88819 0.33016 0.86172 0.29718 0.83501 0.27257 0.80479 0.25610 0.78958 0.25193 0.78948 0.24787 0.78198 0.22316 0.75917 0.20867 0.75142 0.20049 0.74011 0.18809 0.73241 0.16755 0.70970 0.15306 0.70195 0.13049 0.67548 0.12424 0.67533 0.11615 0.65661 0.10995 0.65277 0.10385 0.64150 0.09348 0.63756 0.08321 0.62620 0.07696 0.62605 0.06883 0.61104 0.06466 0.61095 0.05851 0.60339 0.04189 0.59930 0.03371 0.58799 0.00000 0.55580 0.00000 0.98845
1 0.34630 0.66382 0.35066 0.64909 0.35125 0.60464 0.34737 0.58231 0.33618 0.56166 0.32378 0.55396 0.31128 0.55368 0.29864 0.56450 0.29118 0.57730 0.28038 0.60670 0.28013 0.62522 0.27800 0.62887 0.28004 0.63263 0.28173 0.66232 0.28575 0.67353 0.29287 0.68666 0.30111 0.69427 0.30411 0.70361 0.30198 0.70726 0.30169 0.72949 0.29427 0.73858 0.29011 0.73849 0.28362 0.75687 0.26904 0.75653 0.26482 0.76014 0.26361 0.77308 0.26661 0.78241 0.29132 0.80523 0.29965 0.80542 0.30178 0.80176 0.30382 0.80552 0.32155 0.80407 0.33932 0.79893 0.35303 0.78628 0.35013 0.76953 0.34596 0.76943 0.33259 0.75615 0.33070 0.74129 0.32043 0.72993 0.32058 0.71881 0.31854 0.71506 0.31874 0.70024 0.33666 0.68398 0.34630 0.66382
7 0.07687 0.55379 0.07726 0.52414 0.07939 0.52049 0.08017 0.46121 0.06040 0.45889 0.05721 0.46438 0.05701 0.47920 0.05904 0.48295 0.05609 0.54959 0.05909 0.55893 0.07474 0.55744 0.07687 0.55379
6 0.00000 0.98845 0.47033 0.99939 0.41862 0.94902 0.41455 0.94151 0.41038 0.94141 0.40631 0.93391 0.35691 0.88829 0.35274 0.88819 0.33016 0.86172 0.29718 0.83501 0.27257 0.80479 0.25610 0.78958 0.25193 0.78948 0.24787 0.78198 0.22316 0.75917 0.20867 0.75142 0.20049 0.74011 0.18809 0.73241 0.16755 0.70970 0.15306 0.70195 0.13049 0.67548 0.12424 0.67533 0.11615 0.65661 0.10995 0.65277 0.10385 0.64150 0.09348 0.63756 0.08321 0.62620 0.07696 0.62605 0.06883 0.61104 0.06466 0.61095 0.05851 0.60339 0.04189 0.59930 0.03371 0.58799 0.00000 0.55580 0.00000 0.98845
1 0.34630 0.66382 0.35066 0.64909 0.35125 0.60464 0.34737 0.58231 0.33618 0.56166 0.32378 0.55396 0.31128 0.55368 0.29864 0.56450 0.29118 0.57730 0.28038 0.60670 0.28013 0.62522 0.27800 0.62887 0.28004 0.63263 0.28173 0.66232 0.28575 0.67353 0.29287 0.68666 0.30111 0.69427 0.30411 0.70361 0.30198 0.70726 0.30169 0.72949 0.29427 0.73858 0.29011 0.73849 0.28362 0.75687 0.26904 0.75653 0.26482 0.76014 0.26361 0.77308 0.26661 0.78241 0.29132 0.80523 0.29965 0.80542 0.30178 0.80176 0.30382 0.80552 0.32155 0.80407 0.33932 0.79893 0.35303 0.78628 0.35013 0.76953 0.34596 0.76943 0.33259 0.75615 0.33070 0.74129 0.32043 0.72993 0.32058 0.71881 0.31854 0.71506 0.31874 0.70024 0.33666 0.68398 0.34630 0.66382
7 0.07687 0.55379 0.07726 0.52414 0.07939 0.52049 0.08017 0.46121 0.06040 0.45889 0.05721 0.46438 0.05701 0.47920 0.05904 0.48295 0.05609 0.54959 0.05909 0.55893 0.07474 0.55744 0.07687 0.55379
6 0.00000 0.98845 0.47033 0.99939 0.41862 0.94902 0.41455 0.94151 0.41038 0.94141 0.40631 0.93391 0.35691 0.88829 0.35274 0.88819 0.33016 0.86172 0.29718 0.83501 0.27257 0.80479 0.25610 0.78958 0.25193 0.78948 0.24787 0.78198 0.22316 0.75917 0.20867 0.75142 0.20049 0.74011 0.18809 0.73241 0.16755 0.70970 0.15306 0.70195 0.13049 0.67548 0.12424 0.67533 0.11615 0.65661 0.10995 0.65277 0.10385 0.64150 0.09348 0.63756 0.08321 0.62620 0.07696 0.62605 0.06883 0.61104 0.06466 0.61095 0.05851 0.60339 0.04189 0.59930 0.03371 0.58799 0.00000 0.55580 0.00000 0.98845
1 0.34630 0.66382 0.35066 0.64909 0.35125 0.60464 0.34737 0.58231 0.33618 0.56166 0.32378 0.55396 0.31128 0.55368 0.29864 0.56450 0.29118 0.57730 0.28038 0.60670 0.28013 0.62522 0.27800 0.62887 0.28004 0.63263 0.28173 0.66232 0.28575 0.67353 0.29287 0.68666 0.30111 0.69427 0.30411 0.70361 0.30198 0.70726 0.30169 0.72949 0.29427 0.73858 0.29011 0.73849 0.28362 0.75687 0.26904 0.75653 0.26482 0.76014 0.26361 0.77308 0.26661 0.78241 0.29132 0.80523 0.29965 0.80542 0.30178 0.80176 0.30382 0.80552 0.32155 0.80407 0.33932 0.79893 0.35303 0.78628 0.35013 0.76953 0.34596 0.76943 0.33259 0.75615 0.33070 0.74129 0.32043 0.72993 0.32058 0.71881 0.31854 0.71506 0.31874 0.70024 0.33666 0.68398 0.34630 0.66382
7 0.07687 0.55379 0.07726 0.52414 0.07939 0.52049 0.08017 0.46121 0.06040 0.45889 0.05721 0.46438 0.05701 0.47920 0.05904 0.48295 0.05609 0.54959 0.05909 0.55893 0.07474 0.55744 0.07687 0.55379
