5 1.00000 0.15034 0.98770 0.14977 0.98543 0.15353 0.97892 0.15323 0.96634 0.17773 0.92785 0.23771 0.92159 0.31077 0.91932 0.31452 0.91862 0.34151 0.93029 0.35170 0.93329 0.36149 0.93299 0.37306 0.93836 0.37524 0.94146 0.38118 0.94126 0.38889 0.94663 0.39107 0.95377 0.40877 0.95140 0.41638 0.95059 0.44723 0.94811 0.45869 0.94244 0.46808 0.92499 0.47113 0.92158 0.47676 0.91787 0.49396 0.90940 0.48584 0.90713 0.48960 0.89846 0.48920 0.89392 0.49671 0.87223 0.49570 0.87099 0.50143 0.87296 0.50924 0.87059 0.51685 0.87255 0.52466 0.89023 0.55444 0.89881 0.55870 0.90501 0.57057 0.91358 0.57483 0.92619 0.59086 0.93910 0.59532 0.94117 0.59927 0.95852 0.60008 0.97174 0.59297 0.98475 0.59358 0.98702 0.58982 0.99794 0.59033 1.00000 0.51162 1.00000 0.46889 0.99686 0.46289 0.98612 0.45853 0.98312 0.44874 0.98549 0.44113 0.98650 0.40257 0.99434 0.39329 1.00000 0.39355 1.00000 0.15034
6 0.98720 1.00000 0.99465 0.71574 0.64891 0.22023 0.62568 0.16768 0.50510 0.12861 0.35329 0.12155 0.23156 0.12618 0.06619 0.13908 0.00896 0.14643 0.00638 0.24495 0.20153 0.22258 0.23912 0.22433 0.25621 0.23542 0.24857 0.25050 0.15259 0.48796 0.00000 0.88632 0.00000 0.97705 0.49345 1.00000 0.98720 1.00000
5 1.00000 0.15034 0.98770 0.14977 0.98543 0.15353 0.97892 0.15323 0.96634 0.17773 0.92785 0.23771 0.92159 0.31077 0.91932 0.31452 0.91862 0.34151 0.93029 0.35170 0.93329 0.36149 0.93299 0.37306 0.93836 0.37524 0.94146 0.38118 0.94126 0.38889 0.94663 0.39107 0.95377 0.40877 0.95140 0.41638 0.95059 0.44723 0.94811 0.45869 0.94244 0.46808 0.92499 0.47113 0.92158 0.47676 0.91787 0.49396 0.90940 0.48584 0.90713 0.48960 0.89846 0.48920 0.89392 0.49671 0.87223 0.49570 0.87099 0.50143 0.87296 0.50924 0.87059 0.51685 0.87255 0.52466 0.89023 0.55444 0.89881 0.55870 0.90501 0.57057 0.91358 0.57483 0.92619 0.59086 0.93910 0.59532 0.94117 0.59927 0.95852 0.60008 0.97174 0.59297 0.98475 0.59358 0.98702 0.58982 0.99794 0.59033 1.00000 0.51162 1.00000 0.46889 0.99686 0.46289 0.98612 0.45853 0.98312 0.44874 0.98549 0.44113 0.98650 0.40257 0.99434 0.39329 1.00000 0.39355 1.00000 0.15034
6 0.98720 1.00000 0.99465 0.71574 0.64891 0.22023 0.62568 0.16768 0.50510 0.12861 0.35329 0.12155 0.23156 0.12618 0.06619 0.13908 0.00896 0.14643 0.00638 0.24495 0.20153 0.22258 0.23912 0.22433 0.25621 0.23542 0.24857 0.25050 0.15259 0.48796 0.00000 0.88632 0.00000 0.97705 0.49345 1.00000 0.98720 1.00000
5 1.00000 0.15034 0.98770 0.14977 0.98543 0.15353 0.97892 0.15323 0.96634 0.17773 0.92785 0.23771 0.92159 0.31077 0.91932 0.31452 0.91862 0.34151 0.93029 0.35170 0.93329 0.36149 0.93299 0.37306 0.93836 0.37524 0.94146 0.38118 0.94126 0.38889 0.94663 0.39107 0.95377 0.40877 0.95140 0.41638 0.95059 0.44723 0.94811 0.45869 0.94244 0.46808 0.92499 0.47113 0.92158 0.47676 0.91787 0.49396 0.90940 0.48584 0.90713 0.48960 0.89846 0.48920 0.89392 0.49671 0.87223 0.49570 0.87099 0.50143 0.87296 0.50924 0.87059 0.51685 0.87255 0.52466 0.89023 0.55444 0.89881 0.55870 0.90501 0.57057 0.91358 0.57483 0.92619 0.59086 0.93910 0.59532 0.94117 0.59927 0.95852 0.60008 0.97174 0.59297 0.98475 0.59358 0.98702 0.58982 0.99794 0.59033 1.00000 0.51162 1.00000 0.46889 0.99686 0.46289 0.98612 0.45853 0.98312 0.44874 0.98549 0.44113 0.98650 0.40257 0.99434 0.39329 1.00000 0.39355 1.00000 0.15034
6 0.98720 1.00000 0.99465 0.71574 0.64891 0.22023 0.62568 0.16768 0.50510 0.12861 0.35329 0.12155 0.23156 0.12618 0.06619 0.13908 0.00896 0.14643 0.00638 0.24495 0.20153 0.22258 0.23912 0.22433 0.25621 0.23542 0.24857 0.25050 0.15259 0.48796 0.00000 0.88632 0.00000 0.97705 0.49345 1.00000 0.98720 1.00000
5 1.00000 0.15034 0.98770 0.14977 0.98543 0.15353 0.97892 0.15323 0.96634 0.17773 0.92785 0.23771 0.92159 0.31077 0.91932 0.31452 0.91862 0.34151 0.93029 0.35170 0.93329 0.36149 0.93299 0.37306 0.93836 0.37524 0.94146 0.38118 0.94126 0.38889 0.94663 0.39107 0.95377 0.40877 0.95140 0.41638 0.95059 0.44723 0.94811 0.45869 0.94244 0.46808 0.92499 0.47113 0.92158 0.47676 0.91787 0.49396 0.90940 0.48584 0.90713 0.48960 0.89846 0.48920 0.89392 0.49671 0.87223 0.49570 0.87099 0.50143 0.87296 0.50924 0.87059 0.51685 0.87255 0.52466 0.89023 0.55444 0.89881 0.55870 0.90501 0.57057 0.91358 0.57483 0.92619 0.59086 0.93910 0.59532 0.94117 0.59927 0.95852 0.60008 0.97174 0.59297 0.98475 0.59358 0.98702 0.58982 0.99794 0.59033 1.00000 0.51162 1.00000 0.46889 0.99686 0.46289 0.98612 0.45853 0.98312 0.44874 0.98549 0.44113 0.98650 0.40257 0.99434 0.39329 1.00000 0.39355 1.00000 0.15034
6 0.98720 1.00000 0.99465 0.71574 0.64891 0.22023 0.62568 0.16768 0.50510 0.12861 0.35329 0.12155 0.23156 0.12618 0.06619 0.13908 0.00896 0.14643 0.00638 0.24495 0.20153 0.22258 0.23912 0.22433 0.25621 0.23542 0.24857 0.25050 0.15259 0.48796 0.00000 0.88632 0.00000 0.97705 0.49345 1.00000 0.98720 1.00000
5 1.00000 0.15034 0.98770 0.14977 0.98543 0.15353 0.97892 0.15323 0.96634 0.17773 0.92785 0.23771 0.92159 0.31077 0.91932 0.31452 0.91862 0.34151 0.93029 0.35170 0.93329 0.36149 0.93299 0.37306 0.93836 0.37524 0.94146 0.38118 0.94126 0.38889 0.94663 0.39107 0.95377 0.40877 0.95140 0.41638 0.95059 0.44723 0.94811 0.45869 0.94244 0.46808 0.92499 0.47113 0.92158 0.47676 0.91787 0.49396 0.90940 0.48584 0.90713 0.48960 0.89846 0.48920 0.89392 0.49671 0.87223 0.49570 0.87099 0.50143 0.87296 0.50924 0.87059 0.51685 0.87255 0.52466 0.89023 0.55444 0.89881 0.55870 0.90501 0.57057 0.91358 0.57483 0.92619 0.59086 0.93910 0.59532 0.94117 0.59927 0.95852 0.60008 0.97174 0.59297 0.98475 0.59358 0.98702 0.58982 0.99794 0.59033 1.00000 0.51162 1.00000 0.46889 0.99686 0.46289 0.98612 0.45853 0.98312 0.44874 0.98549 0.44113 0.98650 0.40257 0.99434 0.39329 1.00000 0.39355 1.00000 0.15034
6 0.98720 1.00000 0.99465 0.71574 0.64891 0.22023 0.62568 0.16768 0.50510 0.12861 0.35329 0.12155 0.23156 0.12618 0.06619 0.13908 0.00896 0.14643 0.00638 0.24495 0.20153 0.22258 0.23912 0.22433 0.25621 0.23542 0.24857 0.25050 0.15259 0.48796 0.00000 0.88632 0.00000 0.97705 0.49345 1.00000 0.98720 1.00000
