2 1.00000 0.60243 0.92285 0.60417 0.91699 0.60070 0.91504 0.60417 0.90137 0.60417 0.89648 0.61285 0.89648 0.63021 0.91797 0.68923 0.93164 0.74479 0.94141 0.76910 0.95117 0.80382 0.95117 0.87327 0.94238 0.88195 0.93262 0.88195 0.92773 0.89062 0.92773 0.90104 0.92480 0.90625 0.89160 0.90625 0.88672 0.91840 0.88672 0.92535 0.88867 0.93577 0.89355 0.94445 0.93066 0.99305 0.93457 0.99653 0.95899 0.99827 1.00000 0.99479 1.00000 0.88021 0.99512 0.87500 0.98535 0.87500 0.98047 0.86285 0.98047 0.84896 0.97852 0.84548 0.98438 0.81423 0.99609 0.77257 1.00000 0.76562 1.00000 0.60243
6 0.84115 0.87500 0.77083 0.77083 0.72526 0.68055 0.67578 0.57639 0.61198 0.52083 0.50391 0.47917 0.42187 0.45833 0.34896 0.44907 0.26693 0.44907 0.15234 0.44907 0.11589 0.55555 0.20703 0.56713 0.24219 0.56713 0.25781 0.56945 0.27865 0.57639 0.29427 0.58565 0.29427 0.60185 0.28385 0.62732 0.15234 0.98380 0.92708 1.00000 0.90104 0.97917 0.84115 0.87500
2 1.00000 0.60243 0.92285 0.60417 0.91699 0.60070 0.91504 0.60417 0.90137 0.60417 0.89648 0.61285 0.89648 0.63021 0.91797 0.68923 0.93164 0.74479 0.94141 0.76910 0.95117 0.80382 0.95117 0.87327 0.94238 0.88195 0.93262 0.88195 0.92773 0.89062 0.92773 0.90104 0.92480 0.90625 0.89160 0.90625 0.88672 0.91840 0.88672 0.92535 0.88867 0.93577 0.89355 0.94445 0.93066 0.99305 0.93457 0.99653 0.95899 0.99827 1.00000 0.99479 1.00000 0.88021 0.99512 0.87500 0.98535 0.87500 0.98047 0.86285 0.98047 0.84896 0.97852 0.84548 0.98438 0.81423 0.99609 0.77257 1.00000 0.76562 1.00000 0.60243
6 0.84115 0.87500 0.77083 0.77083 0.72526 0.68055 0.67578 0.57639 0.61198 0.52083 0.50391 0.47917 0.42187 0.45833 0.34896 0.44907 0.26693 0.44907 0.15234 0.44907 0.11589 0.55555 0.20703 0.56713 0.24219 0.56713 0.25781 0.56945 0.27865 0.57639 0.29427 0.58565 0.29427 0.60185 0.28385 0.62732 0.15234 0.98380 0.92708 1.00000 0.90104 0.97917 0.84115 0.87500
2 1.00000 0.60243 0.92285 0.60417 0.91699 0.60070 0.91504 0.60417 0.90137 0.60417 0.89648 0.61285 0.89648 0.63021 0.91797 0.68923 0.93164 0.74479 0.94141 0.76910 0.95117 0.80382 0.95117 0.87327 0.94238 0.88195 0.93262 0.88195 0.92773 0.89062 0.92773 0.90104 0.92480 0.90625 0.89160 0.90625 0.88672 0.91840 0.88672 0.92535 0.88867 0.93577 0.89355 0.94445 0.93066 0.99305 0.93457 0.99653 0.95899 0.99827 1.00000 0.99479 1.00000 0.88021 0.99512 0.87500 0.98535 0.87500 0.98047 0.86285 0.98047 0.84896 0.97852 0.84548 0.98438 0.81423 0.99609 0.77257 1.00000 0.76562 1.00000 0.60243
6 0.84115 0.87500 0.77083 0.77083 0.72526 0.68055 0.67578 0.57639 0.61198 0.52083 0.50391 0.47917 0.42187 0.45833 0.34896 0.44907 0.26693 0.44907 0.15234 0.44907 0.11589 0.55555 0.20703 0.56713 0.24219 0.56713 0.25781 0.56945 0.27865 0.57639 0.29427 0.58565 0.29427 0.60185 0.28385 0.62732 0.15234 0.98380 0.92708 1.00000 0.90104 0.97917 0.84115 0.87500
2 1.00000 0.60243 0.92285 0.60417 0.91699 0.60070 0.91504 0.60417 0.90137 0.60417 0.89648 0.61285 0.89648 0.63021 0.91797 0.68923 0.93164 0.74479 0.94141 0.76910 0.95117 0.80382 0.95117 0.87327 0.94238 0.88195 0.93262 0.88195 0.92773 0.89062 0.92773 0.90104 0.92480 0.90625 0.89160 0.90625 0.88672 0.91840 0.88672 0.92535 0.88867 0.93577 0.89355 0.94445 0.93066 0.99305 0.93457 0.99653 0.95899 0.99827 1.00000 0.99479 1.00000 0.88021 0.99512 0.87500 0.98535 0.87500 0.98047 0.86285 0.98047 0.84896 0.97852 0.84548 0.98438 0.81423 0.99609 0.77257 1.00000 0.76562 1.00000 0.60243
6 0.84115 0.87500 0.77083 0.77083 0.72526 0.68055 0.67578 0.57639 0.61198 0.52083 0.50391 0.47917 0.42187 0.45833 0.34896 0.44907 0.26693 0.44907 0.15234 0.44907 0.11589 0.55555 0.20703 0.56713 0.24219 0.56713 0.25781 0.56945 0.27865 0.57639 0.29427 0.58565 0.29427 0.60185 0.28385 0.62732 0.15234 0.98380 0.92708 1.00000 0.90104 0.97917 0.84115 0.87500
2 1.00000 0.60243 0.92285 0.60417 0.91699 0.60070 0.91504 0.60417 0.90137 0.60417 0.89648 0.61285 0.89648 0.63021 0.91797 0.68923 0.93164 0.74479 0.94141 0.76910 0.95117 0.80382 0.95117 0.87327 0.94238 0.88195 0.93262 0.88195 0.92773 0.89062 0.92773 0.90104 0.92480 0.90625 0.89160 0.90625 0.88672 0.91840 0.88672 0.92535 0.88867 0.93577 0.89355 0.94445 0.93066 0.99305 0.93457 0.99653 0.95899 0.99827 1.00000 0.99479 1.00000 0.88021 0.99512 0.87500 0.98535 0.87500 0.98047 0.86285 0.98047 0.84896 0.97852 0.84548 0.98438 0.81423 0.99609 0.77257 1.00000 0.76562 1.00000 0.60243
6 0.84115 0.87500 0.77083 0.77083 0.72526 0.68055 0.67578 0.57639 0.61198 0.52083 0.50391 0.47917 0.42187 0.45833 0.34896 0.44907 0.26693 0.44907 0.15234 0.44907 0.11589 0.55555 0.20703 0.56713 0.24219 0.56713 0.25781 0.56945 0.27865 0.57639 0.29427 0.58565 0.29427 0.60185 0.28385 0.62732 0.15234 0.98380 0.92708 1.00000 0.90104 0.97917 0.84115 0.87500
2 1.00000 0.60243 0.92285 0.60417 0.91699 0.60070 0.91504 0.60417 0.90137 0.60417 0.89648 0.61285 0.89648 0.63021 0.91797 0.68923 0.93164 0.74479 0.94141 0.76910 0.95117 0.80382 0.95117 0.87327 0.94238 0.88195 0.93262 0.88195 0.92773 0.89062 0.92773 0.90104 0.92480 0.90625 0.89160 0.90625 0.88672 0.91840 0.88672 0.92535 0.88867 0.93577 0.89355 0.94445 0.93066 0.99305 0.93457 0.99653 0.95899 0.99827 1.00000 0.99479 1.00000 0.88021 0.99512 0.87500 0.98535 0.87500 0.98047 0.86285 0.98047 0.84896 0.97852 0.84548 0.98438 0.81423 0.99609 0.77257 1.00000 0.76562 1.00000 0.60243
6 0.84115 0.87500 0.77083 0.77083 0.72526 0.68055 0.67578 0.57639 0.61198 0.52083 0.50391 0.47917 0.42187 0.45833 0.34896 0.44907 0.26693 0.44907 0.15234 0.44907 0.11589 0.55555 0.20703 0.56713 0.24219 0.56713 0.25781 0.56945 0.27865 0.57639 0.29427 0.58565 0.29427 0.60185 0.28385 0.62732 0.15234 0.98380 0.92708 1.00000 0.90104 0.97917 0.84115 0.87500
