6 0.97370 1.00000 0.97101 0.99466 0.96340 0.98709 0.95424 0.96887 0.94663 0.96131 0.94310 0.95052 0.93169 0.93917 0.92070 0.91730 0.91675 0.91703 0.90548 0.90218 0.89723 0.88578 0.90617 0.88465 0.90933 0.87959 0.90883 0.86725 0.90094 0.86670 0.89989 0.86839 0.90370 0.87217 0.89856 0.87709 0.88870 0.87639 0.88518 0.86560 0.87363 0.85776 0.85319 0.82469 0.84925 0.82442 0.84177 0.81335 0.83825 0.80255 0.82331 0.78041 0.81753 0.77650 0.81189 0.76907 0.81020 0.76192 0.80443 0.75800 0.78385 0.72843 0.78032 0.71764 0.77455 0.71372 0.75213 0.68051 0.74256 0.67281 0.72578 0.64703 0.71437 0.63568 0.69774 0.60639 0.68618 0.59855 0.68357 0.58958 0.66969 0.56576 0.66194 0.56170 0.65447 0.55063 0.65425 0.53128 0.65663 0.52089 0.64811 0.51151 0.64022 0.51096 0.63811 0.51433 0.63431 0.51055 0.59292 0.50766 0.59081 0.51103 0.52971 0.50676 0.52760 0.51013 0.52380 0.50635 0.51591 0.50580 0.51380 0.50917 0.45467 0.50504 0.45046 0.51178 0.44862 0.50813 0.44454 0.51136 0.43877 0.50745 0.43560 0.51250 0.43533 0.51951 0.41607 0.55684 0.40933 0.57747 0.39668 0.59768 0.38150 0.63179 0.36688 0.65186 0.34551 0.69256 0.33877 0.71319 0.27046 0.84203 0.26807 0.85241 0.25753 0.86925 0.23378 0.92034 0.22548 0.93030 0.20384 0.97802 0.20399 0.98002 0.49017 1.00000 0.97370 1.00000
6 0.64100 0.51629 0.64256 0.52695 0.65841 0.55091 0.66405 0.55833 0.67482 0.56084 0.68587 0.55634 0.69114 0.54792 0.69761 0.53430 0.69788 0.52729 0.69513 0.52182 0.69119 0.52155 0.68752 0.51426 0.66782 0.51289 0.66571 0.51626 0.65796 0.51220 0.65585 0.51557 0.64100 0.51629
6 0.89067 0.52493 0.86505 0.52314 0.86294 0.52651 0.78213 0.52087 0.78002 0.52423 0.77031 0.52004 0.76820 0.52341 0.72484 0.52038 0.71548 0.53204 0.72084 0.54648 0.72057 0.55349 0.72909 0.56288 0.78034 0.56645 0.78401 0.57374 0.78703 0.57219 0.83539 0.57381 0.83750 0.57044 0.83933 0.57409 0.84524 0.57450 0.84946 0.56776 0.87509 0.56955 0.87719 0.56618 0.91070 0.56852 0.92028 0.57622 0.99748 0.58161 0.99948 0.53071 0.91840 0.52335 0.91630 0.52672 0.90250 0.52575 0.90039 0.52912 0.89251 0.52857 0.89067 0.52493
6 0.00000 0.53974 0.03526 0.54081 0.05011 0.54009 0.05222 0.53672 0.05405 0.54036 0.05616 0.53699 0.11529 0.54112 0.11740 0.53775 0.15288 0.54023 0.15499 0.53686 0.22214 0.53803 0.22530 0.53298 0.22585 0.51895 0.23232 0.50534 0.22563 0.49960 0.22352 0.50297 0.22168 0.49932 0.21380 0.49877 0.21169 0.50214 0.20197 0.49795 0.19987 0.50132 0.17030 0.49925 0.16819 0.50262 0.16439 0.49884 0.16228 0.50221 0.07161 0.49588 0.06950 0.49925 0.00000 0.49596 0.00000 0.53974
4 0.70844 0.43486 0.69620 0.44455 0.68657 0.46321 0.68547 0.49127 0.68702 0.50192 0.69330 0.51818 0.69999 0.52392 0.69944 0.53795 0.69628 0.54300 0.69233 0.54273 0.69101 0.55143 0.68784 0.55648 0.68193 0.55607 0.67877 0.56112 0.67849 0.56813 0.68018 0.57528 0.69407 0.59911 0.72666 0.59962 0.73115 0.58587 0.73184 0.56834 0.72332 0.55895 0.71168 0.52825 0.72076 0.52361 0.73235 0.50509 0.73699 0.48783 0.73754 0.47380 0.73598 0.46315 0.72787 0.44324 0.71829 0.43554 0.70844 0.43486
7 0.39655 0.52559 0.39957 0.52405 0.39802 0.51339 0.40723 0.50525 0.41053 0.49668 0.41122 0.47915 0.40939 0.47551 0.41215 0.40538 0.40940 0.39991 0.39560 0.39895 0.39252 0.50246 0.39435 0.50610 0.39380 0.52013 0.39655 0.52559
7 0.43432 0.49483 0.42924 0.47338 0.43058 0.38909 0.42783 0.38362 0.41994 0.38307 0.41284 0.38785 0.41164 0.46863 0.41517 0.47943 0.41250 0.49682 0.41526 0.50229 0.43011 0.50157 0.43432 0.49483
6 0.97370 1.00000 0.97101 0.99466 0.96340 0.98709 0.95424 0.96887 0.94663 0.96131 0.94310 0.95052 0.93169 0.93917 0.92070 0.91730 0.91675 0.91703 0.90548 0.90218 0.89723 0.88578 0.90617 0.88465 0.90933 0.87959 0.90883 0.86725 0.90094 0.86670 0.89989 0.86839 0.90370 0.87217 0.89856 0.87709 0.88870 0.87639 0.88518 0.86560 0.87363 0.85776 0.85319 0.82469 0.84925 0.82442 0.84177 0.81335 0.83825 0.80255 0.82331 0.78041 0.81753 0.77650 0.81189 0.76907 0.81020 0.76192 0.80443 0.75800 0.78385 0.72843 0.78032 0.71764 0.77455 0.71372 0.75213 0.68051 0.74256 0.67281 0.72578 0.64703 0.71437 0.63568 0.69774 0.60639 0.68618 0.59855 0.68357 0.58958 0.66969 0.56576 0.66194 0.56170 0.65447 0.55063 0.65425 0.53128 0.65663 0.52089 0.64811 0.51151 0.64022 0.51096 0.63811 0.51433 0.63431 0.51055 0.59292 0.50766 0.59081 0.51103 0.52971 0.50676 0.52760 0.51013 0.52380 0.50635 0.51591 0.50580 0.51380 0.50917 0.45467 0.50504 0.45046 0.51178 0.44862 0.50813 0.44454 0.51136 0.43877 0.50745 0.43560 0.51250 0.43533 0.51951 0.41607 0.55684 0.40933 0.57747 0.39668 0.59768 0.38150 0.63179 0.36688 0.65186 0.34551 0.69256 0.33877 0.71319 0.27046 0.84203 0.26807 0.85241 0.25753 0.86925 0.23378 0.92034 0.22548 0.93030 0.20384 0.97802 0.20399 0.98002 0.49017 1.00000 0.97370 1.00000
6 0.64100 0.51629 0.64256 0.52695 0.65841 0.55091 0.66405 0.55833 0.67482 0.56084 0.68587 0.55634 0.69114 0.54792 0.69761 0.53430 0.69788 0.52729 0.69513 0.52182 0.69119 0.52155 0.68752 0.51426 0.66782 0.51289 0.66571 0.51626 0.65796 0.51220 0.65585 0.51557 0.64100 0.51629
6 0.89067 0.52493 0.86505 0.52314 0.86294 0.52651 0.78213 0.52087 0.78002 0.52423 0.77031 0.52004 0.76820 0.52341 0.72484 0.52038 0.71548 0.53204 0.72084 0.54648 0.72057 0.55349 0.72909 0.56288 0.78034 0.56645 0.78401 0.57374 0.78703 0.57219 0.83539 0.57381 0.83750 0.57044 0.83933 0.57409 0.84524 0.57450 0.84946 0.56776 0.87509 0.56955 0.87719 0.56618 0.91070 0.56852 0.92028 0.57622 0.99748 0.58161 0.99948 0.53071 0.91840 0.52335 0.91630 0.52672 0.90250 0.52575 0.90039 0.52912 0.89251 0.52857 0.89067 0.52493
6 0.00000 0.53974 0.03526 0.54081 0.05011 0.54009 0.05222 0.53672 0.05405 0.54036 0.05616 0.53699 0.11529 0.54112 0.11740 0.53775 0.15288 0.54023 0.15499 0.53686 0.22214 0.53803 0.22530 0.53298 0.22585 0.51895 0.23232 0.50534 0.22563 0.49960 0.22352 0.50297 0.22168 0.49932 0.21380 0.49877 0.21169 0.50214 0.20197 0.49795 0.19987 0.50132 0.17030 0.49925 0.16819 0.50262 0.16439 0.49884 0.16228 0.50221 0.07161 0.49588 0.06950 0.49925 0.00000 0.49596 0.00000 0.53974
4 0.70844 0.43486 0.69620 0.44455 0.68657 0.46321 0.68547 0.49127 0.68702 0.50192 0.69330 0.51818 0.69999 0.52392 0.69944 0.53795 0.69628 0.54300 0.69233 0.54273 0.69101 0.55143 0.68784 0.55648 0.68193 0.55607 0.67877 0.56112 0.67849 0.56813 0.68018 0.57528 0.69407 0.59911 0.72666 0.59962 0.73115 0.58587 0.73184 0.56834 0.72332 0.55895 0.71168 0.52825 0.72076 0.52361 0.73235 0.50509 0.73699 0.48783 0.73754 0.47380 0.73598 0.46315 0.72787 0.44324 0.71829 0.43554 0.70844 0.43486
7 0.39655 0.52559 0.39957 0.52405 0.39802 0.51339 0.40723 0.50525 0.41053 0.49668 0.41122 0.47915 0.40939 0.47551 0.41215 0.40538 0.40940 0.39991 0.39560 0.39895 0.39252 0.50246 0.39435 0.50610 0.39380 0.52013 0.39655 0.52559
7 0.43432 0.49483 0.42924 0.47338 0.43058 0.38909 0.42783 0.38362 0.41994 0.38307 0.41284 0.38785 0.41164 0.46863 0.41517 0.47943 0.41250 0.49682 0.41526 0.50229 0.43011 0.50157 0.43432 0.49483
6 0.97370 1.00000 0.97101 0.99466 0.96340 0.98709 0.95424 0.96887 0.94663 0.96131 0.94310 0.95052 0.93169 0.93917 0.92070 0.91730 0.91675 0.91703 0.90548 0.90218 0.89723 0.88578 0.90617 0.88465 0.90933 0.87959 0.90883 0.86725 0.90094 0.86670 0.89989 0.86839 0.90370 0.87217 0.89856 0.87709 0.88870 0.87639 0.88518 0.86560 0.87363 0.85776 0.85319 0.82469 0.84925 0.82442 0.84177 0.81335 0.83825 0.80255 0.82331 0.78041 0.81753 0.77650 0.81189 0.76907 0.81020 0.76192 0.80443 0.75800 0.78385 0.72843 0.78032 0.71764 0.77455 0.71372 0.75213 0.68051 0.74256 0.67281 0.72578 0.64703 0.71437 0.63568 0.69774 0.60639 0.68618 0.59855 0.68357 0.58958 0.66969 0.56576 0.66194 0.56170 0.65447 0.55063 0.65425 0.53128 0.65663 0.52089 0.64811 0.51151 0.64022 0.51096 0.63811 0.51433 0.63431 0.51055 0.59292 0.50766 0.59081 0.51103 0.52971 0.50676 0.52760 0.51013 0.52380 0.50635 0.51591 0.50580 0.51380 0.50917 0.45467 0.50504 0.45046 0.51178 0.44862 0.50813 0.44454 0.51136 0.43877 0.50745 0.43560 0.51250 0.43533 0.51951 0.41607 0.55684 0.40933 0.57747 0.39668 0.59768 0.38150 0.63179 0.36688 0.65186 0.34551 0.69256 0.33877 0.71319 0.27046 0.84203 0.26807 0.85241 0.25753 0.86925 0.23378 0.92034 0.22548 0.93030 0.20384 0.97802 0.20399 0.98002 0.49017 1.00000 0.97370 1.00000
6 0.64100 0.51629 0.64256 0.52695 0.65841 0.55091 0.66405 0.55833 0.67482 0.56084 0.68587 0.55634 0.69114 0.54792 0.69761 0.53430 0.69788 0.52729 0.69513 0.52182 0.69119 0.52155 0.68752 0.51426 0.66782 0.51289 0.66571 0.51626 0.65796 0.51220 0.65585 0.51557 0.64100 0.51629
6 0.89067 0.52493 0.86505 0.52314 0.86294 0.52651 0.78213 0.52087 0.78002 0.52423 0.77031 0.52004 0.76820 0.52341 0.72484 0.52038 0.71548 0.53204 0.72084 0.54648 0.72057 0.55349 0.72909 0.56288 0.78034 0.56645 0.78401 0.57374 0.78703 0.57219 0.83539 0.57381 0.83750 0.57044 0.83933 0.57409 0.84524 0.57450 0.84946 0.56776 0.87509 0.56955 0.87719 0.56618 0.91070 0.56852 0.92028 0.57622 0.99748 0.58161 0.99948 0.53071 0.91840 0.52335 0.91630 0.52672 0.90250 0.52575 0.90039 0.52912 0.89251 0.52857 0.89067 0.52493
6 0.00000 0.53974 0.03526 0.54081 0.05011 0.54009 0.05222 0.53672 0.05405 0.54036 0.05616 0.53699 0.11529 0.54112 0.11740 0.53775 0.15288 0.54023 0.15499 0.53686 0.22214 0.53803 0.22530 0.53298 0.22585 0.51895 0.23232 0.50534 0.22563 0.49960 0.22352 0.50297 0.22168 0.49932 0.21380 0.49877 0.21169 0.50214 0.20197 0.49795 0.19987 0.50132 0.17030 0.49925 0.16819 0.50262 0.16439 0.49884 0.16228 0.50221 0.07161 0.49588 0.06950 0.49925 0.00000 0.49596 0.00000 0.53974
4 0.70844 0.43486 0.69620 0.44455 0.68657 0.46321 0.68547 0.49127 0.68702 0.50192 0.69330 0.51818 0.69999 0.52392 0.69944 0.53795 0.69628 0.54300 0.69233 0.54273 0.69101 0.55143 0.68784 0.55648 0.68193 0.55607 0.67877 0.56112 0.67849 0.56813 0.68018 0.57528 0.69407 0.59911 0.72666 0.59962 0.73115 0.58587 0.73184 0.56834 0.72332 0.55895 0.71168 0.52825 0.72076 0.52361 0.73235 0.50509 0.73699 0.48783 0.73754 0.47380 0.73598 0.46315 0.72787 0.44324 0.71829 0.43554 0.70844 0.43486
7 0.39655 0.52559 0.39957 0.52405 0.39802 0.51339 0.40723 0.50525 0.41053 0.49668 0.41122 0.47915 0.40939 0.47551 0.41215 0.40538 0.40940 0.39991 0.39560 0.39895 0.39252 0.50246 0.39435 0.50610 0.39380 0.52013 0.39655 0.52559
7 0.43432 0.49483 0.42924 0.47338 0.43058 0.38909 0.42783 0.38362 0.41994 0.38307 0.41284 0.38785 0.41164 0.46863 0.41517 0.47943 0.41250 0.49682 0.41526 0.50229 0.43011 0.50157 0.43432 0.49483
6 0.97370 1.00000 0.97101 0.99466 0.96340 0.98709 0.95424 0.96887 0.94663 0.96131 0.94310 0.95052 0.93169 0.93917 0.92070 0.91730 0.91675 0.91703 0.90548 0.90218 0.89723 0.88578 0.90617 0.88465 0.90933 0.87959 0.90883 0.86725 0.90094 0.86670 0.89989 0.86839 0.90370 0.87217 0.89856 0.87709 0.88870 0.87639 0.88518 0.86560 0.87363 0.85776 0.85319 0.82469 0.84925 0.82442 0.84177 0.81335 0.83825 0.80255 0.82331 0.78041 0.81753 0.77650 0.81189 0.76907 0.81020 0.76192 0.80443 0.75800 0.78385 0.72843 0.78032 0.71764 0.77455 0.71372 0.75213 0.68051 0.74256 0.67281 0.72578 0.64703 0.71437 0.63568 0.69774 0.60639 0.68618 0.59855 0.68357 0.58958 0.66969 0.56576 0.66194 0.56170 0.65447 0.55063 0.65425 0.53128 0.65663 0.52089 0.64811 0.51151 0.64022 0.51096 0.63811 0.51433 0.63431 0.51055 0.59292 0.50766 0.59081 0.51103 0.52971 0.50676 0.52760 0.51013 0.52380 0.50635 0.51591 0.50580 0.51380 0.50917 0.45467 0.50504 0.45046 0.51178 0.44862 0.50813 0.44454 0.51136 0.43877 0.50745 0.43560 0.51250 0.43533 0.51951 0.41607 0.55684 0.40933 0.57747 0.39668 0.59768 0.38150 0.63179 0.36688 0.65186 0.34551 0.69256 0.33877 0.71319 0.27046 0.84203 0.26807 0.85241 0.25753 0.86925 0.23378 0.92034 0.22548 0.93030 0.20384 0.97802 0.20399 0.98002 0.49017 1.00000 0.97370 1.00000
6 0.64100 0.51629 0.64256 0.52695 0.65841 0.55091 0.66405 0.55833 0.67482 0.56084 0.68587 0.55634 0.69114 0.54792 0.69761 0.53430 0.69788 0.52729 0.69513 0.52182 0.69119 0.52155 0.68752 0.51426 0.66782 0.51289 0.66571 0.51626 0.65796 0.51220 0.65585 0.51557 0.64100 0.51629
6 0.89067 0.52493 0.86505 0.52314 0.86294 0.52651 0.78213 0.52087 0.78002 0.52423 0.77031 0.52004 0.76820 0.52341 0.72484 0.52038 0.71548 0.53204 0.72084 0.54648 0.72057 0.55349 0.72909 0.56288 0.78034 0.56645 0.78401 0.57374 0.78703 0.57219 0.83539 0.57381 0.83750 0.57044 0.83933 0.57409 0.84524 0.57450 0.84946 0.56776 0.87509 0.56955 0.87719 0.56618 0.91070 0.56852 0.92028 0.57622 0.99748 0.58161 0.99948 0.53071 0.91840 0.52335 0.91630 0.52672 0.90250 0.52575 0.90039 0.52912 0.89251 0.52857 0.89067 0.52493
6 0.00000 0.53974 0.03526 0.54081 0.05011 0.54009 0.05222 0.53672 0.05405 0.54036 0.05616 0.53699 0.11529 0.54112 0.11740 0.53775 0.15288 0.54023 0.15499 0.53686 0.22214 0.53803 0.22530 0.53298 0.22585 0.51895 0.23232 0.50534 0.22563 0.49960 0.22352 0.50297 0.22168 0.49932 0.21380 0.49877 0.21169 0.50214 0.20197 0.49795 0.19987 0.50132 0.17030 0.49925 0.16819 0.50262 0.16439 0.49884 0.16228 0.50221 0.07161 0.49588 0.06950 0.49925 0.00000 0.49596 0.00000 0.53974
4 0.70844 0.43486 0.69620 0.44455 0.68657 0.46321 0.68547 0.49127 0.68702 0.50192 0.69330 0.51818 0.69999 0.52392 0.69944 0.53795 0.69628 0.54300 0.69233 0.54273 0.69101 0.55143 0.68784 0.55648 0.68193 0.55607 0.67877 0.56112 0.67849 0.56813 0.68018 0.57528 0.69407 0.59911 0.72666 0.59962 0.73115 0.58587 0.73184 0.56834 0.72332 0.55895 0.71168 0.52825 0.72076 0.52361 0.73235 0.50509 0.73699 0.48783 0.73754 0.47380 0.73598 0.46315 0.72787 0.44324 0.71829 0.43554 0.70844 0.43486
7 0.39655 0.52559 0.39957 0.52405 0.39802 0.51339 0.40723 0.50525 0.41053 0.49668 0.41122 0.47915 0.40939 0.47551 0.41215 0.40538 0.40940 0.39991 0.39560 0.39895 0.39252 0.50246 0.39435 0.50610 0.39380 0.52013 0.39655 0.52559
7 0.43432 0.49483 0.42924 0.47338 0.43058 0.38909 0.42783 0.38362 0.41994 0.38307 0.41284 0.38785 0.41164 0.46863 0.41517 0.47943 0.41250 0.49682 0.41526 0.50229 0.43011 0.50157 0.43432 0.49483
6 0.97370 1.00000 0.97101 0.99466 0.96340 0.98709 0.95424 0.96887 0.94663 0.96131 0.94310 0.95052 0.93169 0.93917 0.92070 0.91730 0.91675 0.91703 0.90548 0.90218 0.89723 0.88578 0.90617 0.88465 0.90933 0.87959 0.90883 0.86725 0.90094 0.86670 0.89989 0.86839 0.90370 0.87217 0.89856 0.87709 0.88870 0.87639 0.88518 0.86560 0.87363 0.85776 0.85319 0.82469 0.84925 0.82442 0.84177 0.81335 0.83825 0.80255 0.82331 0.78041 0.81753 0.77650 0.81189 0.76907 0.81020 0.76192 0.80443 0.75800 0.78385 0.72843 0.78032 0.71764 0.77455 0.71372 0.75213 0.68051 0.74256 0.67281 0.72578 0.64703 0.71437 0.63568 0.69774 0.60639 0.68618 0.59855 0.68357 0.58958 0.66969 0.56576 0.66194 0.56170 0.65447 0.55063 0.65425 0.53128 0.65663 0.52089 0.64811 0.51151 0.64022 0.51096 0.63811 0.51433 0.63431 0.51055 0.59292 0.50766 0.59081 0.51103 0.52971 0.50676 0.52760 0.51013 0.52380 0.50635 0.51591 0.50580 0.51380 0.50917 0.45467 0.50504 0.45046 0.51178 0.44862 0.50813 0.44454 0.51136 0.43877 0.50745 0.43560 0.51250 0.43533 0.51951 0.41607 0.55684 0.40933 0.57747 0.39668 0.59768 0.38150 0.63179 0.36688 0.65186 0.34551 0.69256 0.33877 0.71319 0.27046 0.84203 0.26807 0.85241 0.25753 0.86925 0.23378 0.92034 0.22548 0.93030 0.20384 0.97802 0.20399 0.98002 0.49017 1.00000 0.97370 1.00000
6 0.64100 0.51629 0.64256 0.52695 0.65841 0.55091 0.66405 0.55833 0.67482 0.56084 0.68587 0.55634 0.69114 0.54792 0.69761 0.53430 0.69788 0.52729 0.69513 0.52182 0.69119 0.52155 0.68752 0.51426 0.66782 0.51289 0.66571 0.51626 0.65796 0.51220 0.65585 0.51557 0.64100 0.51629
6 0.89067 0.52493 0.86505 0.52314 0.86294 0.52651 0.78213 0.52087 0.78002 0.52423 0.77031 0.52004 0.76820 0.52341 0.72484 0.52038 0.71548 0.53204 0.72084 0.54648 0.72057 0.55349 0.72909 0.56288 0.78034 0.56645 0.78401 0.57374 0.78703 0.57219 0.83539 0.57381 0.83750 0.57044 0.83933 0.57409 0.84524 0.57450 0.84946 0.56776 0.87509 0.56955 0.87719 0.56618 0.91070 0.56852 0.92028 0.57622 0.99748 0.58161 0.99948 0.53071 0.91840 0.52335 0.91630 0.52672 0.90250 0.52575 0.90039 0.52912 0.89251 0.52857 0.89067 0.52493
6 0.00000 0.53974 0.03526 0.54081 0.05011 0.54009 0.05222 0.53672 0.05405 0.54036 0.05616 0.53699 0.11529 0.54112 0.11740 0.53775 0.15288 0.54023 0.15499 0.53686 0.22214 0.53803 0.22530 0.53298 0.22585 0.51895 0.23232 0.50534 0.22563 0.49960 0.22352 0.50297 0.22168 0.49932 0.21380 0.49877 0.21169 0.50214 0.20197 0.49795 0.19987 0.50132 0.17030 0.49925 0.16819 0.50262 0.16439 0.49884 0.16228 0.50221 0.07161 0.49588 0.06950 0.49925 0.00000 0.49596 0.00000 0.53974
4 0.70844 0.43486 0.69620 0.44455 0.68657 0.46321 0.68547 0.49127 0.68702 0.50192 0.69330 0.51818 0.69999 0.52392 0.69944 0.53795 0.69628 0.54300 0.69233 0.54273 0.69101 0.55143 0.68784 0.55648 0.68193 0.55607 0.67877 0.56112 0.67849 0.56813 0.68018 0.57528 0.69407 0.59911 0.72666 0.59962 0.73115 0.58587 0.73184 0.56834 0.72332 0.55895 0.71168 0.52825 0.72076 0.52361 0.73235 0.50509 0.73699 0.48783 0.73754 0.47380 0.73598 0.46315 0.72787 0.44324 0.71829 0.43554 0.70844 0.43486
7 0.39655 0.52559 0.39957 0.52405 0.39802 0.51339 0.40723 0.50525 0.41053 0.49668 0.41122 0.47915 0.40939 0.47551 0.41215 0.40538 0.40940 0.39991 0.39560 0.39895 0.39252 0.50246 0.39435 0.50610 0.39380 0.52013 0.39655 0.52559
7 0.43432 0.49483 0.42924 0.47338 0.43058 0.38909 0.42783 0.38362 0.41994 0.38307 0.41284 0.38785 0.41164 0.46863 0.41517 0.47943 0.41250 0.49682 0.41526 0.50229 0.43011 0.50157 0.43432 0.49483
6 0.97370 1.00000 0.97101 0.99466 0.96340 0.98709 0.95424 0.96887 0.94663 0.96131 0.94310 0.95052 0.93169 0.93917 0.92070 0.91730 0.91675 0.91703 0.90548 0.90218 0.89723 0.88578 0.90617 0.88465 0.90933 0.87959 0.90883 0.86725 0.90094 0.86670 0.89989 0.86839 0.90370 0.87217 0.89856 0.87709 0.88870 0.87639 0.88518 0.86560 0.87363 0.85776 0.85319 0.82469 0.84925 0.82442 0.84177 0.81335 0.83825 0.80255 0.82331 0.78041 0.81753 0.77650 0.81189 0.76907 0.81020 0.76192 0.80443 0.75800 0.78385 0.72843 0.78032 0.71764 0.77455 0.71372 0.75213 0.68051 0.74256 0.67281 0.72578 0.64703 0.71437 0.63568 0.69774 0.60639 0.68618 0.59855 0.68357 0.58958 0.66969 0.56576 0.66194 0.56170 0.65447 0.55063 0.65425 0.53128 0.65663 0.52089 0.64811 0.51151 0.64022 0.51096 0.63811 0.51433 0.63431 0.51055 0.59292 0.50766 0.59081 0.51103 0.52971 0.50676 0.52760 0.51013 0.52380 0.50635 0.51591 0.50580 0.51380 0.50917 0.45467 0.50504 0.45046 0.51178 0.44862 0.50813 0.44454 0.51136 0.43877 0.50745 0.43560 0.51250 0.43533 0.51951 0.41607 0.55684 0.40933 0.57747 0.39668 0.59768 0.38150 0.63179 0.36688 0.65186 0.34551 0.69256 0.33877 0.71319 0.27046 0.84203 0.26807 0.85241 0.25753 0.86925 0.23378 0.92034 0.22548 0.93030 0.20384 0.97802 0.20399 0.98002 0.49017 1.00000 0.97370 1.00000
6 0.64100 0.51629 0.64256 0.52695 0.65841 0.55091 0.66405 0.55833 0.67482 0.56084 0.68587 0.55634 0.69114 0.54792 0.69761 0.53430 0.69788 0.52729 0.69513 0.52182 0.69119 0.52155 0.68752 0.51426 0.66782 0.51289 0.66571 0.51626 0.65796 0.51220 0.65585 0.51557 0.64100 0.51629
6 0.89067 0.52493 0.86505 0.52314 0.86294 0.52651 0.78213 0.52087 0.78002 0.52423 0.77031 0.52004 0.76820 0.52341 0.72484 0.52038 0.71548 0.53204 0.72084 0.54648 0.72057 0.55349 0.72909 0.56288 0.78034 0.56645 0.78401 0.57374 0.78703 0.57219 0.83539 0.57381 0.83750 0.57044 0.83933 0.57409 0.84524 0.57450 0.84946 0.56776 0.87509 0.56955 0.87719 0.56618 0.91070 0.56852 0.92028 0.57622 0.99748 0.58161 0.99948 0.53071 0.91840 0.52335 0.91630 0.52672 0.90250 0.52575 0.90039 0.52912 0.89251 0.52857 0.89067 0.52493
6 0.00000 0.53974 0.03526 0.54081 0.05011 0.54009 0.05222 0.53672 0.05405 0.54036 0.05616 0.53699 0.11529 0.54112 0.11740 0.53775 0.15288 0.54023 0.15499 0.53686 0.22214 0.53803 0.22530 0.53298 0.22585 0.51895 0.23232 0.50534 0.22563 0.49960 0.22352 0.50297 0.22168 0.49932 0.21380 0.49877 0.21169 0.50214 0.20197 0.49795 0.19987 0.50132 0.17030 0.49925 0.16819 0.50262 0.16439 0.49884 0.16228 0.50221 0.07161 0.49588 0.06950 0.49925 0.00000 0.49596 0.00000 0.53974
4 0.70844 0.43486 0.69620 0.44455 0.68657 0.46321 0.68547 0.49127 0.68702 0.50192 0.69330 0.51818 0.69999 0.52392 0.69944 0.53795 0.69628 0.54300 0.69233 0.54273 0.69101 0.55143 0.68784 0.55648 0.68193 0.55607 0.67877 0.56112 0.67849 0.56813 0.68018 0.57528 0.69407 0.59911 0.72666 0.59962 0.73115 0.58587 0.73184 0.56834 0.72332 0.55895 0.71168 0.52825 0.72076 0.52361 0.73235 0.50509 0.73699 0.48783 0.73754 0.47380 0.73598 0.46315 0.72787 0.44324 0.71829 0.43554 0.70844 0.43486
7 0.39655 0.52559 0.39957 0.52405 0.39802 0.51339 0.40723 0.50525 0.41053 0.49668 0.41122 0.47915 0.40939 0.47551 0.41215 0.40538 0.40940 0.39991 0.39560 0.39895 0.39252 0.50246 0.39435 0.50610 0.39380 0.52013 0.39655 0.52559
7 0.43432 0.49483 0.42924 0.47338 0.43058 0.38909 0.42783 0.38362 0.41994 0.38307 0.41284 0.38785 0.41164 0.46863 0.41517 0.47943 0.41250 0.49682 0.41526 0.50229 0.43011 0.50157 0.43432 0.49483
