4 0.75685 0.41979 0.74679 0.41138 0.72779 0.41335 0.71656 0.42725 0.71294 0.43625 0.71118 0.46972 0.71458 0.48498 0.72614 0.50475 0.72555 0.51590 0.71661 0.52628 0.71508 0.53548 0.70652 0.53842 0.70309 0.54370 0.70839 0.56288 0.71332 0.56895 0.71691 0.58049 0.72299 0.58479 0.73040 0.58361 0.75244 0.58380 0.75855 0.56755 0.75743 0.54877 0.75060 0.53879 0.74548 0.53644 0.74587 0.52900 0.74208 0.52118 0.74057 0.50983 0.76094 0.48183 0.76649 0.45619 0.76159 0.42958 0.75685 0.41979
7 0.40768 0.37045 0.40391 0.48221 0.39003 0.48652 0.38660 0.49180 0.38334 0.51392 0.37838 0.52841 0.37760 0.54328 0.38025 0.55287 0.38423 0.55698 0.38652 0.55345 0.38841 0.55737 0.39791 0.55638 0.41160 0.55579 0.42188 0.53993 0.42932 0.51820 0.42860 0.49198 0.42063 0.48376 0.42330 0.47280 0.42701 0.40215 0.42512 0.39824 0.42648 0.37221 0.42364 0.36634 0.41528 0.36556 0.40768 0.37045
7 0.42375 0.42427 0.42715 0.43953 0.42539 0.47300 0.44211 0.47455 0.44535 0.47299 0.44897 0.46398 0.44178 0.44089 0.44445 0.42993 0.44627 0.35537 0.44134 0.34930 0.43507 0.34872 0.42518 0.35714 0.42401 0.37945 0.42701 0.40215 0.42473 0.40567 0.42375 0.42427
6 0.97497 1.00000 0.97645 0.97196 0.97574 0.97080 0.96966 0.96650 0.95526 0.94087 0.95660 0.93539 0.94634 0.93069 0.93876 0.91504 0.92112 0.89098 0.91848 0.88139 0.91070 0.86945 0.91811 0.86828 0.91831 0.86456 0.90557 0.86711 0.89970 0.85909 0.84548 0.77183 0.82575 0.74757 0.79883 0.70022 0.78688 0.68790 0.78119 0.67616 0.76735 0.65992 0.75977 0.64427 0.73795 0.61982 0.72658 0.59634 0.71065 0.57991 0.70705 0.56836 0.68961 0.54058 0.68543 0.54019 0.67955 0.53217 0.67311 0.51475 0.67768 0.50771 0.67827 0.49655 0.67543 0.49068 0.66896 0.49382 0.66498 0.48971 0.66060 0.49304 0.65662 0.48893 0.61064 0.48465 0.60835 0.48817 0.60646 0.48426 0.59601 0.48329 0.59373 0.48681 0.58328 0.48584 0.58138 0.48192 0.57910 0.48545 0.46814 0.47885 0.46585 0.48237 0.45769 0.47787 0.45123 0.48101 0.43122 0.52212 0.41882 0.55833 0.40987 0.56871 0.38852 0.61530 0.38186 0.62215 0.36528 0.65797 0.35862 0.66482 0.33936 0.71161 0.30222 0.77914 0.28087 0.82573 0.27173 0.83983 0.26677 0.85432 0.20463 0.97371 0.48689 1.00000 0.97497 1.00000
6 0.00000 0.52305 0.00274 0.52331 0.09603 0.52639 0.10249 0.52326 0.10860 0.50701 0.11411 0.50192 0.14128 0.50445 0.14357 0.50093 0.14964 0.50523 0.15611 0.50210 0.20835 0.50696 0.21064 0.50344 0.21462 0.50755 0.21691 0.50402 0.22318 0.50461 0.22814 0.49012 0.23232 0.49051 0.23480 0.48327 0.24012 0.48190 0.24051 0.47446 0.21239 0.46997 0.20671 0.45823 0.20233 0.46156 0.18999 0.45668 0.18771 0.46020 0.16681 0.45825 0.16452 0.46178 0.15845 0.45747 0.14362 0.45983 0.13964 0.45572 0.12880 0.46219 0.12482 0.45808 0.11835 0.46121 0.09954 0.45946 0.09765 0.45555 0.09327 0.45887 0.08929 0.45477 0.08700 0.45829 0.04729 0.45459 0.04501 0.45812 0.03913 0.45010 0.03684 0.45362 0.01595 0.45168 0.00302 0.45795 0.00109 0.45596 0.00000 0.47674 0.00000 0.52305
6 0.72386 0.50827 0.71513 0.49438 0.69633 0.49263 0.69443 0.48871 0.69006 0.49204 0.68627 0.48422 0.66119 0.48188 0.65681 0.48521 0.65492 0.48130 0.63611 0.47955 0.63213 0.47544 0.62984 0.47896 0.56923 0.47332 0.56695 0.47684 0.46037 0.46691 0.45142 0.47729 0.44515 0.47671 0.43849 0.48356 0.43242 0.47926 0.42899 0.48454 0.42801 0.50314 0.42971 0.51077 0.43465 0.51683 0.44091 0.51741 0.44342 0.48962 0.44704 0.48062 0.45123 0.48101 0.45501 0.48884 0.46357 0.48589 0.46413 0.49529 0.46165 0.50253 0.45727 0.50586 0.45629 0.52445 0.45914 0.53032 0.46540 0.53091 0.46730 0.53482 0.47357 0.53540 0.47814 0.52836 0.49486 0.52991 0.50492 0.53832 0.51158 0.53147 0.52621 0.53283 0.52810 0.53675 0.54045 0.54163 0.54273 0.53811 0.55736 0.53947 0.56402 0.53262 0.57199 0.54084 0.58966 0.54435 0.59746 0.53573 0.62025 0.54159 0.62424 0.54570 0.62672 0.53846 0.66492 0.53080 0.66969 0.52004 0.68601 0.52904 0.69170 0.54077 0.70006 0.54155 0.70672 0.53470 0.71090 0.53509 0.72386 0.50827
6 1.00000 0.50993 0.99367 0.50911 0.99178 0.50520 0.98740 0.50853 0.98133 0.50423 0.97904 0.50775 0.97297 0.50345 0.97068 0.50697 0.94959 0.50875 0.94084 0.51540 0.93686 0.51130 0.93248 0.51462 0.92660 0.50660 0.83863 0.50214 0.83635 0.50567 0.75693 0.49827 0.74684 0.51041 0.74796 0.52920 0.75687 0.53937 0.76426 0.55874 0.78307 0.56050 0.78460 0.55130 0.79012 0.54620 0.79296 0.55207 0.79143 0.56127 0.79884 0.56009 0.79903 0.55638 0.80455 0.55129 0.80645 0.55520 0.82734 0.55714 0.82963 0.55362 0.83152 0.55754 0.84197 0.55851 0.84426 0.55498 0.91949 0.56199 0.92178 0.55847 0.92576 0.56258 0.93621 0.56355 0.93850 0.56003 0.94039 0.56394 0.99473 0.56900 0.99701 0.56548 0.99771 0.56691 1.00000 0.52326 1.00000 0.50993
4 0.75685 0.41979 0.74679 0.41138 0.72779 0.41335 0.71656 0.42725 0.71294 0.43625 0.71118 0.46972 0.71458 0.48498 0.72614 0.50475 0.72555 0.51590 0.71661 0.52628 0.71508 0.53548 0.70652 0.53842 0.70309 0.54370 0.70839 0.56288 0.71332 0.56895 0.71691 0.58049 0.72299 0.58479 0.73040 0.58361 0.75244 0.58380 0.75855 0.56755 0.75743 0.54877 0.75060 0.53879 0.74548 0.53644 0.74587 0.52900 0.74208 0.52118 0.74057 0.50983 0.76094 0.48183 0.76649 0.45619 0.76159 0.42958 0.75685 0.41979
7 0.40768 0.37045 0.40391 0.48221 0.39003 0.48652 0.38660 0.49180 0.38334 0.51392 0.37838 0.52841 0.37760 0.54328 0.38025 0.55287 0.38423 0.55698 0.38652 0.55345 0.38841 0.55737 0.39791 0.55638 0.41160 0.55579 0.42188 0.53993 0.42932 0.51820 0.42860 0.49198 0.42063 0.48376 0.42330 0.47280 0.42701 0.40215 0.42512 0.39824 0.42648 0.37221 0.42364 0.36634 0.41528 0.36556 0.40768 0.37045
7 0.42375 0.42427 0.42715 0.43953 0.42539 0.47300 0.44211 0.47455 0.44535 0.47299 0.44897 0.46398 0.44178 0.44089 0.44445 0.42993 0.44627 0.35537 0.44134 0.34930 0.43507 0.34872 0.42518 0.35714 0.42401 0.37945 0.42701 0.40215 0.42473 0.40567 0.42375 0.42427
6 0.97497 1.00000 0.97645 0.97196 0.97574 0.97080 0.96966 0.96650 0.95526 0.94087 0.95660 0.93539 0.94634 0.93069 0.93876 0.91504 0.92112 0.89098 0.91848 0.88139 0.91070 0.86945 0.91811 0.86828 0.91831 0.86456 0.90557 0.86711 0.89970 0.85909 0.84548 0.77183 0.82575 0.74757 0.79883 0.70022 0.78688 0.68790 0.78119 0.67616 0.76735 0.65992 0.75977 0.64427 0.73795 0.61982 0.72658 0.59634 0.71065 0.57991 0.70705 0.56836 0.68961 0.54058 0.68543 0.54019 0.67955 0.53217 0.67311 0.51475 0.67768 0.50771 0.67827 0.49655 0.67543 0.49068 0.66896 0.49382 0.66498 0.48971 0.66060 0.49304 0.65662 0.48893 0.61064 0.48465 0.60835 0.48817 0.60646 0.48426 0.59601 0.48329 0.59373 0.48681 0.58328 0.48584 0.58138 0.48192 0.57910 0.48545 0.46814 0.47885 0.46585 0.48237 0.45769 0.47787 0.45123 0.48101 0.43122 0.52212 0.41882 0.55833 0.40987 0.56871 0.38852 0.61530 0.38186 0.62215 0.36528 0.65797 0.35862 0.66482 0.33936 0.71161 0.30222 0.77914 0.28087 0.82573 0.27173 0.83983 0.26677 0.85432 0.20463 0.97371 0.48689 1.00000 0.97497 1.00000
6 0.00000 0.52305 0.00274 0.52331 0.09603 0.52639 0.10249 0.52326 0.10860 0.50701 0.11411 0.50192 0.14128 0.50445 0.14357 0.50093 0.14964 0.50523 0.15611 0.50210 0.20835 0.50696 0.21064 0.50344 0.21462 0.50755 0.21691 0.50402 0.22318 0.50461 0.22814 0.49012 0.23232 0.49051 0.23480 0.48327 0.24012 0.48190 0.24051 0.47446 0.21239 0.46997 0.20671 0.45823 0.20233 0.46156 0.18999 0.45668 0.18771 0.46020 0.16681 0.45825 0.16452 0.46178 0.15845 0.45747 0.14362 0.45983 0.13964 0.45572 0.12880 0.46219 0.12482 0.45808 0.11835 0.46121 0.09954 0.45946 0.09765 0.45555 0.09327 0.45887 0.08929 0.45477 0.08700 0.45829 0.04729 0.45459 0.04501 0.45812 0.03913 0.45010 0.03684 0.45362 0.01595 0.45168 0.00302 0.45795 0.00109 0.45596 0.00000 0.47674 0.00000 0.52305
6 0.72386 0.50827 0.71513 0.49438 0.69633 0.49263 0.69443 0.48871 0.69006 0.49204 0.68627 0.48422 0.66119 0.48188 0.65681 0.48521 0.65492 0.48130 0.63611 0.47955 0.63213 0.47544 0.62984 0.47896 0.56923 0.47332 0.56695 0.47684 0.46037 0.46691 0.45142 0.47729 0.44515 0.47671 0.43849 0.48356 0.43242 0.47926 0.42899 0.48454 0.42801 0.50314 0.42971 0.51077 0.43465 0.51683 0.44091 0.51741 0.44342 0.48962 0.44704 0.48062 0.45123 0.48101 0.45501 0.48884 0.46357 0.48589 0.46413 0.49529 0.46165 0.50253 0.45727 0.50586 0.45629 0.52445 0.45914 0.53032 0.46540 0.53091 0.46730 0.53482 0.47357 0.53540 0.47814 0.52836 0.49486 0.52991 0.50492 0.53832 0.51158 0.53147 0.52621 0.53283 0.52810 0.53675 0.54045 0.54163 0.54273 0.53811 0.55736 0.53947 0.56402 0.53262 0.57199 0.54084 0.58966 0.54435 0.59746 0.53573 0.62025 0.54159 0.62424 0.54570 0.62672 0.53846 0.66492 0.53080 0.66969 0.52004 0.68601 0.52904 0.69170 0.54077 0.70006 0.54155 0.70672 0.53470 0.71090 0.53509 0.72386 0.50827
6 1.00000 0.50993 0.99367 0.50911 0.99178 0.50520 0.98740 0.50853 0.98133 0.50423 0.97904 0.50775 0.97297 0.50345 0.97068 0.50697 0.94959 0.50875 0.94084 0.51540 0.93686 0.51130 0.93248 0.51462 0.92660 0.50660 0.83863 0.50214 0.83635 0.50567 0.75693 0.49827 0.74684 0.51041 0.74796 0.52920 0.75687 0.53937 0.76426 0.55874 0.78307 0.56050 0.78460 0.55130 0.79012 0.54620 0.79296 0.55207 0.79143 0.56127 0.79884 0.56009 0.79903 0.55638 0.80455 0.55129 0.80645 0.55520 0.82734 0.55714 0.82963 0.55362 0.83152 0.55754 0.84197 0.55851 0.84426 0.55498 0.91949 0.56199 0.92178 0.55847 0.92576 0.56258 0.93621 0.56355 0.93850 0.56003 0.94039 0.56394 0.99473 0.56900 0.99701 0.56548 0.99771 0.56691 1.00000 0.52326 1.00000 0.50993
4 0.75685 0.41979 0.74679 0.41138 0.72779 0.41335 0.71656 0.42725 0.71294 0.43625 0.71118 0.46972 0.71458 0.48498 0.72614 0.50475 0.72555 0.51590 0.71661 0.52628 0.71508 0.53548 0.70652 0.53842 0.70309 0.54370 0.70839 0.56288 0.71332 0.56895 0.71691 0.58049 0.72299 0.58479 0.73040 0.58361 0.75244 0.58380 0.75855 0.56755 0.75743 0.54877 0.75060 0.53879 0.74548 0.53644 0.74587 0.52900 0.74208 0.52118 0.74057 0.50983 0.76094 0.48183 0.76649 0.45619 0.76159 0.42958 0.75685 0.41979
7 0.40768 0.37045 0.40391 0.48221 0.39003 0.48652 0.38660 0.49180 0.38334 0.51392 0.37838 0.52841 0.37760 0.54328 0.38025 0.55287 0.38423 0.55698 0.38652 0.55345 0.38841 0.55737 0.39791 0.55638 0.41160 0.55579 0.42188 0.53993 0.42932 0.51820 0.42860 0.49198 0.42063 0.48376 0.42330 0.47280 0.42701 0.40215 0.42512 0.39824 0.42648 0.37221 0.42364 0.36634 0.41528 0.36556 0.40768 0.37045
7 0.42375 0.42427 0.42715 0.43953 0.42539 0.47300 0.44211 0.47455 0.44535 0.47299 0.44897 0.46398 0.44178 0.44089 0.44445 0.42993 0.44627 0.35537 0.44134 0.34930 0.43507 0.34872 0.42518 0.35714 0.42401 0.37945 0.42701 0.40215 0.42473 0.40567 0.42375 0.42427
6 0.97497 1.00000 0.97645 0.97196 0.97574 0.97080 0.96966 0.96650 0.95526 0.94087 0.95660 0.93539 0.94634 0.93069 0.93876 0.91504 0.92112 0.89098 0.91848 0.88139 0.91070 0.86945 0.91811 0.86828 0.91831 0.86456 0.90557 0.86711 0.89970 0.85909 0.84548 0.77183 0.82575 0.74757 0.79883 0.70022 0.78688 0.68790 0.78119 0.67616 0.76735 0.65992 0.75977 0.64427 0.73795 0.61982 0.72658 0.59634 0.71065 0.57991 0.70705 0.56836 0.68961 0.54058 0.68543 0.54019 0.67955 0.53217 0.67311 0.51475 0.67768 0.50771 0.67827 0.49655 0.67543 0.49068 0.66896 0.49382 0.66498 0.48971 0.66060 0.49304 0.65662 0.48893 0.61064 0.48465 0.60835 0.48817 0.60646 0.48426 0.59601 0.48329 0.59373 0.48681 0.58328 0.48584 0.58138 0.48192 0.57910 0.48545 0.46814 0.47885 0.46585 0.48237 0.45769 0.47787 0.45123 0.48101 0.43122 0.52212 0.41882 0.55833 0.40987 0.56871 0.38852 0.61530 0.38186 0.62215 0.36528 0.65797 0.35862 0.66482 0.33936 0.71161 0.30222 0.77914 0.28087 0.82573 0.27173 0.83983 0.26677 0.85432 0.20463 0.97371 0.48689 1.00000 0.97497 1.00000
6 0.00000 0.52305 0.00274 0.52331 0.09603 0.52639 0.10249 0.52326 0.10860 0.50701 0.11411 0.50192 0.14128 0.50445 0.14357 0.50093 0.14964 0.50523 0.15611 0.50210 0.20835 0.50696 0.21064 0.50344 0.21462 0.50755 0.21691 0.50402 0.22318 0.50461 0.22814 0.49012 0.23232 0.49051 0.23480 0.48327 0.24012 0.48190 0.24051 0.47446 0.21239 0.46997 0.20671 0.45823 0.20233 0.46156 0.18999 0.45668 0.18771 0.46020 0.16681 0.45825 0.16452 0.46178 0.15845 0.45747 0.14362 0.45983 0.13964 0.45572 0.12880 0.46219 0.12482 0.45808 0.11835 0.46121 0.09954 0.45946 0.09765 0.45555 0.09327 0.45887 0.08929 0.45477 0.08700 0.45829 0.04729 0.45459 0.04501 0.45812 0.03913 0.45010 0.03684 0.45362 0.01595 0.45168 0.00302 0.45795 0.00109 0.45596 0.00000 0.47674 0.00000 0.52305
6 0.72386 0.50827 0.71513 0.49438 0.69633 0.49263 0.69443 0.48871 0.69006 0.49204 0.68627 0.48422 0.66119 0.48188 0.65681 0.48521 0.65492 0.48130 0.63611 0.47955 0.63213 0.47544 0.62984 0.47896 0.56923 0.47332 0.56695 0.47684 0.46037 0.46691 0.45142 0.47729 0.44515 0.47671 0.43849 0.48356 0.43242 0.47926 0.42899 0.48454 0.42801 0.50314 0.42971 0.51077 0.43465 0.51683 0.44091 0.51741 0.44342 0.48962 0.44704 0.48062 0.45123 0.48101 0.45501 0.48884 0.46357 0.48589 0.46413 0.49529 0.46165 0.50253 0.45727 0.50586 0.45629 0.52445 0.45914 0.53032 0.46540 0.53091 0.46730 0.53482 0.47357 0.53540 0.47814 0.52836 0.49486 0.52991 0.50492 0.53832 0.51158 0.53147 0.52621 0.53283 0.52810 0.53675 0.54045 0.54163 0.54273 0.53811 0.55736 0.53947 0.56402 0.53262 0.57199 0.54084 0.58966 0.54435 0.59746 0.53573 0.62025 0.54159 0.62424 0.54570 0.62672 0.53846 0.66492 0.53080 0.66969 0.52004 0.68601 0.52904 0.69170 0.54077 0.70006 0.54155 0.70672 0.53470 0.71090 0.53509 0.72386 0.50827
6 1.00000 0.50993 0.99367 0.50911 0.99178 0.50520 0.98740 0.50853 0.98133 0.50423 0.97904 0.50775 0.97297 0.50345 0.97068 0.50697 0.94959 0.50875 0.94084 0.51540 0.93686 0.51130 0.93248 0.51462 0.92660 0.50660 0.83863 0.50214 0.83635 0.50567 0.75693 0.49827 0.74684 0.51041 0.74796 0.52920 0.75687 0.53937 0.76426 0.55874 0.78307 0.56050 0.78460 0.55130 0.79012 0.54620 0.79296 0.55207 0.79143 0.56127 0.79884 0.56009 0.79903 0.55638 0.80455 0.55129 0.80645 0.55520 0.82734 0.55714 0.82963 0.55362 0.83152 0.55754 0.84197 0.55851 0.84426 0.55498 0.91949 0.56199 0.92178 0.55847 0.92576 0.56258 0.93621 0.56355 0.93850 0.56003 0.94039 0.56394 0.99473 0.56900 0.99701 0.56548 0.99771 0.56691 1.00000 0.52326 1.00000 0.50993
