4 0.71091 0.39496 0.70170 0.40115 0.68771 0.42387 0.68492 0.45419 0.68813 0.46626 0.68743 0.47384 0.69366 0.48832 0.69792 0.48902 0.70024 0.49902 0.69369 0.51141 0.68819 0.51244 0.68750 0.52002 0.68378 0.52518 0.67739 0.52414 0.67367 0.52930 0.67297 0.53688 0.67618 0.54895 0.68810 0.57206 0.72341 0.57591 0.72907 0.56145 0.73081 0.54250 0.71943 0.52525 0.71267 0.50490 0.71336 0.49732 0.72382 0.48941 0.73497 0.47392 0.74098 0.45567 0.74238 0.44051 0.73951 0.42465 0.72972 0.40189 0.71091 0.39496
7 0.36737 0.45227 0.36950 0.45262 0.37108 0.44711 0.37995 0.44471 0.38367 0.43955 0.39030 0.36754 0.38853 0.36339 0.39170 0.35237 0.38992 0.34823 0.39078 0.32721 0.37464 0.32650 0.36663 0.43677 0.36841 0.44090 0.36737 0.45227
7 0.39002 0.41750 0.38862 0.43266 0.39130 0.43888 0.40531 0.43924 0.41240 0.43271 0.40598 0.40857 0.40915 0.39755 0.41436 0.31761 0.41169 0.31140 0.39891 0.30931 0.39520 0.31447 0.38926 0.37891 0.39104 0.38304 0.38929 0.40200 0.39250 0.41406 0.39002 0.41750
6 0.94920 1.00000 0.93598 0.97811 0.93331 0.97190 0.93312 0.96225 0.92851 0.96534 0.92050 0.94672 0.92298 0.94328 0.92031 0.93707 0.91322 0.94361 0.89740 0.91601 0.89809 0.90843 0.90181 0.90327 0.90731 0.90224 0.90782 0.88501 0.90178 0.88018 0.89380 0.88464 0.89771 0.88913 0.89612 0.89464 0.88548 0.89290 0.88068 0.88634 0.88227 0.88083 0.87588 0.87979 0.87232 0.87151 0.86806 0.87081 0.84778 0.83287 0.83249 0.81113 0.82750 0.79493 0.82324 0.79423 0.81222 0.77319 0.80796 0.77249 0.80757 0.75319 0.80545 0.75284 0.80262 0.76007 0.79480 0.75110 0.77309 0.70523 0.76492 0.70005 0.76349 0.69212 0.75745 0.68728 0.74643 0.66624 0.71941 0.63104 0.69735 0.58896 0.68171 0.57102 0.66179 0.52928 0.65752 0.52859 0.65006 0.51582 0.64843 0.49824 0.65587 0.48792 0.65142 0.47757 0.63439 0.47479 0.63191 0.47823 0.62622 0.46960 0.61983 0.46855 0.61735 0.47200 0.61131 0.46716 0.58967 0.46747 0.58789 0.46333 0.58541 0.46677 0.53218 0.45807 0.52970 0.46151 0.52579 0.45702 0.52331 0.46046 0.43388 0.44584 0.43140 0.44928 0.41650 0.44684 0.40712 0.46647 0.40252 0.46956 0.39934 0.48059 0.39190 0.49091 0.38872 0.50193 0.38129 0.51226 0.37563 0.52673 0.36324 0.54394 0.35262 0.56529 0.32040 0.61003 0.27865 0.68784 0.22059 0.77838 0.18662 0.84208 0.14626 0.90473 0.13034 0.93675 0.13088 0.94261 0.18624 0.95167 0.18872 0.94823 0.19511 0.94927 0.19689 0.95341 0.31187 0.97221 0.31435 0.96877 0.31826 0.97326 0.32287 0.97017 0.32678 0.97466 0.33139 0.97156 0.33530 0.97605 0.48175 1.00000 0.94920 1.00000
6 0.65994 0.47896 0.63315 0.47650 0.63903 0.49478 0.65076 0.50824 0.65610 0.52066 0.66213 0.52549 0.67402 0.52551 0.68378 0.52518 0.68750 0.52002 0.68819 0.51244 0.69528 0.50591 0.69633 0.49454 0.69366 0.48832 0.68584 0.47935 0.67306 0.47726 0.67059 0.48070 0.66420 0.47966 0.66242 0.47552 0.65994 0.47896
6 1.00000 0.52436 0.93780 0.51287 0.92432 0.51836 0.87570 0.50656 0.87322 0.51000 0.81360 0.50025 0.81112 0.50369 0.72595 0.48976 0.71514 0.50146 0.71978 0.52145 0.72814 0.53629 0.81030 0.54780 0.86264 0.55444 0.86512 0.55100 0.92687 0.56109 0.92865 0.56523 0.99699 0.57341 1.00000 0.54073 1.00000 0.52436
6 0.18180 0.44886 0.18037 0.44093 0.18780 0.43060 0.18850 0.42302 0.18583 0.41681 0.15602 0.41194 0.15354 0.41538 0.09605 0.40598 0.09357 0.40942 0.01266 0.39618 0.01018 0.39963 0.00556 0.39899 0.00172 0.44056 0.05957 0.45002 0.06205 0.44658 0.13479 0.45463 0.13727 0.45119 0.17773 0.45781 0.18180 0.44886
4 0.71091 0.39496 0.70170 0.40115 0.68771 0.42387 0.68492 0.45419 0.68813 0.46626 0.68743 0.47384 0.69366 0.48832 0.69792 0.48902 0.70024 0.49902 0.69369 0.51141 0.68819 0.51244 0.68750 0.52002 0.68378 0.52518 0.67739 0.52414 0.67367 0.52930 0.67297 0.53688 0.67618 0.54895 0.68810 0.57206 0.72341 0.57591 0.72907 0.56145 0.73081 0.54250 0.71943 0.52525 0.71267 0.50490 0.71336 0.49732 0.72382 0.48941 0.73497 0.47392 0.74098 0.45567 0.74238 0.44051 0.73951 0.42465 0.72972 0.40189 0.71091 0.39496
7 0.36737 0.45227 0.36950 0.45262 0.37108 0.44711 0.37995 0.44471 0.38367 0.43955 0.39030 0.36754 0.38853 0.36339 0.39170 0.35237 0.38992 0.34823 0.39078 0.32721 0.37464 0.32650 0.36663 0.43677 0.36841 0.44090 0.36737 0.45227
7 0.39002 0.41750 0.38862 0.43266 0.39130 0.43888 0.40531 0.43924 0.41240 0.43271 0.40598 0.40857 0.40915 0.39755 0.41436 0.31761 0.41169 0.31140 0.39891 0.30931 0.39520 0.31447 0.38926 0.37891 0.39104 0.38304 0.38929 0.40200 0.39250 0.41406 0.39002 0.41750
6 0.94920 1.00000 0.93598 0.97811 0.93331 0.97190 0.93312 0.96225 0.92851 0.96534 0.92050 0.94672 0.92298 0.94328 0.92031 0.93707 0.91322 0.94361 0.89740 0.91601 0.89809 0.90843 0.90181 0.90327 0.90731 0.90224 0.90782 0.88501 0.90178 0.88018 0.89380 0.88464 0.89771 0.88913 0.89612 0.89464 0.88548 0.89290 0.88068 0.88634 0.88227 0.88083 0.87588 0.87979 0.87232 0.87151 0.86806 0.87081 0.84778 0.83287 0.83249 0.81113 0.82750 0.79493 0.82324 0.79423 0.81222 0.77319 0.80796 0.77249 0.80757 0.75319 0.80545 0.75284 0.80262 0.76007 0.79480 0.75110 0.77309 0.70523 0.76492 0.70005 0.76349 0.69212 0.75745 0.68728 0.74643 0.66624 0.71941 0.63104 0.69735 0.58896 0.68171 0.57102 0.66179 0.52928 0.65752 0.52859 0.65006 0.51582 0.64843 0.49824 0.65587 0.48792 0.65142 0.47757 0.63439 0.47479 0.63191 0.47823 0.62622 0.46960 0.61983 0.46855 0.61735 0.47200 0.61131 0.46716 0.58967 0.46747 0.58789 0.46333 0.58541 0.46677 0.53218 0.45807 0.52970 0.46151 0.52579 0.45702 0.52331 0.46046 0.43388 0.44584 0.43140 0.44928 0.41650 0.44684 0.40712 0.46647 0.40252 0.46956 0.39934 0.48059 0.39190 0.49091 0.38872 0.50193 0.38129 0.51226 0.37563 0.52673 0.36324 0.54394 0.35262 0.56529 0.32040 0.61003 0.27865 0.68784 0.22059 0.77838 0.18662 0.84208 0.14626 0.90473 0.13034 0.93675 0.13088 0.94261 0.18624 0.95167 0.18872 0.94823 0.19511 0.94927 0.19689 0.95341 0.31187 0.97221 0.31435 0.96877 0.31826 0.97326 0.32287 0.97017 0.32678 0.97466 0.33139 0.97156 0.33530 0.97605 0.48175 1.00000 0.94920 1.00000
6 0.65994 0.47896 0.63315 0.47650 0.63903 0.49478 0.65076 0.50824 0.65610 0.52066 0.66213 0.52549 0.67402 0.52551 0.68378 0.52518 0.68750 0.52002 0.68819 0.51244 0.69528 0.50591 0.69633 0.49454 0.69366 0.48832 0.68584 0.47935 0.67306 0.47726 0.67059 0.48070 0.66420 0.47966 0.66242 0.47552 0.65994 0.47896
6 1.00000 0.52436 0.93780 0.51287 0.92432 0.51836 0.87570 0.50656 0.87322 0.51000 0.81360 0.50025 0.81112 0.50369 0.72595 0.48976 0.71514 0.50146 0.71978 0.52145 0.72814 0.53629 0.81030 0.54780 0.86264 0.55444 0.86512 0.55100 0.92687 0.56109 0.92865 0.56523 0.99699 0.57341 1.00000 0.54073 1.00000 0.52436
6 0.18180 0.44886 0.18037 0.44093 0.18780 0.43060 0.18850 0.42302 0.18583 0.41681 0.15602 0.41194 0.15354 0.41538 0.09605 0.40598 0.09357 0.40942 0.01266 0.39618 0.01018 0.39963 0.00556 0.39899 0.00172 0.44056 0.05957 0.45002 0.06205 0.44658 0.13479 0.45463 0.13727 0.45119 0.17773 0.45781 0.18180 0.44886
4 0.71091 0.39496 0.70170 0.40115 0.68771 0.42387 0.68492 0.45419 0.68813 0.46626 0.68743 0.47384 0.69366 0.48832 0.69792 0.48902 0.70024 0.49902 0.69369 0.51141 0.68819 0.51244 0.68750 0.52002 0.68378 0.52518 0.67739 0.52414 0.67367 0.52930 0.67297 0.53688 0.67618 0.54895 0.68810 0.57206 0.72341 0.57591 0.72907 0.56145 0.73081 0.54250 0.71943 0.52525 0.71267 0.50490 0.71336 0.49732 0.72382 0.48941 0.73497 0.47392 0.74098 0.45567 0.74238 0.44051 0.73951 0.42465 0.72972 0.40189 0.71091 0.39496
7 0.36737 0.45227 0.36950 0.45262 0.37108 0.44711 0.37995 0.44471 0.38367 0.43955 0.39030 0.36754 0.38853 0.36339 0.39170 0.35237 0.38992 0.34823 0.39078 0.32721 0.37464 0.32650 0.36663 0.43677 0.36841 0.44090 0.36737 0.45227
7 0.39002 0.41750 0.38862 0.43266 0.39130 0.43888 0.40531 0.43924 0.41240 0.43271 0.40598 0.40857 0.40915 0.39755 0.41436 0.31761 0.41169 0.31140 0.39891 0.30931 0.39520 0.31447 0.38926 0.37891 0.39104 0.38304 0.38929 0.40200 0.39250 0.41406 0.39002 0.41750
6 0.94920 1.00000 0.93598 0.97811 0.93331 0.97190 0.93312 0.96225 0.92851 0.96534 0.92050 0.94672 0.92298 0.94328 0.92031 0.93707 0.91322 0.94361 0.89740 0.91601 0.89809 0.90843 0.90181 0.90327 0.90731 0.90224 0.90782 0.88501 0.90178 0.88018 0.89380 0.88464 0.89771 0.88913 0.89612 0.89464 0.88548 0.89290 0.88068 0.88634 0.88227 0.88083 0.87588 0.87979 0.87232 0.87151 0.86806 0.87081 0.84778 0.83287 0.83249 0.81113 0.82750 0.79493 0.82324 0.79423 0.81222 0.77319 0.80796 0.77249 0.80757 0.75319 0.80545 0.75284 0.80262 0.76007 0.79480 0.75110 0.77309 0.70523 0.76492 0.70005 0.76349 0.69212 0.75745 0.68728 0.74643 0.66624 0.71941 0.63104 0.69735 0.58896 0.68171 0.57102 0.66179 0.52928 0.65752 0.52859 0.65006 0.51582 0.64843 0.49824 0.65587 0.48792 0.65142 0.47757 0.63439 0.47479 0.63191 0.47823 0.62622 0.46960 0.61983 0.46855 0.61735 0.47200 0.61131 0.46716 0.58967 0.46747 0.58789 0.46333 0.58541 0.46677 0.53218 0.45807 0.52970 0.46151 0.52579 0.45702 0.52331 0.46046 0.43388 0.44584 0.43140 0.44928 0.41650 0.44684 0.40712 0.46647 0.40252 0.46956 0.39934 0.48059 0.39190 0.49091 0.38872 0.50193 0.38129 0.51226 0.37563 0.52673 0.36324 0.54394 0.35262 0.56529 0.32040 0.61003 0.27865 0.68784 0.22059 0.77838 0.18662 0.84208 0.14626 0.90473 0.13034 0.93675 0.13088 0.94261 0.18624 0.95167 0.18872 0.94823 0.19511 0.94927 0.19689 0.95341 0.31187 0.97221 0.31435 0.96877 0.31826 0.97326 0.32287 0.97017 0.32678 0.97466 0.33139 0.97156 0.33530 0.97605 0.48175 1.00000 0.94920 1.00000
6 0.65994 0.47896 0.63315 0.47650 0.63903 0.49478 0.65076 0.50824 0.65610 0.52066 0.66213 0.52549 0.67402 0.52551 0.68378 0.52518 0.68750 0.52002 0.68819 0.51244 0.69528 0.50591 0.69633 0.49454 0.69366 0.48832 0.68584 0.47935 0.67306 0.47726 0.67059 0.48070 0.66420 0.47966 0.66242 0.47552 0.65994 0.47896
6 1.00000 0.52436 0.93780 0.51287 0.92432 0.51836 0.87570 0.50656 0.87322 0.51000 0.81360 0.50025 0.81112 0.50369 0.72595 0.48976 0.71514 0.50146 0.71978 0.52145 0.72814 0.53629 0.81030 0.54780 0.86264 0.55444 0.86512 0.55100 0.92687 0.56109 0.92865 0.56523 0.99699 0.57341 1.00000 0.54073 1.00000 0.52436
6 0.18180 0.44886 0.18037 0.44093 0.18780 0.43060 0.18850 0.42302 0.18583 0.41681 0.15602 0.41194 0.15354 0.41538 0.09605 0.40598 0.09357 0.40942 0.01266 0.39618 0.01018 0.39963 0.00556 0.39899 0.00172 0.44056 0.05957 0.45002 0.06205 0.44658 0.13479 0.45463 0.13727 0.45119 0.17773 0.45781 0.18180 0.44886
