6 0.95216 1.00000 0.96720 0.85744 0.86499 0.65448 0.66158 0.29473 0.61554 0.25930 0.54365 0.22333 0.43178 0.19703 0.03016 0.16763 0.01882 0.27501 0.24750 0.27883 0.28688 0.29157 0.27433 0.33107 0.00000 0.88466 0.00000 0.91131 0.47375 1.00000 0.95216 1.00000
5 0.98537 0.68520 0.90783 0.71772 0.97122 0.81932 0.98537 0.68520
6 0.95216 1.00000 0.96720 0.85744 0.86499 0.65448 0.66158 0.29473 0.61554 0.25930 0.54365 0.22333 0.43178 0.19703 0.03016 0.16763 0.01882 0.27501 0.24750 0.27883 0.28688 0.29157 0.27433 0.33107 0.00000 0.88466 0.00000 0.91131 0.47375 1.00000 0.95216 1.00000
5 0.98537 0.68520 0.90783 0.71772 0.97122 0.81932 0.98537 0.68520
6 0.95216 1.00000 0.96720 0.85744 0.86499 0.65448 0.66158 0.29473 0.61554 0.25930 0.54365 0.22333 0.43178 0.19703 0.03016 0.16763 0.01882 0.27501 0.24750 0.27883 0.28688 0.29157 0.27433 0.33107 0.00000 0.88466 0.00000 0.91131 0.47375 1.00000 0.95216 1.00000
5 0.98537 0.68520 0.90783 0.71772 0.97122 0.81932 0.98537 0.68520
6 0.95216 1.00000 0.96720 0.85744 0.86499 0.65448 0.66158 0.29473 0.61554 0.25930 0.54365 0.22333 0.43178 0.19703 0.03016 0.16763 0.01882 0.27501 0.24750 0.27883 0.28688 0.29157 0.27433 0.33107 0.00000 0.88466 0.00000 0.91131 0.47375 1.00000 0.95216 1.00000
5 0.98537 0.68520 0.90783 0.71772 0.97122 0.81932 0.98537 0.68520
6 0.95216 1.00000 0.96720 0.85744 0.86499 0.65448 0.66158 0.29473 0.61554 0.25930 0.54365 0.22333 0.43178 0.19703 0.03016 0.16763 0.01882 0.27501 0.24750 0.27883 0.28688 0.29157 0.27433 0.33107 0.00000 0.88466 0.00000 0.91131 0.47375 1.00000 0.95216 1.00000
5 0.98537 0.68520 0.90783 0.71772 0.97122 0.81932 0.98537 0.68520
6 0.95216 1.00000 0.96720 0.85744 0.86499 0.65448 0.66158 0.29473 0.61554 0.25930 0.54365 0.22333 0.43178 0.19703 0.03016 0.16763 0.01882 0.27501 0.24750 0.27883 0.28688 0.29157 0.27433 0.33107 0.00000 0.88466 0.00000 0.91131 0.47375 1.00000 0.95216 1.00000
5 0.98537 0.68520 0.90783 0.71772 0.97122 0.81932 0.98537 0.68520
