5 0.26277 0.73046 0.27697 0.73203 0.30445 0.68096 0.31074 0.61742 0.29038 0.57280 0.25977 0.57530 0.23713 0.61372 0.22620 0.67868 0.25231 0.72950 0.24649 0.77434 0.23049 0.77398 0.22201 0.79737 0.19873 0.79356 0.19536 0.81178 0.23255 0.85690 0.29706 0.83442 0.30015 0.81465 0.27670 0.78980 0.27972 0.76626 0.26815 0.76362 0.26277 0.73046
6 0.00000 0.92198 0.32441 0.97504 0.32446 0.97445 0.31838 0.96456 0.31082 0.95977 0.29668 0.93967 0.29274 0.93903 0.26579 0.90616 0.26185 0.90551 0.25856 0.89786 0.25462 0.89721 0.24410 0.88126 0.23457 0.87615 0.22405 0.86020 0.22011 0.85955 0.20203 0.83881 0.19709 0.82733 0.18757 0.82221 0.17572 0.79893 0.16849 0.79063 0.16455 0.78998 0.15567 0.77786 0.15174 0.77722 0.14845 0.76956 0.12611 0.75168 0.11000 0.73126 0.09127 0.71752 0.05709 0.67636 0.04033 0.66294 0.03704 0.65529 0.02587 0.64634 0.02257 0.63869 0.01140 0.62975 0.00811 0.62210 0.00000 0.61923 0.00000 0.92198
5 0.26277 0.73046 0.27697 0.73203 0.30445 0.68096 0.31074 0.61742 0.29038 0.57280 0.25977 0.57530 0.23713 0.61372 0.22620 0.67868 0.25231 0.72950 0.24649 0.77434 0.23049 0.77398 0.22201 0.79737 0.19873 0.79356 0.19536 0.81178 0.23255 0.85690 0.29706 0.83442 0.30015 0.81465 0.27670 0.78980 0.27972 0.76626 0.26815 0.76362 0.26277 0.73046
6 0.00000 0.92198 0.32441 0.97504 0.32446 0.97445 0.31838 0.96456 0.31082 0.95977 0.29668 0.93967 0.29274 0.93903 0.26579 0.90616 0.26185 0.90551 0.25856 0.89786 0.25462 0.89721 0.24410 0.88126 0.23457 0.87615 0.22405 0.86020 0.22011 0.85955 0.20203 0.83881 0.19709 0.82733 0.18757 0.82221 0.17572 0.79893 0.16849 0.79063 0.16455 0.78998 0.15567 0.77786 0.15174 0.77722 0.14845 0.76956 0.12611 0.75168 0.11000 0.73126 0.09127 0.71752 0.05709 0.67636 0.04033 0.66294 0.03704 0.65529 0.02587 0.64634 0.02257 0.63869 0.01140 0.62975 0.00811 0.62210 0.00000 0.61923 0.00000 0.92198
5 0.26277 0.73046 0.27697 0.73203 0.30445 0.68096 0.31074 0.61742 0.29038 0.57280 0.25977 0.57530 0.23713 0.61372 0.22620 0.67868 0.25231 0.72950 0.24649 0.77434 0.23049 0.77398 0.22201 0.79737 0.19873 0.79356 0.19536 0.81178 0.23255 0.85690 0.29706 0.83442 0.30015 0.81465 0.27670 0.78980 0.27972 0.76626 0.26815 0.76362 0.26277 0.73046
6 0.00000 0.92198 0.32441 0.97504 0.32446 0.97445 0.31838 0.96456 0.31082 0.95977 0.29668 0.93967 0.29274 0.93903 0.26579 0.90616 0.26185 0.90551 0.25856 0.89786 0.25462 0.89721 0.24410 0.88126 0.23457 0.87615 0.22405 0.86020 0.22011 0.85955 0.20203 0.83881 0.19709 0.82733 0.18757 0.82221 0.17572 0.79893 0.16849 0.79063 0.16455 0.78998 0.15567 0.77786 0.15174 0.77722 0.14845 0.76956 0.12611 0.75168 0.11000 0.73126 0.09127 0.71752 0.05709 0.67636 0.04033 0.66294 0.03704 0.65529 0.02587 0.64634 0.02257 0.63869 0.01140 0.62975 0.00811 0.62210 0.00000 0.61923 0.00000 0.92198
5 0.26277 0.73046 0.27697 0.73203 0.30445 0.68096 0.31074 0.61742 0.29038 0.57280 0.25977 0.57530 0.23713 0.61372 0.22620 0.67868 0.25231 0.72950 0.24649 0.77434 0.23049 0.77398 0.22201 0.79737 0.19873 0.79356 0.19536 0.81178 0.23255 0.85690 0.29706 0.83442 0.30015 0.81465 0.27670 0.78980 0.27972 0.76626 0.26815 0.76362 0.26277 0.73046
6 0.00000 0.92198 0.32441 0.97504 0.32446 0.97445 0.31838 0.96456 0.31082 0.95977 0.29668 0.93967 0.29274 0.93903 0.26579 0.90616 0.26185 0.90551 0.25856 0.89786 0.25462 0.89721 0.24410 0.88126 0.23457 0.87615 0.22405 0.86020 0.22011 0.85955 0.20203 0.83881 0.19709 0.82733 0.18757 0.82221 0.17572 0.79893 0.16849 0.79063 0.16455 0.78998 0.15567 0.77786 0.15174 0.77722 0.14845 0.76956 0.12611 0.75168 0.11000 0.73126 0.09127 0.71752 0.05709 0.67636 0.04033 0.66294 0.03704 0.65529 0.02587 0.64634 0.02257 0.63869 0.01140 0.62975 0.00811 0.62210 0.00000 0.61923 0.00000 0.92198
5 0.26277 0.73046 0.27697 0.73203 0.30445 0.68096 0.31074 0.61742 0.29038 0.57280 0.25977 0.57530 0.23713 0.61372 0.22620 0.67868 0.25231 0.72950 0.24649 0.77434 0.23049 0.77398 0.22201 0.79737 0.19873 0.79356 0.19536 0.81178 0.23255 0.85690 0.29706 0.83442 0.30015 0.81465 0.27670 0.78980 0.27972 0.76626 0.26815 0.76362 0.26277 0.73046
6 0.00000 0.92198 0.32441 0.97504 0.32446 0.97445 0.31838 0.96456 0.31082 0.95977 0.29668 0.93967 0.29274 0.93903 0.26579 0.90616 0.26185 0.90551 0.25856 0.89786 0.25462 0.89721 0.24410 0.88126 0.23457 0.87615 0.22405 0.86020 0.22011 0.85955 0.20203 0.83881 0.19709 0.82733 0.18757 0.82221 0.17572 0.79893 0.16849 0.79063 0.16455 0.78998 0.15567 0.77786 0.15174 0.77722 0.14845 0.76956 0.12611 0.75168 0.11000 0.73126 0.09127 0.71752 0.05709 0.67636 0.04033 0.66294 0.03704 0.65529 0.02587 0.64634 0.02257 0.63869 0.01140 0.62975 0.00811 0.62210 0.00000 0.61923 0.00000 0.92198
5 0.26277 0.73046 0.27697 0.73203 0.30445 0.68096 0.31074 0.61742 0.29038 0.57280 0.25977 0.57530 0.23713 0.61372 0.22620 0.67868 0.25231 0.72950 0.24649 0.77434 0.23049 0.77398 0.22201 0.79737 0.19873 0.79356 0.19536 0.81178 0.23255 0.85690 0.29706 0.83442 0.30015 0.81465 0.27670 0.78980 0.27972 0.76626 0.26815 0.76362 0.26277 0.73046
6 0.00000 0.92198 0.32441 0.97504 0.32446 0.97445 0.31838 0.96456 0.31082 0.95977 0.29668 0.93967 0.29274 0.93903 0.26579 0.90616 0.26185 0.90551 0.25856 0.89786 0.25462 0.89721 0.24410 0.88126 0.23457 0.87615 0.22405 0.86020 0.22011 0.85955 0.20203 0.83881 0.19709 0.82733 0.18757 0.82221 0.17572 0.79893 0.16849 0.79063 0.16455 0.78998 0.15567 0.77786 0.15174 0.77722 0.14845 0.76956 0.12611 0.75168 0.11000 0.73126 0.09127 0.71752 0.05709 0.67636 0.04033 0.66294 0.03704 0.65529 0.02587 0.64634 0.02257 0.63869 0.01140 0.62975 0.00811 0.62210 0.00000 0.61923 0.00000 0.92198
