6 1.00000 0.74881 0.84231 0.64610 0.72092 0.59401 0.00000 0.28378 0.00000 0.55242 0.05322 1.00000 0.52076 1.00000 0.78515 0.94607 1.00000 0.90075 1.00000 0.74881
1 0.07970 0.21332 0.08698 0.23984 0.07310 0.24360 0.07311 0.26007 0.05153 0.27416 0.05384 0.29361 0.09834 0.30415 0.15872 0.27889 0.15131 0.24764 0.12765 0.25264 0.11889 0.21886 0.10381 0.22954 0.09733 0.20473 0.11081 0.18434 0.11667 0.16161 0.11856 0.14296 0.11433 0.10734 0.10694 0.07970 0.10513 0.07707 0.04168 0.09046 0.03926 0.11899 0.04464 0.15600 0.06128 0.18991 0.06826 0.20014 0.07708 0.20510 0.07970 0.21332
6 1.00000 0.74881 0.84231 0.64610 0.72092 0.59401 0.00000 0.28378 0.00000 0.55242 0.05322 1.00000 0.52076 1.00000 0.78515 0.94607 1.00000 0.90075 1.00000 0.74881
1 0.07970 0.21332 0.08698 0.23984 0.07310 0.24360 0.07311 0.26007 0.05153 0.27416 0.05384 0.29361 0.09834 0.30415 0.15872 0.27889 0.15131 0.24764 0.12765 0.25264 0.11889 0.21886 0.10381 0.22954 0.09733 0.20473 0.11081 0.18434 0.11667 0.16161 0.11856 0.14296 0.11433 0.10734 0.10694 0.07970 0.10513 0.07707 0.04168 0.09046 0.03926 0.11899 0.04464 0.15600 0.06128 0.18991 0.06826 0.20014 0.07708 0.20510 0.07970 0.21332
6 1.00000 0.74881 0.84231 0.64610 0.72092 0.59401 0.00000 0.28378 0.00000 0.55242 0.05322 1.00000 0.52076 1.00000 0.78515 0.94607 1.00000 0.90075 1.00000 0.74881
1 0.07970 0.21332 0.08698 0.23984 0.07310 0.24360 0.07311 0.26007 0.05153 0.27416 0.05384 0.29361 0.09834 0.30415 0.15872 0.27889 0.15131 0.24764 0.12765 0.25264 0.11889 0.21886 0.10381 0.22954 0.09733 0.20473 0.11081 0.18434 0.11667 0.16161 0.11856 0.14296 0.11433 0.10734 0.10694 0.07970 0.10513 0.07707 0.04168 0.09046 0.03926 0.11899 0.04464 0.15600 0.06128 0.18991 0.06826 0.20014 0.07708 0.20510 0.07970 0.21332
6 1.00000 0.74881 0.84231 0.64610 0.72092 0.59401 0.00000 0.28378 0.00000 0.55242 0.05322 1.00000 0.52076 1.00000 0.78515 0.94607 1.00000 0.90075 1.00000 0.74881
1 0.07970 0.21332 0.08698 0.23984 0.07310 0.24360 0.07311 0.26007 0.05153 0.27416 0.05384 0.29361 0.09834 0.30415 0.15872 0.27889 0.15131 0.24764 0.12765 0.25264 0.11889 0.21886 0.10381 0.22954 0.09733 0.20473 0.11081 0.18434 0.11667 0.16161 0.11856 0.14296 0.11433 0.10734 0.10694 0.07970 0.10513 0.07707 0.04168 0.09046 0.03926 0.11899 0.04464 0.15600 0.06128 0.18991 0.06826 0.20014 0.07708 0.20510 0.07970 0.21332
6 1.00000 0.74881 0.84231 0.64610 0.72092 0.59401 0.00000 0.28378 0.00000 0.55242 0.05322 1.00000 0.52076 1.00000 0.78515 0.94607 1.00000 0.90075 1.00000 0.74881
1 0.07970 0.21332 0.08698 0.23984 0.07310 0.24360 0.07311 0.26007 0.05153 0.27416 0.05384 0.29361 0.09834 0.30415 0.15872 0.27889 0.15131 0.24764 0.12765 0.25264 0.11889 0.21886 0.10381 0.22954 0.09733 0.20473 0.11081 0.18434 0.11667 0.16161 0.11856 0.14296 0.11433 0.10734 0.10694 0.07970 0.10513 0.07707 0.04168 0.09046 0.03926 0.11899 0.04464 0.15600 0.06128 0.18991 0.06826 0.20014 0.07708 0.20510 0.07970 0.21332
6 1.00000 0.74881 0.84231 0.64610 0.72092 0.59401 0.00000 0.28378 0.00000 0.55242 0.05322 1.00000 0.52076 1.00000 0.78515 0.94607 1.00000 0.90075 1.00000 0.74881
1 0.07970 0.21332 0.08698 0.23984 0.07310 0.24360 0.07311 0.26007 0.05153 0.27416 0.05384 0.29361 0.09834 0.30415 0.15872 0.27889 0.15131 0.24764 0.12765 0.25264 0.11889 0.21886 0.10381 0.22954 0.09733 0.20473 0.11081 0.18434 0.11667 0.16161 0.11856 0.14296 0.11433 0.10734 0.10694 0.07970 0.10513 0.07707 0.04168 0.09046 0.03926 0.11899 0.04464 0.15600 0.06128 0.18991 0.06826 0.20014 0.07708 0.20510 0.07970 0.21332
