6 0.49938 1.00000 0.49360 0.98779 0.46736 0.96106 0.43487 0.92065 0.40274 0.89420 0.39658 0.88400 0.36642 0.85745 0.30778 0.79380 0.30385 0.79398 0.27743 0.76027 0.26744 0.75375 0.26155 0.75402 0.24558 0.74429 0.23380 0.74483 0.23175 0.74143 0.21998 0.74198 0.21792 0.73859 0.20615 0.73913 0.20410 0.73573 0.18055 0.73683 0.17850 0.73343 0.16672 0.73398 0.16486 0.73756 0.16280 0.73416 0.16093 0.73774 0.13935 0.73875 0.13729 0.73535 0.13542 0.73893 0.13141 0.73562 0.05096 0.73936 0.04713 0.74304 0.04311 0.73973 0.04124 0.74331 0.00616 0.74654 0.01280 1.00000 0.49938 1.00000
2 0.44524 0.75421 0.44506 0.74723 0.45049 0.72951 0.45012 0.71555 0.45518 0.68388 0.45482 0.66992 0.45174 0.66482 0.39306 0.67454 0.39118 0.67812 0.38530 0.67839 0.38249 0.68376 0.38267 0.69074 0.41832 0.77643 0.42270 0.79369 0.42334 0.81812 0.42539 0.82152 0.42268 0.83038 0.41408 0.83951 0.41454 0.85696 0.40005 0.86637 0.39724 0.87174 0.39752 0.88221 0.41050 0.89034 0.43106 0.88764 0.45348 0.88135 0.47087 0.87006 0.47872 0.86970 0.48143 0.86084 0.47621 0.84885 0.45836 0.84270 0.45501 0.82713 0.45193 0.82203 0.44408 0.82239 0.43876 0.80692 0.43821 0.78598 0.44524 0.75421
6 0.49938 1.00000 0.49360 0.98779 0.46736 0.96106 0.43487 0.92065 0.40274 0.89420 0.39658 0.88400 0.36642 0.85745 0.30778 0.79380 0.30385 0.79398 0.27743 0.76027 0.26744 0.75375 0.26155 0.75402 0.24558 0.74429 0.23380 0.74483 0.23175 0.74143 0.21998 0.74198 0.21792 0.73859 0.20615 0.73913 0.20410 0.73573 0.18055 0.73683 0.17850 0.73343 0.16672 0.73398 0.16486 0.73756 0.16280 0.73416 0.16093 0.73774 0.13935 0.73875 0.13729 0.73535 0.13542 0.73893 0.13141 0.73562 0.05096 0.73936 0.04713 0.74304 0.04311 0.73973 0.04124 0.74331 0.00616 0.74654 0.01280 1.00000 0.49938 1.00000
2 0.44524 0.75421 0.44506 0.74723 0.45049 0.72951 0.45012 0.71555 0.45518 0.68388 0.45482 0.66992 0.45174 0.66482 0.39306 0.67454 0.39118 0.67812 0.38530 0.67839 0.38249 0.68376 0.38267 0.69074 0.41832 0.77643 0.42270 0.79369 0.42334 0.81812 0.42539 0.82152 0.42268 0.83038 0.41408 0.83951 0.41454 0.85696 0.40005 0.86637 0.39724 0.87174 0.39752 0.88221 0.41050 0.89034 0.43106 0.88764 0.45348 0.88135 0.47087 0.87006 0.47872 0.86970 0.48143 0.86084 0.47621 0.84885 0.45836 0.84270 0.45501 0.82713 0.45193 0.82203 0.44408 0.82239 0.43876 0.80692 0.43821 0.78598 0.44524 0.75421
6 0.49938 1.00000 0.49360 0.98779 0.46736 0.96106 0.43487 0.92065 0.40274 0.89420 0.39658 0.88400 0.36642 0.85745 0.30778 0.79380 0.30385 0.79398 0.27743 0.76027 0.26744 0.75375 0.26155 0.75402 0.24558 0.74429 0.23380 0.74483 0.23175 0.74143 0.21998 0.74198 0.21792 0.73859 0.20615 0.73913 0.20410 0.73573 0.18055 0.73683 0.17850 0.73343 0.16672 0.73398 0.16486 0.73756 0.16280 0.73416 0.16093 0.73774 0.13935 0.73875 0.13729 0.73535 0.13542 0.73893 0.13141 0.73562 0.05096 0.73936 0.04713 0.74304 0.04311 0.73973 0.04124 0.74331 0.00616 0.74654 0.01280 1.00000 0.49938 1.00000
2 0.44524 0.75421 0.44506 0.74723 0.45049 0.72951 0.45012 0.71555 0.45518 0.68388 0.45482 0.66992 0.45174 0.66482 0.39306 0.67454 0.39118 0.67812 0.38530 0.67839 0.38249 0.68376 0.38267 0.69074 0.41832 0.77643 0.42270 0.79369 0.42334 0.81812 0.42539 0.82152 0.42268 0.83038 0.41408 0.83951 0.41454 0.85696 0.40005 0.86637 0.39724 0.87174 0.39752 0.88221 0.41050 0.89034 0.43106 0.88764 0.45348 0.88135 0.47087 0.87006 0.47872 0.86970 0.48143 0.86084 0.47621 0.84885 0.45836 0.84270 0.45501 0.82713 0.45193 0.82203 0.44408 0.82239 0.43876 0.80692 0.43821 0.78598 0.44524 0.75421
6 0.49938 1.00000 0.49360 0.98779 0.46736 0.96106 0.43487 0.92065 0.40274 0.89420 0.39658 0.88400 0.36642 0.85745 0.30778 0.79380 0.30385 0.79398 0.27743 0.76027 0.26744 0.75375 0.26155 0.75402 0.24558 0.74429 0.23380 0.74483 0.23175 0.74143 0.21998 0.74198 0.21792 0.73859 0.20615 0.73913 0.20410 0.73573 0.18055 0.73683 0.17850 0.73343 0.16672 0.73398 0.16486 0.73756 0.16280 0.73416 0.16093 0.73774 0.13935 0.73875 0.13729 0.73535 0.13542 0.73893 0.13141 0.73562 0.05096 0.73936 0.04713 0.74304 0.04311 0.73973 0.04124 0.74331 0.00616 0.74654 0.01280 1.00000 0.49938 1.00000
2 0.44524 0.75421 0.44506 0.74723 0.45049 0.72951 0.45012 0.71555 0.45518 0.68388 0.45482 0.66992 0.45174 0.66482 0.39306 0.67454 0.39118 0.67812 0.38530 0.67839 0.38249 0.68376 0.38267 0.69074 0.41832 0.77643 0.42270 0.79369 0.42334 0.81812 0.42539 0.82152 0.42268 0.83038 0.41408 0.83951 0.41454 0.85696 0.40005 0.86637 0.39724 0.87174 0.39752 0.88221 0.41050 0.89034 0.43106 0.88764 0.45348 0.88135 0.47087 0.87006 0.47872 0.86970 0.48143 0.86084 0.47621 0.84885 0.45836 0.84270 0.45501 0.82713 0.45193 0.82203 0.44408 0.82239 0.43876 0.80692 0.43821 0.78598 0.44524 0.75421
6 0.49938 1.00000 0.49360 0.98779 0.46736 0.96106 0.43487 0.92065 0.40274 0.89420 0.39658 0.88400 0.36642 0.85745 0.30778 0.79380 0.30385 0.79398 0.27743 0.76027 0.26744 0.75375 0.26155 0.75402 0.24558 0.74429 0.23380 0.74483 0.23175 0.74143 0.21998 0.74198 0.21792 0.73859 0.20615 0.73913 0.20410 0.73573 0.18055 0.73683 0.17850 0.73343 0.16672 0.73398 0.16486 0.73756 0.16280 0.73416 0.16093 0.73774 0.13935 0.73875 0.13729 0.73535 0.13542 0.73893 0.13141 0.73562 0.05096 0.73936 0.04713 0.74304 0.04311 0.73973 0.04124 0.74331 0.00616 0.74654 0.01280 1.00000 0.49938 1.00000
2 0.44524 0.75421 0.44506 0.74723 0.45049 0.72951 0.45012 0.71555 0.45518 0.68388 0.45482 0.66992 0.45174 0.66482 0.39306 0.67454 0.39118 0.67812 0.38530 0.67839 0.38249 0.68376 0.38267 0.69074 0.41832 0.77643 0.42270 0.79369 0.42334 0.81812 0.42539 0.82152 0.42268 0.83038 0.41408 0.83951 0.41454 0.85696 0.40005 0.86637 0.39724 0.87174 0.39752 0.88221 0.41050 0.89034 0.43106 0.88764 0.45348 0.88135 0.47087 0.87006 0.47872 0.86970 0.48143 0.86084 0.47621 0.84885 0.45836 0.84270 0.45501 0.82713 0.45193 0.82203 0.44408 0.82239 0.43876 0.80692 0.43821 0.78598 0.44524 0.75421
6 0.49938 1.00000 0.49360 0.98779 0.46736 0.96106 0.43487 0.92065 0.40274 0.89420 0.39658 0.88400 0.36642 0.85745 0.30778 0.79380 0.30385 0.79398 0.27743 0.76027 0.26744 0.75375 0.26155 0.75402 0.24558 0.74429 0.23380 0.74483 0.23175 0.74143 0.21998 0.74198 0.21792 0.73859 0.20615 0.73913 0.20410 0.73573 0.18055 0.73683 0.17850 0.73343 0.16672 0.73398 0.16486 0.73756 0.16280 0.73416 0.16093 0.73774 0.13935 0.73875 0.13729 0.73535 0.13542 0.73893 0.13141 0.73562 0.05096 0.73936 0.04713 0.74304 0.04311 0.73973 0.04124 0.74331 0.00616 0.74654 0.01280 1.00000 0.49938 1.00000
2 0.44524 0.75421 0.44506 0.74723 0.45049 0.72951 0.45012 0.71555 0.45518 0.68388 0.45482 0.66992 0.45174 0.66482 0.39306 0.67454 0.39118 0.67812 0.38530 0.67839 0.38249 0.68376 0.38267 0.69074 0.41832 0.77643 0.42270 0.79369 0.42334 0.81812 0.42539 0.82152 0.42268 0.83038 0.41408 0.83951 0.41454 0.85696 0.40005 0.86637 0.39724 0.87174 0.39752 0.88221 0.41050 0.89034 0.43106 0.88764 0.45348 0.88135 0.47087 0.87006 0.47872 0.86970 0.48143 0.86084 0.47621 0.84885 0.45836 0.84270 0.45501 0.82713 0.45193 0.82203 0.44408 0.82239 0.43876 0.80692 0.43821 0.78598 0.44524 0.75421
