6 0.00000 0.94364 0.21766 0.96901 0.19675 0.95233 0.19069 0.95163 0.17928 0.93944 0.17323 0.93873 0.17144 0.93491 0.14970 0.92513 0.13628 0.91271 0.13022 0.91200 0.12261 0.90388 0.10087 0.89411 0.08946 0.88192 0.08138 0.88098 0.04265 0.85113 0.02091 0.84135 0.00546 0.82870 0.00000 0.82806 0.00000 0.94364
2 0.00000 0.82444 0.00772 0.82534 0.00950 0.82916 0.02162 0.83058 0.02340 0.83440 0.03261 0.83367 0.03623 0.82504 0.06093 0.82068 0.07375 0.81132 0.08385 0.81249 0.08742 0.82014 0.09329 0.80816 0.09423 0.79379 0.09156 0.78805 0.07113 0.78929 0.06738 0.76895 0.06470 0.76321 0.05662 0.76227 0.05217 0.75270 0.05086 0.74168 0.05678 0.71342 0.06900 0.68227 0.06971 0.67149 0.07991 0.64011 0.08358 0.61520 0.08114 0.60586 0.02235 0.60263 0.02009 0.60599 0.00596 0.60434 0.00032 0.61273 0.00139 0.62734 0.01209 0.65030 0.02340 0.69505 0.03053 0.71036 0.03362 0.72520 0.03245 0.74316 0.03423 0.74699 0.03281 0.76854 0.02023 0.77431 0.01834 0.80305 0.00000 0.80601 0.00000 0.82444
6 0.00000 0.94364 0.21766 0.96901 0.19675 0.95233 0.19069 0.95163 0.17928 0.93944 0.17323 0.93873 0.17144 0.93491 0.14970 0.92513 0.13628 0.91271 0.13022 0.91200 0.12261 0.90388 0.10087 0.89411 0.08946 0.88192 0.08138 0.88098 0.04265 0.85113 0.02091 0.84135 0.00546 0.82870 0.00000 0.82806 0.00000 0.94364
2 0.00000 0.82444 0.00772 0.82534 0.00950 0.82916 0.02162 0.83058 0.02340 0.83440 0.03261 0.83367 0.03623 0.82504 0.06093 0.82068 0.07375 0.81132 0.08385 0.81249 0.08742 0.82014 0.09329 0.80816 0.09423 0.79379 0.09156 0.78805 0.07113 0.78929 0.06738 0.76895 0.06470 0.76321 0.05662 0.76227 0.05217 0.75270 0.05086 0.74168 0.05678 0.71342 0.06900 0.68227 0.06971 0.67149 0.07991 0.64011 0.08358 0.61520 0.08114 0.60586 0.02235 0.60263 0.02009 0.60599 0.00596 0.60434 0.00032 0.61273 0.00139 0.62734 0.01209 0.65030 0.02340 0.69505 0.03053 0.71036 0.03362 0.72520 0.03245 0.74316 0.03423 0.74699 0.03281 0.76854 0.02023 0.77431 0.01834 0.80305 0.00000 0.80601 0.00000 0.82444
6 0.00000 0.94364 0.21766 0.96901 0.19675 0.95233 0.19069 0.95163 0.17928 0.93944 0.17323 0.93873 0.17144 0.93491 0.14970 0.92513 0.13628 0.91271 0.13022 0.91200 0.12261 0.90388 0.10087 0.89411 0.08946 0.88192 0.08138 0.88098 0.04265 0.85113 0.02091 0.84135 0.00546 0.82870 0.00000 0.82806 0.00000 0.94364
2 0.00000 0.82444 0.00772 0.82534 0.00950 0.82916 0.02162 0.83058 0.02340 0.83440 0.03261 0.83367 0.03623 0.82504 0.06093 0.82068 0.07375 0.81132 0.08385 0.81249 0.08742 0.82014 0.09329 0.80816 0.09423 0.79379 0.09156 0.78805 0.07113 0.78929 0.06738 0.76895 0.06470 0.76321 0.05662 0.76227 0.05217 0.75270 0.05086 0.74168 0.05678 0.71342 0.06900 0.68227 0.06971 0.67149 0.07991 0.64011 0.08358 0.61520 0.08114 0.60586 0.02235 0.60263 0.02009 0.60599 0.00596 0.60434 0.00032 0.61273 0.00139 0.62734 0.01209 0.65030 0.02340 0.69505 0.03053 0.71036 0.03362 0.72520 0.03245 0.74316 0.03423 0.74699 0.03281 0.76854 0.02023 0.77431 0.01834 0.80305 0.00000 0.80601 0.00000 0.82444
6 0.00000 0.94364 0.21766 0.96901 0.19675 0.95233 0.19069 0.95163 0.17928 0.93944 0.17323 0.93873 0.17144 0.93491 0.14970 0.92513 0.13628 0.91271 0.13022 0.91200 0.12261 0.90388 0.10087 0.89411 0.08946 0.88192 0.08138 0.88098 0.04265 0.85113 0.02091 0.84135 0.00546 0.82870 0.00000 0.82806 0.00000 0.94364
2 0.00000 0.82444 0.00772 0.82534 0.00950 0.82916 0.02162 0.83058 0.02340 0.83440 0.03261 0.83367 0.03623 0.82504 0.06093 0.82068 0.07375 0.81132 0.08385 0.81249 0.08742 0.82014 0.09329 0.80816 0.09423 0.79379 0.09156 0.78805 0.07113 0.78929 0.06738 0.76895 0.06470 0.76321 0.05662 0.76227 0.05217 0.75270 0.05086 0.74168 0.05678 0.71342 0.06900 0.68227 0.06971 0.67149 0.07991 0.64011 0.08358 0.61520 0.08114 0.60586 0.02235 0.60263 0.02009 0.60599 0.00596 0.60434 0.00032 0.61273 0.00139 0.62734 0.01209 0.65030 0.02340 0.69505 0.03053 0.71036 0.03362 0.72520 0.03245 0.74316 0.03423 0.74699 0.03281 0.76854 0.02023 0.77431 0.01834 0.80305 0.00000 0.80601 0.00000 0.82444
6 0.00000 0.94364 0.21766 0.96901 0.19675 0.95233 0.19069 0.95163 0.17928 0.93944 0.17323 0.93873 0.17144 0.93491 0.14970 0.92513 0.13628 0.91271 0.13022 0.91200 0.12261 0.90388 0.10087 0.89411 0.08946 0.88192 0.08138 0.88098 0.04265 0.85113 0.02091 0.84135 0.00546 0.82870 0.00000 0.82806 0.00000 0.94364
2 0.00000 0.82444 0.00772 0.82534 0.00950 0.82916 0.02162 0.83058 0.02340 0.83440 0.03261 0.83367 0.03623 0.82504 0.06093 0.82068 0.07375 0.81132 0.08385 0.81249 0.08742 0.82014 0.09329 0.80816 0.09423 0.79379 0.09156 0.78805 0.07113 0.78929 0.06738 0.76895 0.06470 0.76321 0.05662 0.76227 0.05217 0.75270 0.05086 0.74168 0.05678 0.71342 0.06900 0.68227 0.06971 0.67149 0.07991 0.64011 0.08358 0.61520 0.08114 0.60586 0.02235 0.60263 0.02009 0.60599 0.00596 0.60434 0.00032 0.61273 0.00139 0.62734 0.01209 0.65030 0.02340 0.69505 0.03053 0.71036 0.03362 0.72520 0.03245 0.74316 0.03423 0.74699 0.03281 0.76854 0.02023 0.77431 0.01834 0.80305 0.00000 0.80601 0.00000 0.82444
6 0.00000 0.94364 0.21766 0.96901 0.19675 0.95233 0.19069 0.95163 0.17928 0.93944 0.17323 0.93873 0.17144 0.93491 0.14970 0.92513 0.13628 0.91271 0.13022 0.91200 0.12261 0.90388 0.10087 0.89411 0.08946 0.88192 0.08138 0.88098 0.04265 0.85113 0.02091 0.84135 0.00546 0.82870 0.00000 0.82806 0.00000 0.94364
2 0.00000 0.82444 0.00772 0.82534 0.00950 0.82916 0.02162 0.83058 0.02340 0.83440 0.03261 0.83367 0.03623 0.82504 0.06093 0.82068 0.07375 0.81132 0.08385 0.81249 0.08742 0.82014 0.09329 0.80816 0.09423 0.79379 0.09156 0.78805 0.07113 0.78929 0.06738 0.76895 0.06470 0.76321 0.05662 0.76227 0.05217 0.75270 0.05086 0.74168 0.05678 0.71342 0.06900 0.68227 0.06971 0.67149 0.07991 0.64011 0.08358 0.61520 0.08114 0.60586 0.02235 0.60263 0.02009 0.60599 0.00596 0.60434 0.00032 0.61273 0.00139 0.62734 0.01209 0.65030 0.02340 0.69505 0.03053 0.71036 0.03362 0.72520 0.03245 0.74316 0.03423 0.74699 0.03281 0.76854 0.02023 0.77431 0.01834 0.80305 0.00000 0.80601 0.00000 0.82444
