2 0.66984 0.25848 0.66148 0.25770 0.65863 0.25184 0.65922 0.24068 0.65733 0.23677 0.65791 0.22561 0.66516 0.20760 0.66555 0.20016 0.67031 0.18940 0.67338 0.17100 0.68350 0.13831 0.68408 0.12716 0.68923 0.10895 0.69002 0.09408 0.68718 0.08821 0.66210 0.08587 0.65981 0.08939 0.64727 0.08823 0.64499 0.09175 0.62618 0.09000 0.62389 0.09352 0.61344 0.09255 0.61001 0.09784 0.61113 0.11663 0.62041 0.13991 0.63060 0.18570 0.63629 0.19744 0.64328 0.22425 0.64133 0.26143 0.63790 0.26672 0.63049 0.26789 0.62912 0.29393 0.61335 0.29432 0.60764 0.30314 0.61218 0.31664 0.62433 0.32524 0.63001 0.33698 0.63743 0.33580 0.64333 0.32327 0.65587 0.32444 0.65816 0.32092 0.66652 0.32170 0.67736 0.31523 0.68552 0.31973 0.68911 0.33128 0.69444 0.32990 0.69828 0.29663 0.69146 0.28665 0.67892 0.28548 0.66984 0.25848
6 0.97497 1.00000 0.98508 0.80741 0.91354 0.70343 0.54921 0.25596 0.49969 0.15918 0.45767 0.13285 0.38966 0.12153 0.25186 0.10620 0.13318 0.10013 0.01954 0.10449 0.01577 0.17639 0.10785 0.18247 0.15609 0.19693 0.17865 0.19405 0.17900 0.21401 0.17073 0.23815 0.14894 0.33328 0.00000 0.83549 0.00000 0.95465 0.48689 1.00000 0.97497 1.00000
2 0.66984 0.25848 0.66148 0.25770 0.65863 0.25184 0.65922 0.24068 0.65733 0.23677 0.65791 0.22561 0.66516 0.20760 0.66555 0.20016 0.67031 0.18940 0.67338 0.17100 0.68350 0.13831 0.68408 0.12716 0.68923 0.10895 0.69002 0.09408 0.68718 0.08821 0.66210 0.08587 0.65981 0.08939 0.64727 0.08823 0.64499 0.09175 0.62618 0.09000 0.62389 0.09352 0.61344 0.09255 0.61001 0.09784 0.61113 0.11663 0.62041 0.13991 0.63060 0.18570 0.63629 0.19744 0.64328 0.22425 0.64133 0.26143 0.63790 0.26672 0.63049 0.26789 0.62912 0.29393 0.61335 0.29432 0.60764 0.30314 0.61218 0.31664 0.62433 0.32524 0.63001 0.33698 0.63743 0.33580 0.64333 0.32327 0.65587 0.32444 0.65816 0.32092 0.66652 0.32170 0.67736 0.31523 0.68552 0.31973 0.68911 0.33128 0.69444 0.32990 0.69828 0.29663 0.69146 0.28665 0.67892 0.28548 0.66984 0.25848
6 0.97497 1.00000 0.98508 0.80741 0.91354 0.70343 0.54921 0.25596 0.49969 0.15918 0.45767 0.13285 0.38966 0.12153 0.25186 0.10620 0.13318 0.10013 0.01954 0.10449 0.01577 0.17639 0.10785 0.18247 0.15609 0.19693 0.17865 0.19405 0.17900 0.21401 0.17073 0.23815 0.14894 0.33328 0.00000 0.83549 0.00000 0.95465 0.48689 1.00000 0.97497 1.00000
2 0.66984 0.25848 0.66148 0.25770 0.65863 0.25184 0.65922 0.24068 0.65733 0.23677 0.65791 0.22561 0.66516 0.20760 0.66555 0.20016 0.67031 0.18940 0.67338 0.17100 0.68350 0.13831 0.68408 0.12716 0.68923 0.10895 0.69002 0.09408 0.68718 0.08821 0.66210 0.08587 0.65981 0.08939 0.64727 0.08823 0.64499 0.09175 0.62618 0.09000 0.62389 0.09352 0.61344 0.09255 0.61001 0.09784 0.61113 0.11663 0.62041 0.13991 0.63060 0.18570 0.63629 0.19744 0.64328 0.22425 0.64133 0.26143 0.63790 0.26672 0.63049 0.26789 0.62912 0.29393 0.61335 0.29432 0.60764 0.30314 0.61218 0.31664 0.62433 0.32524 0.63001 0.33698 0.63743 0.33580 0.64333 0.32327 0.65587 0.32444 0.65816 0.32092 0.66652 0.32170 0.67736 0.31523 0.68552 0.31973 0.68911 0.33128 0.69444 0.32990 0.69828 0.29663 0.69146 0.28665 0.67892 0.28548 0.66984 0.25848
6 0.97497 1.00000 0.98508 0.80741 0.91354 0.70343 0.54921 0.25596 0.49969 0.15918 0.45767 0.13285 0.38966 0.12153 0.25186 0.10620 0.13318 0.10013 0.01954 0.10449 0.01577 0.17639 0.10785 0.18247 0.15609 0.19693 0.17865 0.19405 0.17900 0.21401 0.17073 0.23815 0.14894 0.33328 0.00000 0.83549 0.00000 0.95465 0.48689 1.00000 0.97497 1.00000
2 0.66984 0.25848 0.66148 0.25770 0.65863 0.25184 0.65922 0.24068 0.65733 0.23677 0.65791 0.22561 0.66516 0.20760 0.66555 0.20016 0.67031 0.18940 0.67338 0.17100 0.68350 0.13831 0.68408 0.12716 0.68923 0.10895 0.69002 0.09408 0.68718 0.08821 0.66210 0.08587 0.65981 0.08939 0.64727 0.08823 0.64499 0.09175 0.62618 0.09000 0.62389 0.09352 0.61344 0.09255 0.61001 0.09784 0.61113 0.11663 0.62041 0.13991 0.63060 0.18570 0.63629 0.19744 0.64328 0.22425 0.64133 0.26143 0.63790 0.26672 0.63049 0.26789 0.62912 0.29393 0.61335 0.29432 0.60764 0.30314 0.61218 0.31664 0.62433 0.32524 0.63001 0.33698 0.63743 0.33580 0.64333 0.32327 0.65587 0.32444 0.65816 0.32092 0.66652 0.32170 0.67736 0.31523 0.68552 0.31973 0.68911 0.33128 0.69444 0.32990 0.69828 0.29663 0.69146 0.28665 0.67892 0.28548 0.66984 0.25848
6 0.97497 1.00000 0.98508 0.80741 0.91354 0.70343 0.54921 0.25596 0.49969 0.15918 0.45767 0.13285 0.38966 0.12153 0.25186 0.10620 0.13318 0.10013 0.01954 0.10449 0.01577 0.17639 0.10785 0.18247 0.15609 0.19693 0.17865 0.19405 0.17900 0.21401 0.17073 0.23815 0.14894 0.33328 0.00000 0.83549 0.00000 0.95465 0.48689 1.00000 0.97497 1.00000
2 0.66984 0.25848 0.66148 0.25770 0.65863 0.25184 0.65922 0.24068 0.65733 0.23677 0.65791 0.22561 0.66516 0.20760 0.66555 0.20016 0.67031 0.18940 0.67338 0.17100 0.68350 0.13831 0.68408 0.12716 0.68923 0.10895 0.69002 0.09408 0.68718 0.08821 0.66210 0.08587 0.65981 0.08939 0.64727 0.08823 0.64499 0.09175 0.62618 0.09000 0.62389 0.09352 0.61344 0.09255 0.61001 0.09784 0.61113 0.11663 0.62041 0.13991 0.63060 0.18570 0.63629 0.19744 0.64328 0.22425 0.64133 0.26143 0.63790 0.26672 0.63049 0.26789 0.62912 0.29393 0.61335 0.29432 0.60764 0.30314 0.61218 0.31664 0.62433 0.32524 0.63001 0.33698 0.63743 0.33580 0.64333 0.32327 0.65587 0.32444 0.65816 0.32092 0.66652 0.32170 0.67736 0.31523 0.68552 0.31973 0.68911 0.33128 0.69444 0.32990 0.69828 0.29663 0.69146 0.28665 0.67892 0.28548 0.66984 0.25848
6 0.97497 1.00000 0.98508 0.80741 0.91354 0.70343 0.54921 0.25596 0.49969 0.15918 0.45767 0.13285 0.38966 0.12153 0.25186 0.10620 0.13318 0.10013 0.01954 0.10449 0.01577 0.17639 0.10785 0.18247 0.15609 0.19693 0.17865 0.19405 0.17900 0.21401 0.17073 0.23815 0.14894 0.33328 0.00000 0.83549 0.00000 0.95465 0.48689 1.00000 0.97497 1.00000
2 0.66984 0.25848 0.66148 0.25770 0.65863 0.25184 0.65922 0.24068 0.65733 0.23677 0.65791 0.22561 0.66516 0.20760 0.66555 0.20016 0.67031 0.18940 0.67338 0.17100 0.68350 0.13831 0.68408 0.12716 0.68923 0.10895 0.69002 0.09408 0.68718 0.08821 0.66210 0.08587 0.65981 0.08939 0.64727 0.08823 0.64499 0.09175 0.62618 0.09000 0.62389 0.09352 0.61344 0.09255 0.61001 0.09784 0.61113 0.11663 0.62041 0.13991 0.63060 0.18570 0.63629 0.19744 0.64328 0.22425 0.64133 0.26143 0.63790 0.26672 0.63049 0.26789 0.62912 0.29393 0.61335 0.29432 0.60764 0.30314 0.61218 0.31664 0.62433 0.32524 0.63001 0.33698 0.63743 0.33580 0.64333 0.32327 0.65587 0.32444 0.65816 0.32092 0.66652 0.32170 0.67736 0.31523 0.68552 0.31973 0.68911 0.33128 0.69444 0.32990 0.69828 0.29663 0.69146 0.28665 0.67892 0.28548 0.66984 0.25848
6 0.97497 1.00000 0.98508 0.80741 0.91354 0.70343 0.54921 0.25596 0.49969 0.15918 0.45767 0.13285 0.38966 0.12153 0.25186 0.10620 0.13318 0.10013 0.01954 0.10449 0.01577 0.17639 0.10785 0.18247 0.15609 0.19693 0.17865 0.19405 0.17900 0.21401 0.17073 0.23815 0.14894 0.33328 0.00000 0.83549 0.00000 0.95465 0.48689 1.00000 0.97497 1.00000
