7 0.36010 0.44152 0.35751 0.43596 0.34186 0.43414 0.33445 0.44204 0.33262 0.46986 0.33435 0.47357 0.33366 0.48400 0.33148 0.48725 0.33320 0.49096 0.33023 0.53618 0.33196 0.53988 0.32818 0.56748 0.32990 0.57119 0.32876 0.58858 0.32549 0.59346 0.31766 0.59255 0.31157 0.59534 0.30720 0.60184 0.30328 0.60138 0.29760 0.61299 0.30824 0.61598 0.31756 0.62408 0.32297 0.63172 0.33829 0.66855 0.34721 0.66784 0.35549 0.66179 0.36295 0.63813 0.36364 0.62770 0.36191 0.62399 0.36351 0.59964 0.35678 0.59711 0.35460 0.60036 0.34809 0.59434 0.35269 0.58436 0.35543 0.54262 0.35370 0.53891 0.36010 0.44152
7 0.38304 0.40739 0.37976 0.41227 0.37884 0.42618 0.38057 0.42989 0.37829 0.46467 0.38001 0.46837 0.37750 0.50664 0.37923 0.51034 0.37855 0.52078 0.36635 0.52637 0.36521 0.54376 0.36907 0.55998 0.39950 0.56178 0.40887 0.55411 0.41433 0.54598 0.41479 0.53902 0.41306 0.53532 0.41311 0.51955 0.40702 0.52234 0.39833 0.51958 0.40143 0.50241 0.39970 0.49871 0.40323 0.41500 0.40064 0.40944 0.38304 0.40739
4 0.79703 0.66068 0.80031 0.65580 0.80422 0.65626 0.81664 0.64719 0.83302 0.62281 0.83808 0.60588 0.83990 0.57805 0.83713 0.56020 0.82418 0.53241 0.80922 0.52014 0.79748 0.51878 0.77896 0.53064 0.76913 0.54527 0.76190 0.56545 0.75961 0.60024 0.76088 0.61090 0.76884 0.63987 0.78161 0.65538 0.78070 0.66929 0.77719 0.67764 0.76718 0.67998 0.76564 0.68856 0.76236 0.69344 0.74867 0.69184 0.74321 0.69997 0.74275 0.70693 0.74725 0.72848 0.75675 0.74886 0.77298 0.77179 0.80732 0.77404 0.82015 0.77378 0.82561 0.76565 0.82630 0.75521 0.82457 0.75151 0.82789 0.73087 0.82381 0.71813 0.80844 0.69705 0.80912 0.68662 0.80653 0.68106 0.79871 0.68015 0.79612 0.67459 0.79703 0.66068
6 0.36696 0.60705 0.36582 0.62445 0.36841 0.63000 0.37146 0.62861 0.38698 0.60237 0.38744 0.59542 0.39595 0.58589 0.39640 0.57894 0.39163 0.57663 0.38944 0.57988 0.38622 0.56899 0.36275 0.56625 0.35665 0.56905 0.35419 0.59154 0.36288 0.59431 0.36696 0.60705
6 0.31212 0.55685 0.29843 0.55525 0.29625 0.55850 0.25713 0.55395 0.25385 0.55882 0.25203 0.58665 0.25525 0.59754 0.25606 0.61516 0.27171 0.61698 0.28063 0.61627 0.28281 0.61302 0.29259 0.61416 0.30156 0.59768 0.31594 0.58884 0.32376 0.58975 0.32704 0.58488 0.32645 0.56378 0.32386 0.55822 0.31604 0.55730 0.31431 0.55360 0.31212 0.55685
6 0.00000 0.60791 0.06889 0.61438 0.21103 0.62568 0.22150 0.61639 0.23237 0.61590 0.23282 0.60895 0.23719 0.60245 0.23879 0.57810 0.23706 0.57439 0.23925 0.57114 0.22606 0.54682 0.22192 0.54984 0.21824 0.54591 0.18499 0.54204 0.18281 0.54529 0.16716 0.54346 0.16497 0.54671 0.10826 0.54010 0.10653 0.53639 0.09870 0.53548 0.09652 0.53873 0.05153 0.53349 0.04981 0.52979 0.04567 0.53281 0.03784 0.53189 0.03611 0.52819 0.00000 0.52555 0.00000 0.60791
6 0.86287 0.60351 0.85873 0.60653 0.84308 0.60471 0.84153 0.61329 0.82428 0.63581 0.82383 0.64277 0.81837 0.65089 0.81445 0.65044 0.80704 0.65834 0.80613 0.67225 0.81890 0.68776 0.81867 0.69124 0.81453 0.69426 0.81517 0.69959 0.82081 0.70375 0.84146 0.70441 0.85038 0.70370 0.85474 0.69720 0.86084 0.69440 0.88063 0.69320 0.89282 0.68761 0.90260 0.68875 0.90628 0.69269 0.91133 0.67575 0.91329 0.67598 0.91370 0.68479 0.91825 0.69057 0.92216 0.69103 0.92848 0.68476 0.93298 0.70631 0.93539 0.69958 0.94126 0.70027 0.94954 0.69422 0.95127 0.69793 0.95431 0.69653 0.95327 0.68239 0.95723 0.66708 0.96201 0.66939 0.95960 0.67612 0.96305 0.68353 0.96346 0.69234 0.96737 0.69280 0.97197 0.68282 0.97588 0.68327 0.97847 0.68883 0.97865 0.70112 0.98862 0.70228 0.99296 0.63620 0.97126 0.63366 0.96584 0.62602 0.87392 0.61531 0.87242 0.60813 0.86460 0.60721 0.86287 0.60351
6 0.90709 1.00000 0.90596 0.99758 0.89860 0.98971 0.88996 0.97118 0.86313 0.92950 0.85818 0.91490 0.85427 0.91445 0.84086 0.89361 0.84218 0.88850 0.85501 0.88825 0.85569 0.87781 0.85310 0.87225 0.84919 0.87180 0.84655 0.88200 0.83113 0.87670 0.82572 0.86906 0.81904 0.85076 0.80994 0.83918 0.80844 0.83200 0.80453 0.83154 0.80303 0.82436 0.79394 0.81278 0.77644 0.77920 0.77080 0.77504 0.76561 0.76392 0.75825 0.75605 0.74161 0.72432 0.74011 0.71713 0.74125 0.69974 0.74671 0.69161 0.75062 0.69207 0.74999 0.68674 0.75327 0.68186 0.76109 0.68278 0.77506 0.66512 0.77402 0.65098 0.76665 0.64312 0.75679 0.59816 0.72550 0.59451 0.72377 0.59080 0.71963 0.59382 0.70985 0.59268 0.69489 0.58043 0.67142 0.57769 0.66923 0.58094 0.65555 0.57935 0.65382 0.57564 0.64404 0.57450 0.64185 0.57775 0.55188 0.56727 0.54970 0.57052 0.44995 0.55889 0.44777 0.56214 0.43799 0.56100 0.43166 0.56728 0.42384 0.56636 0.42165 0.56961 0.41406 0.56522 0.39577 0.57361 0.39117 0.58359 0.38617 0.58476 0.38439 0.59682 0.37743 0.59776 0.37674 0.60819 0.37456 0.61144 0.37583 0.62211 0.37319 0.63231 0.36664 0.64206 0.36618 0.64902 0.35699 0.66898 0.34848 0.67850 0.34342 0.69544 0.33250 0.71169 0.32767 0.72515 0.31917 0.73467 0.30997 0.75463 0.29468 0.77738 0.28963 0.79432 0.23215 0.88926 0.19629 0.95518 0.19669 0.96399 0.50567 1.00000 0.90709 1.00000
7 0.36010 0.44152 0.35751 0.43596 0.34186 0.43414 0.33445 0.44204 0.33262 0.46986 0.33435 0.47357 0.33366 0.48400 0.33148 0.48725 0.33320 0.49096 0.33023 0.53618 0.33196 0.53988 0.32818 0.56748 0.32990 0.57119 0.32876 0.58858 0.32549 0.59346 0.31766 0.59255 0.31157 0.59534 0.30720 0.60184 0.30328 0.60138 0.29760 0.61299 0.30824 0.61598 0.31756 0.62408 0.32297 0.63172 0.33829 0.66855 0.34721 0.66784 0.35549 0.66179 0.36295 0.63813 0.36364 0.62770 0.36191 0.62399 0.36351 0.59964 0.35678 0.59711 0.35460 0.60036 0.34809 0.59434 0.35269 0.58436 0.35543 0.54262 0.35370 0.53891 0.36010 0.44152
7 0.38304 0.40739 0.37976 0.41227 0.37884 0.42618 0.38057 0.42989 0.37829 0.46467 0.38001 0.46837 0.37750 0.50664 0.37923 0.51034 0.37855 0.52078 0.36635 0.52637 0.36521 0.54376 0.36907 0.55998 0.39950 0.56178 0.40887 0.55411 0.41433 0.54598 0.41479 0.53902 0.41306 0.53532 0.41311 0.51955 0.40702 0.52234 0.39833 0.51958 0.40143 0.50241 0.39970 0.49871 0.40323 0.41500 0.40064 0.40944 0.38304 0.40739
4 0.79703 0.66068 0.80031 0.65580 0.80422 0.65626 0.81664 0.64719 0.83302 0.62281 0.83808 0.60588 0.83990 0.57805 0.83713 0.56020 0.82418 0.53241 0.80922 0.52014 0.79748 0.51878 0.77896 0.53064 0.76913 0.54527 0.76190 0.56545 0.75961 0.60024 0.76088 0.61090 0.76884 0.63987 0.78161 0.65538 0.78070 0.66929 0.77719 0.67764 0.76718 0.67998 0.76564 0.68856 0.76236 0.69344 0.74867 0.69184 0.74321 0.69997 0.74275 0.70693 0.74725 0.72848 0.75675 0.74886 0.77298 0.77179 0.80732 0.77404 0.82015 0.77378 0.82561 0.76565 0.82630 0.75521 0.82457 0.75151 0.82789 0.73087 0.82381 0.71813 0.80844 0.69705 0.80912 0.68662 0.80653 0.68106 0.79871 0.68015 0.79612 0.67459 0.79703 0.66068
6 0.36696 0.60705 0.36582 0.62445 0.36841 0.63000 0.37146 0.62861 0.38698 0.60237 0.38744 0.59542 0.39595 0.58589 0.39640 0.57894 0.39163 0.57663 0.38944 0.57988 0.38622 0.56899 0.36275 0.56625 0.35665 0.56905 0.35419 0.59154 0.36288 0.59431 0.36696 0.60705
6 0.31212 0.55685 0.29843 0.55525 0.29625 0.55850 0.25713 0.55395 0.25385 0.55882 0.25203 0.58665 0.25525 0.59754 0.25606 0.61516 0.27171 0.61698 0.28063 0.61627 0.28281 0.61302 0.29259 0.61416 0.30156 0.59768 0.31594 0.58884 0.32376 0.58975 0.32704 0.58488 0.32645 0.56378 0.32386 0.55822 0.31604 0.55730 0.31431 0.55360 0.31212 0.55685
6 0.00000 0.60791 0.06889 0.61438 0.21103 0.62568 0.22150 0.61639 0.23237 0.61590 0.23282 0.60895 0.23719 0.60245 0.23879 0.57810 0.23706 0.57439 0.23925 0.57114 0.22606 0.54682 0.22192 0.54984 0.21824 0.54591 0.18499 0.54204 0.18281 0.54529 0.16716 0.54346 0.16497 0.54671 0.10826 0.54010 0.10653 0.53639 0.09870 0.53548 0.09652 0.53873 0.05153 0.53349 0.04981 0.52979 0.04567 0.53281 0.03784 0.53189 0.03611 0.52819 0.00000 0.52555 0.00000 0.60791
6 0.86287 0.60351 0.85873 0.60653 0.84308 0.60471 0.84153 0.61329 0.82428 0.63581 0.82383 0.64277 0.81837 0.65089 0.81445 0.65044 0.80704 0.65834 0.80613 0.67225 0.81890 0.68776 0.81867 0.69124 0.81453 0.69426 0.81517 0.69959 0.82081 0.70375 0.84146 0.70441 0.85038 0.70370 0.85474 0.69720 0.86084 0.69440 0.88063 0.69320 0.89282 0.68761 0.90260 0.68875 0.90628 0.69269 0.91133 0.67575 0.91329 0.67598 0.91370 0.68479 0.91825 0.69057 0.92216 0.69103 0.92848 0.68476 0.93298 0.70631 0.93539 0.69958 0.94126 0.70027 0.94954 0.69422 0.95127 0.69793 0.95431 0.69653 0.95327 0.68239 0.95723 0.66708 0.96201 0.66939 0.95960 0.67612 0.96305 0.68353 0.96346 0.69234 0.96737 0.69280 0.97197 0.68282 0.97588 0.68327 0.97847 0.68883 0.97865 0.70112 0.98862 0.70228 0.99296 0.63620 0.97126 0.63366 0.96584 0.62602 0.87392 0.61531 0.87242 0.60813 0.86460 0.60721 0.86287 0.60351
6 0.90709 1.00000 0.90596 0.99758 0.89860 0.98971 0.88996 0.97118 0.86313 0.92950 0.85818 0.91490 0.85427 0.91445 0.84086 0.89361 0.84218 0.88850 0.85501 0.88825 0.85569 0.87781 0.85310 0.87225 0.84919 0.87180 0.84655 0.88200 0.83113 0.87670 0.82572 0.86906 0.81904 0.85076 0.80994 0.83918 0.80844 0.83200 0.80453 0.83154 0.80303 0.82436 0.79394 0.81278 0.77644 0.77920 0.77080 0.77504 0.76561 0.76392 0.75825 0.75605 0.74161 0.72432 0.74011 0.71713 0.74125 0.69974 0.74671 0.69161 0.75062 0.69207 0.74999 0.68674 0.75327 0.68186 0.76109 0.68278 0.77506 0.66512 0.77402 0.65098 0.76665 0.64312 0.75679 0.59816 0.72550 0.59451 0.72377 0.59080 0.71963 0.59382 0.70985 0.59268 0.69489 0.58043 0.67142 0.57769 0.66923 0.58094 0.65555 0.57935 0.65382 0.57564 0.64404 0.57450 0.64185 0.57775 0.55188 0.56727 0.54970 0.57052 0.44995 0.55889 0.44777 0.56214 0.43799 0.56100 0.43166 0.56728 0.42384 0.56636 0.42165 0.56961 0.41406 0.56522 0.39577 0.57361 0.39117 0.58359 0.38617 0.58476 0.38439 0.59682 0.37743 0.59776 0.37674 0.60819 0.37456 0.61144 0.37583 0.62211 0.37319 0.63231 0.36664 0.64206 0.36618 0.64902 0.35699 0.66898 0.34848 0.67850 0.34342 0.69544 0.33250 0.71169 0.32767 0.72515 0.31917 0.73467 0.30997 0.75463 0.29468 0.77738 0.28963 0.79432 0.23215 0.88926 0.19629 0.95518 0.19669 0.96399 0.50567 1.00000 0.90709 1.00000
7 0.36010 0.44152 0.35751 0.43596 0.34186 0.43414 0.33445 0.44204 0.33262 0.46986 0.33435 0.47357 0.33366 0.48400 0.33148 0.48725 0.33320 0.49096 0.33023 0.53618 0.33196 0.53988 0.32818 0.56748 0.32990 0.57119 0.32876 0.58858 0.32549 0.59346 0.31766 0.59255 0.31157 0.59534 0.30720 0.60184 0.30328 0.60138 0.29760 0.61299 0.30824 0.61598 0.31756 0.62408 0.32297 0.63172 0.33829 0.66855 0.34721 0.66784 0.35549 0.66179 0.36295 0.63813 0.36364 0.62770 0.36191 0.62399 0.36351 0.59964 0.35678 0.59711 0.35460 0.60036 0.34809 0.59434 0.35269 0.58436 0.35543 0.54262 0.35370 0.53891 0.36010 0.44152
7 0.38304 0.40739 0.37976 0.41227 0.37884 0.42618 0.38057 0.42989 0.37829 0.46467 0.38001 0.46837 0.37750 0.50664 0.37923 0.51034 0.37855 0.52078 0.36635 0.52637 0.36521 0.54376 0.36907 0.55998 0.39950 0.56178 0.40887 0.55411 0.41433 0.54598 0.41479 0.53902 0.41306 0.53532 0.41311 0.51955 0.40702 0.52234 0.39833 0.51958 0.40143 0.50241 0.39970 0.49871 0.40323 0.41500 0.40064 0.40944 0.38304 0.40739
4 0.79703 0.66068 0.80031 0.65580 0.80422 0.65626 0.81664 0.64719 0.83302 0.62281 0.83808 0.60588 0.83990 0.57805 0.83713 0.56020 0.82418 0.53241 0.80922 0.52014 0.79748 0.51878 0.77896 0.53064 0.76913 0.54527 0.76190 0.56545 0.75961 0.60024 0.76088 0.61090 0.76884 0.63987 0.78161 0.65538 0.78070 0.66929 0.77719 0.67764 0.76718 0.67998 0.76564 0.68856 0.76236 0.69344 0.74867 0.69184 0.74321 0.69997 0.74275 0.70693 0.74725 0.72848 0.75675 0.74886 0.77298 0.77179 0.80732 0.77404 0.82015 0.77378 0.82561 0.76565 0.82630 0.75521 0.82457 0.75151 0.82789 0.73087 0.82381 0.71813 0.80844 0.69705 0.80912 0.68662 0.80653 0.68106 0.79871 0.68015 0.79612 0.67459 0.79703 0.66068
6 0.36696 0.60705 0.36582 0.62445 0.36841 0.63000 0.37146 0.62861 0.38698 0.60237 0.38744 0.59542 0.39595 0.58589 0.39640 0.57894 0.39163 0.57663 0.38944 0.57988 0.38622 0.56899 0.36275 0.56625 0.35665 0.56905 0.35419 0.59154 0.36288 0.59431 0.36696 0.60705
6 0.31212 0.55685 0.29843 0.55525 0.29625 0.55850 0.25713 0.55395 0.25385 0.55882 0.25203 0.58665 0.25525 0.59754 0.25606 0.61516 0.27171 0.61698 0.28063 0.61627 0.28281 0.61302 0.29259 0.61416 0.30156 0.59768 0.31594 0.58884 0.32376 0.58975 0.32704 0.58488 0.32645 0.56378 0.32386 0.55822 0.31604 0.55730 0.31431 0.55360 0.31212 0.55685
6 0.00000 0.60791 0.06889 0.61438 0.21103 0.62568 0.22150 0.61639 0.23237 0.61590 0.23282 0.60895 0.23719 0.60245 0.23879 0.57810 0.23706 0.57439 0.23925 0.57114 0.22606 0.54682 0.22192 0.54984 0.21824 0.54591 0.18499 0.54204 0.18281 0.54529 0.16716 0.54346 0.16497 0.54671 0.10826 0.54010 0.10653 0.53639 0.09870 0.53548 0.09652 0.53873 0.05153 0.53349 0.04981 0.52979 0.04567 0.53281 0.03784 0.53189 0.03611 0.52819 0.00000 0.52555 0.00000 0.60791
6 0.86287 0.60351 0.85873 0.60653 0.84308 0.60471 0.84153 0.61329 0.82428 0.63581 0.82383 0.64277 0.81837 0.65089 0.81445 0.65044 0.80704 0.65834 0.80613 0.67225 0.81890 0.68776 0.81867 0.69124 0.81453 0.69426 0.81517 0.69959 0.82081 0.70375 0.84146 0.70441 0.85038 0.70370 0.85474 0.69720 0.86084 0.69440 0.88063 0.69320 0.89282 0.68761 0.90260 0.68875 0.90628 0.69269 0.91133 0.67575 0.91329 0.67598 0.91370 0.68479 0.91825 0.69057 0.92216 0.69103 0.92848 0.68476 0.93298 0.70631 0.93539 0.69958 0.94126 0.70027 0.94954 0.69422 0.95127 0.69793 0.95431 0.69653 0.95327 0.68239 0.95723 0.66708 0.96201 0.66939 0.95960 0.67612 0.96305 0.68353 0.96346 0.69234 0.96737 0.69280 0.97197 0.68282 0.97588 0.68327 0.97847 0.68883 0.97865 0.70112 0.98862 0.70228 0.99296 0.63620 0.97126 0.63366 0.96584 0.62602 0.87392 0.61531 0.87242 0.60813 0.86460 0.60721 0.86287 0.60351
6 0.90709 1.00000 0.90596 0.99758 0.89860 0.98971 0.88996 0.97118 0.86313 0.92950 0.85818 0.91490 0.85427 0.91445 0.84086 0.89361 0.84218 0.88850 0.85501 0.88825 0.85569 0.87781 0.85310 0.87225 0.84919 0.87180 0.84655 0.88200 0.83113 0.87670 0.82572 0.86906 0.81904 0.85076 0.80994 0.83918 0.80844 0.83200 0.80453 0.83154 0.80303 0.82436 0.79394 0.81278 0.77644 0.77920 0.77080 0.77504 0.76561 0.76392 0.75825 0.75605 0.74161 0.72432 0.74011 0.71713 0.74125 0.69974 0.74671 0.69161 0.75062 0.69207 0.74999 0.68674 0.75327 0.68186 0.76109 0.68278 0.77506 0.66512 0.77402 0.65098 0.76665 0.64312 0.75679 0.59816 0.72550 0.59451 0.72377 0.59080 0.71963 0.59382 0.70985 0.59268 0.69489 0.58043 0.67142 0.57769 0.66923 0.58094 0.65555 0.57935 0.65382 0.57564 0.64404 0.57450 0.64185 0.57775 0.55188 0.56727 0.54970 0.57052 0.44995 0.55889 0.44777 0.56214 0.43799 0.56100 0.43166 0.56728 0.42384 0.56636 0.42165 0.56961 0.41406 0.56522 0.39577 0.57361 0.39117 0.58359 0.38617 0.58476 0.38439 0.59682 0.37743 0.59776 0.37674 0.60819 0.37456 0.61144 0.37583 0.62211 0.37319 0.63231 0.36664 0.64206 0.36618 0.64902 0.35699 0.66898 0.34848 0.67850 0.34342 0.69544 0.33250 0.71169 0.32767 0.72515 0.31917 0.73467 0.30997 0.75463 0.29468 0.77738 0.28963 0.79432 0.23215 0.88926 0.19629 0.95518 0.19669 0.96399 0.50567 1.00000 0.90709 1.00000
7 0.36010 0.44152 0.35751 0.43596 0.34186 0.43414 0.33445 0.44204 0.33262 0.46986 0.33435 0.47357 0.33366 0.48400 0.33148 0.48725 0.33320 0.49096 0.33023 0.53618 0.33196 0.53988 0.32818 0.56748 0.32990 0.57119 0.32876 0.58858 0.32549 0.59346 0.31766 0.59255 0.31157 0.59534 0.30720 0.60184 0.30328 0.60138 0.29760 0.61299 0.30824 0.61598 0.31756 0.62408 0.32297 0.63172 0.33829 0.66855 0.34721 0.66784 0.35549 0.66179 0.36295 0.63813 0.36364 0.62770 0.36191 0.62399 0.36351 0.59964 0.35678 0.59711 0.35460 0.60036 0.34809 0.59434 0.35269 0.58436 0.35543 0.54262 0.35370 0.53891 0.36010 0.44152
7 0.38304 0.40739 0.37976 0.41227 0.37884 0.42618 0.38057 0.42989 0.37829 0.46467 0.38001 0.46837 0.37750 0.50664 0.37923 0.51034 0.37855 0.52078 0.36635 0.52637 0.36521 0.54376 0.36907 0.55998 0.39950 0.56178 0.40887 0.55411 0.41433 0.54598 0.41479 0.53902 0.41306 0.53532 0.41311 0.51955 0.40702 0.52234 0.39833 0.51958 0.40143 0.50241 0.39970 0.49871 0.40323 0.41500 0.40064 0.40944 0.38304 0.40739
4 0.79703 0.66068 0.80031 0.65580 0.80422 0.65626 0.81664 0.64719 0.83302 0.62281 0.83808 0.60588 0.83990 0.57805 0.83713 0.56020 0.82418 0.53241 0.80922 0.52014 0.79748 0.51878 0.77896 0.53064 0.76913 0.54527 0.76190 0.56545 0.75961 0.60024 0.76088 0.61090 0.76884 0.63987 0.78161 0.65538 0.78070 0.66929 0.77719 0.67764 0.76718 0.67998 0.76564 0.68856 0.76236 0.69344 0.74867 0.69184 0.74321 0.69997 0.74275 0.70693 0.74725 0.72848 0.75675 0.74886 0.77298 0.77179 0.80732 0.77404 0.82015 0.77378 0.82561 0.76565 0.82630 0.75521 0.82457 0.75151 0.82789 0.73087 0.82381 0.71813 0.80844 0.69705 0.80912 0.68662 0.80653 0.68106 0.79871 0.68015 0.79612 0.67459 0.79703 0.66068
6 0.36696 0.60705 0.36582 0.62445 0.36841 0.63000 0.37146 0.62861 0.38698 0.60237 0.38744 0.59542 0.39595 0.58589 0.39640 0.57894 0.39163 0.57663 0.38944 0.57988 0.38622 0.56899 0.36275 0.56625 0.35665 0.56905 0.35419 0.59154 0.36288 0.59431 0.36696 0.60705
6 0.31212 0.55685 0.29843 0.55525 0.29625 0.55850 0.25713 0.55395 0.25385 0.55882 0.25203 0.58665 0.25525 0.59754 0.25606 0.61516 0.27171 0.61698 0.28063 0.61627 0.28281 0.61302 0.29259 0.61416 0.30156 0.59768 0.31594 0.58884 0.32376 0.58975 0.32704 0.58488 0.32645 0.56378 0.32386 0.55822 0.31604 0.55730 0.31431 0.55360 0.31212 0.55685
6 0.00000 0.60791 0.06889 0.61438 0.21103 0.62568 0.22150 0.61639 0.23237 0.61590 0.23282 0.60895 0.23719 0.60245 0.23879 0.57810 0.23706 0.57439 0.23925 0.57114 0.22606 0.54682 0.22192 0.54984 0.21824 0.54591 0.18499 0.54204 0.18281 0.54529 0.16716 0.54346 0.16497 0.54671 0.10826 0.54010 0.10653 0.53639 0.09870 0.53548 0.09652 0.53873 0.05153 0.53349 0.04981 0.52979 0.04567 0.53281 0.03784 0.53189 0.03611 0.52819 0.00000 0.52555 0.00000 0.60791
6 0.86287 0.60351 0.85873 0.60653 0.84308 0.60471 0.84153 0.61329 0.82428 0.63581 0.82383 0.64277 0.81837 0.65089 0.81445 0.65044 0.80704 0.65834 0.80613 0.67225 0.81890 0.68776 0.81867 0.69124 0.81453 0.69426 0.81517 0.69959 0.82081 0.70375 0.84146 0.70441 0.85038 0.70370 0.85474 0.69720 0.86084 0.69440 0.88063 0.69320 0.89282 0.68761 0.90260 0.68875 0.90628 0.69269 0.91133 0.67575 0.91329 0.67598 0.91370 0.68479 0.91825 0.69057 0.92216 0.69103 0.92848 0.68476 0.93298 0.70631 0.93539 0.69958 0.94126 0.70027 0.94954 0.69422 0.95127 0.69793 0.95431 0.69653 0.95327 0.68239 0.95723 0.66708 0.96201 0.66939 0.95960 0.67612 0.96305 0.68353 0.96346 0.69234 0.96737 0.69280 0.97197 0.68282 0.97588 0.68327 0.97847 0.68883 0.97865 0.70112 0.98862 0.70228 0.99296 0.63620 0.97126 0.63366 0.96584 0.62602 0.87392 0.61531 0.87242 0.60813 0.86460 0.60721 0.86287 0.60351
6 0.90709 1.00000 0.90596 0.99758 0.89860 0.98971 0.88996 0.97118 0.86313 0.92950 0.85818 0.91490 0.85427 0.91445 0.84086 0.89361 0.84218 0.88850 0.85501 0.88825 0.85569 0.87781 0.85310 0.87225 0.84919 0.87180 0.84655 0.88200 0.83113 0.87670 0.82572 0.86906 0.81904 0.85076 0.80994 0.83918 0.80844 0.83200 0.80453 0.83154 0.80303 0.82436 0.79394 0.81278 0.77644 0.77920 0.77080 0.77504 0.76561 0.76392 0.75825 0.75605 0.74161 0.72432 0.74011 0.71713 0.74125 0.69974 0.74671 0.69161 0.75062 0.69207 0.74999 0.68674 0.75327 0.68186 0.76109 0.68278 0.77506 0.66512 0.77402 0.65098 0.76665 0.64312 0.75679 0.59816 0.72550 0.59451 0.72377 0.59080 0.71963 0.59382 0.70985 0.59268 0.69489 0.58043 0.67142 0.57769 0.66923 0.58094 0.65555 0.57935 0.65382 0.57564 0.64404 0.57450 0.64185 0.57775 0.55188 0.56727 0.54970 0.57052 0.44995 0.55889 0.44777 0.56214 0.43799 0.56100 0.43166 0.56728 0.42384 0.56636 0.42165 0.56961 0.41406 0.56522 0.39577 0.57361 0.39117 0.58359 0.38617 0.58476 0.38439 0.59682 0.37743 0.59776 0.37674 0.60819 0.37456 0.61144 0.37583 0.62211 0.37319 0.63231 0.36664 0.64206 0.36618 0.64902 0.35699 0.66898 0.34848 0.67850 0.34342 0.69544 0.33250 0.71169 0.32767 0.72515 0.31917 0.73467 0.30997 0.75463 0.29468 0.77738 0.28963 0.79432 0.23215 0.88926 0.19629 0.95518 0.19669 0.96399 0.50567 1.00000 0.90709 1.00000
7 0.36010 0.44152 0.35751 0.43596 0.34186 0.43414 0.33445 0.44204 0.33262 0.46986 0.33435 0.47357 0.33366 0.48400 0.33148 0.48725 0.33320 0.49096 0.33023 0.53618 0.33196 0.53988 0.32818 0.56748 0.32990 0.57119 0.32876 0.58858 0.32549 0.59346 0.31766 0.59255 0.31157 0.59534 0.30720 0.60184 0.30328 0.60138 0.29760 0.61299 0.30824 0.61598 0.31756 0.62408 0.32297 0.63172 0.33829 0.66855 0.34721 0.66784 0.35549 0.66179 0.36295 0.63813 0.36364 0.62770 0.36191 0.62399 0.36351 0.59964 0.35678 0.59711 0.35460 0.60036 0.34809 0.59434 0.35269 0.58436 0.35543 0.54262 0.35370 0.53891 0.36010 0.44152
7 0.38304 0.40739 0.37976 0.41227 0.37884 0.42618 0.38057 0.42989 0.37829 0.46467 0.38001 0.46837 0.37750 0.50664 0.37923 0.51034 0.37855 0.52078 0.36635 0.52637 0.36521 0.54376 0.36907 0.55998 0.39950 0.56178 0.40887 0.55411 0.41433 0.54598 0.41479 0.53902 0.41306 0.53532 0.41311 0.51955 0.40702 0.52234 0.39833 0.51958 0.40143 0.50241 0.39970 0.49871 0.40323 0.41500 0.40064 0.40944 0.38304 0.40739
4 0.79703 0.66068 0.80031 0.65580 0.80422 0.65626 0.81664 0.64719 0.83302 0.62281 0.83808 0.60588 0.83990 0.57805 0.83713 0.56020 0.82418 0.53241 0.80922 0.52014 0.79748 0.51878 0.77896 0.53064 0.76913 0.54527 0.76190 0.56545 0.75961 0.60024 0.76088 0.61090 0.76884 0.63987 0.78161 0.65538 0.78070 0.66929 0.77719 0.67764 0.76718 0.67998 0.76564 0.68856 0.76236 0.69344 0.74867 0.69184 0.74321 0.69997 0.74275 0.70693 0.74725 0.72848 0.75675 0.74886 0.77298 0.77179 0.80732 0.77404 0.82015 0.77378 0.82561 0.76565 0.82630 0.75521 0.82457 0.75151 0.82789 0.73087 0.82381 0.71813 0.80844 0.69705 0.80912 0.68662 0.80653 0.68106 0.79871 0.68015 0.79612 0.67459 0.79703 0.66068
6 0.36696 0.60705 0.36582 0.62445 0.36841 0.63000 0.37146 0.62861 0.38698 0.60237 0.38744 0.59542 0.39595 0.58589 0.39640 0.57894 0.39163 0.57663 0.38944 0.57988 0.38622 0.56899 0.36275 0.56625 0.35665 0.56905 0.35419 0.59154 0.36288 0.59431 0.36696 0.60705
6 0.31212 0.55685 0.29843 0.55525 0.29625 0.55850 0.25713 0.55395 0.25385 0.55882 0.25203 0.58665 0.25525 0.59754 0.25606 0.61516 0.27171 0.61698 0.28063 0.61627 0.28281 0.61302 0.29259 0.61416 0.30156 0.59768 0.31594 0.58884 0.32376 0.58975 0.32704 0.58488 0.32645 0.56378 0.32386 0.55822 0.31604 0.55730 0.31431 0.55360 0.31212 0.55685
6 0.00000 0.60791 0.06889 0.61438 0.21103 0.62568 0.22150 0.61639 0.23237 0.61590 0.23282 0.60895 0.23719 0.60245 0.23879 0.57810 0.23706 0.57439 0.23925 0.57114 0.22606 0.54682 0.22192 0.54984 0.21824 0.54591 0.18499 0.54204 0.18281 0.54529 0.16716 0.54346 0.16497 0.54671 0.10826 0.54010 0.10653 0.53639 0.09870 0.53548 0.09652 0.53873 0.05153 0.53349 0.04981 0.52979 0.04567 0.53281 0.03784 0.53189 0.03611 0.52819 0.00000 0.52555 0.00000 0.60791
6 0.86287 0.60351 0.85873 0.60653 0.84308 0.60471 0.84153 0.61329 0.82428 0.63581 0.82383 0.64277 0.81837 0.65089 0.81445 0.65044 0.80704 0.65834 0.80613 0.67225 0.81890 0.68776 0.81867 0.69124 0.81453 0.69426 0.81517 0.69959 0.82081 0.70375 0.84146 0.70441 0.85038 0.70370 0.85474 0.69720 0.86084 0.69440 0.88063 0.69320 0.89282 0.68761 0.90260 0.68875 0.90628 0.69269 0.91133 0.67575 0.91329 0.67598 0.91370 0.68479 0.91825 0.69057 0.92216 0.69103 0.92848 0.68476 0.93298 0.70631 0.93539 0.69958 0.94126 0.70027 0.94954 0.69422 0.95127 0.69793 0.95431 0.69653 0.95327 0.68239 0.95723 0.66708 0.96201 0.66939 0.95960 0.67612 0.96305 0.68353 0.96346 0.69234 0.96737 0.69280 0.97197 0.68282 0.97588 0.68327 0.97847 0.68883 0.97865 0.70112 0.98862 0.70228 0.99296 0.63620 0.97126 0.63366 0.96584 0.62602 0.87392 0.61531 0.87242 0.60813 0.86460 0.60721 0.86287 0.60351
6 0.90709 1.00000 0.90596 0.99758 0.89860 0.98971 0.88996 0.97118 0.86313 0.92950 0.85818 0.91490 0.85427 0.91445 0.84086 0.89361 0.84218 0.88850 0.85501 0.88825 0.85569 0.87781 0.85310 0.87225 0.84919 0.87180 0.84655 0.88200 0.83113 0.87670 0.82572 0.86906 0.81904 0.85076 0.80994 0.83918 0.80844 0.83200 0.80453 0.83154 0.80303 0.82436 0.79394 0.81278 0.77644 0.77920 0.77080 0.77504 0.76561 0.76392 0.75825 0.75605 0.74161 0.72432 0.74011 0.71713 0.74125 0.69974 0.74671 0.69161 0.75062 0.69207 0.74999 0.68674 0.75327 0.68186 0.76109 0.68278 0.77506 0.66512 0.77402 0.65098 0.76665 0.64312 0.75679 0.59816 0.72550 0.59451 0.72377 0.59080 0.71963 0.59382 0.70985 0.59268 0.69489 0.58043 0.67142 0.57769 0.66923 0.58094 0.65555 0.57935 0.65382 0.57564 0.64404 0.57450 0.64185 0.57775 0.55188 0.56727 0.54970 0.57052 0.44995 0.55889 0.44777 0.56214 0.43799 0.56100 0.43166 0.56728 0.42384 0.56636 0.42165 0.56961 0.41406 0.56522 0.39577 0.57361 0.39117 0.58359 0.38617 0.58476 0.38439 0.59682 0.37743 0.59776 0.37674 0.60819 0.37456 0.61144 0.37583 0.62211 0.37319 0.63231 0.36664 0.64206 0.36618 0.64902 0.35699 0.66898 0.34848 0.67850 0.34342 0.69544 0.33250 0.71169 0.32767 0.72515 0.31917 0.73467 0.30997 0.75463 0.29468 0.77738 0.28963 0.79432 0.23215 0.88926 0.19629 0.95518 0.19669 0.96399 0.50567 1.00000 0.90709 1.00000
7 0.36010 0.44152 0.35751 0.43596 0.34186 0.43414 0.33445 0.44204 0.33262 0.46986 0.33435 0.47357 0.33366 0.48400 0.33148 0.48725 0.33320 0.49096 0.33023 0.53618 0.33196 0.53988 0.32818 0.56748 0.32990 0.57119 0.32876 0.58858 0.32549 0.59346 0.31766 0.59255 0.31157 0.59534 0.30720 0.60184 0.30328 0.60138 0.29760 0.61299 0.30824 0.61598 0.31756 0.62408 0.32297 0.63172 0.33829 0.66855 0.34721 0.66784 0.35549 0.66179 0.36295 0.63813 0.36364 0.62770 0.36191 0.62399 0.36351 0.59964 0.35678 0.59711 0.35460 0.60036 0.34809 0.59434 0.35269 0.58436 0.35543 0.54262 0.35370 0.53891 0.36010 0.44152
7 0.38304 0.40739 0.37976 0.41227 0.37884 0.42618 0.38057 0.42989 0.37829 0.46467 0.38001 0.46837 0.37750 0.50664 0.37923 0.51034 0.37855 0.52078 0.36635 0.52637 0.36521 0.54376 0.36907 0.55998 0.39950 0.56178 0.40887 0.55411 0.41433 0.54598 0.41479 0.53902 0.41306 0.53532 0.41311 0.51955 0.40702 0.52234 0.39833 0.51958 0.40143 0.50241 0.39970 0.49871 0.40323 0.41500 0.40064 0.40944 0.38304 0.40739
4 0.79703 0.66068 0.80031 0.65580 0.80422 0.65626 0.81664 0.64719 0.83302 0.62281 0.83808 0.60588 0.83990 0.57805 0.83713 0.56020 0.82418 0.53241 0.80922 0.52014 0.79748 0.51878 0.77896 0.53064 0.76913 0.54527 0.76190 0.56545 0.75961 0.60024 0.76088 0.61090 0.76884 0.63987 0.78161 0.65538 0.78070 0.66929 0.77719 0.67764 0.76718 0.67998 0.76564 0.68856 0.76236 0.69344 0.74867 0.69184 0.74321 0.69997 0.74275 0.70693 0.74725 0.72848 0.75675 0.74886 0.77298 0.77179 0.80732 0.77404 0.82015 0.77378 0.82561 0.76565 0.82630 0.75521 0.82457 0.75151 0.82789 0.73087 0.82381 0.71813 0.80844 0.69705 0.80912 0.68662 0.80653 0.68106 0.79871 0.68015 0.79612 0.67459 0.79703 0.66068
6 0.36696 0.60705 0.36582 0.62445 0.36841 0.63000 0.37146 0.62861 0.38698 0.60237 0.38744 0.59542 0.39595 0.58589 0.39640 0.57894 0.39163 0.57663 0.38944 0.57988 0.38622 0.56899 0.36275 0.56625 0.35665 0.56905 0.35419 0.59154 0.36288 0.59431 0.36696 0.60705
6 0.31212 0.55685 0.29843 0.55525 0.29625 0.55850 0.25713 0.55395 0.25385 0.55882 0.25203 0.58665 0.25525 0.59754 0.25606 0.61516 0.27171 0.61698 0.28063 0.61627 0.28281 0.61302 0.29259 0.61416 0.30156 0.59768 0.31594 0.58884 0.32376 0.58975 0.32704 0.58488 0.32645 0.56378 0.32386 0.55822 0.31604 0.55730 0.31431 0.55360 0.31212 0.55685
6 0.00000 0.60791 0.06889 0.61438 0.21103 0.62568 0.22150 0.61639 0.23237 0.61590 0.23282 0.60895 0.23719 0.60245 0.23879 0.57810 0.23706 0.57439 0.23925 0.57114 0.22606 0.54682 0.22192 0.54984 0.21824 0.54591 0.18499 0.54204 0.18281 0.54529 0.16716 0.54346 0.16497 0.54671 0.10826 0.54010 0.10653 0.53639 0.09870 0.53548 0.09652 0.53873 0.05153 0.53349 0.04981 0.52979 0.04567 0.53281 0.03784 0.53189 0.03611 0.52819 0.00000 0.52555 0.00000 0.60791
6 0.86287 0.60351 0.85873 0.60653 0.84308 0.60471 0.84153 0.61329 0.82428 0.63581 0.82383 0.64277 0.81837 0.65089 0.81445 0.65044 0.80704 0.65834 0.80613 0.67225 0.81890 0.68776 0.81867 0.69124 0.81453 0.69426 0.81517 0.69959 0.82081 0.70375 0.84146 0.70441 0.85038 0.70370 0.85474 0.69720 0.86084 0.69440 0.88063 0.69320 0.89282 0.68761 0.90260 0.68875 0.90628 0.69269 0.91133 0.67575 0.91329 0.67598 0.91370 0.68479 0.91825 0.69057 0.92216 0.69103 0.92848 0.68476 0.93298 0.70631 0.93539 0.69958 0.94126 0.70027 0.94954 0.69422 0.95127 0.69793 0.95431 0.69653 0.95327 0.68239 0.95723 0.66708 0.96201 0.66939 0.95960 0.67612 0.96305 0.68353 0.96346 0.69234 0.96737 0.69280 0.97197 0.68282 0.97588 0.68327 0.97847 0.68883 0.97865 0.70112 0.98862 0.70228 0.99296 0.63620 0.97126 0.63366 0.96584 0.62602 0.87392 0.61531 0.87242 0.60813 0.86460 0.60721 0.86287 0.60351
6 0.90709 1.00000 0.90596 0.99758 0.89860 0.98971 0.88996 0.97118 0.86313 0.92950 0.85818 0.91490 0.85427 0.91445 0.84086 0.89361 0.84218 0.88850 0.85501 0.88825 0.85569 0.87781 0.85310 0.87225 0.84919 0.87180 0.84655 0.88200 0.83113 0.87670 0.82572 0.86906 0.81904 0.85076 0.80994 0.83918 0.80844 0.83200 0.80453 0.83154 0.80303 0.82436 0.79394 0.81278 0.77644 0.77920 0.77080 0.77504 0.76561 0.76392 0.75825 0.75605 0.74161 0.72432 0.74011 0.71713 0.74125 0.69974 0.74671 0.69161 0.75062 0.69207 0.74999 0.68674 0.75327 0.68186 0.76109 0.68278 0.77506 0.66512 0.77402 0.65098 0.76665 0.64312 0.75679 0.59816 0.72550 0.59451 0.72377 0.59080 0.71963 0.59382 0.70985 0.59268 0.69489 0.58043 0.67142 0.57769 0.66923 0.58094 0.65555 0.57935 0.65382 0.57564 0.64404 0.57450 0.64185 0.57775 0.55188 0.56727 0.54970 0.57052 0.44995 0.55889 0.44777 0.56214 0.43799 0.56100 0.43166 0.56728 0.42384 0.56636 0.42165 0.56961 0.41406 0.56522 0.39577 0.57361 0.39117 0.58359 0.38617 0.58476 0.38439 0.59682 0.37743 0.59776 0.37674 0.60819 0.37456 0.61144 0.37583 0.62211 0.37319 0.63231 0.36664 0.64206 0.36618 0.64902 0.35699 0.66898 0.34848 0.67850 0.34342 0.69544 0.33250 0.71169 0.32767 0.72515 0.31917 0.73467 0.30997 0.75463 0.29468 0.77738 0.28963 0.79432 0.23215 0.88926 0.19629 0.95518 0.19669 0.96399 0.50567 1.00000 0.90709 1.00000
