6 1.00000 0.46509 0.99485 0.39984 0.84597 0.32000 0.65090 0.26541 0.31258 0.15975 0.14526 0.09229 0.00074 0.10243 0.00000 0.10263 0.00000 0.42484 0.19104 0.68481 0.29347 0.81157 0.29305 0.96599 0.26949 1.00000 0.51967 1.00000 1.00000 0.93275 1.00000 0.46509
5 0.40066 0.14784 0.37789 0.15504 0.37840 0.17102 0.42370 0.17739 0.46038 0.15085 0.45790 0.14054 0.43390 0.13390 0.43002 0.10961 0.41885 0.11118 0.41288 0.08325 0.42429 0.08129 0.42885 0.04100 0.42621 0.00758 0.37386 0.01491 0.37635 0.04448 0.37931 0.06117 0.39744 0.09224 0.40522 0.11977 0.39659 0.13436 0.40066 0.14784
6 0.05222 0.71021 0.05170 0.71028 0.05201 0.71428 0.05253 0.71420 0.05222 0.71021
6 1.00000 0.46509 0.99485 0.39984 0.84597 0.32000 0.65090 0.26541 0.31258 0.15975 0.14526 0.09229 0.00074 0.10243 0.00000 0.10263 0.00000 0.42484 0.19104 0.68481 0.29347 0.81157 0.29305 0.96599 0.26949 1.00000 0.51967 1.00000 1.00000 0.93275 1.00000 0.46509
5 0.40066 0.14784 0.37789 0.15504 0.37840 0.17102 0.42370 0.17739 0.46038 0.15085 0.45790 0.14054 0.43390 0.13390 0.43002 0.10961 0.41885 0.11118 0.41288 0.08325 0.42429 0.08129 0.42885 0.04100 0.42621 0.00758 0.37386 0.01491 0.37635 0.04448 0.37931 0.06117 0.39744 0.09224 0.40522 0.11977 0.39659 0.13436 0.40066 0.14784
6 0.05222 0.71021 0.05170 0.71028 0.05201 0.71428 0.05253 0.71420 0.05222 0.71021
6 1.00000 0.46509 0.99485 0.39984 0.84597 0.32000 0.65090 0.26541 0.31258 0.15975 0.14526 0.09229 0.00074 0.10243 0.00000 0.10263 0.00000 0.42484 0.19104 0.68481 0.29347 0.81157 0.29305 0.96599 0.26949 1.00000 0.51967 1.00000 1.00000 0.93275 1.00000 0.46509
5 0.40066 0.14784 0.37789 0.15504 0.37840 0.17102 0.42370 0.17739 0.46038 0.15085 0.45790 0.14054 0.43390 0.13390 0.43002 0.10961 0.41885 0.11118 0.41288 0.08325 0.42429 0.08129 0.42885 0.04100 0.42621 0.00758 0.37386 0.01491 0.37635 0.04448 0.37931 0.06117 0.39744 0.09224 0.40522 0.11977 0.39659 0.13436 0.40066 0.14784
6 0.05222 0.71021 0.05170 0.71028 0.05201 0.71428 0.05253 0.71420 0.05222 0.71021
6 1.00000 0.46509 0.99485 0.39984 0.84597 0.32000 0.65090 0.26541 0.31258 0.15975 0.14526 0.09229 0.00074 0.10243 0.00000 0.10263 0.00000 0.42484 0.19104 0.68481 0.29347 0.81157 0.29305 0.96599 0.26949 1.00000 0.51967 1.00000 1.00000 0.93275 1.00000 0.46509
5 0.40066 0.14784 0.37789 0.15504 0.37840 0.17102 0.42370 0.17739 0.46038 0.15085 0.45790 0.14054 0.43390 0.13390 0.43002 0.10961 0.41885 0.11118 0.41288 0.08325 0.42429 0.08129 0.42885 0.04100 0.42621 0.00758 0.37386 0.01491 0.37635 0.04448 0.37931 0.06117 0.39744 0.09224 0.40522 0.11977 0.39659 0.13436 0.40066 0.14784
6 0.05222 0.71021 0.05170 0.71028 0.05201 0.71428 0.05253 0.71420 0.05222 0.71021
6 1.00000 0.46509 0.99485 0.39984 0.84597 0.32000 0.65090 0.26541 0.31258 0.15975 0.14526 0.09229 0.00074 0.10243 0.00000 0.10263 0.00000 0.42484 0.19104 0.68481 0.29347 0.81157 0.29305 0.96599 0.26949 1.00000 0.51967 1.00000 1.00000 0.93275 1.00000 0.46509
5 0.40066 0.14784 0.37789 0.15504 0.37840 0.17102 0.42370 0.17739 0.46038 0.15085 0.45790 0.14054 0.43390 0.13390 0.43002 0.10961 0.41885 0.11118 0.41288 0.08325 0.42429 0.08129 0.42885 0.04100 0.42621 0.00758 0.37386 0.01491 0.37635 0.04448 0.37931 0.06117 0.39744 0.09224 0.40522 0.11977 0.39659 0.13436 0.40066 0.14784
6 0.05222 0.71021 0.05170 0.71028 0.05201 0.71428 0.05253 0.71420 0.05222 0.71021
6 1.00000 0.46509 0.99485 0.39984 0.84597 0.32000 0.65090 0.26541 0.31258 0.15975 0.14526 0.09229 0.00074 0.10243 0.00000 0.10263 0.00000 0.42484 0.19104 0.68481 0.29347 0.81157 0.29305 0.96599 0.26949 1.00000 0.51967 1.00000 1.00000 0.93275 1.00000 0.46509
5 0.40066 0.14784 0.37789 0.15504 0.37840 0.17102 0.42370 0.17739 0.46038 0.15085 0.45790 0.14054 0.43390 0.13390 0.43002 0.10961 0.41885 0.11118 0.41288 0.08325 0.42429 0.08129 0.42885 0.04100 0.42621 0.00758 0.37386 0.01491 0.37635 0.04448 0.37931 0.06117 0.39744 0.09224 0.40522 0.11977 0.39659 0.13436 0.40066 0.14784
6 0.05222 0.71021 0.05170 0.71028 0.05201 0.71428 0.05253 0.71420 0.05222 0.71021
