2 0.65373 0.31692 0.64266 0.29044 0.63622 0.29059 0.63293 0.28494 0.62839 0.26595 0.63023 0.24299 0.63442 0.23525 0.63432 0.22761 0.65058 0.15849 0.65043 0.14704 0.65447 0.12784 0.65427 0.11257 0.65093 0.10310 0.58668 0.11223 0.58459 0.11610 0.57172 0.11640 0.56648 0.12607 0.56882 0.14129 0.58648 0.17907 0.58883 0.19430 0.60654 0.23590 0.61108 0.25489 0.61163 0.29689 0.60629 0.29893 0.59891 0.30864 0.59816 0.33349 0.58320 0.33765 0.58006 0.34346 0.58016 0.35109 0.58564 0.36051 0.60076 0.36780 0.60515 0.37534 0.61263 0.37325 0.61787 0.36358 0.62006 0.36735 0.62430 0.36343 0.62650 0.36720 0.65004 0.36284 0.65214 0.35897 0.66715 0.35862 0.67149 0.36234 0.67663 0.34503 0.67528 0.32405 0.66231 0.31672 0.65373 0.31692
6 1.00000 0.84160 0.82572 0.64265 0.49707 0.23271 0.41496 0.18879 0.32903 0.18061 0.20601 0.18092 0.08453 0.18884 0.00000 0.20403 0.00000 0.28310 0.05274 0.27360 0.10559 0.26728 0.12993 0.26926 0.12035 0.30258 0.07949 0.45885 0.00302 0.73657 0.00648 1.00000 0.50328 1.00000 1.00000 0.98845 1.00000 0.84160
2 0.65373 0.31692 0.64266 0.29044 0.63622 0.29059 0.63293 0.28494 0.62839 0.26595 0.63023 0.24299 0.63442 0.23525 0.63432 0.22761 0.65058 0.15849 0.65043 0.14704 0.65447 0.12784 0.65427 0.11257 0.65093 0.10310 0.58668 0.11223 0.58459 0.11610 0.57172 0.11640 0.56648 0.12607 0.56882 0.14129 0.58648 0.17907 0.58883 0.19430 0.60654 0.23590 0.61108 0.25489 0.61163 0.29689 0.60629 0.29893 0.59891 0.30864 0.59816 0.33349 0.58320 0.33765 0.58006 0.34346 0.58016 0.35109 0.58564 0.36051 0.60076 0.36780 0.60515 0.37534 0.61263 0.37325 0.61787 0.36358 0.62006 0.36735 0.62430 0.36343 0.62650 0.36720 0.65004 0.36284 0.65214 0.35897 0.66715 0.35862 0.67149 0.36234 0.67663 0.34503 0.67528 0.32405 0.66231 0.31672 0.65373 0.31692
6 1.00000 0.84160 0.82572 0.64265 0.49707 0.23271 0.41496 0.18879 0.32903 0.18061 0.20601 0.18092 0.08453 0.18884 0.00000 0.20403 0.00000 0.28310 0.05274 0.27360 0.10559 0.26728 0.12993 0.26926 0.12035 0.30258 0.07949 0.45885 0.00302 0.73657 0.00648 1.00000 0.50328 1.00000 1.00000 0.98845 1.00000 0.84160
2 0.65373 0.31692 0.64266 0.29044 0.63622 0.29059 0.63293 0.28494 0.62839 0.26595 0.63023 0.24299 0.63442 0.23525 0.63432 0.22761 0.65058 0.15849 0.65043 0.14704 0.65447 0.12784 0.65427 0.11257 0.65093 0.10310 0.58668 0.11223 0.58459 0.11610 0.57172 0.11640 0.56648 0.12607 0.56882 0.14129 0.58648 0.17907 0.58883 0.19430 0.60654 0.23590 0.61108 0.25489 0.61163 0.29689 0.60629 0.29893 0.59891 0.30864 0.59816 0.33349 0.58320 0.33765 0.58006 0.34346 0.58016 0.35109 0.58564 0.36051 0.60076 0.36780 0.60515 0.37534 0.61263 0.37325 0.61787 0.36358 0.62006 0.36735 0.62430 0.36343 0.62650 0.36720 0.65004 0.36284 0.65214 0.35897 0.66715 0.35862 0.67149 0.36234 0.67663 0.34503 0.67528 0.32405 0.66231 0.31672 0.65373 0.31692
6 1.00000 0.84160 0.82572 0.64265 0.49707 0.23271 0.41496 0.18879 0.32903 0.18061 0.20601 0.18092 0.08453 0.18884 0.00000 0.20403 0.00000 0.28310 0.05274 0.27360 0.10559 0.26728 0.12993 0.26926 0.12035 0.30258 0.07949 0.45885 0.00302 0.73657 0.00648 1.00000 0.50328 1.00000 1.00000 0.98845 1.00000 0.84160
2 0.65373 0.31692 0.64266 0.29044 0.63622 0.29059 0.63293 0.28494 0.62839 0.26595 0.63023 0.24299 0.63442 0.23525 0.63432 0.22761 0.65058 0.15849 0.65043 0.14704 0.65447 0.12784 0.65427 0.11257 0.65093 0.10310 0.58668 0.11223 0.58459 0.11610 0.57172 0.11640 0.56648 0.12607 0.56882 0.14129 0.58648 0.17907 0.58883 0.19430 0.60654 0.23590 0.61108 0.25489 0.61163 0.29689 0.60629 0.29893 0.59891 0.30864 0.59816 0.33349 0.58320 0.33765 0.58006 0.34346 0.58016 0.35109 0.58564 0.36051 0.60076 0.36780 0.60515 0.37534 0.61263 0.37325 0.61787 0.36358 0.62006 0.36735 0.62430 0.36343 0.62650 0.36720 0.65004 0.36284 0.65214 0.35897 0.66715 0.35862 0.67149 0.36234 0.67663 0.34503 0.67528 0.32405 0.66231 0.31672 0.65373 0.31692
6 1.00000 0.84160 0.82572 0.64265 0.49707 0.23271 0.41496 0.18879 0.32903 0.18061 0.20601 0.18092 0.08453 0.18884 0.00000 0.20403 0.00000 0.28310 0.05274 0.27360 0.10559 0.26728 0.12993 0.26926 0.12035 0.30258 0.07949 0.45885 0.00302 0.73657 0.00648 1.00000 0.50328 1.00000 1.00000 0.98845 1.00000 0.84160
2 0.65373 0.31692 0.64266 0.29044 0.63622 0.29059 0.63293 0.28494 0.62839 0.26595 0.63023 0.24299 0.63442 0.23525 0.63432 0.22761 0.65058 0.15849 0.65043 0.14704 0.65447 0.12784 0.65427 0.11257 0.65093 0.10310 0.58668 0.11223 0.58459 0.11610 0.57172 0.11640 0.56648 0.12607 0.56882 0.14129 0.58648 0.17907 0.58883 0.19430 0.60654 0.23590 0.61108 0.25489 0.61163 0.29689 0.60629 0.29893 0.59891 0.30864 0.59816 0.33349 0.58320 0.33765 0.58006 0.34346 0.58016 0.35109 0.58564 0.36051 0.60076 0.36780 0.60515 0.37534 0.61263 0.37325 0.61787 0.36358 0.62006 0.36735 0.62430 0.36343 0.62650 0.36720 0.65004 0.36284 0.65214 0.35897 0.66715 0.35862 0.67149 0.36234 0.67663 0.34503 0.67528 0.32405 0.66231 0.31672 0.65373 0.31692
6 1.00000 0.84160 0.82572 0.64265 0.49707 0.23271 0.41496 0.18879 0.32903 0.18061 0.20601 0.18092 0.08453 0.18884 0.00000 0.20403 0.00000 0.28310 0.05274 0.27360 0.10559 0.26728 0.12993 0.26926 0.12035 0.30258 0.07949 0.45885 0.00302 0.73657 0.00648 1.00000 0.50328 1.00000 1.00000 0.98845 1.00000 0.84160
2 0.65373 0.31692 0.64266 0.29044 0.63622 0.29059 0.63293 0.28494 0.62839 0.26595 0.63023 0.24299 0.63442 0.23525 0.63432 0.22761 0.65058 0.15849 0.65043 0.14704 0.65447 0.12784 0.65427 0.11257 0.65093 0.10310 0.58668 0.11223 0.58459 0.11610 0.57172 0.11640 0.56648 0.12607 0.56882 0.14129 0.58648 0.17907 0.58883 0.19430 0.60654 0.23590 0.61108 0.25489 0.61163 0.29689 0.60629 0.29893 0.59891 0.30864 0.59816 0.33349 0.58320 0.33765 0.58006 0.34346 0.58016 0.35109 0.58564 0.36051 0.60076 0.36780 0.60515 0.37534 0.61263 0.37325 0.61787 0.36358 0.62006 0.36735 0.62430 0.36343 0.62650 0.36720 0.65004 0.36284 0.65214 0.35897 0.66715 0.35862 0.67149 0.36234 0.67663 0.34503 0.67528 0.32405 0.66231 0.31672 0.65373 0.31692
6 1.00000 0.84160 0.82572 0.64265 0.49707 0.23271 0.41496 0.18879 0.32903 0.18061 0.20601 0.18092 0.08453 0.18884 0.00000 0.20403 0.00000 0.28310 0.05274 0.27360 0.10559 0.26728 0.12993 0.26926 0.12035 0.30258 0.07949 0.45885 0.00302 0.73657 0.00648 1.00000 0.50328 1.00000 1.00000 0.98845 1.00000 0.84160
