6 0.16741 0.00000 0.11458 0.04398 0.12500 0.03935 0.11849 0.06713 0.12500 0.07176 0.11589 0.08796 0.28395 0.61879 0.33794 0.80235 0.33274 0.89725 0.29759 1.00000 1.00000 1.00000 1.00000 0.42130 0.87760 0.33565 0.72005 0.24768 0.56641 0.13889 0.44662 0.05324 0.36979 0.00000 0.16741 0.00000
5 0.61286 0.08781 0.60930 0.06053 0.61821 0.04674 0.62919 0.00000 0.57591 0.00100 0.57913 0.03512 0.59399 0.06700 0.59521 0.08765 0.58522 0.09383 0.58305 0.10849 0.56699 0.10772 0.56352 0.13165 0.59434 0.15249 0.63949 0.13242 0.63905 0.10695 0.62543 0.11136 0.62357 0.08781 0.61286 0.08781
6 0.16741 0.00000 0.11458 0.04398 0.12500 0.03935 0.11849 0.06713 0.12500 0.07176 0.11589 0.08796 0.28395 0.61879 0.33794 0.80235 0.33274 0.89725 0.29759 1.00000 1.00000 1.00000 1.00000 0.42130 0.87760 0.33565 0.72005 0.24768 0.56641 0.13889 0.44662 0.05324 0.36979 0.00000 0.16741 0.00000
5 0.61286 0.08781 0.60930 0.06053 0.61821 0.04674 0.62919 0.00000 0.57591 0.00100 0.57913 0.03512 0.59399 0.06700 0.59521 0.08765 0.58522 0.09383 0.58305 0.10849 0.56699 0.10772 0.56352 0.13165 0.59434 0.15249 0.63949 0.13242 0.63905 0.10695 0.62543 0.11136 0.62357 0.08781 0.61286 0.08781
6 0.16741 0.00000 0.11458 0.04398 0.12500 0.03935 0.11849 0.06713 0.12500 0.07176 0.11589 0.08796 0.28395 0.61879 0.33794 0.80235 0.33274 0.89725 0.29759 1.00000 1.00000 1.00000 1.00000 0.42130 0.87760 0.33565 0.72005 0.24768 0.56641 0.13889 0.44662 0.05324 0.36979 0.00000 0.16741 0.00000
5 0.61286 0.08781 0.60930 0.06053 0.61821 0.04674 0.62919 0.00000 0.57591 0.00100 0.57913 0.03512 0.59399 0.06700 0.59521 0.08765 0.58522 0.09383 0.58305 0.10849 0.56699 0.10772 0.56352 0.13165 0.59434 0.15249 0.63949 0.13242 0.63905 0.10695 0.62543 0.11136 0.62357 0.08781 0.61286 0.08781
6 0.16741 0.00000 0.11458 0.04398 0.12500 0.03935 0.11849 0.06713 0.12500 0.07176 0.11589 0.08796 0.28395 0.61879 0.33794 0.80235 0.33274 0.89725 0.29759 1.00000 1.00000 1.00000 1.00000 0.42130 0.87760 0.33565 0.72005 0.24768 0.56641 0.13889 0.44662 0.05324 0.36979 0.00000 0.16741 0.00000
5 0.61286 0.08781 0.60930 0.06053 0.61821 0.04674 0.62919 0.00000 0.57591 0.00100 0.57913 0.03512 0.59399 0.06700 0.59521 0.08765 0.58522 0.09383 0.58305 0.10849 0.56699 0.10772 0.56352 0.13165 0.59434 0.15249 0.63949 0.13242 0.63905 0.10695 0.62543 0.11136 0.62357 0.08781 0.61286 0.08781
6 0.16741 0.00000 0.11458 0.04398 0.12500 0.03935 0.11849 0.06713 0.12500 0.07176 0.11589 0.08796 0.28395 0.61879 0.33794 0.80235 0.33274 0.89725 0.29759 1.00000 1.00000 1.00000 1.00000 0.42130 0.87760 0.33565 0.72005 0.24768 0.56641 0.13889 0.44662 0.05324 0.36979 0.00000 0.16741 0.00000
5 0.61286 0.08781 0.60930 0.06053 0.61821 0.04674 0.62919 0.00000 0.57591 0.00100 0.57913 0.03512 0.59399 0.06700 0.59521 0.08765 0.58522 0.09383 0.58305 0.10849 0.56699 0.10772 0.56352 0.13165 0.59434 0.15249 0.63949 0.13242 0.63905 0.10695 0.62543 0.11136 0.62357 0.08781 0.61286 0.08781
6 0.16741 0.00000 0.11458 0.04398 0.12500 0.03935 0.11849 0.06713 0.12500 0.07176 0.11589 0.08796 0.28395 0.61879 0.33794 0.80235 0.33274 0.89725 0.29759 1.00000 1.00000 1.00000 1.00000 0.42130 0.87760 0.33565 0.72005 0.24768 0.56641 0.13889 0.44662 0.05324 0.36979 0.00000 0.16741 0.00000
5 0.61286 0.08781 0.60930 0.06053 0.61821 0.04674 0.62919 0.00000 0.57591 0.00100 0.57913 0.03512 0.59399 0.06700 0.59521 0.08765 0.58522 0.09383 0.58305 0.10849 0.56699 0.10772 0.56352 0.13165 0.59434 0.15249 0.63949 0.13242 0.63905 0.10695 0.62543 0.11136 0.62357 0.08781 0.61286 0.08781
