5 0.00000 0.74948 0.03648 0.74100 0.04236 0.72052 0.01268 0.69310 0.01494 0.67600 0.00326 0.66833 0.00632 0.63026 0.01881 0.63179 0.04522 0.58510 0.05547 0.52263 0.03841 0.47773 0.00807 0.47624 0.00000 0.48646 0.00000 0.74948
6 0.00000 0.89028 0.17127 0.93050 0.15586 0.91666 0.12873 0.89907 0.11793 0.88531 0.08312 0.86217 0.07028 0.84793 0.06416 0.84650 0.04364 0.82671 0.02420 0.81466 0.01135 0.80043 0.00319 0.79851 0.00000 0.79497 0.00000 0.89028
5 0.00000 0.74948 0.03648 0.74100 0.04236 0.72052 0.01268 0.69310 0.01494 0.67600 0.00326 0.66833 0.00632 0.63026 0.01881 0.63179 0.04522 0.58510 0.05547 0.52263 0.03841 0.47773 0.00807 0.47624 0.00000 0.48646 0.00000 0.74948
6 0.00000 0.89028 0.17127 0.93050 0.15586 0.91666 0.12873 0.89907 0.11793 0.88531 0.08312 0.86217 0.07028 0.84793 0.06416 0.84650 0.04364 0.82671 0.02420 0.81466 0.01135 0.80043 0.00319 0.79851 0.00000 0.79497 0.00000 0.89028
5 0.00000 0.74948 0.03648 0.74100 0.04236 0.72052 0.01268 0.69310 0.01494 0.67600 0.00326 0.66833 0.00632 0.63026 0.01881 0.63179 0.04522 0.58510 0.05547 0.52263 0.03841 0.47773 0.00807 0.47624 0.00000 0.48646 0.00000 0.74948
6 0.00000 0.89028 0.17127 0.93050 0.15586 0.91666 0.12873 0.89907 0.11793 0.88531 0.08312 0.86217 0.07028 0.84793 0.06416 0.84650 0.04364 0.82671 0.02420 0.81466 0.01135 0.80043 0.00319 0.79851 0.00000 0.79497 0.00000 0.89028
5 0.00000 0.74948 0.03648 0.74100 0.04236 0.72052 0.01268 0.69310 0.01494 0.67600 0.00326 0.66833 0.00632 0.63026 0.01881 0.63179 0.04522 0.58510 0.05547 0.52263 0.03841 0.47773 0.00807 0.47624 0.00000 0.48646 0.00000 0.74948
6 0.00000 0.89028 0.17127 0.93050 0.15586 0.91666 0.12873 0.89907 0.11793 0.88531 0.08312 0.86217 0.07028 0.84793 0.06416 0.84650 0.04364 0.82671 0.02420 0.81466 0.01135 0.80043 0.00319 0.79851 0.00000 0.79497 0.00000 0.89028
5 0.00000 0.74948 0.03648 0.74100 0.04236 0.72052 0.01268 0.69310 0.01494 0.67600 0.00326 0.66833 0.00632 0.63026 0.01881 0.63179 0.04522 0.58510 0.05547 0.52263 0.03841 0.47773 0.00807 0.47624 0.00000 0.48646 0.00000 0.74948
6 0.00000 0.89028 0.17127 0.93050 0.15586 0.91666 0.12873 0.89907 0.11793 0.88531 0.08312 0.86217 0.07028 0.84793 0.06416 0.84650 0.04364 0.82671 0.02420 0.81466 0.01135 0.80043 0.00319 0.79851 0.00000 0.79497 0.00000 0.89028
5 0.00000 0.74948 0.03648 0.74100 0.04236 0.72052 0.01268 0.69310 0.01494 0.67600 0.00326 0.66833 0.00632 0.63026 0.01881 0.63179 0.04522 0.58510 0.05547 0.52263 0.03841 0.47773 0.00807 0.47624 0.00000 0.48646 0.00000 0.74948
6 0.00000 0.89028 0.17127 0.93050 0.15586 0.91666 0.12873 0.89907 0.11793 0.88531 0.08312 0.86217 0.07028 0.84793 0.06416 0.84650 0.04364 0.82671 0.02420 0.81466 0.01135 0.80043 0.00319 0.79851 0.00000 0.79497 0.00000 0.89028
