6 0.00000 0.90075 0.25646 0.95485 0.22903 0.91796 0.22592 0.91013 0.21535 0.89713 0.21141 0.89630 0.18166 0.85773 0.17772 0.85690 0.17461 0.84907 0.12839 0.79625 0.12528 0.78842 0.11626 0.77934 0.11315 0.77150 0.10216 0.76201 0.09906 0.75418 0.08610 0.74427 0.06776 0.71169 0.05438 0.70528 0.05283 0.70136 0.04101 0.69887 0.03002 0.68937 0.00000 0.68041 0.00000 0.90075
2 0.24448 0.77947 0.24967 0.76980 0.25694 0.74263 0.26774 0.71979 0.26899 0.70929 0.27823 0.68252 0.28031 0.66502 0.27643 0.65523 0.26066 0.65190 0.25828 0.65499 0.24055 0.65125 0.23816 0.65433 0.20819 0.65160 0.20026 0.65890 0.19942 0.66590 0.20988 0.69681 0.21713 0.73782 0.22334 0.75348 0.22831 0.77965 0.22301 0.80724 0.21704 0.81495 0.20952 0.81875 0.20505 0.83934 0.19199 0.84735 0.19115 0.85435 0.19504 0.86414 0.20053 0.86889 0.20763 0.86859 0.23682 0.86937 0.25819 0.85952 0.27043 0.85852 0.27640 0.85080 0.27448 0.84143 0.25913 0.83460 0.25525 0.82481 0.25608 0.81781 0.25023 0.80760 0.24432 0.80636 0.24282 0.79348 0.24448 0.77947
6 0.00000 0.90075 0.25646 0.95485 0.22903 0.91796 0.22592 0.91013 0.21535 0.89713 0.21141 0.89630 0.18166 0.85773 0.17772 0.85690 0.17461 0.84907 0.12839 0.79625 0.12528 0.78842 0.11626 0.77934 0.11315 0.77150 0.10216 0.76201 0.09906 0.75418 0.08610 0.74427 0.06776 0.71169 0.05438 0.70528 0.05283 0.70136 0.04101 0.69887 0.03002 0.68937 0.00000 0.68041 0.00000 0.90075
2 0.24448 0.77947 0.24967 0.76980 0.25694 0.74263 0.26774 0.71979 0.26899 0.70929 0.27823 0.68252 0.28031 0.66502 0.27643 0.65523 0.26066 0.65190 0.25828 0.65499 0.24055 0.65125 0.23816 0.65433 0.20819 0.65160 0.20026 0.65890 0.19942 0.66590 0.20988 0.69681 0.21713 0.73782 0.22334 0.75348 0.22831 0.77965 0.22301 0.80724 0.21704 0.81495 0.20952 0.81875 0.20505 0.83934 0.19199 0.84735 0.19115 0.85435 0.19504 0.86414 0.20053 0.86889 0.20763 0.86859 0.23682 0.86937 0.25819 0.85952 0.27043 0.85852 0.27640 0.85080 0.27448 0.84143 0.25913 0.83460 0.25525 0.82481 0.25608 0.81781 0.25023 0.80760 0.24432 0.80636 0.24282 0.79348 0.24448 0.77947
6 0.00000 0.90075 0.25646 0.95485 0.22903 0.91796 0.22592 0.91013 0.21535 0.89713 0.21141 0.89630 0.18166 0.85773 0.17772 0.85690 0.17461 0.84907 0.12839 0.79625 0.12528 0.78842 0.11626 0.77934 0.11315 0.77150 0.10216 0.76201 0.09906 0.75418 0.08610 0.74427 0.06776 0.71169 0.05438 0.70528 0.05283 0.70136 0.04101 0.69887 0.03002 0.68937 0.00000 0.68041 0.00000 0.90075
2 0.24448 0.77947 0.24967 0.76980 0.25694 0.74263 0.26774 0.71979 0.26899 0.70929 0.27823 0.68252 0.28031 0.66502 0.27643 0.65523 0.26066 0.65190 0.25828 0.65499 0.24055 0.65125 0.23816 0.65433 0.20819 0.65160 0.20026 0.65890 0.19942 0.66590 0.20988 0.69681 0.21713 0.73782 0.22334 0.75348 0.22831 0.77965 0.22301 0.80724 0.21704 0.81495 0.20952 0.81875 0.20505 0.83934 0.19199 0.84735 0.19115 0.85435 0.19504 0.86414 0.20053 0.86889 0.20763 0.86859 0.23682 0.86937 0.25819 0.85952 0.27043 0.85852 0.27640 0.85080 0.27448 0.84143 0.25913 0.83460 0.25525 0.82481 0.25608 0.81781 0.25023 0.80760 0.24432 0.80636 0.24282 0.79348 0.24448 0.77947
6 0.00000 0.90075 0.25646 0.95485 0.22903 0.91796 0.22592 0.91013 0.21535 0.89713 0.21141 0.89630 0.18166 0.85773 0.17772 0.85690 0.17461 0.84907 0.12839 0.79625 0.12528 0.78842 0.11626 0.77934 0.11315 0.77150 0.10216 0.76201 0.09906 0.75418 0.08610 0.74427 0.06776 0.71169 0.05438 0.70528 0.05283 0.70136 0.04101 0.69887 0.03002 0.68937 0.00000 0.68041 0.00000 0.90075
2 0.24448 0.77947 0.24967 0.76980 0.25694 0.74263 0.26774 0.71979 0.26899 0.70929 0.27823 0.68252 0.28031 0.66502 0.27643 0.65523 0.26066 0.65190 0.25828 0.65499 0.24055 0.65125 0.23816 0.65433 0.20819 0.65160 0.20026 0.65890 0.19942 0.66590 0.20988 0.69681 0.21713 0.73782 0.22334 0.75348 0.22831 0.77965 0.22301 0.80724 0.21704 0.81495 0.20952 0.81875 0.20505 0.83934 0.19199 0.84735 0.19115 0.85435 0.19504 0.86414 0.20053 0.86889 0.20763 0.86859 0.23682 0.86937 0.25819 0.85952 0.27043 0.85852 0.27640 0.85080 0.27448 0.84143 0.25913 0.83460 0.25525 0.82481 0.25608 0.81781 0.25023 0.80760 0.24432 0.80636 0.24282 0.79348 0.24448 0.77947
6 0.00000 0.90075 0.25646 0.95485 0.22903 0.91796 0.22592 0.91013 0.21535 0.89713 0.21141 0.89630 0.18166 0.85773 0.17772 0.85690 0.17461 0.84907 0.12839 0.79625 0.12528 0.78842 0.11626 0.77934 0.11315 0.77150 0.10216 0.76201 0.09906 0.75418 0.08610 0.74427 0.06776 0.71169 0.05438 0.70528 0.05283 0.70136 0.04101 0.69887 0.03002 0.68937 0.00000 0.68041 0.00000 0.90075
2 0.24448 0.77947 0.24967 0.76980 0.25694 0.74263 0.26774 0.71979 0.26899 0.70929 0.27823 0.68252 0.28031 0.66502 0.27643 0.65523 0.26066 0.65190 0.25828 0.65499 0.24055 0.65125 0.23816 0.65433 0.20819 0.65160 0.20026 0.65890 0.19942 0.66590 0.20988 0.69681 0.21713 0.73782 0.22334 0.75348 0.22831 0.77965 0.22301 0.80724 0.21704 0.81495 0.20952 0.81875 0.20505 0.83934 0.19199 0.84735 0.19115 0.85435 0.19504 0.86414 0.20053 0.86889 0.20763 0.86859 0.23682 0.86937 0.25819 0.85952 0.27043 0.85852 0.27640 0.85080 0.27448 0.84143 0.25913 0.83460 0.25525 0.82481 0.25608 0.81781 0.25023 0.80760 0.24432 0.80636 0.24282 0.79348 0.24448 0.77947
6 0.00000 0.90075 0.25646 0.95485 0.22903 0.91796 0.22592 0.91013 0.21535 0.89713 0.21141 0.89630 0.18166 0.85773 0.17772 0.85690 0.17461 0.84907 0.12839 0.79625 0.12528 0.78842 0.11626 0.77934 0.11315 0.77150 0.10216 0.76201 0.09906 0.75418 0.08610 0.74427 0.06776 0.71169 0.05438 0.70528 0.05283 0.70136 0.04101 0.69887 0.03002 0.68937 0.00000 0.68041 0.00000 0.90075
2 0.24448 0.77947 0.24967 0.76980 0.25694 0.74263 0.26774 0.71979 0.26899 0.70929 0.27823 0.68252 0.28031 0.66502 0.27643 0.65523 0.26066 0.65190 0.25828 0.65499 0.24055 0.65125 0.23816 0.65433 0.20819 0.65160 0.20026 0.65890 0.19942 0.66590 0.20988 0.69681 0.21713 0.73782 0.22334 0.75348 0.22831 0.77965 0.22301 0.80724 0.21704 0.81495 0.20952 0.81875 0.20505 0.83934 0.19199 0.84735 0.19115 0.85435 0.19504 0.86414 0.20053 0.86889 0.20763 0.86859 0.23682 0.86937 0.25819 0.85952 0.27043 0.85852 0.27640 0.85080 0.27448 0.84143 0.25913 0.83460 0.25525 0.82481 0.25608 0.81781 0.25023 0.80760 0.24432 0.80636 0.24282 0.79348 0.24448 0.77947
