6 0.24902 0.96875 0.24316 0.96875 0.22168 0.95486 0.20801 0.95139 0.19629 0.94097 0.17285 0.93403 0.15137 0.92014 0.14355 0.92014 0.13574 0.91320 0.11621 0.90625 0.10254 0.89583 0.09668 0.89583 0.09473 0.89236 0.07324 0.88542 0.05957 0.87500 0.03223 0.86458 0.02441 0.85764 0.01660 0.85764 0.00488 0.84722 0.00000 0.84896 0.00098 1.00000 0.29687 0.99827 0.29590 0.99305 0.29004 0.98958 0.27637 0.98611 0.24902 0.96875
5 0.03921 0.77327 0.02345 0.77913 0.02309 0.79672 0.00000 0.81887 0.00147 0.83776 0.03701 0.86121 0.10627 0.82212 0.10297 0.80519 0.07549 0.79021 0.07329 0.76675 0.06010 0.76871 0.06156 0.73288 0.07219 0.72702 0.09088 0.67816 0.09308 0.62213 0.06926 0.58174 0.03994 0.58826 0.01686 0.62734 0.01282 0.68988 0.04067 0.73874 0.03921 0.77327
6 0.24902 0.96875 0.24316 0.96875 0.22168 0.95486 0.20801 0.95139 0.19629 0.94097 0.17285 0.93403 0.15137 0.92014 0.14355 0.92014 0.13574 0.91320 0.11621 0.90625 0.10254 0.89583 0.09668 0.89583 0.09473 0.89236 0.07324 0.88542 0.05957 0.87500 0.03223 0.86458 0.02441 0.85764 0.01660 0.85764 0.00488 0.84722 0.00000 0.84896 0.00098 1.00000 0.29687 0.99827 0.29590 0.99305 0.29004 0.98958 0.27637 0.98611 0.24902 0.96875
5 0.03921 0.77327 0.02345 0.77913 0.02309 0.79672 0.00000 0.81887 0.00147 0.83776 0.03701 0.86121 0.10627 0.82212 0.10297 0.80519 0.07549 0.79021 0.07329 0.76675 0.06010 0.76871 0.06156 0.73288 0.07219 0.72702 0.09088 0.67816 0.09308 0.62213 0.06926 0.58174 0.03994 0.58826 0.01686 0.62734 0.01282 0.68988 0.04067 0.73874 0.03921 0.77327
6 0.24902 0.96875 0.24316 0.96875 0.22168 0.95486 0.20801 0.95139 0.19629 0.94097 0.17285 0.93403 0.15137 0.92014 0.14355 0.92014 0.13574 0.91320 0.11621 0.90625 0.10254 0.89583 0.09668 0.89583 0.09473 0.89236 0.07324 0.88542 0.05957 0.87500 0.03223 0.86458 0.02441 0.85764 0.01660 0.85764 0.00488 0.84722 0.00000 0.84896 0.00098 1.00000 0.29687 0.99827 0.29590 0.99305 0.29004 0.98958 0.27637 0.98611 0.24902 0.96875
5 0.03921 0.77327 0.02345 0.77913 0.02309 0.79672 0.00000 0.81887 0.00147 0.83776 0.03701 0.86121 0.10627 0.82212 0.10297 0.80519 0.07549 0.79021 0.07329 0.76675 0.06010 0.76871 0.06156 0.73288 0.07219 0.72702 0.09088 0.67816 0.09308 0.62213 0.06926 0.58174 0.03994 0.58826 0.01686 0.62734 0.01282 0.68988 0.04067 0.73874 0.03921 0.77327
6 0.24902 0.96875 0.24316 0.96875 0.22168 0.95486 0.20801 0.95139 0.19629 0.94097 0.17285 0.93403 0.15137 0.92014 0.14355 0.92014 0.13574 0.91320 0.11621 0.90625 0.10254 0.89583 0.09668 0.89583 0.09473 0.89236 0.07324 0.88542 0.05957 0.87500 0.03223 0.86458 0.02441 0.85764 0.01660 0.85764 0.00488 0.84722 0.00000 0.84896 0.00098 1.00000 0.29687 0.99827 0.29590 0.99305 0.29004 0.98958 0.27637 0.98611 0.24902 0.96875
5 0.03921 0.77327 0.02345 0.77913 0.02309 0.79672 0.00000 0.81887 0.00147 0.83776 0.03701 0.86121 0.10627 0.82212 0.10297 0.80519 0.07549 0.79021 0.07329 0.76675 0.06010 0.76871 0.06156 0.73288 0.07219 0.72702 0.09088 0.67816 0.09308 0.62213 0.06926 0.58174 0.03994 0.58826 0.01686 0.62734 0.01282 0.68988 0.04067 0.73874 0.03921 0.77327
6 0.24902 0.96875 0.24316 0.96875 0.22168 0.95486 0.20801 0.95139 0.19629 0.94097 0.17285 0.93403 0.15137 0.92014 0.14355 0.92014 0.13574 0.91320 0.11621 0.90625 0.10254 0.89583 0.09668 0.89583 0.09473 0.89236 0.07324 0.88542 0.05957 0.87500 0.03223 0.86458 0.02441 0.85764 0.01660 0.85764 0.00488 0.84722 0.00000 0.84896 0.00098 1.00000 0.29687 0.99827 0.29590 0.99305 0.29004 0.98958 0.27637 0.98611 0.24902 0.96875
5 0.03921 0.77327 0.02345 0.77913 0.02309 0.79672 0.00000 0.81887 0.00147 0.83776 0.03701 0.86121 0.10627 0.82212 0.10297 0.80519 0.07549 0.79021 0.07329 0.76675 0.06010 0.76871 0.06156 0.73288 0.07219 0.72702 0.09088 0.67816 0.09308 0.62213 0.06926 0.58174 0.03994 0.58826 0.01686 0.62734 0.01282 0.68988 0.04067 0.73874 0.03921 0.77327
6 0.24902 0.96875 0.24316 0.96875 0.22168 0.95486 0.20801 0.95139 0.19629 0.94097 0.17285 0.93403 0.15137 0.92014 0.14355 0.92014 0.13574 0.91320 0.11621 0.90625 0.10254 0.89583 0.09668 0.89583 0.09473 0.89236 0.07324 0.88542 0.05957 0.87500 0.03223 0.86458 0.02441 0.85764 0.01660 0.85764 0.00488 0.84722 0.00000 0.84896 0.00098 1.00000 0.29687 0.99827 0.29590 0.99305 0.29004 0.98958 0.27637 0.98611 0.24902 0.96875
5 0.03921 0.77327 0.02345 0.77913 0.02309 0.79672 0.00000 0.81887 0.00147 0.83776 0.03701 0.86121 0.10627 0.82212 0.10297 0.80519 0.07549 0.79021 0.07329 0.76675 0.06010 0.76871 0.06156 0.73288 0.07219 0.72702 0.09088 0.67816 0.09308 0.62213 0.06926 0.58174 0.03994 0.58826 0.01686 0.62734 0.01282 0.68988 0.04067 0.73874 0.03921 0.77327
