6 1.00000 0.47092 0.99458 0.38846 0.67582 0.16285 0.45869 0.00291 0.00000 0.05636 0.00000 0.12104 0.17041 0.08782 0.32399 1.00000 0.51639 1.00000 1.00000 0.94364 1.00000 0.47092
5 0.63328 0.00000 0.63354 0.00234 0.64956 0.02475 0.64264 0.08789 0.62535 0.09816 0.62290 0.11391 0.66376 0.13595 0.71387 0.11362 0.71101 0.08314 0.68191 0.07096 0.68151 0.01426 0.68591 0.00000 0.63328 0.00000
6 1.00000 0.47092 0.99458 0.38846 0.67582 0.16285 0.45869 0.00291 0.00000 0.05636 0.00000 0.12104 0.17041 0.08782 0.32399 1.00000 0.51639 1.00000 1.00000 0.94364 1.00000 0.47092
5 0.63328 0.00000 0.63354 0.00234 0.64956 0.02475 0.64264 0.08789 0.62535 0.09816 0.62290 0.11391 0.66376 0.13595 0.71387 0.11362 0.71101 0.08314 0.68191 0.07096 0.68151 0.01426 0.68591 0.00000 0.63328 0.00000
6 1.00000 0.47092 0.99458 0.38846 0.67582 0.16285 0.45869 0.00291 0.00000 0.05636 0.00000 0.12104 0.17041 0.08782 0.32399 1.00000 0.51639 1.00000 1.00000 0.94364 1.00000 0.47092
5 0.63328 0.00000 0.63354 0.00234 0.64956 0.02475 0.64264 0.08789 0.62535 0.09816 0.62290 0.11391 0.66376 0.13595 0.71387 0.11362 0.71101 0.08314 0.68191 0.07096 0.68151 0.01426 0.68591 0.00000 0.63328 0.00000
6 1.00000 0.47092 0.99458 0.38846 0.67582 0.16285 0.45869 0.00291 0.00000 0.05636 0.00000 0.12104 0.17041 0.08782 0.32399 1.00000 0.51639 1.00000 1.00000 0.94364 1.00000 0.47092
5 0.63328 0.00000 0.63354 0.00234 0.64956 0.02475 0.64264 0.08789 0.62535 0.09816 0.62290 0.11391 0.66376 0.13595 0.71387 0.11362 0.71101 0.08314 0.68191 0.07096 0.68151 0.01426 0.68591 0.00000 0.63328 0.00000
6 1.00000 0.47092 0.99458 0.38846 0.67582 0.16285 0.45869 0.00291 0.00000 0.05636 0.00000 0.12104 0.17041 0.08782 0.32399 1.00000 0.51639 1.00000 1.00000 0.94364 1.00000 0.47092
5 0.63328 0.00000 0.63354 0.00234 0.64956 0.02475 0.64264 0.08789 0.62535 0.09816 0.62290 0.11391 0.66376 0.13595 0.71387 0.11362 0.71101 0.08314 0.68191 0.07096 0.68151 0.01426 0.68591 0.00000 0.63328 0.00000
6 1.00000 0.47092 0.99458 0.38846 0.67582 0.16285 0.45869 0.00291 0.00000 0.05636 0.00000 0.12104 0.17041 0.08782 0.32399 1.00000 0.51639 1.00000 1.00000 0.94364 1.00000 0.47092
5 0.63328 0.00000 0.63354 0.00234 0.64956 0.02475 0.64264 0.08789 0.62535 0.09816 0.62290 0.11391 0.66376 0.13595 0.71387 0.11362 0.71101 0.08314 0.68191 0.07096 0.68151 0.01426 0.68591 0.00000 0.63328 0.00000
