7 0.84099 0.08252 0.84304 0.07912 0.84359 0.05818 0.84565 0.05479 0.84834 0.02696 0.84553 0.02159 0.82984 0.02086 0.82648 0.03643 0.82611 0.05038 0.82406 0.05378 0.82054 0.11301 0.81849 0.11641 0.81803 0.13386 0.81598 0.13726 0.81497 0.17564 0.81002 0.17716 0.80619 0.17348 0.79900 0.18538 0.79809 0.22027 0.82060 0.22307 0.82444 0.22674 0.82855 0.21995 0.84424 0.22068 0.84509 0.22595 0.84789 0.23132 0.84892 0.22962 0.85303 0.22283 0.85618 0.17756 0.85337 0.17219 0.84945 0.17200 0.84730 0.17889 0.84142 0.17862 0.83544 0.18183 0.83526 0.18881 0.83236 0.18693 0.83327 0.15204 0.83774 0.13128 0.84099 0.08252
7 0.46666 0.00000 0.46554 0.01614 0.45901 0.04030 0.46202 0.07537 0.46389 0.07895 0.46362 0.08942 0.46156 0.09282 0.46065 0.12771 0.45570 0.12923 0.44851 0.14113 0.44572 0.17244 0.45022 0.18837 0.49039 0.19199 0.50504 0.15773 0.50532 0.14726 0.48839 0.11852 0.49259 0.10824 0.49501 0.09088 0.50911 0.07756 0.51340 0.06379 0.51413 0.03587 0.51067 0.01824 0.50225 0.00213 0.50003 0.00000 0.46666 0.00000
6 0.27182 0.26159 0.27087 0.24757 0.26819 0.24978 0.25642 0.24923 0.25150 0.23736 0.24395 0.22536 0.24879 0.19065 0.24548 0.16720 0.00925 0.13548 0.00595 0.26143 0.23099 0.32025 0.23622 0.32050 0.24617 0.29068 0.26305 0.29613 0.26722 0.28700 0.27182 0.26159
6 0.98720 1.00000 0.99761 0.60266 0.72118 0.05657 0.54875 0.03923 0.48991 0.18556 0.29524 0.16719 0.29880 0.18133 0.28761 0.20876 0.28745 0.26465 0.29268 0.26489 0.28927 0.29502 0.32709 0.30143 0.32617 0.33632 0.43307 0.35527 0.19029 0.98590 0.49345 1.00000 0.98720 1.00000
5 0.01280 0.00000 0.00963 0.12102 0.02169 0.12302 0.02552 0.12669 0.02758 0.12329 0.04935 0.11732 0.05243 0.11222 0.05270 0.10175 0.04989 0.09638 0.02822 0.09887 0.02354 0.08991 0.01848 0.05823 0.02464 0.04804 0.02893 0.03427 0.02983 0.00000 0.01280 0.00000
7 0.84099 0.08252 0.84304 0.07912 0.84359 0.05818 0.84565 0.05479 0.84834 0.02696 0.84553 0.02159 0.82984 0.02086 0.82648 0.03643 0.82611 0.05038 0.82406 0.05378 0.82054 0.11301 0.81849 0.11641 0.81803 0.13386 0.81598 0.13726 0.81497 0.17564 0.81002 0.17716 0.80619 0.17348 0.79900 0.18538 0.79809 0.22027 0.82060 0.22307 0.82444 0.22674 0.82855 0.21995 0.84424 0.22068 0.84509 0.22595 0.84789 0.23132 0.84892 0.22962 0.85303 0.22283 0.85618 0.17756 0.85337 0.17219 0.84945 0.17200 0.84730 0.17889 0.84142 0.17862 0.83544 0.18183 0.83526 0.18881 0.83236 0.18693 0.83327 0.15204 0.83774 0.13128 0.84099 0.08252
7 0.46666 0.00000 0.46554 0.01614 0.45901 0.04030 0.46202 0.07537 0.46389 0.07895 0.46362 0.08942 0.46156 0.09282 0.46065 0.12771 0.45570 0.12923 0.44851 0.14113 0.44572 0.17244 0.45022 0.18837 0.49039 0.19199 0.50504 0.15773 0.50532 0.14726 0.48839 0.11852 0.49259 0.10824 0.49501 0.09088 0.50911 0.07756 0.51340 0.06379 0.51413 0.03587 0.51067 0.01824 0.50225 0.00213 0.50003 0.00000 0.46666 0.00000
6 0.27182 0.26159 0.27087 0.24757 0.26819 0.24978 0.25642 0.24923 0.25150 0.23736 0.24395 0.22536 0.24879 0.19065 0.24548 0.16720 0.00925 0.13548 0.00595 0.26143 0.23099 0.32025 0.23622 0.32050 0.24617 0.29068 0.26305 0.29613 0.26722 0.28700 0.27182 0.26159
6 0.98720 1.00000 0.99761 0.60266 0.72118 0.05657 0.54875 0.03923 0.48991 0.18556 0.29524 0.16719 0.29880 0.18133 0.28761 0.20876 0.28745 0.26465 0.29268 0.26489 0.28927 0.29502 0.32709 0.30143 0.32617 0.33632 0.43307 0.35527 0.19029 0.98590 0.49345 1.00000 0.98720 1.00000
5 0.01280 0.00000 0.00963 0.12102 0.02169 0.12302 0.02552 0.12669 0.02758 0.12329 0.04935 0.11732 0.05243 0.11222 0.05270 0.10175 0.04989 0.09638 0.02822 0.09887 0.02354 0.08991 0.01848 0.05823 0.02464 0.04804 0.02893 0.03427 0.02983 0.00000 0.01280 0.00000
7 0.84099 0.08252 0.84304 0.07912 0.84359 0.05818 0.84565 0.05479 0.84834 0.02696 0.84553 0.02159 0.82984 0.02086 0.82648 0.03643 0.82611 0.05038 0.82406 0.05378 0.82054 0.11301 0.81849 0.11641 0.81803 0.13386 0.81598 0.13726 0.81497 0.17564 0.81002 0.17716 0.80619 0.17348 0.79900 0.18538 0.79809 0.22027 0.82060 0.22307 0.82444 0.22674 0.82855 0.21995 0.84424 0.22068 0.84509 0.22595 0.84789 0.23132 0.84892 0.22962 0.85303 0.22283 0.85618 0.17756 0.85337 0.17219 0.84945 0.17200 0.84730 0.17889 0.84142 0.17862 0.83544 0.18183 0.83526 0.18881 0.83236 0.18693 0.83327 0.15204 0.83774 0.13128 0.84099 0.08252
7 0.46666 0.00000 0.46554 0.01614 0.45901 0.04030 0.46202 0.07537 0.46389 0.07895 0.46362 0.08942 0.46156 0.09282 0.46065 0.12771 0.45570 0.12923 0.44851 0.14113 0.44572 0.17244 0.45022 0.18837 0.49039 0.19199 0.50504 0.15773 0.50532 0.14726 0.48839 0.11852 0.49259 0.10824 0.49501 0.09088 0.50911 0.07756 0.51340 0.06379 0.51413 0.03587 0.51067 0.01824 0.50225 0.00213 0.50003 0.00000 0.46666 0.00000
6 0.27182 0.26159 0.27087 0.24757 0.26819 0.24978 0.25642 0.24923 0.25150 0.23736 0.24395 0.22536 0.24879 0.19065 0.24548 0.16720 0.00925 0.13548 0.00595 0.26143 0.23099 0.32025 0.23622 0.32050 0.24617 0.29068 0.26305 0.29613 0.26722 0.28700 0.27182 0.26159
6 0.98720 1.00000 0.99761 0.60266 0.72118 0.05657 0.54875 0.03923 0.48991 0.18556 0.29524 0.16719 0.29880 0.18133 0.28761 0.20876 0.28745 0.26465 0.29268 0.26489 0.28927 0.29502 0.32709 0.30143 0.32617 0.33632 0.43307 0.35527 0.19029 0.98590 0.49345 1.00000 0.98720 1.00000
5 0.01280 0.00000 0.00963 0.12102 0.02169 0.12302 0.02552 0.12669 0.02758 0.12329 0.04935 0.11732 0.05243 0.11222 0.05270 0.10175 0.04989 0.09638 0.02822 0.09887 0.02354 0.08991 0.01848 0.05823 0.02464 0.04804 0.02893 0.03427 0.02983 0.00000 0.01280 0.00000
