1 0.25123 0.66652 0.25753 0.66260 0.27522 0.63767 0.28334 0.61107 0.28502 0.57707 0.28285 0.57334 0.28038 0.54699 0.26846 0.52651 0.25989 0.51917 0.24289 0.51579 0.22610 0.52750 0.21270 0.55611 0.20664 0.57889 0.20713 0.61661 0.21157 0.63160 0.23320 0.66505 0.23152 0.69905 0.22423 0.70866 0.21581 0.71262 0.21487 0.72208 0.20965 0.72786 0.19906 0.72811 0.19487 0.73198 0.19394 0.74143 0.19940 0.75451 0.21009 0.76181 0.21443 0.76925 0.25783 0.76636 0.27581 0.76405 0.28212 0.76014 0.28936 0.74676 0.28818 0.73736 0.28182 0.73750 0.27005 0.72834 0.26768 0.70953 0.25808 0.70410 0.25266 0.69479 0.25241 0.67593 0.25024 0.67221 0.25123 0.66652
6 0.46780 1.00000 0.46322 0.99741 0.44608 0.98271 0.44174 0.97527 0.42031 0.95690 0.41607 0.95700 0.35602 0.90180 0.35178 0.90190 0.30252 0.86154 0.28759 0.85434 0.28326 0.84689 0.27045 0.83964 0.23187 0.80658 0.22763 0.80668 0.22113 0.79551 0.21689 0.79561 0.18472 0.76617 0.18049 0.76627 0.15049 0.74055 0.11418 0.71876 0.10984 0.71132 0.08413 0.68927 0.05856 0.67855 0.04777 0.66371 0.04555 0.65621 0.04131 0.65631 0.03269 0.64519 0.02634 0.64534 0.02417 0.64162 0.01998 0.64549 0.00708 0.63070 0.00162 0.62921 0.00648 1.00000 0.46780 1.00000
1 0.25123 0.66652 0.25753 0.66260 0.27522 0.63767 0.28334 0.61107 0.28502 0.57707 0.28285 0.57334 0.28038 0.54699 0.26846 0.52651 0.25989 0.51917 0.24289 0.51579 0.22610 0.52750 0.21270 0.55611 0.20664 0.57889 0.20713 0.61661 0.21157 0.63160 0.23320 0.66505 0.23152 0.69905 0.22423 0.70866 0.21581 0.71262 0.21487 0.72208 0.20965 0.72786 0.19906 0.72811 0.19487 0.73198 0.19394 0.74143 0.19940 0.75451 0.21009 0.76181 0.21443 0.76925 0.25783 0.76636 0.27581 0.76405 0.28212 0.76014 0.28936 0.74676 0.28818 0.73736 0.28182 0.73750 0.27005 0.72834 0.26768 0.70953 0.25808 0.70410 0.25266 0.69479 0.25241 0.67593 0.25024 0.67221 0.25123 0.66652
6 0.46780 1.00000 0.46322 0.99741 0.44608 0.98271 0.44174 0.97527 0.42031 0.95690 0.41607 0.95700 0.35602 0.90180 0.35178 0.90190 0.30252 0.86154 0.28759 0.85434 0.28326 0.84689 0.27045 0.83964 0.23187 0.80658 0.22763 0.80668 0.22113 0.79551 0.21689 0.79561 0.18472 0.76617 0.18049 0.76627 0.15049 0.74055 0.11418 0.71876 0.10984 0.71132 0.08413 0.68927 0.05856 0.67855 0.04777 0.66371 0.04555 0.65621 0.04131 0.65631 0.03269 0.64519 0.02634 0.64534 0.02417 0.64162 0.01998 0.64549 0.00708 0.63070 0.00162 0.62921 0.00648 1.00000 0.46780 1.00000
1 0.25123 0.66652 0.25753 0.66260 0.27522 0.63767 0.28334 0.61107 0.28502 0.57707 0.28285 0.57334 0.28038 0.54699 0.26846 0.52651 0.25989 0.51917 0.24289 0.51579 0.22610 0.52750 0.21270 0.55611 0.20664 0.57889 0.20713 0.61661 0.21157 0.63160 0.23320 0.66505 0.23152 0.69905 0.22423 0.70866 0.21581 0.71262 0.21487 0.72208 0.20965 0.72786 0.19906 0.72811 0.19487 0.73198 0.19394 0.74143 0.19940 0.75451 0.21009 0.76181 0.21443 0.76925 0.25783 0.76636 0.27581 0.76405 0.28212 0.76014 0.28936 0.74676 0.28818 0.73736 0.28182 0.73750 0.27005 0.72834 0.26768 0.70953 0.25808 0.70410 0.25266 0.69479 0.25241 0.67593 0.25024 0.67221 0.25123 0.66652
6 0.46780 1.00000 0.46322 0.99741 0.44608 0.98271 0.44174 0.97527 0.42031 0.95690 0.41607 0.95700 0.35602 0.90180 0.35178 0.90190 0.30252 0.86154 0.28759 0.85434 0.28326 0.84689 0.27045 0.83964 0.23187 0.80658 0.22763 0.80668 0.22113 0.79551 0.21689 0.79561 0.18472 0.76617 0.18049 0.76627 0.15049 0.74055 0.11418 0.71876 0.10984 0.71132 0.08413 0.68927 0.05856 0.67855 0.04777 0.66371 0.04555 0.65621 0.04131 0.65631 0.03269 0.64519 0.02634 0.64534 0.02417 0.64162 0.01998 0.64549 0.00708 0.63070 0.00162 0.62921 0.00648 1.00000 0.46780 1.00000
1 0.25123 0.66652 0.25753 0.66260 0.27522 0.63767 0.28334 0.61107 0.28502 0.57707 0.28285 0.57334 0.28038 0.54699 0.26846 0.52651 0.25989 0.51917 0.24289 0.51579 0.22610 0.52750 0.21270 0.55611 0.20664 0.57889 0.20713 0.61661 0.21157 0.63160 0.23320 0.66505 0.23152 0.69905 0.22423 0.70866 0.21581 0.71262 0.21487 0.72208 0.20965 0.72786 0.19906 0.72811 0.19487 0.73198 0.19394 0.74143 0.19940 0.75451 0.21009 0.76181 0.21443 0.76925 0.25783 0.76636 0.27581 0.76405 0.28212 0.76014 0.28936 0.74676 0.28818 0.73736 0.28182 0.73750 0.27005 0.72834 0.26768 0.70953 0.25808 0.70410 0.25266 0.69479 0.25241 0.67593 0.25024 0.67221 0.25123 0.66652
6 0.46780 1.00000 0.46322 0.99741 0.44608 0.98271 0.44174 0.97527 0.42031 0.95690 0.41607 0.95700 0.35602 0.90180 0.35178 0.90190 0.30252 0.86154 0.28759 0.85434 0.28326 0.84689 0.27045 0.83964 0.23187 0.80658 0.22763 0.80668 0.22113 0.79551 0.21689 0.79561 0.18472 0.76617 0.18049 0.76627 0.15049 0.74055 0.11418 0.71876 0.10984 0.71132 0.08413 0.68927 0.05856 0.67855 0.04777 0.66371 0.04555 0.65621 0.04131 0.65631 0.03269 0.64519 0.02634 0.64534 0.02417 0.64162 0.01998 0.64549 0.00708 0.63070 0.00162 0.62921 0.00648 1.00000 0.46780 1.00000
1 0.25123 0.66652 0.25753 0.66260 0.27522 0.63767 0.28334 0.61107 0.28502 0.57707 0.28285 0.57334 0.28038 0.54699 0.26846 0.52651 0.25989 0.51917 0.24289 0.51579 0.22610 0.52750 0.21270 0.55611 0.20664 0.57889 0.20713 0.61661 0.21157 0.63160 0.23320 0.66505 0.23152 0.69905 0.22423 0.70866 0.21581 0.71262 0.21487 0.72208 0.20965 0.72786 0.19906 0.72811 0.19487 0.73198 0.19394 0.74143 0.19940 0.75451 0.21009 0.76181 0.21443 0.76925 0.25783 0.76636 0.27581 0.76405 0.28212 0.76014 0.28936 0.74676 0.28818 0.73736 0.28182 0.73750 0.27005 0.72834 0.26768 0.70953 0.25808 0.70410 0.25266 0.69479 0.25241 0.67593 0.25024 0.67221 0.25123 0.66652
6 0.46780 1.00000 0.46322 0.99741 0.44608 0.98271 0.44174 0.97527 0.42031 0.95690 0.41607 0.95700 0.35602 0.90180 0.35178 0.90190 0.30252 0.86154 0.28759 0.85434 0.28326 0.84689 0.27045 0.83964 0.23187 0.80658 0.22763 0.80668 0.22113 0.79551 0.21689 0.79561 0.18472 0.76617 0.18049 0.76627 0.15049 0.74055 0.11418 0.71876 0.10984 0.71132 0.08413 0.68927 0.05856 0.67855 0.04777 0.66371 0.04555 0.65621 0.04131 0.65631 0.03269 0.64519 0.02634 0.64534 0.02417 0.64162 0.01998 0.64549 0.00708 0.63070 0.00162 0.62921 0.00648 1.00000 0.46780 1.00000
1 0.25123 0.66652 0.25753 0.66260 0.27522 0.63767 0.28334 0.61107 0.28502 0.57707 0.28285 0.57334 0.28038 0.54699 0.26846 0.52651 0.25989 0.51917 0.24289 0.51579 0.22610 0.52750 0.21270 0.55611 0.20664 0.57889 0.20713 0.61661 0.21157 0.63160 0.23320 0.66505 0.23152 0.69905 0.22423 0.70866 0.21581 0.71262 0.21487 0.72208 0.20965 0.72786 0.19906 0.72811 0.19487 0.73198 0.19394 0.74143 0.19940 0.75451 0.21009 0.76181 0.21443 0.76925 0.25783 0.76636 0.27581 0.76405 0.28212 0.76014 0.28936 0.74676 0.28818 0.73736 0.28182 0.73750 0.27005 0.72834 0.26768 0.70953 0.25808 0.70410 0.25266 0.69479 0.25241 0.67593 0.25024 0.67221 0.25123 0.66652
6 0.46780 1.00000 0.46322 0.99741 0.44608 0.98271 0.44174 0.97527 0.42031 0.95690 0.41607 0.95700 0.35602 0.90180 0.35178 0.90190 0.30252 0.86154 0.28759 0.85434 0.28326 0.84689 0.27045 0.83964 0.23187 0.80658 0.22763 0.80668 0.22113 0.79551 0.21689 0.79561 0.18472 0.76617 0.18049 0.76627 0.15049 0.74055 0.11418 0.71876 0.10984 0.71132 0.08413 0.68927 0.05856 0.67855 0.04777 0.66371 0.04555 0.65621 0.04131 0.65631 0.03269 0.64519 0.02634 0.64534 0.02417 0.64162 0.01998 0.64549 0.00708 0.63070 0.00162 0.62921 0.00648 1.00000 0.46780 1.00000
