6 0.00000 0.00000 0.00000 1.00000 1.00000 1.00000 1.00000 0.91603 0.11429 0.00000 0.00000 0.00000
1 0.34668 0.00000 0.33984 0.01910 0.33789 0.02952 0.33984 0.07812 0.34375 0.09202 0.36035 0.12153 0.36228 0.15743 0.34397 0.17573 0.32185 0.18928 0.31880 0.20012 0.35465 0.23332 0.41834 0.22384 0.42101 0.19402 0.39698 0.19064 0.39317 0.15879 0.38211 0.15811 0.37944 0.12627 0.39551 0.11111 0.40820 0.08507 0.41211 0.06771 0.41211 0.02257 0.40527 0.00000 0.34668 0.00000
6 0.00000 0.00000 0.00000 1.00000 1.00000 1.00000 1.00000 0.91603 0.11429 0.00000 0.00000 0.00000
1 0.34668 0.00000 0.33984 0.01910 0.33789 0.02952 0.33984 0.07812 0.34375 0.09202 0.36035 0.12153 0.36228 0.15743 0.34397 0.17573 0.32185 0.18928 0.31880 0.20012 0.35465 0.23332 0.41834 0.22384 0.42101 0.19402 0.39698 0.19064 0.39317 0.15879 0.38211 0.15811 0.37944 0.12627 0.39551 0.11111 0.40820 0.08507 0.41211 0.06771 0.41211 0.02257 0.40527 0.00000 0.34668 0.00000
6 0.00000 0.00000 0.00000 1.00000 1.00000 1.00000 1.00000 0.91603 0.11429 0.00000 0.00000 0.00000
1 0.34668 0.00000 0.33984 0.01910 0.33789 0.02952 0.33984 0.07812 0.34375 0.09202 0.36035 0.12153 0.36228 0.15743 0.34397 0.17573 0.32185 0.18928 0.31880 0.20012 0.35465 0.23332 0.41834 0.22384 0.42101 0.19402 0.39698 0.19064 0.39317 0.15879 0.38211 0.15811 0.37944 0.12627 0.39551 0.11111 0.40820 0.08507 0.41211 0.06771 0.41211 0.02257 0.40527 0.00000 0.34668 0.00000
6 0.00000 0.00000 0.00000 1.00000 1.00000 1.00000 1.00000 0.91603 0.11429 0.00000 0.00000 0.00000
1 0.34668 0.00000 0.33984 0.01910 0.33789 0.02952 0.33984 0.07812 0.34375 0.09202 0.36035 0.12153 0.36228 0.15743 0.34397 0.17573 0.32185 0.18928 0.31880 0.20012 0.35465 0.23332 0.41834 0.22384 0.42101 0.19402 0.39698 0.19064 0.39317 0.15879 0.38211 0.15811 0.37944 0.12627 0.39551 0.11111 0.40820 0.08507 0.41211 0.06771 0.41211 0.02257 0.40527 0.00000 0.34668 0.00000
6 0.00000 0.00000 0.00000 1.00000 1.00000 1.00000 1.00000 0.91603 0.11429 0.00000 0.00000 0.00000
1 0.34668 0.00000 0.33984 0.01910 0.33789 0.02952 0.33984 0.07812 0.34375 0.09202 0.36035 0.12153 0.36228 0.15743 0.34397 0.17573 0.32185 0.18928 0.31880 0.20012 0.35465 0.23332 0.41834 0.22384 0.42101 0.19402 0.39698 0.19064 0.39317 0.15879 0.38211 0.15811 0.37944 0.12627 0.39551 0.11111 0.40820 0.08507 0.41211 0.06771 0.41211 0.02257 0.40527 0.00000 0.34668 0.00000
6 0.00000 0.00000 0.00000 1.00000 1.00000 1.00000 1.00000 0.91603 0.11429 0.00000 0.00000 0.00000
1 0.34668 0.00000 0.33984 0.01910 0.33789 0.02952 0.33984 0.07812 0.34375 0.09202 0.36035 0.12153 0.36228 0.15743 0.34397 0.17573 0.32185 0.18928 0.31880 0.20012 0.35465 0.23332 0.41834 0.22384 0.42101 0.19402 0.39698 0.19064 0.39317 0.15879 0.38211 0.15811 0.37944 0.12627 0.39551 0.11111 0.40820 0.08507 0.41211 0.06771 0.41211 0.02257 0.40527 0.00000 0.34668 0.00000
