6 0.22982 1.00000 0.22559 0.99639 0.20478 0.98950 0.19221 0.97874 0.16099 0.96841 0.13175 0.95067 0.11513 0.94737 0.10048 0.93666 0.09427 0.93681 0.08588 0.92963 0.06507 0.92275 0.04416 0.90850 0.02754 0.90520 0.01290 0.89449 0.00507 0.89243 0.00648 1.00000 0.22982 1.00000
2 0.07466 0.86358 0.08926 0.87061 0.09224 0.86133 0.09094 0.84109 0.08675 0.83751 0.06815 0.84162 0.05958 0.81972 0.04917 0.81627 0.04599 0.81082 0.04585 0.79977 0.04373 0.79614 0.04748 0.76658 0.05741 0.73319 0.06507 0.68511 0.06487 0.67038 0.06690 0.66665 0.06155 0.65388 0.03669 0.65446 0.03467 0.65819 0.00204 0.66159 0.00290 0.72733 0.01208 0.75266 0.02484 0.77816 0.02513 0.80025 0.02725 0.80389 0.02754 0.82599 0.02239 0.82795 0.01526 0.83733 0.01560 0.86311 0.00472 0.86613 0.00500 0.88730 0.01280 0.88712 0.02326 0.89425 0.03255 0.89219 0.03554 0.88291 0.06030 0.87496 0.07466 0.86358
6 0.22982 1.00000 0.22559 0.99639 0.20478 0.98950 0.19221 0.97874 0.16099 0.96841 0.13175 0.95067 0.11513 0.94737 0.10048 0.93666 0.09427 0.93681 0.08588 0.92963 0.06507 0.92275 0.04416 0.90850 0.02754 0.90520 0.01290 0.89449 0.00507 0.89243 0.00648 1.00000 0.22982 1.00000
2 0.07466 0.86358 0.08926 0.87061 0.09224 0.86133 0.09094 0.84109 0.08675 0.83751 0.06815 0.84162 0.05958 0.81972 0.04917 0.81627 0.04599 0.81082 0.04585 0.79977 0.04373 0.79614 0.04748 0.76658 0.05741 0.73319 0.06507 0.68511 0.06487 0.67038 0.06690 0.66665 0.06155 0.65388 0.03669 0.65446 0.03467 0.65819 0.00204 0.66159 0.00290 0.72733 0.01208 0.75266 0.02484 0.77816 0.02513 0.80025 0.02725 0.80389 0.02754 0.82599 0.02239 0.82795 0.01526 0.83733 0.01560 0.86311 0.00472 0.86613 0.00500 0.88730 0.01280 0.88712 0.02326 0.89425 0.03255 0.89219 0.03554 0.88291 0.06030 0.87496 0.07466 0.86358
6 0.22982 1.00000 0.22559 0.99639 0.20478 0.98950 0.19221 0.97874 0.16099 0.96841 0.13175 0.95067 0.11513 0.94737 0.10048 0.93666 0.09427 0.93681 0.08588 0.92963 0.06507 0.92275 0.04416 0.90850 0.02754 0.90520 0.01290 0.89449 0.00507 0.89243 0.00648 1.00000 0.22982 1.00000
2 0.07466 0.86358 0.08926 0.87061 0.09224 0.86133 0.09094 0.84109 0.08675 0.83751 0.06815 0.84162 0.05958 0.81972 0.04917 0.81627 0.04599 0.81082 0.04585 0.79977 0.04373 0.79614 0.04748 0.76658 0.05741 0.73319 0.06507 0.68511 0.06487 0.67038 0.06690 0.66665 0.06155 0.65388 0.03669 0.65446 0.03467 0.65819 0.00204 0.66159 0.00290 0.72733 0.01208 0.75266 0.02484 0.77816 0.02513 0.80025 0.02725 0.80389 0.02754 0.82599 0.02239 0.82795 0.01526 0.83733 0.01560 0.86311 0.00472 0.86613 0.00500 0.88730 0.01280 0.88712 0.02326 0.89425 0.03255 0.89219 0.03554 0.88291 0.06030 0.87496 0.07466 0.86358
6 0.22982 1.00000 0.22559 0.99639 0.20478 0.98950 0.19221 0.97874 0.16099 0.96841 0.13175 0.95067 0.11513 0.94737 0.10048 0.93666 0.09427 0.93681 0.08588 0.92963 0.06507 0.92275 0.04416 0.90850 0.02754 0.90520 0.01290 0.89449 0.00507 0.89243 0.00648 1.00000 0.22982 1.00000
2 0.07466 0.86358 0.08926 0.87061 0.09224 0.86133 0.09094 0.84109 0.08675 0.83751 0.06815 0.84162 0.05958 0.81972 0.04917 0.81627 0.04599 0.81082 0.04585 0.79977 0.04373 0.79614 0.04748 0.76658 0.05741 0.73319 0.06507 0.68511 0.06487 0.67038 0.06690 0.66665 0.06155 0.65388 0.03669 0.65446 0.03467 0.65819 0.00204 0.66159 0.00290 0.72733 0.01208 0.75266 0.02484 0.77816 0.02513 0.80025 0.02725 0.80389 0.02754 0.82599 0.02239 0.82795 0.01526 0.83733 0.01560 0.86311 0.00472 0.86613 0.00500 0.88730 0.01280 0.88712 0.02326 0.89425 0.03255 0.89219 0.03554 0.88291 0.06030 0.87496 0.07466 0.86358
6 0.22982 1.00000 0.22559 0.99639 0.20478 0.98950 0.19221 0.97874 0.16099 0.96841 0.13175 0.95067 0.11513 0.94737 0.10048 0.93666 0.09427 0.93681 0.08588 0.92963 0.06507 0.92275 0.04416 0.90850 0.02754 0.90520 0.01290 0.89449 0.00507 0.89243 0.00648 1.00000 0.22982 1.00000
2 0.07466 0.86358 0.08926 0.87061 0.09224 0.86133 0.09094 0.84109 0.08675 0.83751 0.06815 0.84162 0.05958 0.81972 0.04917 0.81627 0.04599 0.81082 0.04585 0.79977 0.04373 0.79614 0.04748 0.76658 0.05741 0.73319 0.06507 0.68511 0.06487 0.67038 0.06690 0.66665 0.06155 0.65388 0.03669 0.65446 0.03467 0.65819 0.00204 0.66159 0.00290 0.72733 0.01208 0.75266 0.02484 0.77816 0.02513 0.80025 0.02725 0.80389 0.02754 0.82599 0.02239 0.82795 0.01526 0.83733 0.01560 0.86311 0.00472 0.86613 0.00500 0.88730 0.01280 0.88712 0.02326 0.89425 0.03255 0.89219 0.03554 0.88291 0.06030 0.87496 0.07466 0.86358
6 0.22982 1.00000 0.22559 0.99639 0.20478 0.98950 0.19221 0.97874 0.16099 0.96841 0.13175 0.95067 0.11513 0.94737 0.10048 0.93666 0.09427 0.93681 0.08588 0.92963 0.06507 0.92275 0.04416 0.90850 0.02754 0.90520 0.01290 0.89449 0.00507 0.89243 0.00648 1.00000 0.22982 1.00000
2 0.07466 0.86358 0.08926 0.87061 0.09224 0.86133 0.09094 0.84109 0.08675 0.83751 0.06815 0.84162 0.05958 0.81972 0.04917 0.81627 0.04599 0.81082 0.04585 0.79977 0.04373 0.79614 0.04748 0.76658 0.05741 0.73319 0.06507 0.68511 0.06487 0.67038 0.06690 0.66665 0.06155 0.65388 0.03669 0.65446 0.03467 0.65819 0.00204 0.66159 0.00290 0.72733 0.01208 0.75266 0.02484 0.77816 0.02513 0.80025 0.02725 0.80389 0.02754 0.82599 0.02239 0.82795 0.01526 0.83733 0.01560 0.86311 0.00472 0.86613 0.00500 0.88730 0.01280 0.88712 0.02326 0.89425 0.03255 0.89219 0.03554 0.88291 0.06030 0.87496 0.07466 0.86358
