6 1.00000 0.85219 0.99898 0.85142 0.87819 0.77046 0.00000 0.13833 0.00000 0.52326 0.02503 1.00000 0.51311 1.00000 1.00000 0.95465 1.00000 0.85219
1 0.21309 0.16731 0.21890 0.19601 0.20408 0.19825 0.20296 0.21552 0.17937 0.22766 0.18045 0.24833 0.22213 0.27572 0.28189 0.26734 0.28614 0.22750 0.26065 0.21439 0.25379 0.17791 0.23724 0.18726 0.23216 0.16045 0.24770 0.14071 0.25541 0.11760 0.25867 0.09827 0.25668 0.06041 0.25084 0.03052 0.24618 0.02242 0.18252 0.02835 0.17719 0.06345 0.18028 0.10291 0.19539 0.14051 0.20201 0.15209 0.21091 0.15837 0.21309 0.16731
6 1.00000 0.85219 0.99898 0.85142 0.87819 0.77046 0.00000 0.13833 0.00000 0.52326 0.02503 1.00000 0.51311 1.00000 1.00000 0.95465 1.00000 0.85219
1 0.21309 0.16731 0.21890 0.19601 0.20408 0.19825 0.20296 0.21552 0.17937 0.22766 0.18045 0.24833 0.22213 0.27572 0.28189 0.26734 0.28614 0.22750 0.26065 0.21439 0.25379 0.17791 0.23724 0.18726 0.23216 0.16045 0.24770 0.14071 0.25541 0.11760 0.25867 0.09827 0.25668 0.06041 0.25084 0.03052 0.24618 0.02242 0.18252 0.02835 0.17719 0.06345 0.18028 0.10291 0.19539 0.14051 0.20201 0.15209 0.21091 0.15837 0.21309 0.16731
6 1.00000 0.85219 0.99898 0.85142 0.87819 0.77046 0.00000 0.13833 0.00000 0.52326 0.02503 1.00000 0.51311 1.00000 1.00000 0.95465 1.00000 0.85219
1 0.21309 0.16731 0.21890 0.19601 0.20408 0.19825 0.20296 0.21552 0.17937 0.22766 0.18045 0.24833 0.22213 0.27572 0.28189 0.26734 0.28614 0.22750 0.26065 0.21439 0.25379 0.17791 0.23724 0.18726 0.23216 0.16045 0.24770 0.14071 0.25541 0.11760 0.25867 0.09827 0.25668 0.06041 0.25084 0.03052 0.24618 0.02242 0.18252 0.02835 0.17719 0.06345 0.18028 0.10291 0.19539 0.14051 0.20201 0.15209 0.21091 0.15837 0.21309 0.16731
6 1.00000 0.85219 0.99898 0.85142 0.87819 0.77046 0.00000 0.13833 0.00000 0.52326 0.02503 1.00000 0.51311 1.00000 1.00000 0.95465 1.00000 0.85219
1 0.21309 0.16731 0.21890 0.19601 0.20408 0.19825 0.20296 0.21552 0.17937 0.22766 0.18045 0.24833 0.22213 0.27572 0.28189 0.26734 0.28614 0.22750 0.26065 0.21439 0.25379 0.17791 0.23724 0.18726 0.23216 0.16045 0.24770 0.14071 0.25541 0.11760 0.25867 0.09827 0.25668 0.06041 0.25084 0.03052 0.24618 0.02242 0.18252 0.02835 0.17719 0.06345 0.18028 0.10291 0.19539 0.14051 0.20201 0.15209 0.21091 0.15837 0.21309 0.16731
6 1.00000 0.85219 0.99898 0.85142 0.87819 0.77046 0.00000 0.13833 0.00000 0.52326 0.02503 1.00000 0.51311 1.00000 1.00000 0.95465 1.00000 0.85219
1 0.21309 0.16731 0.21890 0.19601 0.20408 0.19825 0.20296 0.21552 0.17937 0.22766 0.18045 0.24833 0.22213 0.27572 0.28189 0.26734 0.28614 0.22750 0.26065 0.21439 0.25379 0.17791 0.23724 0.18726 0.23216 0.16045 0.24770 0.14071 0.25541 0.11760 0.25867 0.09827 0.25668 0.06041 0.25084 0.03052 0.24618 0.02242 0.18252 0.02835 0.17719 0.06345 0.18028 0.10291 0.19539 0.14051 0.20201 0.15209 0.21091 0.15837 0.21309 0.16731
6 1.00000 0.85219 0.99898 0.85142 0.87819 0.77046 0.00000 0.13833 0.00000 0.52326 0.02503 1.00000 0.51311 1.00000 1.00000 0.95465 1.00000 0.85219
1 0.21309 0.16731 0.21890 0.19601 0.20408 0.19825 0.20296 0.21552 0.17937 0.22766 0.18045 0.24833 0.22213 0.27572 0.28189 0.26734 0.28614 0.22750 0.26065 0.21439 0.25379 0.17791 0.23724 0.18726 0.23216 0.16045 0.24770 0.14071 0.25541 0.11760 0.25867 0.09827 0.25668 0.06041 0.25084 0.03052 0.24618 0.02242 0.18252 0.02835 0.17719 0.06345 0.18028 0.10291 0.19539 0.14051 0.20201 0.15209 0.21091 0.15837 0.21309 0.16731
