6 0.00000 0.37200 0.14050 0.35919 0.15237 0.33585 0.18169 0.31143 0.17919 0.27811 0.16249 0.26080 0.13900 0.21107 0.00000 0.22858 0.00000 0.37200
6 0.47046 0.00000 0.42353 0.00990 0.39741 0.16697 0.19494 0.18885 0.18030 0.22579 0.19296 0.28302 0.20326 0.28345 0.20779 0.32155 0.24443 0.32164 0.24714 0.34450 0.35123 0.33295 0.21169 1.00000 0.52954 1.00000 1.00000 0.90075 1.00000 0.49663 0.62198 0.00000 0.47046 0.00000
6 0.00000 0.37200 0.14050 0.35919 0.15237 0.33585 0.18169 0.31143 0.17919 0.27811 0.16249 0.26080 0.13900 0.21107 0.00000 0.22858 0.00000 0.37200
6 0.47046 0.00000 0.42353 0.00990 0.39741 0.16697 0.19494 0.18885 0.18030 0.22579 0.19296 0.28302 0.20326 0.28345 0.20779 0.32155 0.24443 0.32164 0.24714 0.34450 0.35123 0.33295 0.21169 1.00000 0.52954 1.00000 1.00000 0.90075 1.00000 0.49663 0.62198 0.00000 0.47046 0.00000
6 0.00000 0.37200 0.14050 0.35919 0.15237 0.33585 0.18169 0.31143 0.17919 0.27811 0.16249 0.26080 0.13900 0.21107 0.00000 0.22858 0.00000 0.37200
6 0.47046 0.00000 0.42353 0.00990 0.39741 0.16697 0.19494 0.18885 0.18030 0.22579 0.19296 0.28302 0.20326 0.28345 0.20779 0.32155 0.24443 0.32164 0.24714 0.34450 0.35123 0.33295 0.21169 1.00000 0.52954 1.00000 1.00000 0.90075 1.00000 0.49663 0.62198 0.00000 0.47046 0.00000
6 0.00000 0.37200 0.14050 0.35919 0.15237 0.33585 0.18169 0.31143 0.17919 0.27811 0.16249 0.26080 0.13900 0.21107 0.00000 0.22858 0.00000 0.37200
6 0.47046 0.00000 0.42353 0.00990 0.39741 0.16697 0.19494 0.18885 0.18030 0.22579 0.19296 0.28302 0.20326 0.28345 0.20779 0.32155 0.24443 0.32164 0.24714 0.34450 0.35123 0.33295 0.21169 1.00000 0.52954 1.00000 1.00000 0.90075 1.00000 0.49663 0.62198 0.00000 0.47046 0.00000
6 0.00000 0.37200 0.14050 0.35919 0.15237 0.33585 0.18169 0.31143 0.17919 0.27811 0.16249 0.26080 0.13900 0.21107 0.00000 0.22858 0.00000 0.37200
6 0.47046 0.00000 0.42353 0.00990 0.39741 0.16697 0.19494 0.18885 0.18030 0.22579 0.19296 0.28302 0.20326 0.28345 0.20779 0.32155 0.24443 0.32164 0.24714 0.34450 0.35123 0.33295 0.21169 1.00000 0.52954 1.00000 1.00000 0.90075 1.00000 0.49663 0.62198 0.00000 0.47046 0.00000
6 0.00000 0.37200 0.14050 0.35919 0.15237 0.33585 0.18169 0.31143 0.17919 0.27811 0.16249 0.26080 0.13900 0.21107 0.00000 0.22858 0.00000 0.37200
6 0.47046 0.00000 0.42353 0.00990 0.39741 0.16697 0.19494 0.18885 0.18030 0.22579 0.19296 0.28302 0.20326 0.28345 0.20779 0.32155 0.24443 0.32164 0.24714 0.34450 0.35123 0.33295 0.21169 1.00000 0.52954 1.00000 1.00000 0.90075 1.00000 0.49663 0.62198 0.00000 0.47046 0.00000
