6 0.00000 0.93275 0.18505 0.95866 0.15446 0.94256 0.14067 0.92932 0.11612 0.91834 0.10234 0.90510 0.09396 0.90393 0.06999 0.88549 0.05143 0.87912 0.03974 0.86617 0.02118 0.85980 0.01339 0.85117 0.00710 0.85029 0.00530 0.84627 0.00000 0.84375 0.00000 0.93275
6 0.00000 0.93275 0.07266 0.94293 0.05988 0.93309 0.02334 0.91289 0.00357 0.89504 0.00000 0.89454 0.00000 0.93275
6 0.00000 0.93275 0.18505 0.95866 0.15446 0.94256 0.14067 0.92932 0.11612 0.91834 0.10234 0.90510 0.09396 0.90393 0.06999 0.88549 0.05143 0.87912 0.03974 0.86617 0.02118 0.85980 0.01339 0.85117 0.00710 0.85029 0.00530 0.84627 0.00000 0.84375 0.00000 0.93275
6 0.00000 0.93275 0.07266 0.94293 0.05988 0.93309 0.02334 0.91289 0.00357 0.89504 0.00000 0.89454 0.00000 0.93275
6 0.00000 0.93275 0.18505 0.95866 0.15446 0.94256 0.14067 0.92932 0.11612 0.91834 0.10234 0.90510 0.09396 0.90393 0.06999 0.88549 0.05143 0.87912 0.03974 0.86617 0.02118 0.85980 0.01339 0.85117 0.00710 0.85029 0.00530 0.84627 0.00000 0.84375 0.00000 0.93275
6 0.00000 0.93275 0.07266 0.94293 0.05988 0.93309 0.02334 0.91289 0.00357 0.89504 0.00000 0.89454 0.00000 0.93275
6 0.00000 0.93275 0.18505 0.95866 0.15446 0.94256 0.14067 0.92932 0.11612 0.91834 0.10234 0.90510 0.09396 0.90393 0.06999 0.88549 0.05143 0.87912 0.03974 0.86617 0.02118 0.85980 0.01339 0.85117 0.00710 0.85029 0.00530 0.84627 0.00000 0.84375 0.00000 0.93275
6 0.00000 0.93275 0.07266 0.94293 0.05988 0.93309 0.02334 0.91289 0.00357 0.89504 0.00000 0.89454 0.00000 0.93275
6 0.00000 0.93275 0.18505 0.95866 0.15446 0.94256 0.14067 0.92932 0.11612 0.91834 0.10234 0.90510 0.09396 0.90393 0.06999 0.88549 0.05143 0.87912 0.03974 0.86617 0.02118 0.85980 0.01339 0.85117 0.00710 0.85029 0.00530 0.84627 0.00000 0.84375 0.00000 0.93275
6 0.00000 0.93275 0.07266 0.94293 0.05988 0.93309 0.02334 0.91289 0.00357 0.89504 0.00000 0.89454 0.00000 0.93275
6 0.00000 0.93275 0.18505 0.95866 0.15446 0.94256 0.14067 0.92932 0.11612 0.91834 0.10234 0.90510 0.09396 0.90393 0.06999 0.88549 0.05143 0.87912 0.03974 0.86617 0.02118 0.85980 0.01339 0.85117 0.00710 0.85029 0.00530 0.84627 0.00000 0.84375 0.00000 0.93275
6 0.00000 0.93275 0.07266 0.94293 0.05988 0.93309 0.02334 0.91289 0.00357 0.89504 0.00000 0.89454 0.00000 0.93275
