2 0.58141 0.26555 0.58075 0.24047 0.58623 0.21869 0.58778 0.20068 0.59335 0.18249 0.59307 0.17174 0.59836 0.14280 0.59665 0.11597 0.57046 0.11719 0.56854 0.12087 0.53438 0.12604 0.52555 0.13542 0.52583 0.14617 0.53857 0.17069 0.55390 0.21661 0.56243 0.23415 0.56463 0.24122 0.56529 0.26630 0.56740 0.26979 0.56758 0.27696 0.55587 0.29185 0.55826 0.30609 0.55538 0.31160 0.54732 0.31198 0.54041 0.31768 0.54079 0.33201 0.55613 0.34027 0.56035 0.34725 0.56946 0.34861 0.57427 0.33942 0.59230 0.33500 0.60421 0.32727 0.60824 0.32708 0.61859 0.33736 0.62148 0.33185 0.62072 0.30318 0.61555 0.29804 0.60135 0.29512 0.59272 0.27399 0.58466 0.27437 0.58141 0.26555
6 1.00000 0.79746 0.45355 0.23622 0.42030 0.19951 0.36204 0.18309 0.29994 0.17402 0.18039 0.17958 0.05846 0.19721 0.00000 0.20973 0.00000 0.28261 0.04569 0.27433 0.09808 0.27189 0.12251 0.28032 0.12673 0.28730 0.12576 0.30170 0.11901 0.35223 0.02582 1.00000 0.50655 1.00000 1.00000 0.97705 1.00000 0.79746
2 0.58141 0.26555 0.58075 0.24047 0.58623 0.21869 0.58778 0.20068 0.59335 0.18249 0.59307 0.17174 0.59836 0.14280 0.59665 0.11597 0.57046 0.11719 0.56854 0.12087 0.53438 0.12604 0.52555 0.13542 0.52583 0.14617 0.53857 0.17069 0.55390 0.21661 0.56243 0.23415 0.56463 0.24122 0.56529 0.26630 0.56740 0.26979 0.56758 0.27696 0.55587 0.29185 0.55826 0.30609 0.55538 0.31160 0.54732 0.31198 0.54041 0.31768 0.54079 0.33201 0.55613 0.34027 0.56035 0.34725 0.56946 0.34861 0.57427 0.33942 0.59230 0.33500 0.60421 0.32727 0.60824 0.32708 0.61859 0.33736 0.62148 0.33185 0.62072 0.30318 0.61555 0.29804 0.60135 0.29512 0.59272 0.27399 0.58466 0.27437 0.58141 0.26555
6 1.00000 0.79746 0.45355 0.23622 0.42030 0.19951 0.36204 0.18309 0.29994 0.17402 0.18039 0.17958 0.05846 0.19721 0.00000 0.20973 0.00000 0.28261 0.04569 0.27433 0.09808 0.27189 0.12251 0.28032 0.12673 0.28730 0.12576 0.30170 0.11901 0.35223 0.02582 1.00000 0.50655 1.00000 1.00000 0.97705 1.00000 0.79746
2 0.58141 0.26555 0.58075 0.24047 0.58623 0.21869 0.58778 0.20068 0.59335 0.18249 0.59307 0.17174 0.59836 0.14280 0.59665 0.11597 0.57046 0.11719 0.56854 0.12087 0.53438 0.12604 0.52555 0.13542 0.52583 0.14617 0.53857 0.17069 0.55390 0.21661 0.56243 0.23415 0.56463 0.24122 0.56529 0.26630 0.56740 0.26979 0.56758 0.27696 0.55587 0.29185 0.55826 0.30609 0.55538 0.31160 0.54732 0.31198 0.54041 0.31768 0.54079 0.33201 0.55613 0.34027 0.56035 0.34725 0.56946 0.34861 0.57427 0.33942 0.59230 0.33500 0.60421 0.32727 0.60824 0.32708 0.61859 0.33736 0.62148 0.33185 0.62072 0.30318 0.61555 0.29804 0.60135 0.29512 0.59272 0.27399 0.58466 0.27437 0.58141 0.26555
6 1.00000 0.79746 0.45355 0.23622 0.42030 0.19951 0.36204 0.18309 0.29994 0.17402 0.18039 0.17958 0.05846 0.19721 0.00000 0.20973 0.00000 0.28261 0.04569 0.27433 0.09808 0.27189 0.12251 0.28032 0.12673 0.28730 0.12576 0.30170 0.11901 0.35223 0.02582 1.00000 0.50655 1.00000 1.00000 0.97705 1.00000 0.79746
2 0.58141 0.26555 0.58075 0.24047 0.58623 0.21869 0.58778 0.20068 0.59335 0.18249 0.59307 0.17174 0.59836 0.14280 0.59665 0.11597 0.57046 0.11719 0.56854 0.12087 0.53438 0.12604 0.52555 0.13542 0.52583 0.14617 0.53857 0.17069 0.55390 0.21661 0.56243 0.23415 0.56463 0.24122 0.56529 0.26630 0.56740 0.26979 0.56758 0.27696 0.55587 0.29185 0.55826 0.30609 0.55538 0.31160 0.54732 0.31198 0.54041 0.31768 0.54079 0.33201 0.55613 0.34027 0.56035 0.34725 0.56946 0.34861 0.57427 0.33942 0.59230 0.33500 0.60421 0.32727 0.60824 0.32708 0.61859 0.33736 0.62148 0.33185 0.62072 0.30318 0.61555 0.29804 0.60135 0.29512 0.59272 0.27399 0.58466 0.27437 0.58141 0.26555
6 1.00000 0.79746 0.45355 0.23622 0.42030 0.19951 0.36204 0.18309 0.29994 0.17402 0.18039 0.17958 0.05846 0.19721 0.00000 0.20973 0.00000 0.28261 0.04569 0.27433 0.09808 0.27189 0.12251 0.28032 0.12673 0.28730 0.12576 0.30170 0.11901 0.35223 0.02582 1.00000 0.50655 1.00000 1.00000 0.97705 1.00000 0.79746
2 0.58141 0.26555 0.58075 0.24047 0.58623 0.21869 0.58778 0.20068 0.59335 0.18249 0.59307 0.17174 0.59836 0.14280 0.59665 0.11597 0.57046 0.11719 0.56854 0.12087 0.53438 0.12604 0.52555 0.13542 0.52583 0.14617 0.53857 0.17069 0.55390 0.21661 0.56243 0.23415 0.56463 0.24122 0.56529 0.26630 0.56740 0.26979 0.56758 0.27696 0.55587 0.29185 0.55826 0.30609 0.55538 0.31160 0.54732 0.31198 0.54041 0.31768 0.54079 0.33201 0.55613 0.34027 0.56035 0.34725 0.56946 0.34861 0.57427 0.33942 0.59230 0.33500 0.60421 0.32727 0.60824 0.32708 0.61859 0.33736 0.62148 0.33185 0.62072 0.30318 0.61555 0.29804 0.60135 0.29512 0.59272 0.27399 0.58466 0.27437 0.58141 0.26555
6 1.00000 0.79746 0.45355 0.23622 0.42030 0.19951 0.36204 0.18309 0.29994 0.17402 0.18039 0.17958 0.05846 0.19721 0.00000 0.20973 0.00000 0.28261 0.04569 0.27433 0.09808 0.27189 0.12251 0.28032 0.12673 0.28730 0.12576 0.30170 0.11901 0.35223 0.02582 1.00000 0.50655 1.00000 1.00000 0.97705 1.00000 0.79746
2 0.58141 0.26555 0.58075 0.24047 0.58623 0.21869 0.58778 0.20068 0.59335 0.18249 0.59307 0.17174 0.59836 0.14280 0.59665 0.11597 0.57046 0.11719 0.56854 0.12087 0.53438 0.12604 0.52555 0.13542 0.52583 0.14617 0.53857 0.17069 0.55390 0.21661 0.56243 0.23415 0.56463 0.24122 0.56529 0.26630 0.56740 0.26979 0.56758 0.27696 0.55587 0.29185 0.55826 0.30609 0.55538 0.31160 0.54732 0.31198 0.54041 0.31768 0.54079 0.33201 0.55613 0.34027 0.56035 0.34725 0.56946 0.34861 0.57427 0.33942 0.59230 0.33500 0.60421 0.32727 0.60824 0.32708 0.61859 0.33736 0.62148 0.33185 0.62072 0.30318 0.61555 0.29804 0.60135 0.29512 0.59272 0.27399 0.58466 0.27437 0.58141 0.26555
6 1.00000 0.79746 0.45355 0.23622 0.42030 0.19951 0.36204 0.18309 0.29994 0.17402 0.18039 0.17958 0.05846 0.19721 0.00000 0.20973 0.00000 0.28261 0.04569 0.27433 0.09808 0.27189 0.12251 0.28032 0.12673 0.28730 0.12576 0.30170 0.11901 0.35223 0.02582 1.00000 0.50655 1.00000 1.00000 0.97705 1.00000 0.79746
