6 0.00000 0.39553 0.20146 0.39129 0.21258 0.35116 0.23138 0.35048 0.23758 0.34468 0.24158 0.32965 0.23586 0.31143 0.23321 0.31187 0.21863 0.29989 0.20739 0.28018 0.20147 0.24523 0.20217 0.22357 0.00000 0.22586 0.00000 0.39553
6 1.00000 0.47034 0.66989 0.02257 0.49121 0.04221 0.45115 0.20679 0.24794 0.22327 0.24437 0.24300 0.25287 0.32062 0.26148 0.32640 0.26520 0.35213 0.29948 0.34413 0.30185 0.38444 0.41351 0.38294 0.26472 1.00000 0.52296 1.00000 1.00000 0.92198 1.00000 0.47034
7 0.77277 0.00000 0.77466 0.00484 0.77263 0.02671 0.77524 0.05502 0.77358 0.05888 0.77554 0.08011 0.77387 0.08398 0.77847 0.11195 0.77597 0.11775 0.76801 0.11905 0.76385 0.12871 0.76480 0.16088 0.76827 0.16570 0.77623 0.16439 0.77855 0.16761 0.78452 0.16663 0.78618 0.16277 0.79447 0.16500 0.79979 0.15695 0.80377 0.15630 0.80609 0.15951 0.81405 0.15821 0.81670 0.16496 0.82151 0.16238 0.82125 0.11573 0.81546 0.10770 0.80981 0.11221 0.79472 0.11289 0.79247 0.06657 0.79450 0.04469 0.79353 0.00000 0.77277 0.00000
7 0.40713 0.14934 0.40163 0.16641 0.40522 0.20532 0.44901 0.19816 0.45234 0.19043 0.44738 0.18047 0.44673 0.17339 0.44922 0.16760 0.45154 0.17081 0.45205 0.16534 0.44709 0.15538 0.44843 0.14798 0.44495 0.14316 0.44328 0.14702 0.43981 0.14220 0.43427 0.08205 0.43644 0.07272 0.43825 0.08141 0.44024 0.08108 0.43962 0.05245 0.43614 0.04763 0.43629 0.06018 0.43546 0.06211 0.43198 0.05729 0.42477 0.00855 0.40157 0.01234 0.40350 0.03322 0.40082 0.04802 0.40376 0.07986 0.40904 0.09336 0.41162 0.14322 0.40713 0.14934
6 0.00000 0.39553 0.20146 0.39129 0.21258 0.35116 0.23138 0.35048 0.23758 0.34468 0.24158 0.32965 0.23586 0.31143 0.23321 0.31187 0.21863 0.29989 0.20739 0.28018 0.20147 0.24523 0.20217 0.22357 0.00000 0.22586 0.00000 0.39553
6 1.00000 0.47034 0.66989 0.02257 0.49121 0.04221 0.45115 0.20679 0.24794 0.22327 0.24437 0.24300 0.25287 0.32062 0.26148 0.32640 0.26520 0.35213 0.29948 0.34413 0.30185 0.38444 0.41351 0.38294 0.26472 1.00000 0.52296 1.00000 1.00000 0.92198 1.00000 0.47034
7 0.77277 0.00000 0.77466 0.00484 0.77263 0.02671 0.77524 0.05502 0.77358 0.05888 0.77554 0.08011 0.77387 0.08398 0.77847 0.11195 0.77597 0.11775 0.76801 0.11905 0.76385 0.12871 0.76480 0.16088 0.76827 0.16570 0.77623 0.16439 0.77855 0.16761 0.78452 0.16663 0.78618 0.16277 0.79447 0.16500 0.79979 0.15695 0.80377 0.15630 0.80609 0.15951 0.81405 0.15821 0.81670 0.16496 0.82151 0.16238 0.82125 0.11573 0.81546 0.10770 0.80981 0.11221 0.79472 0.11289 0.79247 0.06657 0.79450 0.04469 0.79353 0.00000 0.77277 0.00000
7 0.40713 0.14934 0.40163 0.16641 0.40522 0.20532 0.44901 0.19816 0.45234 0.19043 0.44738 0.18047 0.44673 0.17339 0.44922 0.16760 0.45154 0.17081 0.45205 0.16534 0.44709 0.15538 0.44843 0.14798 0.44495 0.14316 0.44328 0.14702 0.43981 0.14220 0.43427 0.08205 0.43644 0.07272 0.43825 0.08141 0.44024 0.08108 0.43962 0.05245 0.43614 0.04763 0.43629 0.06018 0.43546 0.06211 0.43198 0.05729 0.42477 0.00855 0.40157 0.01234 0.40350 0.03322 0.40082 0.04802 0.40376 0.07986 0.40904 0.09336 0.41162 0.14322 0.40713 0.14934
6 0.00000 0.39553 0.20146 0.39129 0.21258 0.35116 0.23138 0.35048 0.23758 0.34468 0.24158 0.32965 0.23586 0.31143 0.23321 0.31187 0.21863 0.29989 0.20739 0.28018 0.20147 0.24523 0.20217 0.22357 0.00000 0.22586 0.00000 0.39553
6 1.00000 0.47034 0.66989 0.02257 0.49121 0.04221 0.45115 0.20679 0.24794 0.22327 0.24437 0.24300 0.25287 0.32062 0.26148 0.32640 0.26520 0.35213 0.29948 0.34413 0.30185 0.38444 0.41351 0.38294 0.26472 1.00000 0.52296 1.00000 1.00000 0.92198 1.00000 0.47034
7 0.77277 0.00000 0.77466 0.00484 0.77263 0.02671 0.77524 0.05502 0.77358 0.05888 0.77554 0.08011 0.77387 0.08398 0.77847 0.11195 0.77597 0.11775 0.76801 0.11905 0.76385 0.12871 0.76480 0.16088 0.76827 0.16570 0.77623 0.16439 0.77855 0.16761 0.78452 0.16663 0.78618 0.16277 0.79447 0.16500 0.79979 0.15695 0.80377 0.15630 0.80609 0.15951 0.81405 0.15821 0.81670 0.16496 0.82151 0.16238 0.82125 0.11573 0.81546 0.10770 0.80981 0.11221 0.79472 0.11289 0.79247 0.06657 0.79450 0.04469 0.79353 0.00000 0.77277 0.00000
7 0.40713 0.14934 0.40163 0.16641 0.40522 0.20532 0.44901 0.19816 0.45234 0.19043 0.44738 0.18047 0.44673 0.17339 0.44922 0.16760 0.45154 0.17081 0.45205 0.16534 0.44709 0.15538 0.44843 0.14798 0.44495 0.14316 0.44328 0.14702 0.43981 0.14220 0.43427 0.08205 0.43644 0.07272 0.43825 0.08141 0.44024 0.08108 0.43962 0.05245 0.43614 0.04763 0.43629 0.06018 0.43546 0.06211 0.43198 0.05729 0.42477 0.00855 0.40157 0.01234 0.40350 0.03322 0.40082 0.04802 0.40376 0.07986 0.40904 0.09336 0.41162 0.14322 0.40713 0.14934
6 0.00000 0.39553 0.20146 0.39129 0.21258 0.35116 0.23138 0.35048 0.23758 0.34468 0.24158 0.32965 0.23586 0.31143 0.23321 0.31187 0.21863 0.29989 0.20739 0.28018 0.20147 0.24523 0.20217 0.22357 0.00000 0.22586 0.00000 0.39553
6 1.00000 0.47034 0.66989 0.02257 0.49121 0.04221 0.45115 0.20679 0.24794 0.22327 0.24437 0.24300 0.25287 0.32062 0.26148 0.32640 0.26520 0.35213 0.29948 0.34413 0.30185 0.38444 0.41351 0.38294 0.26472 1.00000 0.52296 1.00000 1.00000 0.92198 1.00000 0.47034
7 0.77277 0.00000 0.77466 0.00484 0.77263 0.02671 0.77524 0.05502 0.77358 0.05888 0.77554 0.08011 0.77387 0.08398 0.77847 0.11195 0.77597 0.11775 0.76801 0.11905 0.76385 0.12871 0.76480 0.16088 0.76827 0.16570 0.77623 0.16439 0.77855 0.16761 0.78452 0.16663 0.78618 0.16277 0.79447 0.16500 0.79979 0.15695 0.80377 0.15630 0.80609 0.15951 0.81405 0.15821 0.81670 0.16496 0.82151 0.16238 0.82125 0.11573 0.81546 0.10770 0.80981 0.11221 0.79472 0.11289 0.79247 0.06657 0.79450 0.04469 0.79353 0.00000 0.77277 0.00000
7 0.40713 0.14934 0.40163 0.16641 0.40522 0.20532 0.44901 0.19816 0.45234 0.19043 0.44738 0.18047 0.44673 0.17339 0.44922 0.16760 0.45154 0.17081 0.45205 0.16534 0.44709 0.15538 0.44843 0.14798 0.44495 0.14316 0.44328 0.14702 0.43981 0.14220 0.43427 0.08205 0.43644 0.07272 0.43825 0.08141 0.44024 0.08108 0.43962 0.05245 0.43614 0.04763 0.43629 0.06018 0.43546 0.06211 0.43198 0.05729 0.42477 0.00855 0.40157 0.01234 0.40350 0.03322 0.40082 0.04802 0.40376 0.07986 0.40904 0.09336 0.41162 0.14322 0.40713 0.14934
6 0.00000 0.39553 0.20146 0.39129 0.21258 0.35116 0.23138 0.35048 0.23758 0.34468 0.24158 0.32965 0.23586 0.31143 0.23321 0.31187 0.21863 0.29989 0.20739 0.28018 0.20147 0.24523 0.20217 0.22357 0.00000 0.22586 0.00000 0.39553
6 1.00000 0.47034 0.66989 0.02257 0.49121 0.04221 0.45115 0.20679 0.24794 0.22327 0.24437 0.24300 0.25287 0.32062 0.26148 0.32640 0.26520 0.35213 0.29948 0.34413 0.30185 0.38444 0.41351 0.38294 0.26472 1.00000 0.52296 1.00000 1.00000 0.92198 1.00000 0.47034
7 0.77277 0.00000 0.77466 0.00484 0.77263 0.02671 0.77524 0.05502 0.77358 0.05888 0.77554 0.08011 0.77387 0.08398 0.77847 0.11195 0.77597 0.11775 0.76801 0.11905 0.76385 0.12871 0.76480 0.16088 0.76827 0.16570 0.77623 0.16439 0.77855 0.16761 0.78452 0.16663 0.78618 0.16277 0.79447 0.16500 0.79979 0.15695 0.80377 0.15630 0.80609 0.15951 0.81405 0.15821 0.81670 0.16496 0.82151 0.16238 0.82125 0.11573 0.81546 0.10770 0.80981 0.11221 0.79472 0.11289 0.79247 0.06657 0.79450 0.04469 0.79353 0.00000 0.77277 0.00000
7 0.40713 0.14934 0.40163 0.16641 0.40522 0.20532 0.44901 0.19816 0.45234 0.19043 0.44738 0.18047 0.44673 0.17339 0.44922 0.16760 0.45154 0.17081 0.45205 0.16534 0.44709 0.15538 0.44843 0.14798 0.44495 0.14316 0.44328 0.14702 0.43981 0.14220 0.43427 0.08205 0.43644 0.07272 0.43825 0.08141 0.44024 0.08108 0.43962 0.05245 0.43614 0.04763 0.43629 0.06018 0.43546 0.06211 0.43198 0.05729 0.42477 0.00855 0.40157 0.01234 0.40350 0.03322 0.40082 0.04802 0.40376 0.07986 0.40904 0.09336 0.41162 0.14322 0.40713 0.14934
6 0.00000 0.39553 0.20146 0.39129 0.21258 0.35116 0.23138 0.35048 0.23758 0.34468 0.24158 0.32965 0.23586 0.31143 0.23321 0.31187 0.21863 0.29989 0.20739 0.28018 0.20147 0.24523 0.20217 0.22357 0.00000 0.22586 0.00000 0.39553
6 1.00000 0.47034 0.66989 0.02257 0.49121 0.04221 0.45115 0.20679 0.24794 0.22327 0.24437 0.24300 0.25287 0.32062 0.26148 0.32640 0.26520 0.35213 0.29948 0.34413 0.30185 0.38444 0.41351 0.38294 0.26472 1.00000 0.52296 1.00000 1.00000 0.92198 1.00000 0.47034
7 0.77277 0.00000 0.77466 0.00484 0.77263 0.02671 0.77524 0.05502 0.77358 0.05888 0.77554 0.08011 0.77387 0.08398 0.77847 0.11195 0.77597 0.11775 0.76801 0.11905 0.76385 0.12871 0.76480 0.16088 0.76827 0.16570 0.77623 0.16439 0.77855 0.16761 0.78452 0.16663 0.78618 0.16277 0.79447 0.16500 0.79979 0.15695 0.80377 0.15630 0.80609 0.15951 0.81405 0.15821 0.81670 0.16496 0.82151 0.16238 0.82125 0.11573 0.81546 0.10770 0.80981 0.11221 0.79472 0.11289 0.79247 0.06657 0.79450 0.04469 0.79353 0.00000 0.77277 0.00000
7 0.40713 0.14934 0.40163 0.16641 0.40522 0.20532 0.44901 0.19816 0.45234 0.19043 0.44738 0.18047 0.44673 0.17339 0.44922 0.16760 0.45154 0.17081 0.45205 0.16534 0.44709 0.15538 0.44843 0.14798 0.44495 0.14316 0.44328 0.14702 0.43981 0.14220 0.43427 0.08205 0.43644 0.07272 0.43825 0.08141 0.44024 0.08108 0.43962 0.05245 0.43614 0.04763 0.43629 0.06018 0.43546 0.06211 0.43198 0.05729 0.42477 0.00855 0.40157 0.01234 0.40350 0.03322 0.40082 0.04802 0.40376 0.07986 0.40904 0.09336 0.41162 0.14322 0.40713 0.14934
