4 0.82033 0.67097 0.84017 0.63824 0.84622 0.61153 0.84578 0.57737 0.84136 0.56609 0.84126 0.55850 0.82489 0.53041 0.80768 0.51942 0.78849 0.51987 0.77371 0.53160 0.76017 0.55659 0.75417 0.58709 0.75680 0.62500 0.76572 0.65516 0.77555 0.67201 0.78527 0.68128 0.78552 0.70025 0.78239 0.70602 0.77386 0.70621 0.76563 0.72918 0.75070 0.72953 0.74549 0.73914 0.74559 0.74673 0.75224 0.76556 0.78597 0.81602 0.82967 0.81311 0.83924 0.81099 0.84658 0.80132 0.84643 0.78994 0.84196 0.77486 0.84826 0.76712 0.84811 0.75574 0.83398 0.73519 0.82321 0.72784 0.81870 0.70897 0.80585 0.70547 0.80446 0.68083 0.82033 0.67097
7 0.25083 0.59880 0.25301 0.60254 0.25619 0.68219 0.23809 0.68451 0.22757 0.69614 0.22033 0.71339 0.22574 0.71896 0.23427 0.71876 0.25376 0.74109 0.25803 0.74098 0.27335 0.77100 0.28719 0.76878 0.29037 0.76681 0.29969 0.74571 0.30157 0.72669 0.29939 0.72294 0.29894 0.68879 0.29567 0.68317 0.27965 0.68164 0.28377 0.67016 0.27726 0.49948 0.25484 0.49811 0.24959 0.50393 0.25083 0.59880
7 0.33232 0.46784 0.32894 0.45463 0.31401 0.45498 0.30662 0.46084 0.30702 0.49120 0.30921 0.49495 0.31233 0.57080 0.31675 0.58208 0.31154 0.59169 0.30722 0.58800 0.30197 0.59381 0.30226 0.61658 0.30018 0.62043 0.30564 0.62979 0.34080 0.62707 0.35553 0.61155 0.35514 0.58119 0.34978 0.57941 0.34775 0.58705 0.33386 0.58548 0.33584 0.57405 0.33540 0.53989 0.33321 0.53614 0.33510 0.51712 0.33053 0.49445 0.33262 0.49061 0.33232 0.46784
6 0.16934 0.64814 0.16621 0.65391 0.16656 0.68048 0.16874 0.68422 0.16671 0.69186 0.17336 0.71069 0.17346 0.71828 0.17673 0.72389 0.19484 0.72158 0.21502 0.71541 0.22960 0.68850 0.25083 0.68041 0.25148 0.64813 0.24924 0.64059 0.21829 0.63941 0.21621 0.64326 0.20768 0.64346 0.20336 0.63976 0.20128 0.64361 0.17355 0.64425 0.16934 0.64814
6 0.11419 0.75382 0.12148 0.74036 0.12574 0.74027 0.13413 0.72868 0.14687 0.72459 0.15198 0.70739 0.15158 0.67703 0.14067 0.65830 0.13621 0.64322 0.13080 0.63765 0.09881 0.63839 0.09038 0.64618 0.07118 0.64663 0.06910 0.65048 0.00938 0.65186 0.00715 0.64432 0.00182 0.64445 0.00316 0.74691 0.05968 0.74560 0.06742 0.76630 0.06643 0.77201 0.11012 0.76910 0.11429 0.76141 0.11419 0.75382
6 1.00000 0.60985 0.99234 0.61003 0.99016 0.60629 0.98163 0.60648 0.97955 0.61033 0.97736 0.60658 0.96457 0.60688 0.96248 0.61072 0.95609 0.61087 0.95390 0.60713 0.90912 0.60817 0.89622 0.60088 0.84930 0.60196 0.84637 0.62291 0.83809 0.64209 0.83616 0.65732 0.82663 0.66323 0.81726 0.68053 0.81944 0.68428 0.81964 0.69946 0.82733 0.71636 0.87212 0.71532 0.87306 0.70581 0.87618 0.70004 0.87837 0.70379 0.88685 0.69979 0.90406 0.71078 0.93392 0.71009 0.93610 0.71383 0.94245 0.70989 0.94443 0.69845 0.94870 0.69836 0.94979 0.70023 0.94557 0.70412 0.94567 0.71171 0.95321 0.71723 0.97985 0.71471 1.00000 0.71168 1.00000 0.70064 0.99671 0.69914 1.00000 0.69709 1.00000 0.60985
6 0.50328 1.00000 0.90907 0.99057 0.90769 0.98781 0.90124 0.98417 0.88383 0.95800 0.87957 0.95810 0.87297 0.94307 0.86216 0.93193 0.85452 0.91882 0.85660 0.91498 0.85546 0.90931 0.85124 0.91320 0.84256 0.90202 0.83929 0.89640 0.84132 0.88876 0.83805 0.88314 0.83601 0.89078 0.83378 0.88324 0.82952 0.88334 0.79033 0.82351 0.77307 0.80873 0.73929 0.75447 0.73488 0.74318 0.73899 0.73170 0.73785 0.72604 0.76335 0.71785 0.76955 0.70252 0.77902 0.69281 0.77887 0.68143 0.77346 0.67586 0.76577 0.65895 0.75903 0.63254 0.75248 0.62130 0.75238 0.61371 0.74911 0.60809 0.73631 0.60839 0.73413 0.60464 0.69366 0.60938 0.68076 0.60209 0.49739 0.61015 0.49531 0.61399 0.49099 0.61030 0.48891 0.61414 0.39293 0.61638 0.39085 0.62022 0.37800 0.61672 0.36744 0.62456 0.36312 0.62086 0.35682 0.62860 0.34621 0.63264 0.34204 0.64033 0.30152 0.64127 0.29418 0.65094 0.29438 0.66612 0.30728 0.67341 0.30996 0.71511 0.31219 0.72264 0.30381 0.73423 0.30187 0.74946 0.28318 0.78785 0.27499 0.81462 0.26661 0.82620 0.26046 0.84532 0.25416 0.85306 0.23348 0.90289 0.22510 0.91448 0.22311 0.92591 0.21999 0.93168 0.21359 0.93182 0.21047 0.93759 0.21270 0.94513 0.20858 0.95662 0.19822 0.97963 0.18984 0.99122 0.18994 0.99881 0.18935 1.00000 0.50328 1.00000
4 0.82033 0.67097 0.84017 0.63824 0.84622 0.61153 0.84578 0.57737 0.84136 0.56609 0.84126 0.55850 0.82489 0.53041 0.80768 0.51942 0.78849 0.51987 0.77371 0.53160 0.76017 0.55659 0.75417 0.58709 0.75680 0.62500 0.76572 0.65516 0.77555 0.67201 0.78527 0.68128 0.78552 0.70025 0.78239 0.70602 0.77386 0.70621 0.76563 0.72918 0.75070 0.72953 0.74549 0.73914 0.74559 0.74673 0.75224 0.76556 0.78597 0.81602 0.82967 0.81311 0.83924 0.81099 0.84658 0.80132 0.84643 0.78994 0.84196 0.77486 0.84826 0.76712 0.84811 0.75574 0.83398 0.73519 0.82321 0.72784 0.81870 0.70897 0.80585 0.70547 0.80446 0.68083 0.82033 0.67097
7 0.25083 0.59880 0.25301 0.60254 0.25619 0.68219 0.23809 0.68451 0.22757 0.69614 0.22033 0.71339 0.22574 0.71896 0.23427 0.71876 0.25376 0.74109 0.25803 0.74098 0.27335 0.77100 0.28719 0.76878 0.29037 0.76681 0.29969 0.74571 0.30157 0.72669 0.29939 0.72294 0.29894 0.68879 0.29567 0.68317 0.27965 0.68164 0.28377 0.67016 0.27726 0.49948 0.25484 0.49811 0.24959 0.50393 0.25083 0.59880
7 0.33232 0.46784 0.32894 0.45463 0.31401 0.45498 0.30662 0.46084 0.30702 0.49120 0.30921 0.49495 0.31233 0.57080 0.31675 0.58208 0.31154 0.59169 0.30722 0.58800 0.30197 0.59381 0.30226 0.61658 0.30018 0.62043 0.30564 0.62979 0.34080 0.62707 0.35553 0.61155 0.35514 0.58119 0.34978 0.57941 0.34775 0.58705 0.33386 0.58548 0.33584 0.57405 0.33540 0.53989 0.33321 0.53614 0.33510 0.51712 0.33053 0.49445 0.33262 0.49061 0.33232 0.46784
6 0.16934 0.64814 0.16621 0.65391 0.16656 0.68048 0.16874 0.68422 0.16671 0.69186 0.17336 0.71069 0.17346 0.71828 0.17673 0.72389 0.19484 0.72158 0.21502 0.71541 0.22960 0.68850 0.25083 0.68041 0.25148 0.64813 0.24924 0.64059 0.21829 0.63941 0.21621 0.64326 0.20768 0.64346 0.20336 0.63976 0.20128 0.64361 0.17355 0.64425 0.16934 0.64814
6 0.11419 0.75382 0.12148 0.74036 0.12574 0.74027 0.13413 0.72868 0.14687 0.72459 0.15198 0.70739 0.15158 0.67703 0.14067 0.65830 0.13621 0.64322 0.13080 0.63765 0.09881 0.63839 0.09038 0.64618 0.07118 0.64663 0.06910 0.65048 0.00938 0.65186 0.00715 0.64432 0.00182 0.64445 0.00316 0.74691 0.05968 0.74560 0.06742 0.76630 0.06643 0.77201 0.11012 0.76910 0.11429 0.76141 0.11419 0.75382
6 1.00000 0.60985 0.99234 0.61003 0.99016 0.60629 0.98163 0.60648 0.97955 0.61033 0.97736 0.60658 0.96457 0.60688 0.96248 0.61072 0.95609 0.61087 0.95390 0.60713 0.90912 0.60817 0.89622 0.60088 0.84930 0.60196 0.84637 0.62291 0.83809 0.64209 0.83616 0.65732 0.82663 0.66323 0.81726 0.68053 0.81944 0.68428 0.81964 0.69946 0.82733 0.71636 0.87212 0.71532 0.87306 0.70581 0.87618 0.70004 0.87837 0.70379 0.88685 0.69979 0.90406 0.71078 0.93392 0.71009 0.93610 0.71383 0.94245 0.70989 0.94443 0.69845 0.94870 0.69836 0.94979 0.70023 0.94557 0.70412 0.94567 0.71171 0.95321 0.71723 0.97985 0.71471 1.00000 0.71168 1.00000 0.70064 0.99671 0.69914 1.00000 0.69709 1.00000 0.60985
6 0.50328 1.00000 0.90907 0.99057 0.90769 0.98781 0.90124 0.98417 0.88383 0.95800 0.87957 0.95810 0.87297 0.94307 0.86216 0.93193 0.85452 0.91882 0.85660 0.91498 0.85546 0.90931 0.85124 0.91320 0.84256 0.90202 0.83929 0.89640 0.84132 0.88876 0.83805 0.88314 0.83601 0.89078 0.83378 0.88324 0.82952 0.88334 0.79033 0.82351 0.77307 0.80873 0.73929 0.75447 0.73488 0.74318 0.73899 0.73170 0.73785 0.72604 0.76335 0.71785 0.76955 0.70252 0.77902 0.69281 0.77887 0.68143 0.77346 0.67586 0.76577 0.65895 0.75903 0.63254 0.75248 0.62130 0.75238 0.61371 0.74911 0.60809 0.73631 0.60839 0.73413 0.60464 0.69366 0.60938 0.68076 0.60209 0.49739 0.61015 0.49531 0.61399 0.49099 0.61030 0.48891 0.61414 0.39293 0.61638 0.39085 0.62022 0.37800 0.61672 0.36744 0.62456 0.36312 0.62086 0.35682 0.62860 0.34621 0.63264 0.34204 0.64033 0.30152 0.64127 0.29418 0.65094 0.29438 0.66612 0.30728 0.67341 0.30996 0.71511 0.31219 0.72264 0.30381 0.73423 0.30187 0.74946 0.28318 0.78785 0.27499 0.81462 0.26661 0.82620 0.26046 0.84532 0.25416 0.85306 0.23348 0.90289 0.22510 0.91448 0.22311 0.92591 0.21999 0.93168 0.21359 0.93182 0.21047 0.93759 0.21270 0.94513 0.20858 0.95662 0.19822 0.97963 0.18984 0.99122 0.18994 0.99881 0.18935 1.00000 0.50328 1.00000
4 0.82033 0.67097 0.84017 0.63824 0.84622 0.61153 0.84578 0.57737 0.84136 0.56609 0.84126 0.55850 0.82489 0.53041 0.80768 0.51942 0.78849 0.51987 0.77371 0.53160 0.76017 0.55659 0.75417 0.58709 0.75680 0.62500 0.76572 0.65516 0.77555 0.67201 0.78527 0.68128 0.78552 0.70025 0.78239 0.70602 0.77386 0.70621 0.76563 0.72918 0.75070 0.72953 0.74549 0.73914 0.74559 0.74673 0.75224 0.76556 0.78597 0.81602 0.82967 0.81311 0.83924 0.81099 0.84658 0.80132 0.84643 0.78994 0.84196 0.77486 0.84826 0.76712 0.84811 0.75574 0.83398 0.73519 0.82321 0.72784 0.81870 0.70897 0.80585 0.70547 0.80446 0.68083 0.82033 0.67097
7 0.25083 0.59880 0.25301 0.60254 0.25619 0.68219 0.23809 0.68451 0.22757 0.69614 0.22033 0.71339 0.22574 0.71896 0.23427 0.71876 0.25376 0.74109 0.25803 0.74098 0.27335 0.77100 0.28719 0.76878 0.29037 0.76681 0.29969 0.74571 0.30157 0.72669 0.29939 0.72294 0.29894 0.68879 0.29567 0.68317 0.27965 0.68164 0.28377 0.67016 0.27726 0.49948 0.25484 0.49811 0.24959 0.50393 0.25083 0.59880
7 0.33232 0.46784 0.32894 0.45463 0.31401 0.45498 0.30662 0.46084 0.30702 0.49120 0.30921 0.49495 0.31233 0.57080 0.31675 0.58208 0.31154 0.59169 0.30722 0.58800 0.30197 0.59381 0.30226 0.61658 0.30018 0.62043 0.30564 0.62979 0.34080 0.62707 0.35553 0.61155 0.35514 0.58119 0.34978 0.57941 0.34775 0.58705 0.33386 0.58548 0.33584 0.57405 0.33540 0.53989 0.33321 0.53614 0.33510 0.51712 0.33053 0.49445 0.33262 0.49061 0.33232 0.46784
6 0.16934 0.64814 0.16621 0.65391 0.16656 0.68048 0.16874 0.68422 0.16671 0.69186 0.17336 0.71069 0.17346 0.71828 0.17673 0.72389 0.19484 0.72158 0.21502 0.71541 0.22960 0.68850 0.25083 0.68041 0.25148 0.64813 0.24924 0.64059 0.21829 0.63941 0.21621 0.64326 0.20768 0.64346 0.20336 0.63976 0.20128 0.64361 0.17355 0.64425 0.16934 0.64814
6 0.11419 0.75382 0.12148 0.74036 0.12574 0.74027 0.13413 0.72868 0.14687 0.72459 0.15198 0.70739 0.15158 0.67703 0.14067 0.65830 0.13621 0.64322 0.13080 0.63765 0.09881 0.63839 0.09038 0.64618 0.07118 0.64663 0.06910 0.65048 0.00938 0.65186 0.00715 0.64432 0.00182 0.64445 0.00316 0.74691 0.05968 0.74560 0.06742 0.76630 0.06643 0.77201 0.11012 0.76910 0.11429 0.76141 0.11419 0.75382
6 1.00000 0.60985 0.99234 0.61003 0.99016 0.60629 0.98163 0.60648 0.97955 0.61033 0.97736 0.60658 0.96457 0.60688 0.96248 0.61072 0.95609 0.61087 0.95390 0.60713 0.90912 0.60817 0.89622 0.60088 0.84930 0.60196 0.84637 0.62291 0.83809 0.64209 0.83616 0.65732 0.82663 0.66323 0.81726 0.68053 0.81944 0.68428 0.81964 0.69946 0.82733 0.71636 0.87212 0.71532 0.87306 0.70581 0.87618 0.70004 0.87837 0.70379 0.88685 0.69979 0.90406 0.71078 0.93392 0.71009 0.93610 0.71383 0.94245 0.70989 0.94443 0.69845 0.94870 0.69836 0.94979 0.70023 0.94557 0.70412 0.94567 0.71171 0.95321 0.71723 0.97985 0.71471 1.00000 0.71168 1.00000 0.70064 0.99671 0.69914 1.00000 0.69709 1.00000 0.60985
6 0.50328 1.00000 0.90907 0.99057 0.90769 0.98781 0.90124 0.98417 0.88383 0.95800 0.87957 0.95810 0.87297 0.94307 0.86216 0.93193 0.85452 0.91882 0.85660 0.91498 0.85546 0.90931 0.85124 0.91320 0.84256 0.90202 0.83929 0.89640 0.84132 0.88876 0.83805 0.88314 0.83601 0.89078 0.83378 0.88324 0.82952 0.88334 0.79033 0.82351 0.77307 0.80873 0.73929 0.75447 0.73488 0.74318 0.73899 0.73170 0.73785 0.72604 0.76335 0.71785 0.76955 0.70252 0.77902 0.69281 0.77887 0.68143 0.77346 0.67586 0.76577 0.65895 0.75903 0.63254 0.75248 0.62130 0.75238 0.61371 0.74911 0.60809 0.73631 0.60839 0.73413 0.60464 0.69366 0.60938 0.68076 0.60209 0.49739 0.61015 0.49531 0.61399 0.49099 0.61030 0.48891 0.61414 0.39293 0.61638 0.39085 0.62022 0.37800 0.61672 0.36744 0.62456 0.36312 0.62086 0.35682 0.62860 0.34621 0.63264 0.34204 0.64033 0.30152 0.64127 0.29418 0.65094 0.29438 0.66612 0.30728 0.67341 0.30996 0.71511 0.31219 0.72264 0.30381 0.73423 0.30187 0.74946 0.28318 0.78785 0.27499 0.81462 0.26661 0.82620 0.26046 0.84532 0.25416 0.85306 0.23348 0.90289 0.22510 0.91448 0.22311 0.92591 0.21999 0.93168 0.21359 0.93182 0.21047 0.93759 0.21270 0.94513 0.20858 0.95662 0.19822 0.97963 0.18984 0.99122 0.18994 0.99881 0.18935 1.00000 0.50328 1.00000
4 0.82033 0.67097 0.84017 0.63824 0.84622 0.61153 0.84578 0.57737 0.84136 0.56609 0.84126 0.55850 0.82489 0.53041 0.80768 0.51942 0.78849 0.51987 0.77371 0.53160 0.76017 0.55659 0.75417 0.58709 0.75680 0.62500 0.76572 0.65516 0.77555 0.67201 0.78527 0.68128 0.78552 0.70025 0.78239 0.70602 0.77386 0.70621 0.76563 0.72918 0.75070 0.72953 0.74549 0.73914 0.74559 0.74673 0.75224 0.76556 0.78597 0.81602 0.82967 0.81311 0.83924 0.81099 0.84658 0.80132 0.84643 0.78994 0.84196 0.77486 0.84826 0.76712 0.84811 0.75574 0.83398 0.73519 0.82321 0.72784 0.81870 0.70897 0.80585 0.70547 0.80446 0.68083 0.82033 0.67097
7 0.25083 0.59880 0.25301 0.60254 0.25619 0.68219 0.23809 0.68451 0.22757 0.69614 0.22033 0.71339 0.22574 0.71896 0.23427 0.71876 0.25376 0.74109 0.25803 0.74098 0.27335 0.77100 0.28719 0.76878 0.29037 0.76681 0.29969 0.74571 0.30157 0.72669 0.29939 0.72294 0.29894 0.68879 0.29567 0.68317 0.27965 0.68164 0.28377 0.67016 0.27726 0.49948 0.25484 0.49811 0.24959 0.50393 0.25083 0.59880
7 0.33232 0.46784 0.32894 0.45463 0.31401 0.45498 0.30662 0.46084 0.30702 0.49120 0.30921 0.49495 0.31233 0.57080 0.31675 0.58208 0.31154 0.59169 0.30722 0.58800 0.30197 0.59381 0.30226 0.61658 0.30018 0.62043 0.30564 0.62979 0.34080 0.62707 0.35553 0.61155 0.35514 0.58119 0.34978 0.57941 0.34775 0.58705 0.33386 0.58548 0.33584 0.57405 0.33540 0.53989 0.33321 0.53614 0.33510 0.51712 0.33053 0.49445 0.33262 0.49061 0.33232 0.46784
6 0.16934 0.64814 0.16621 0.65391 0.16656 0.68048 0.16874 0.68422 0.16671 0.69186 0.17336 0.71069 0.17346 0.71828 0.17673 0.72389 0.19484 0.72158 0.21502 0.71541 0.22960 0.68850 0.25083 0.68041 0.25148 0.64813 0.24924 0.64059 0.21829 0.63941 0.21621 0.64326 0.20768 0.64346 0.20336 0.63976 0.20128 0.64361 0.17355 0.64425 0.16934 0.64814
6 0.11419 0.75382 0.12148 0.74036 0.12574 0.74027 0.13413 0.72868 0.14687 0.72459 0.15198 0.70739 0.15158 0.67703 0.14067 0.65830 0.13621 0.64322 0.13080 0.63765 0.09881 0.63839 0.09038 0.64618 0.07118 0.64663 0.06910 0.65048 0.00938 0.65186 0.00715 0.64432 0.00182 0.64445 0.00316 0.74691 0.05968 0.74560 0.06742 0.76630 0.06643 0.77201 0.11012 0.76910 0.11429 0.76141 0.11419 0.75382
6 1.00000 0.60985 0.99234 0.61003 0.99016 0.60629 0.98163 0.60648 0.97955 0.61033 0.97736 0.60658 0.96457 0.60688 0.96248 0.61072 0.95609 0.61087 0.95390 0.60713 0.90912 0.60817 0.89622 0.60088 0.84930 0.60196 0.84637 0.62291 0.83809 0.64209 0.83616 0.65732 0.82663 0.66323 0.81726 0.68053 0.81944 0.68428 0.81964 0.69946 0.82733 0.71636 0.87212 0.71532 0.87306 0.70581 0.87618 0.70004 0.87837 0.70379 0.88685 0.69979 0.90406 0.71078 0.93392 0.71009 0.93610 0.71383 0.94245 0.70989 0.94443 0.69845 0.94870 0.69836 0.94979 0.70023 0.94557 0.70412 0.94567 0.71171 0.95321 0.71723 0.97985 0.71471 1.00000 0.71168 1.00000 0.70064 0.99671 0.69914 1.00000 0.69709 1.00000 0.60985
6 0.50328 1.00000 0.90907 0.99057 0.90769 0.98781 0.90124 0.98417 0.88383 0.95800 0.87957 0.95810 0.87297 0.94307 0.86216 0.93193 0.85452 0.91882 0.85660 0.91498 0.85546 0.90931 0.85124 0.91320 0.84256 0.90202 0.83929 0.89640 0.84132 0.88876 0.83805 0.88314 0.83601 0.89078 0.83378 0.88324 0.82952 0.88334 0.79033 0.82351 0.77307 0.80873 0.73929 0.75447 0.73488 0.74318 0.73899 0.73170 0.73785 0.72604 0.76335 0.71785 0.76955 0.70252 0.77902 0.69281 0.77887 0.68143 0.77346 0.67586 0.76577 0.65895 0.75903 0.63254 0.75248 0.62130 0.75238 0.61371 0.74911 0.60809 0.73631 0.60839 0.73413 0.60464 0.69366 0.60938 0.68076 0.60209 0.49739 0.61015 0.49531 0.61399 0.49099 0.61030 0.48891 0.61414 0.39293 0.61638 0.39085 0.62022 0.37800 0.61672 0.36744 0.62456 0.36312 0.62086 0.35682 0.62860 0.34621 0.63264 0.34204 0.64033 0.30152 0.64127 0.29418 0.65094 0.29438 0.66612 0.30728 0.67341 0.30996 0.71511 0.31219 0.72264 0.30381 0.73423 0.30187 0.74946 0.28318 0.78785 0.27499 0.81462 0.26661 0.82620 0.26046 0.84532 0.25416 0.85306 0.23348 0.90289 0.22510 0.91448 0.22311 0.92591 0.21999 0.93168 0.21359 0.93182 0.21047 0.93759 0.21270 0.94513 0.20858 0.95662 0.19822 0.97963 0.18984 0.99122 0.18994 0.99881 0.18935 1.00000 0.50328 1.00000
4 0.82033 0.67097 0.84017 0.63824 0.84622 0.61153 0.84578 0.57737 0.84136 0.56609 0.84126 0.55850 0.82489 0.53041 0.80768 0.51942 0.78849 0.51987 0.77371 0.53160 0.76017 0.55659 0.75417 0.58709 0.75680 0.62500 0.76572 0.65516 0.77555 0.67201 0.78527 0.68128 0.78552 0.70025 0.78239 0.70602 0.77386 0.70621 0.76563 0.72918 0.75070 0.72953 0.74549 0.73914 0.74559 0.74673 0.75224 0.76556 0.78597 0.81602 0.82967 0.81311 0.83924 0.81099 0.84658 0.80132 0.84643 0.78994 0.84196 0.77486 0.84826 0.76712 0.84811 0.75574 0.83398 0.73519 0.82321 0.72784 0.81870 0.70897 0.80585 0.70547 0.80446 0.68083 0.82033 0.67097
7 0.25083 0.59880 0.25301 0.60254 0.25619 0.68219 0.23809 0.68451 0.22757 0.69614 0.22033 0.71339 0.22574 0.71896 0.23427 0.71876 0.25376 0.74109 0.25803 0.74098 0.27335 0.77100 0.28719 0.76878 0.29037 0.76681 0.29969 0.74571 0.30157 0.72669 0.29939 0.72294 0.29894 0.68879 0.29567 0.68317 0.27965 0.68164 0.28377 0.67016 0.27726 0.49948 0.25484 0.49811 0.24959 0.50393 0.25083 0.59880
7 0.33232 0.46784 0.32894 0.45463 0.31401 0.45498 0.30662 0.46084 0.30702 0.49120 0.30921 0.49495 0.31233 0.57080 0.31675 0.58208 0.31154 0.59169 0.30722 0.58800 0.30197 0.59381 0.30226 0.61658 0.30018 0.62043 0.30564 0.62979 0.34080 0.62707 0.35553 0.61155 0.35514 0.58119 0.34978 0.57941 0.34775 0.58705 0.33386 0.58548 0.33584 0.57405 0.33540 0.53989 0.33321 0.53614 0.33510 0.51712 0.33053 0.49445 0.33262 0.49061 0.33232 0.46784
6 0.16934 0.64814 0.16621 0.65391 0.16656 0.68048 0.16874 0.68422 0.16671 0.69186 0.17336 0.71069 0.17346 0.71828 0.17673 0.72389 0.19484 0.72158 0.21502 0.71541 0.22960 0.68850 0.25083 0.68041 0.25148 0.64813 0.24924 0.64059 0.21829 0.63941 0.21621 0.64326 0.20768 0.64346 0.20336 0.63976 0.20128 0.64361 0.17355 0.64425 0.16934 0.64814
6 0.11419 0.75382 0.12148 0.74036 0.12574 0.74027 0.13413 0.72868 0.14687 0.72459 0.15198 0.70739 0.15158 0.67703 0.14067 0.65830 0.13621 0.64322 0.13080 0.63765 0.09881 0.63839 0.09038 0.64618 0.07118 0.64663 0.06910 0.65048 0.00938 0.65186 0.00715 0.64432 0.00182 0.64445 0.00316 0.74691 0.05968 0.74560 0.06742 0.76630 0.06643 0.77201 0.11012 0.76910 0.11429 0.76141 0.11419 0.75382
6 1.00000 0.60985 0.99234 0.61003 0.99016 0.60629 0.98163 0.60648 0.97955 0.61033 0.97736 0.60658 0.96457 0.60688 0.96248 0.61072 0.95609 0.61087 0.95390 0.60713 0.90912 0.60817 0.89622 0.60088 0.84930 0.60196 0.84637 0.62291 0.83809 0.64209 0.83616 0.65732 0.82663 0.66323 0.81726 0.68053 0.81944 0.68428 0.81964 0.69946 0.82733 0.71636 0.87212 0.71532 0.87306 0.70581 0.87618 0.70004 0.87837 0.70379 0.88685 0.69979 0.90406 0.71078 0.93392 0.71009 0.93610 0.71383 0.94245 0.70989 0.94443 0.69845 0.94870 0.69836 0.94979 0.70023 0.94557 0.70412 0.94567 0.71171 0.95321 0.71723 0.97985 0.71471 1.00000 0.71168 1.00000 0.70064 0.99671 0.69914 1.00000 0.69709 1.00000 0.60985
6 0.50328 1.00000 0.90907 0.99057 0.90769 0.98781 0.90124 0.98417 0.88383 0.95800 0.87957 0.95810 0.87297 0.94307 0.86216 0.93193 0.85452 0.91882 0.85660 0.91498 0.85546 0.90931 0.85124 0.91320 0.84256 0.90202 0.83929 0.89640 0.84132 0.88876 0.83805 0.88314 0.83601 0.89078 0.83378 0.88324 0.82952 0.88334 0.79033 0.82351 0.77307 0.80873 0.73929 0.75447 0.73488 0.74318 0.73899 0.73170 0.73785 0.72604 0.76335 0.71785 0.76955 0.70252 0.77902 0.69281 0.77887 0.68143 0.77346 0.67586 0.76577 0.65895 0.75903 0.63254 0.75248 0.62130 0.75238 0.61371 0.74911 0.60809 0.73631 0.60839 0.73413 0.60464 0.69366 0.60938 0.68076 0.60209 0.49739 0.61015 0.49531 0.61399 0.49099 0.61030 0.48891 0.61414 0.39293 0.61638 0.39085 0.62022 0.37800 0.61672 0.36744 0.62456 0.36312 0.62086 0.35682 0.62860 0.34621 0.63264 0.34204 0.64033 0.30152 0.64127 0.29418 0.65094 0.29438 0.66612 0.30728 0.67341 0.30996 0.71511 0.31219 0.72264 0.30381 0.73423 0.30187 0.74946 0.28318 0.78785 0.27499 0.81462 0.26661 0.82620 0.26046 0.84532 0.25416 0.85306 0.23348 0.90289 0.22510 0.91448 0.22311 0.92591 0.21999 0.93168 0.21359 0.93182 0.21047 0.93759 0.21270 0.94513 0.20858 0.95662 0.19822 0.97963 0.18984 0.99122 0.18994 0.99881 0.18935 1.00000 0.50328 1.00000
4 0.82033 0.67097 0.84017 0.63824 0.84622 0.61153 0.84578 0.57737 0.84136 0.56609 0.84126 0.55850 0.82489 0.53041 0.80768 0.51942 0.78849 0.51987 0.77371 0.53160 0.76017 0.55659 0.75417 0.58709 0.75680 0.62500 0.76572 0.65516 0.77555 0.67201 0.78527 0.68128 0.78552 0.70025 0.78239 0.70602 0.77386 0.70621 0.76563 0.72918 0.75070 0.72953 0.74549 0.73914 0.74559 0.74673 0.75224 0.76556 0.78597 0.81602 0.82967 0.81311 0.83924 0.81099 0.84658 0.80132 0.84643 0.78994 0.84196 0.77486 0.84826 0.76712 0.84811 0.75574 0.83398 0.73519 0.82321 0.72784 0.81870 0.70897 0.80585 0.70547 0.80446 0.68083 0.82033 0.67097
7 0.25083 0.59880 0.25301 0.60254 0.25619 0.68219 0.23809 0.68451 0.22757 0.69614 0.22033 0.71339 0.22574 0.71896 0.23427 0.71876 0.25376 0.74109 0.25803 0.74098 0.27335 0.77100 0.28719 0.76878 0.29037 0.76681 0.29969 0.74571 0.30157 0.72669 0.29939 0.72294 0.29894 0.68879 0.29567 0.68317 0.27965 0.68164 0.28377 0.67016 0.27726 0.49948 0.25484 0.49811 0.24959 0.50393 0.25083 0.59880
7 0.33232 0.46784 0.32894 0.45463 0.31401 0.45498 0.30662 0.46084 0.30702 0.49120 0.30921 0.49495 0.31233 0.57080 0.31675 0.58208 0.31154 0.59169 0.30722 0.58800 0.30197 0.59381 0.30226 0.61658 0.30018 0.62043 0.30564 0.62979 0.34080 0.62707 0.35553 0.61155 0.35514 0.58119 0.34978 0.57941 0.34775 0.58705 0.33386 0.58548 0.33584 0.57405 0.33540 0.53989 0.33321 0.53614 0.33510 0.51712 0.33053 0.49445 0.33262 0.49061 0.33232 0.46784
6 0.16934 0.64814 0.16621 0.65391 0.16656 0.68048 0.16874 0.68422 0.16671 0.69186 0.17336 0.71069 0.17346 0.71828 0.17673 0.72389 0.19484 0.72158 0.21502 0.71541 0.22960 0.68850 0.25083 0.68041 0.25148 0.64813 0.24924 0.64059 0.21829 0.63941 0.21621 0.64326 0.20768 0.64346 0.20336 0.63976 0.20128 0.64361 0.17355 0.64425 0.16934 0.64814
6 0.11419 0.75382 0.12148 0.74036 0.12574 0.74027 0.13413 0.72868 0.14687 0.72459 0.15198 0.70739 0.15158 0.67703 0.14067 0.65830 0.13621 0.64322 0.13080 0.63765 0.09881 0.63839 0.09038 0.64618 0.07118 0.64663 0.06910 0.65048 0.00938 0.65186 0.00715 0.64432 0.00182 0.64445 0.00316 0.74691 0.05968 0.74560 0.06742 0.76630 0.06643 0.77201 0.11012 0.76910 0.11429 0.76141 0.11419 0.75382
6 1.00000 0.60985 0.99234 0.61003 0.99016 0.60629 0.98163 0.60648 0.97955 0.61033 0.97736 0.60658 0.96457 0.60688 0.96248 0.61072 0.95609 0.61087 0.95390 0.60713 0.90912 0.60817 0.89622 0.60088 0.84930 0.60196 0.84637 0.62291 0.83809 0.64209 0.83616 0.65732 0.82663 0.66323 0.81726 0.68053 0.81944 0.68428 0.81964 0.69946 0.82733 0.71636 0.87212 0.71532 0.87306 0.70581 0.87618 0.70004 0.87837 0.70379 0.88685 0.69979 0.90406 0.71078 0.93392 0.71009 0.93610 0.71383 0.94245 0.70989 0.94443 0.69845 0.94870 0.69836 0.94979 0.70023 0.94557 0.70412 0.94567 0.71171 0.95321 0.71723 0.97985 0.71471 1.00000 0.71168 1.00000 0.70064 0.99671 0.69914 1.00000 0.69709 1.00000 0.60985
6 0.50328 1.00000 0.90907 0.99057 0.90769 0.98781 0.90124 0.98417 0.88383 0.95800 0.87957 0.95810 0.87297 0.94307 0.86216 0.93193 0.85452 0.91882 0.85660 0.91498 0.85546 0.90931 0.85124 0.91320 0.84256 0.90202 0.83929 0.89640 0.84132 0.88876 0.83805 0.88314 0.83601 0.89078 0.83378 0.88324 0.82952 0.88334 0.79033 0.82351 0.77307 0.80873 0.73929 0.75447 0.73488 0.74318 0.73899 0.73170 0.73785 0.72604 0.76335 0.71785 0.76955 0.70252 0.77902 0.69281 0.77887 0.68143 0.77346 0.67586 0.76577 0.65895 0.75903 0.63254 0.75248 0.62130 0.75238 0.61371 0.74911 0.60809 0.73631 0.60839 0.73413 0.60464 0.69366 0.60938 0.68076 0.60209 0.49739 0.61015 0.49531 0.61399 0.49099 0.61030 0.48891 0.61414 0.39293 0.61638 0.39085 0.62022 0.37800 0.61672 0.36744 0.62456 0.36312 0.62086 0.35682 0.62860 0.34621 0.63264 0.34204 0.64033 0.30152 0.64127 0.29418 0.65094 0.29438 0.66612 0.30728 0.67341 0.30996 0.71511 0.31219 0.72264 0.30381 0.73423 0.30187 0.74946 0.28318 0.78785 0.27499 0.81462 0.26661 0.82620 0.26046 0.84532 0.25416 0.85306 0.23348 0.90289 0.22510 0.91448 0.22311 0.92591 0.21999 0.93168 0.21359 0.93182 0.21047 0.93759 0.21270 0.94513 0.20858 0.95662 0.19822 0.97963 0.18984 0.99122 0.18994 0.99881 0.18935 1.00000 0.50328 1.00000
