5 0.35413 0.73973 0.34937 0.77997 0.33706 0.78350 0.33508 0.80468 0.31126 0.80750 0.31087 0.83009 0.34699 0.86114 0.41487 0.83221 0.41368 0.81314 0.38510 0.79338 0.38391 0.77362 0.37438 0.77362 0.37160 0.73409 0.38311 0.72562 0.39979 0.68397 0.40336 0.61762 0.38748 0.58162 0.35413 0.58656 0.33032 0.62605 0.32913 0.62115 0.32476 0.68962 0.35413 0.73973
6 0.31348 0.84028 0.29980 0.82986 0.28809 0.81250 0.27051 0.79861 0.26660 0.79861 0.26270 0.79167 0.25879 0.79167 0.17871 0.72222 0.17480 0.72222 0.14160 0.69097 0.13770 0.68403 0.13184 0.68055 0.12793 0.68403 0.12402 0.67361 0.10059 0.67014 0.09863 0.66667 0.08301 0.66667 0.08106 0.66320 0.06738 0.66320 0.06543 0.65972 0.06152 0.66320 0.05566 0.65972 0.04785 0.65972 0.04590 0.66320 0.00000 0.66146 0.00098 0.99653 0.00684 0.99653 0.00879 0.99305 0.01270 0.99653 0.07520 0.99653 0.07910 0.98958 0.08301 0.99653 0.47461 0.99827 0.47852 0.99479 0.47168 0.98611 0.31738 0.84722 0.31348 0.84028
5 0.35413 0.73973 0.34937 0.77997 0.33706 0.78350 0.33508 0.80468 0.31126 0.80750 0.31087 0.83009 0.34699 0.86114 0.41487 0.83221 0.41368 0.81314 0.38510 0.79338 0.38391 0.77362 0.37438 0.77362 0.37160 0.73409 0.38311 0.72562 0.39979 0.68397 0.40336 0.61762 0.38748 0.58162 0.35413 0.58656 0.33032 0.62605 0.32913 0.62115 0.32476 0.68962 0.35413 0.73973
6 0.31348 0.84028 0.29980 0.82986 0.28809 0.81250 0.27051 0.79861 0.26660 0.79861 0.26270 0.79167 0.25879 0.79167 0.17871 0.72222 0.17480 0.72222 0.14160 0.69097 0.13770 0.68403 0.13184 0.68055 0.12793 0.68403 0.12402 0.67361 0.10059 0.67014 0.09863 0.66667 0.08301 0.66667 0.08106 0.66320 0.06738 0.66320 0.06543 0.65972 0.06152 0.66320 0.05566 0.65972 0.04785 0.65972 0.04590 0.66320 0.00000 0.66146 0.00098 0.99653 0.00684 0.99653 0.00879 0.99305 0.01270 0.99653 0.07520 0.99653 0.07910 0.98958 0.08301 0.99653 0.47461 0.99827 0.47852 0.99479 0.47168 0.98611 0.31738 0.84722 0.31348 0.84028
5 0.35413 0.73973 0.34937 0.77997 0.33706 0.78350 0.33508 0.80468 0.31126 0.80750 0.31087 0.83009 0.34699 0.86114 0.41487 0.83221 0.41368 0.81314 0.38510 0.79338 0.38391 0.77362 0.37438 0.77362 0.37160 0.73409 0.38311 0.72562 0.39979 0.68397 0.40336 0.61762 0.38748 0.58162 0.35413 0.58656 0.33032 0.62605 0.32913 0.62115 0.32476 0.68962 0.35413 0.73973
6 0.31348 0.84028 0.29980 0.82986 0.28809 0.81250 0.27051 0.79861 0.26660 0.79861 0.26270 0.79167 0.25879 0.79167 0.17871 0.72222 0.17480 0.72222 0.14160 0.69097 0.13770 0.68403 0.13184 0.68055 0.12793 0.68403 0.12402 0.67361 0.10059 0.67014 0.09863 0.66667 0.08301 0.66667 0.08106 0.66320 0.06738 0.66320 0.06543 0.65972 0.06152 0.66320 0.05566 0.65972 0.04785 0.65972 0.04590 0.66320 0.00000 0.66146 0.00098 0.99653 0.00684 0.99653 0.00879 0.99305 0.01270 0.99653 0.07520 0.99653 0.07910 0.98958 0.08301 0.99653 0.47461 0.99827 0.47852 0.99479 0.47168 0.98611 0.31738 0.84722 0.31348 0.84028
5 0.35413 0.73973 0.34937 0.77997 0.33706 0.78350 0.33508 0.80468 0.31126 0.80750 0.31087 0.83009 0.34699 0.86114 0.41487 0.83221 0.41368 0.81314 0.38510 0.79338 0.38391 0.77362 0.37438 0.77362 0.37160 0.73409 0.38311 0.72562 0.39979 0.68397 0.40336 0.61762 0.38748 0.58162 0.35413 0.58656 0.33032 0.62605 0.32913 0.62115 0.32476 0.68962 0.35413 0.73973
6 0.31348 0.84028 0.29980 0.82986 0.28809 0.81250 0.27051 0.79861 0.26660 0.79861 0.26270 0.79167 0.25879 0.79167 0.17871 0.72222 0.17480 0.72222 0.14160 0.69097 0.13770 0.68403 0.13184 0.68055 0.12793 0.68403 0.12402 0.67361 0.10059 0.67014 0.09863 0.66667 0.08301 0.66667 0.08106 0.66320 0.06738 0.66320 0.06543 0.65972 0.06152 0.66320 0.05566 0.65972 0.04785 0.65972 0.04590 0.66320 0.00000 0.66146 0.00098 0.99653 0.00684 0.99653 0.00879 0.99305 0.01270 0.99653 0.07520 0.99653 0.07910 0.98958 0.08301 0.99653 0.47461 0.99827 0.47852 0.99479 0.47168 0.98611 0.31738 0.84722 0.31348 0.84028
5 0.35413 0.73973 0.34937 0.77997 0.33706 0.78350 0.33508 0.80468 0.31126 0.80750 0.31087 0.83009 0.34699 0.86114 0.41487 0.83221 0.41368 0.81314 0.38510 0.79338 0.38391 0.77362 0.37438 0.77362 0.37160 0.73409 0.38311 0.72562 0.39979 0.68397 0.40336 0.61762 0.38748 0.58162 0.35413 0.58656 0.33032 0.62605 0.32913 0.62115 0.32476 0.68962 0.35413 0.73973
6 0.31348 0.84028 0.29980 0.82986 0.28809 0.81250 0.27051 0.79861 0.26660 0.79861 0.26270 0.79167 0.25879 0.79167 0.17871 0.72222 0.17480 0.72222 0.14160 0.69097 0.13770 0.68403 0.13184 0.68055 0.12793 0.68403 0.12402 0.67361 0.10059 0.67014 0.09863 0.66667 0.08301 0.66667 0.08106 0.66320 0.06738 0.66320 0.06543 0.65972 0.06152 0.66320 0.05566 0.65972 0.04785 0.65972 0.04590 0.66320 0.00000 0.66146 0.00098 0.99653 0.00684 0.99653 0.00879 0.99305 0.01270 0.99653 0.07520 0.99653 0.07910 0.98958 0.08301 0.99653 0.47461 0.99827 0.47852 0.99479 0.47168 0.98611 0.31738 0.84722 0.31348 0.84028
5 0.35413 0.73973 0.34937 0.77997 0.33706 0.78350 0.33508 0.80468 0.31126 0.80750 0.31087 0.83009 0.34699 0.86114 0.41487 0.83221 0.41368 0.81314 0.38510 0.79338 0.38391 0.77362 0.37438 0.77362 0.37160 0.73409 0.38311 0.72562 0.39979 0.68397 0.40336 0.61762 0.38748 0.58162 0.35413 0.58656 0.33032 0.62605 0.32913 0.62115 0.32476 0.68962 0.35413 0.73973
6 0.31348 0.84028 0.29980 0.82986 0.28809 0.81250 0.27051 0.79861 0.26660 0.79861 0.26270 0.79167 0.25879 0.79167 0.17871 0.72222 0.17480 0.72222 0.14160 0.69097 0.13770 0.68403 0.13184 0.68055 0.12793 0.68403 0.12402 0.67361 0.10059 0.67014 0.09863 0.66667 0.08301 0.66667 0.08106 0.66320 0.06738 0.66320 0.06543 0.65972 0.06152 0.66320 0.05566 0.65972 0.04785 0.65972 0.04590 0.66320 0.00000 0.66146 0.00098 0.99653 0.00684 0.99653 0.00879 0.99305 0.01270 0.99653 0.07520 0.99653 0.07910 0.98958 0.08301 0.99653 0.47461 0.99827 0.47852 0.99479 0.47168 0.98611 0.31738 0.84722 0.31348 0.84028
