6 0.18979 1.00000 0.14903 0.98039 0.14248 0.97314 0.10599 0.95597 0.09944 0.94872 0.09309 0.94902 0.08653 0.94177 0.07585 0.93850 0.07142 0.93115 0.03916 0.91378 0.03251 0.90276 0.02616 0.90306 0.01003 0.89405 0.01280 1.00000 0.18979 1.00000
5 0.14614 0.86341 0.14589 0.85384 0.13623 0.84840 0.12584 0.81500 0.13824 0.79896 0.16229 0.75364 0.15869 0.67942 0.13909 0.64203 0.10321 0.64591 0.07962 0.69267 0.08222 0.76032 0.11056 0.81571 0.11287 0.85685 0.09692 0.86349 0.09163 0.88289 0.06739 0.88917 0.06038 0.90570 0.09765 0.93859 0.17976 0.89941 0.17813 0.88475 0.14614 0.86341
6 0.18979 1.00000 0.14903 0.98039 0.14248 0.97314 0.10599 0.95597 0.09944 0.94872 0.09309 0.94902 0.08653 0.94177 0.07585 0.93850 0.07142 0.93115 0.03916 0.91378 0.03251 0.90276 0.02616 0.90306 0.01003 0.89405 0.01280 1.00000 0.18979 1.00000
5 0.14614 0.86341 0.14589 0.85384 0.13623 0.84840 0.12584 0.81500 0.13824 0.79896 0.16229 0.75364 0.15869 0.67942 0.13909 0.64203 0.10321 0.64591 0.07962 0.69267 0.08222 0.76032 0.11056 0.81571 0.11287 0.85685 0.09692 0.86349 0.09163 0.88289 0.06739 0.88917 0.06038 0.90570 0.09765 0.93859 0.17976 0.89941 0.17813 0.88475 0.14614 0.86341
6 0.18979 1.00000 0.14903 0.98039 0.14248 0.97314 0.10599 0.95597 0.09944 0.94872 0.09309 0.94902 0.08653 0.94177 0.07585 0.93850 0.07142 0.93115 0.03916 0.91378 0.03251 0.90276 0.02616 0.90306 0.01003 0.89405 0.01280 1.00000 0.18979 1.00000
5 0.14614 0.86341 0.14589 0.85384 0.13623 0.84840 0.12584 0.81500 0.13824 0.79896 0.16229 0.75364 0.15869 0.67942 0.13909 0.64203 0.10321 0.64591 0.07962 0.69267 0.08222 0.76032 0.11056 0.81571 0.11287 0.85685 0.09692 0.86349 0.09163 0.88289 0.06739 0.88917 0.06038 0.90570 0.09765 0.93859 0.17976 0.89941 0.17813 0.88475 0.14614 0.86341
6 0.18979 1.00000 0.14903 0.98039 0.14248 0.97314 0.10599 0.95597 0.09944 0.94872 0.09309 0.94902 0.08653 0.94177 0.07585 0.93850 0.07142 0.93115 0.03916 0.91378 0.03251 0.90276 0.02616 0.90306 0.01003 0.89405 0.01280 1.00000 0.18979 1.00000
5 0.14614 0.86341 0.14589 0.85384 0.13623 0.84840 0.12584 0.81500 0.13824 0.79896 0.16229 0.75364 0.15869 0.67942 0.13909 0.64203 0.10321 0.64591 0.07962 0.69267 0.08222 0.76032 0.11056 0.81571 0.11287 0.85685 0.09692 0.86349 0.09163 0.88289 0.06739 0.88917 0.06038 0.90570 0.09765 0.93859 0.17976 0.89941 0.17813 0.88475 0.14614 0.86341
6 0.18979 1.00000 0.14903 0.98039 0.14248 0.97314 0.10599 0.95597 0.09944 0.94872 0.09309 0.94902 0.08653 0.94177 0.07585 0.93850 0.07142 0.93115 0.03916 0.91378 0.03251 0.90276 0.02616 0.90306 0.01003 0.89405 0.01280 1.00000 0.18979 1.00000
5 0.14614 0.86341 0.14589 0.85384 0.13623 0.84840 0.12584 0.81500 0.13824 0.79896 0.16229 0.75364 0.15869 0.67942 0.13909 0.64203 0.10321 0.64591 0.07962 0.69267 0.08222 0.76032 0.11056 0.81571 0.11287 0.85685 0.09692 0.86349 0.09163 0.88289 0.06739 0.88917 0.06038 0.90570 0.09765 0.93859 0.17976 0.89941 0.17813 0.88475 0.14614 0.86341
