7 0.82461 0.00000 0.82478 0.00332 0.82290 0.00721 0.82412 0.07025 0.82223 0.07414 0.82320 0.09262 0.82132 0.09651 0.82345 0.13717 0.81835 0.13950 0.81401 0.13619 0.80741 0.14981 0.80935 0.18677 0.83335 0.18639 0.83770 0.18970 0.84147 0.18192 0.85809 0.18038 0.85942 0.18582 0.86283 0.19108 0.86377 0.18913 0.86754 0.18135 0.86710 0.13311 0.86369 0.12785 0.85953 0.12824 0.85784 0.13582 0.85161 0.13640 0.84557 0.14068 0.84596 0.14807 0.84274 0.14652 0.84080 0.10955 0.84379 0.08698 0.84315 0.03504 0.84504 0.03115 0.84387 0.00897 0.84576 0.00508 0.84585 0.00000 0.82461 0.00000
7 0.44360 0.10197 0.44554 0.13894 0.44044 0.14127 0.43385 0.15489 0.43352 0.18835 0.43959 0.20450 0.48229 0.20238 0.49489 0.16406 0.49431 0.15297 0.47406 0.12514 0.47763 0.11366 0.47874 0.09498 0.49251 0.07884 0.49589 0.06367 0.49434 0.03410 0.48921 0.01600 0.47929 0.00071 0.44126 0.00425 0.44141 0.02046 0.43653 0.04691 0.44263 0.08349 0.44490 0.08699 0.44549 0.09808 0.44360 0.10197
6 0.00000 0.35001 0.21922 0.37609 0.22476 0.37557 0.23277 0.34263 0.25104 0.34588 0.25468 0.33564 0.25742 0.30814 0.25526 0.29348 0.25261 0.29621 0.24014 0.29737 0.23396 0.28556 0.22499 0.27402 0.22721 0.23666 0.22176 0.21241 0.00000 0.21366 0.00000 0.35001
6 1.00000 0.47868 0.71455 0.02535 0.53115 0.03253 0.48124 0.19566 0.27428 0.20504 0.27921 0.21944 0.26968 0.25004 0.27417 0.30905 0.27972 0.30854 0.27862 0.34084 0.31906 0.34202 0.32100 0.37898 0.43539 0.38319 0.25628 1.00000 0.51311 1.00000 1.00000 0.95465 1.00000 0.47868
5 0.00000 0.19324 0.01063 0.18873 0.01346 0.18290 0.01288 0.17181 0.00947 0.16655 0.00000 0.16899 0.00000 0.19324
7 0.82461 0.00000 0.82478 0.00332 0.82290 0.00721 0.82412 0.07025 0.82223 0.07414 0.82320 0.09262 0.82132 0.09651 0.82345 0.13717 0.81835 0.13950 0.81401 0.13619 0.80741 0.14981 0.80935 0.18677 0.83335 0.18639 0.83770 0.18970 0.84147 0.18192 0.85809 0.18038 0.85942 0.18582 0.86283 0.19108 0.86377 0.18913 0.86754 0.18135 0.86710 0.13311 0.86369 0.12785 0.85953 0.12824 0.85784 0.13582 0.85161 0.13640 0.84557 0.14068 0.84596 0.14807 0.84274 0.14652 0.84080 0.10955 0.84379 0.08698 0.84315 0.03504 0.84504 0.03115 0.84387 0.00897 0.84576 0.00508 0.84585 0.00000 0.82461 0.00000
7 0.44360 0.10197 0.44554 0.13894 0.44044 0.14127 0.43385 0.15489 0.43352 0.18835 0.43959 0.20450 0.48229 0.20238 0.49489 0.16406 0.49431 0.15297 0.47406 0.12514 0.47763 0.11366 0.47874 0.09498 0.49251 0.07884 0.49589 0.06367 0.49434 0.03410 0.48921 0.01600 0.47929 0.00071 0.44126 0.00425 0.44141 0.02046 0.43653 0.04691 0.44263 0.08349 0.44490 0.08699 0.44549 0.09808 0.44360 0.10197
6 0.00000 0.35001 0.21922 0.37609 0.22476 0.37557 0.23277 0.34263 0.25104 0.34588 0.25468 0.33564 0.25742 0.30814 0.25526 0.29348 0.25261 0.29621 0.24014 0.29737 0.23396 0.28556 0.22499 0.27402 0.22721 0.23666 0.22176 0.21241 0.00000 0.21366 0.00000 0.35001
6 1.00000 0.47868 0.71455 0.02535 0.53115 0.03253 0.48124 0.19566 0.27428 0.20504 0.27921 0.21944 0.26968 0.25004 0.27417 0.30905 0.27972 0.30854 0.27862 0.34084 0.31906 0.34202 0.32100 0.37898 0.43539 0.38319 0.25628 1.00000 0.51311 1.00000 1.00000 0.95465 1.00000 0.47868
5 0.00000 0.19324 0.01063 0.18873 0.01346 0.18290 0.01288 0.17181 0.00947 0.16655 0.00000 0.16899 0.00000 0.19324
7 0.82461 0.00000 0.82478 0.00332 0.82290 0.00721 0.82412 0.07025 0.82223 0.07414 0.82320 0.09262 0.82132 0.09651 0.82345 0.13717 0.81835 0.13950 0.81401 0.13619 0.80741 0.14981 0.80935 0.18677 0.83335 0.18639 0.83770 0.18970 0.84147 0.18192 0.85809 0.18038 0.85942 0.18582 0.86283 0.19108 0.86377 0.18913 0.86754 0.18135 0.86710 0.13311 0.86369 0.12785 0.85953 0.12824 0.85784 0.13582 0.85161 0.13640 0.84557 0.14068 0.84596 0.14807 0.84274 0.14652 0.84080 0.10955 0.84379 0.08698 0.84315 0.03504 0.84504 0.03115 0.84387 0.00897 0.84576 0.00508 0.84585 0.00000 0.82461 0.00000
7 0.44360 0.10197 0.44554 0.13894 0.44044 0.14127 0.43385 0.15489 0.43352 0.18835 0.43959 0.20450 0.48229 0.20238 0.49489 0.16406 0.49431 0.15297 0.47406 0.12514 0.47763 0.11366 0.47874 0.09498 0.49251 0.07884 0.49589 0.06367 0.49434 0.03410 0.48921 0.01600 0.47929 0.00071 0.44126 0.00425 0.44141 0.02046 0.43653 0.04691 0.44263 0.08349 0.44490 0.08699 0.44549 0.09808 0.44360 0.10197
6 0.00000 0.35001 0.21922 0.37609 0.22476 0.37557 0.23277 0.34263 0.25104 0.34588 0.25468 0.33564 0.25742 0.30814 0.25526 0.29348 0.25261 0.29621 0.24014 0.29737 0.23396 0.28556 0.22499 0.27402 0.22721 0.23666 0.22176 0.21241 0.00000 0.21366 0.00000 0.35001
6 1.00000 0.47868 0.71455 0.02535 0.53115 0.03253 0.48124 0.19566 0.27428 0.20504 0.27921 0.21944 0.26968 0.25004 0.27417 0.30905 0.27972 0.30854 0.27862 0.34084 0.31906 0.34202 0.32100 0.37898 0.43539 0.38319 0.25628 1.00000 0.51311 1.00000 1.00000 0.95465 1.00000 0.47868
5 0.00000 0.19324 0.01063 0.18873 0.01346 0.18290 0.01288 0.17181 0.00947 0.16655 0.00000 0.16899 0.00000 0.19324
7 0.82461 0.00000 0.82478 0.00332 0.82290 0.00721 0.82412 0.07025 0.82223 0.07414 0.82320 0.09262 0.82132 0.09651 0.82345 0.13717 0.81835 0.13950 0.81401 0.13619 0.80741 0.14981 0.80935 0.18677 0.83335 0.18639 0.83770 0.18970 0.84147 0.18192 0.85809 0.18038 0.85942 0.18582 0.86283 0.19108 0.86377 0.18913 0.86754 0.18135 0.86710 0.13311 0.86369 0.12785 0.85953 0.12824 0.85784 0.13582 0.85161 0.13640 0.84557 0.14068 0.84596 0.14807 0.84274 0.14652 0.84080 0.10955 0.84379 0.08698 0.84315 0.03504 0.84504 0.03115 0.84387 0.00897 0.84576 0.00508 0.84585 0.00000 0.82461 0.00000
7 0.44360 0.10197 0.44554 0.13894 0.44044 0.14127 0.43385 0.15489 0.43352 0.18835 0.43959 0.20450 0.48229 0.20238 0.49489 0.16406 0.49431 0.15297 0.47406 0.12514 0.47763 0.11366 0.47874 0.09498 0.49251 0.07884 0.49589 0.06367 0.49434 0.03410 0.48921 0.01600 0.47929 0.00071 0.44126 0.00425 0.44141 0.02046 0.43653 0.04691 0.44263 0.08349 0.44490 0.08699 0.44549 0.09808 0.44360 0.10197
6 0.00000 0.35001 0.21922 0.37609 0.22476 0.37557 0.23277 0.34263 0.25104 0.34588 0.25468 0.33564 0.25742 0.30814 0.25526 0.29348 0.25261 0.29621 0.24014 0.29737 0.23396 0.28556 0.22499 0.27402 0.22721 0.23666 0.22176 0.21241 0.00000 0.21366 0.00000 0.35001
6 1.00000 0.47868 0.71455 0.02535 0.53115 0.03253 0.48124 0.19566 0.27428 0.20504 0.27921 0.21944 0.26968 0.25004 0.27417 0.30905 0.27972 0.30854 0.27862 0.34084 0.31906 0.34202 0.32100 0.37898 0.43539 0.38319 0.25628 1.00000 0.51311 1.00000 1.00000 0.95465 1.00000 0.47868
5 0.00000 0.19324 0.01063 0.18873 0.01346 0.18290 0.01288 0.17181 0.00947 0.16655 0.00000 0.16899 0.00000 0.19324
7 0.82461 0.00000 0.82478 0.00332 0.82290 0.00721 0.82412 0.07025 0.82223 0.07414 0.82320 0.09262 0.82132 0.09651 0.82345 0.13717 0.81835 0.13950 0.81401 0.13619 0.80741 0.14981 0.80935 0.18677 0.83335 0.18639 0.83770 0.18970 0.84147 0.18192 0.85809 0.18038 0.85942 0.18582 0.86283 0.19108 0.86377 0.18913 0.86754 0.18135 0.86710 0.13311 0.86369 0.12785 0.85953 0.12824 0.85784 0.13582 0.85161 0.13640 0.84557 0.14068 0.84596 0.14807 0.84274 0.14652 0.84080 0.10955 0.84379 0.08698 0.84315 0.03504 0.84504 0.03115 0.84387 0.00897 0.84576 0.00508 0.84585 0.00000 0.82461 0.00000
7 0.44360 0.10197 0.44554 0.13894 0.44044 0.14127 0.43385 0.15489 0.43352 0.18835 0.43959 0.20450 0.48229 0.20238 0.49489 0.16406 0.49431 0.15297 0.47406 0.12514 0.47763 0.11366 0.47874 0.09498 0.49251 0.07884 0.49589 0.06367 0.49434 0.03410 0.48921 0.01600 0.47929 0.00071 0.44126 0.00425 0.44141 0.02046 0.43653 0.04691 0.44263 0.08349 0.44490 0.08699 0.44549 0.09808 0.44360 0.10197
6 0.00000 0.35001 0.21922 0.37609 0.22476 0.37557 0.23277 0.34263 0.25104 0.34588 0.25468 0.33564 0.25742 0.30814 0.25526 0.29348 0.25261 0.29621 0.24014 0.29737 0.23396 0.28556 0.22499 0.27402 0.22721 0.23666 0.22176 0.21241 0.00000 0.21366 0.00000 0.35001
6 1.00000 0.47868 0.71455 0.02535 0.53115 0.03253 0.48124 0.19566 0.27428 0.20504 0.27921 0.21944 0.26968 0.25004 0.27417 0.30905 0.27972 0.30854 0.27862 0.34084 0.31906 0.34202 0.32100 0.37898 0.43539 0.38319 0.25628 1.00000 0.51311 1.00000 1.00000 0.95465 1.00000 0.47868
5 0.00000 0.19324 0.01063 0.18873 0.01346 0.18290 0.01288 0.17181 0.00947 0.16655 0.00000 0.16899 0.00000 0.19324
7 0.82461 0.00000 0.82478 0.00332 0.82290 0.00721 0.82412 0.07025 0.82223 0.07414 0.82320 0.09262 0.82132 0.09651 0.82345 0.13717 0.81835 0.13950 0.81401 0.13619 0.80741 0.14981 0.80935 0.18677 0.83335 0.18639 0.83770 0.18970 0.84147 0.18192 0.85809 0.18038 0.85942 0.18582 0.86283 0.19108 0.86377 0.18913 0.86754 0.18135 0.86710 0.13311 0.86369 0.12785 0.85953 0.12824 0.85784 0.13582 0.85161 0.13640 0.84557 0.14068 0.84596 0.14807 0.84274 0.14652 0.84080 0.10955 0.84379 0.08698 0.84315 0.03504 0.84504 0.03115 0.84387 0.00897 0.84576 0.00508 0.84585 0.00000 0.82461 0.00000
7 0.44360 0.10197 0.44554 0.13894 0.44044 0.14127 0.43385 0.15489 0.43352 0.18835 0.43959 0.20450 0.48229 0.20238 0.49489 0.16406 0.49431 0.15297 0.47406 0.12514 0.47763 0.11366 0.47874 0.09498 0.49251 0.07884 0.49589 0.06367 0.49434 0.03410 0.48921 0.01600 0.47929 0.00071 0.44126 0.00425 0.44141 0.02046 0.43653 0.04691 0.44263 0.08349 0.44490 0.08699 0.44549 0.09808 0.44360 0.10197
6 0.00000 0.35001 0.21922 0.37609 0.22476 0.37557 0.23277 0.34263 0.25104 0.34588 0.25468 0.33564 0.25742 0.30814 0.25526 0.29348 0.25261 0.29621 0.24014 0.29737 0.23396 0.28556 0.22499 0.27402 0.22721 0.23666 0.22176 0.21241 0.00000 0.21366 0.00000 0.35001
6 1.00000 0.47868 0.71455 0.02535 0.53115 0.03253 0.48124 0.19566 0.27428 0.20504 0.27921 0.21944 0.26968 0.25004 0.27417 0.30905 0.27972 0.30854 0.27862 0.34084 0.31906 0.34202 0.32100 0.37898 0.43539 0.38319 0.25628 1.00000 0.51311 1.00000 1.00000 0.95465 1.00000 0.47868
5 0.00000 0.19324 0.01063 0.18873 0.01346 0.18290 0.01288 0.17181 0.00947 0.16655 0.00000 0.16899 0.00000 0.19324
