6 0.00000 0.00000 0.00000 1.00000 1.00000 1.00000 1.00000 0.88261 0.23151 0.00000 0.00000 0.00000
1 0.45876 0.12153 0.45911 0.15101 0.44967 0.15406 0.41652 0.16837 0.41578 0.18912 0.44795 0.22418 0.51660 0.21504 0.51531 0.19141 0.49171 0.17769 0.49128 0.14491 0.47884 0.14948 0.47784 0.12627 0.48980 0.10375 0.50661 0.08507 0.51369 0.04782 0.51640 0.02274 0.51315 0.00056 0.43335 0.00000 0.42846 0.01406 0.42846 0.04396 0.43335 0.07482 0.44216 0.09202 0.45876 0.12153
6 0.00000 0.00000 0.00000 1.00000 1.00000 1.00000 1.00000 0.88261 0.23151 0.00000 0.00000 0.00000
1 0.45876 0.12153 0.45911 0.15101 0.44967 0.15406 0.41652 0.16837 0.41578 0.18912 0.44795 0.22418 0.51660 0.21504 0.51531 0.19141 0.49171 0.17769 0.49128 0.14491 0.47884 0.14948 0.47784 0.12627 0.48980 0.10375 0.50661 0.08507 0.51369 0.04782 0.51640 0.02274 0.51315 0.00056 0.43335 0.00000 0.42846 0.01406 0.42846 0.04396 0.43335 0.07482 0.44216 0.09202 0.45876 0.12153
6 0.00000 0.00000 0.00000 1.00000 1.00000 1.00000 1.00000 0.88261 0.23151 0.00000 0.00000 0.00000
1 0.45876 0.12153 0.45911 0.15101 0.44967 0.15406 0.41652 0.16837 0.41578 0.18912 0.44795 0.22418 0.51660 0.21504 0.51531 0.19141 0.49171 0.17769 0.49128 0.14491 0.47884 0.14948 0.47784 0.12627 0.48980 0.10375 0.50661 0.08507 0.51369 0.04782 0.51640 0.02274 0.51315 0.00056 0.43335 0.00000 0.42846 0.01406 0.42846 0.04396 0.43335 0.07482 0.44216 0.09202 0.45876 0.12153
6 0.00000 0.00000 0.00000 1.00000 1.00000 1.00000 1.00000 0.88261 0.23151 0.00000 0.00000 0.00000
1 0.45876 0.12153 0.45911 0.15101 0.44967 0.15406 0.41652 0.16837 0.41578 0.18912 0.44795 0.22418 0.51660 0.21504 0.51531 0.19141 0.49171 0.17769 0.49128 0.14491 0.47884 0.14948 0.47784 0.12627 0.48980 0.10375 0.50661 0.08507 0.51369 0.04782 0.51640 0.02274 0.51315 0.00056 0.43335 0.00000 0.42846 0.01406 0.42846 0.04396 0.43335 0.07482 0.44216 0.09202 0.45876 0.12153
6 0.00000 0.00000 0.00000 1.00000 1.00000 1.00000 1.00000 0.88261 0.23151 0.00000 0.00000 0.00000
1 0.45876 0.12153 0.45911 0.15101 0.44967 0.15406 0.41652 0.16837 0.41578 0.18912 0.44795 0.22418 0.51660 0.21504 0.51531 0.19141 0.49171 0.17769 0.49128 0.14491 0.47884 0.14948 0.47784 0.12627 0.48980 0.10375 0.50661 0.08507 0.51369 0.04782 0.51640 0.02274 0.51315 0.00056 0.43335 0.00000 0.42846 0.01406 0.42846 0.04396 0.43335 0.07482 0.44216 0.09202 0.45876 0.12153
6 0.00000 0.00000 0.00000 1.00000 1.00000 1.00000 1.00000 0.88261 0.23151 0.00000 0.00000 0.00000
1 0.45876 0.12153 0.45911 0.15101 0.44967 0.15406 0.41652 0.16837 0.41578 0.18912 0.44795 0.22418 0.51660 0.21504 0.51531 0.19141 0.49171 0.17769 0.49128 0.14491 0.47884 0.14948 0.47784 0.12627 0.48980 0.10375 0.50661 0.08507 0.51369 0.04782 0.51640 0.02274 0.51315 0.00056 0.43335 0.00000 0.42846 0.01406 0.42846 0.04396 0.43335 0.07482 0.44216 0.09202 0.45876 0.12153
