6 0.19675 0.00000 0.27493 0.02718 0.00000 0.53043 0.00000 0.91131 0.47375 1.00000 0.95216 1.00000 0.96575 0.87121 0.59736 0.01331 0.52625 0.00000 0.19675 0.00000
1 0.96322 0.29825 0.96398 0.29107 0.97546 0.26025 0.98266 0.19202 0.97724 0.16537 0.95726 0.13050 0.95158 0.12577 0.92333 0.12048 0.89683 0.13750 0.87885 0.16160 0.86649 0.18125 0.84983 0.22209 0.84440 0.25403 0.84604 0.25800 0.84377 0.27955 0.84793 0.29864 0.84717 0.30582 0.86760 0.34627 0.85889 0.37027 0.85738 0.38464 0.85139 0.39268 0.84495 0.39513 0.83284 0.39287 0.82565 0.40251 0.79538 0.39684 0.78939 0.40487 0.78673 0.43001 0.79979 0.45260 0.81126 0.48038 0.82223 0.49343 0.83030 0.49494 0.83194 0.49891 0.84002 0.50042 0.84242 0.49720 0.91589 0.51279 0.92510 0.50353 0.92624 0.49275 0.90127 0.43680 0.90114 0.41847 0.89705 0.40855 0.88689 0.39749 0.88563 0.38993 0.88841 0.38312 0.89106 0.35798 0.92645 0.34447 0.94007 0.33237 0.96322 0.29825
6 0.19675 0.00000 0.27493 0.02718 0.00000 0.53043 0.00000 0.91131 0.47375 1.00000 0.95216 1.00000 0.96575 0.87121 0.59736 0.01331 0.52625 0.00000 0.19675 0.00000
1 0.96322 0.29825 0.96398 0.29107 0.97546 0.26025 0.98266 0.19202 0.97724 0.16537 0.95726 0.13050 0.95158 0.12577 0.92333 0.12048 0.89683 0.13750 0.87885 0.16160 0.86649 0.18125 0.84983 0.22209 0.84440 0.25403 0.84604 0.25800 0.84377 0.27955 0.84793 0.29864 0.84717 0.30582 0.86760 0.34627 0.85889 0.37027 0.85738 0.38464 0.85139 0.39268 0.84495 0.39513 0.83284 0.39287 0.82565 0.40251 0.79538 0.39684 0.78939 0.40487 0.78673 0.43001 0.79979 0.45260 0.81126 0.48038 0.82223 0.49343 0.83030 0.49494 0.83194 0.49891 0.84002 0.50042 0.84242 0.49720 0.91589 0.51279 0.92510 0.50353 0.92624 0.49275 0.90127 0.43680 0.90114 0.41847 0.89705 0.40855 0.88689 0.39749 0.88563 0.38993 0.88841 0.38312 0.89106 0.35798 0.92645 0.34447 0.94007 0.33237 0.96322 0.29825
6 0.19675 0.00000 0.27493 0.02718 0.00000 0.53043 0.00000 0.91131 0.47375 1.00000 0.95216 1.00000 0.96575 0.87121 0.59736 0.01331 0.52625 0.00000 0.19675 0.00000
1 0.96322 0.29825 0.96398 0.29107 0.97546 0.26025 0.98266 0.19202 0.97724 0.16537 0.95726 0.13050 0.95158 0.12577 0.92333 0.12048 0.89683 0.13750 0.87885 0.16160 0.86649 0.18125 0.84983 0.22209 0.84440 0.25403 0.84604 0.25800 0.84377 0.27955 0.84793 0.29864 0.84717 0.30582 0.86760 0.34627 0.85889 0.37027 0.85738 0.38464 0.85139 0.39268 0.84495 0.39513 0.83284 0.39287 0.82565 0.40251 0.79538 0.39684 0.78939 0.40487 0.78673 0.43001 0.79979 0.45260 0.81126 0.48038 0.82223 0.49343 0.83030 0.49494 0.83194 0.49891 0.84002 0.50042 0.84242 0.49720 0.91589 0.51279 0.92510 0.50353 0.92624 0.49275 0.90127 0.43680 0.90114 0.41847 0.89705 0.40855 0.88689 0.39749 0.88563 0.38993 0.88841 0.38312 0.89106 0.35798 0.92645 0.34447 0.94007 0.33237 0.96322 0.29825
6 0.19675 0.00000 0.27493 0.02718 0.00000 0.53043 0.00000 0.91131 0.47375 1.00000 0.95216 1.00000 0.96575 0.87121 0.59736 0.01331 0.52625 0.00000 0.19675 0.00000
1 0.96322 0.29825 0.96398 0.29107 0.97546 0.26025 0.98266 0.19202 0.97724 0.16537 0.95726 0.13050 0.95158 0.12577 0.92333 0.12048 0.89683 0.13750 0.87885 0.16160 0.86649 0.18125 0.84983 0.22209 0.84440 0.25403 0.84604 0.25800 0.84377 0.27955 0.84793 0.29864 0.84717 0.30582 0.86760 0.34627 0.85889 0.37027 0.85738 0.38464 0.85139 0.39268 0.84495 0.39513 0.83284 0.39287 0.82565 0.40251 0.79538 0.39684 0.78939 0.40487 0.78673 0.43001 0.79979 0.45260 0.81126 0.48038 0.82223 0.49343 0.83030 0.49494 0.83194 0.49891 0.84002 0.50042 0.84242 0.49720 0.91589 0.51279 0.92510 0.50353 0.92624 0.49275 0.90127 0.43680 0.90114 0.41847 0.89705 0.40855 0.88689 0.39749 0.88563 0.38993 0.88841 0.38312 0.89106 0.35798 0.92645 0.34447 0.94007 0.33237 0.96322 0.29825
6 0.19675 0.00000 0.27493 0.02718 0.00000 0.53043 0.00000 0.91131 0.47375 1.00000 0.95216 1.00000 0.96575 0.87121 0.59736 0.01331 0.52625 0.00000 0.19675 0.00000
1 0.96322 0.29825 0.96398 0.29107 0.97546 0.26025 0.98266 0.19202 0.97724 0.16537 0.95726 0.13050 0.95158 0.12577 0.92333 0.12048 0.89683 0.13750 0.87885 0.16160 0.86649 0.18125 0.84983 0.22209 0.84440 0.25403 0.84604 0.25800 0.84377 0.27955 0.84793 0.29864 0.84717 0.30582 0.86760 0.34627 0.85889 0.37027 0.85738 0.38464 0.85139 0.39268 0.84495 0.39513 0.83284 0.39287 0.82565 0.40251 0.79538 0.39684 0.78939 0.40487 0.78673 0.43001 0.79979 0.45260 0.81126 0.48038 0.82223 0.49343 0.83030 0.49494 0.83194 0.49891 0.84002 0.50042 0.84242 0.49720 0.91589 0.51279 0.92510 0.50353 0.92624 0.49275 0.90127 0.43680 0.90114 0.41847 0.89705 0.40855 0.88689 0.39749 0.88563 0.38993 0.88841 0.38312 0.89106 0.35798 0.92645 0.34447 0.94007 0.33237 0.96322 0.29825
6 0.19675 0.00000 0.27493 0.02718 0.00000 0.53043 0.00000 0.91131 0.47375 1.00000 0.95216 1.00000 0.96575 0.87121 0.59736 0.01331 0.52625 0.00000 0.19675 0.00000
1 0.96322 0.29825 0.96398 0.29107 0.97546 0.26025 0.98266 0.19202 0.97724 0.16537 0.95726 0.13050 0.95158 0.12577 0.92333 0.12048 0.89683 0.13750 0.87885 0.16160 0.86649 0.18125 0.84983 0.22209 0.84440 0.25403 0.84604 0.25800 0.84377 0.27955 0.84793 0.29864 0.84717 0.30582 0.86760 0.34627 0.85889 0.37027 0.85738 0.38464 0.85139 0.39268 0.84495 0.39513 0.83284 0.39287 0.82565 0.40251 0.79538 0.39684 0.78939 0.40487 0.78673 0.43001 0.79979 0.45260 0.81126 0.48038 0.82223 0.49343 0.83030 0.49494 0.83194 0.49891 0.84002 0.50042 0.84242 0.49720 0.91589 0.51279 0.92510 0.50353 0.92624 0.49275 0.90127 0.43680 0.90114 0.41847 0.89705 0.40855 0.88689 0.39749 0.88563 0.38993 0.88841 0.38312 0.89106 0.35798 0.92645 0.34447 0.94007 0.33237 0.96322 0.29825
