6 0.00000 0.20903 0.22688 0.23390 0.23728 0.20568 0.25199 0.20534 0.25985 0.19327 0.26364 0.17655 0.26206 0.15757 0.25512 0.13872 0.24433 0.13184 0.24123 0.09864 0.00000 0.07802 0.00000 0.20903
6 0.50562 0.00000 0.46464 0.10770 0.28279 0.10718 0.27355 0.11690 0.27421 0.16680 0.28238 0.17849 0.28935 0.19972 0.31496 0.21576 0.31528 0.23952 0.41034 0.24920 0.15599 1.00000 0.50328 1.00000 1.00000 0.98845 1.00000 0.52630 0.69048 0.00000 0.50562 0.00000
6 0.00000 0.20903 0.22688 0.23390 0.23728 0.20568 0.25199 0.20534 0.25985 0.19327 0.26364 0.17655 0.26206 0.15757 0.25512 0.13872 0.24433 0.13184 0.24123 0.09864 0.00000 0.07802 0.00000 0.20903
6 0.50562 0.00000 0.46464 0.10770 0.28279 0.10718 0.27355 0.11690 0.27421 0.16680 0.28238 0.17849 0.28935 0.19972 0.31496 0.21576 0.31528 0.23952 0.41034 0.24920 0.15599 1.00000 0.50328 1.00000 1.00000 0.98845 1.00000 0.52630 0.69048 0.00000 0.50562 0.00000
6 0.00000 0.20903 0.22688 0.23390 0.23728 0.20568 0.25199 0.20534 0.25985 0.19327 0.26364 0.17655 0.26206 0.15757 0.25512 0.13872 0.24433 0.13184 0.24123 0.09864 0.00000 0.07802 0.00000 0.20903
6 0.50562 0.00000 0.46464 0.10770 0.28279 0.10718 0.27355 0.11690 0.27421 0.16680 0.28238 0.17849 0.28935 0.19972 0.31496 0.21576 0.31528 0.23952 0.41034 0.24920 0.15599 1.00000 0.50328 1.00000 1.00000 0.98845 1.00000 0.52630 0.69048 0.00000 0.50562 0.00000
6 0.00000 0.20903 0.22688 0.23390 0.23728 0.20568 0.25199 0.20534 0.25985 0.19327 0.26364 0.17655 0.26206 0.15757 0.25512 0.13872 0.24433 0.13184 0.24123 0.09864 0.00000 0.07802 0.00000 0.20903
6 0.50562 0.00000 0.46464 0.10770 0.28279 0.10718 0.27355 0.11690 0.27421 0.16680 0.28238 0.17849 0.28935 0.19972 0.31496 0.21576 0.31528 0.23952 0.41034 0.24920 0.15599 1.00000 0.50328 1.00000 1.00000 0.98845 1.00000 0.52630 0.69048 0.00000 0.50562 0.00000
6 0.00000 0.20903 0.22688 0.23390 0.23728 0.20568 0.25199 0.20534 0.25985 0.19327 0.26364 0.17655 0.26206 0.15757 0.25512 0.13872 0.24433 0.13184 0.24123 0.09864 0.00000 0.07802 0.00000 0.20903
6 0.50562 0.00000 0.46464 0.10770 0.28279 0.10718 0.27355 0.11690 0.27421 0.16680 0.28238 0.17849 0.28935 0.19972 0.31496 0.21576 0.31528 0.23952 0.41034 0.24920 0.15599 1.00000 0.50328 1.00000 1.00000 0.98845 1.00000 0.52630 0.69048 0.00000 0.50562 0.00000
6 0.00000 0.20903 0.22688 0.23390 0.23728 0.20568 0.25199 0.20534 0.25985 0.19327 0.26364 0.17655 0.26206 0.15757 0.25512 0.13872 0.24433 0.13184 0.24123 0.09864 0.00000 0.07802 0.00000 0.20903
6 0.50562 0.00000 0.46464 0.10770 0.28279 0.10718 0.27355 0.11690 0.27421 0.16680 0.28238 0.17849 0.28935 0.19972 0.31496 0.21576 0.31528 0.23952 0.41034 0.24920 0.15599 1.00000 0.50328 1.00000 1.00000 0.98845 1.00000 0.52630 0.69048 0.00000 0.50562 0.00000
