6 1.00000 0.85644 0.83321 0.72276 0.71376 0.65575 0.00000 0.23839 0.00000 0.52326 0.02503 1.00000 0.51311 1.00000 1.00000 0.95465 1.00000 0.85644
1 0.11081 0.18969 0.11292 0.19832 0.11853 0.22600 0.10422 0.22817 0.10313 0.24483 0.08034 0.25654 0.08139 0.27649 0.12574 0.29241 0.18857 0.27396 0.18315 0.24148 0.15885 0.24374 0.15223 0.20854 0.13625 0.21756 0.13134 0.19170 0.14635 0.17265 0.15380 0.15035 0.15695 0.13170 0.15503 0.09517 0.14939 0.06632 0.13234 0.03671 0.12802 0.03343 0.10065 0.03598 0.08591 0.04771 0.07825 0.09811 0.08123 0.13618 0.09582 0.17246 0.10221 0.18363 0.11081 0.18969
6 1.00000 0.85644 0.83321 0.72276 0.71376 0.65575 0.00000 0.23839 0.00000 0.52326 0.02503 1.00000 0.51311 1.00000 1.00000 0.95465 1.00000 0.85644
1 0.11081 0.18969 0.11292 0.19832 0.11853 0.22600 0.10422 0.22817 0.10313 0.24483 0.08034 0.25654 0.08139 0.27649 0.12574 0.29241 0.18857 0.27396 0.18315 0.24148 0.15885 0.24374 0.15223 0.20854 0.13625 0.21756 0.13134 0.19170 0.14635 0.17265 0.15380 0.15035 0.15695 0.13170 0.15503 0.09517 0.14939 0.06632 0.13234 0.03671 0.12802 0.03343 0.10065 0.03598 0.08591 0.04771 0.07825 0.09811 0.08123 0.13618 0.09582 0.17246 0.10221 0.18363 0.11081 0.18969
6 1.00000 0.85644 0.83321 0.72276 0.71376 0.65575 0.00000 0.23839 0.00000 0.52326 0.02503 1.00000 0.51311 1.00000 1.00000 0.95465 1.00000 0.85644
1 0.11081 0.18969 0.11292 0.19832 0.11853 0.22600 0.10422 0.22817 0.10313 0.24483 0.08034 0.25654 0.08139 0.27649 0.12574 0.29241 0.18857 0.27396 0.18315 0.24148 0.15885 0.24374 0.15223 0.20854 0.13625 0.21756 0.13134 0.19170 0.14635 0.17265 0.15380 0.15035 0.15695 0.13170 0.15503 0.09517 0.14939 0.06632 0.13234 0.03671 0.12802 0.03343 0.10065 0.03598 0.08591 0.04771 0.07825 0.09811 0.08123 0.13618 0.09582 0.17246 0.10221 0.18363 0.11081 0.18969
6 1.00000 0.85644 0.83321 0.72276 0.71376 0.65575 0.00000 0.23839 0.00000 0.52326 0.02503 1.00000 0.51311 1.00000 1.00000 0.95465 1.00000 0.85644
1 0.11081 0.18969 0.11292 0.19832 0.11853 0.22600 0.10422 0.22817 0.10313 0.24483 0.08034 0.25654 0.08139 0.27649 0.12574 0.29241 0.18857 0.27396 0.18315 0.24148 0.15885 0.24374 0.15223 0.20854 0.13625 0.21756 0.13134 0.19170 0.14635 0.17265 0.15380 0.15035 0.15695 0.13170 0.15503 0.09517 0.14939 0.06632 0.13234 0.03671 0.12802 0.03343 0.10065 0.03598 0.08591 0.04771 0.07825 0.09811 0.08123 0.13618 0.09582 0.17246 0.10221 0.18363 0.11081 0.18969
6 1.00000 0.85644 0.83321 0.72276 0.71376 0.65575 0.00000 0.23839 0.00000 0.52326 0.02503 1.00000 0.51311 1.00000 1.00000 0.95465 1.00000 0.85644
1 0.11081 0.18969 0.11292 0.19832 0.11853 0.22600 0.10422 0.22817 0.10313 0.24483 0.08034 0.25654 0.08139 0.27649 0.12574 0.29241 0.18857 0.27396 0.18315 0.24148 0.15885 0.24374 0.15223 0.20854 0.13625 0.21756 0.13134 0.19170 0.14635 0.17265 0.15380 0.15035 0.15695 0.13170 0.15503 0.09517 0.14939 0.06632 0.13234 0.03671 0.12802 0.03343 0.10065 0.03598 0.08591 0.04771 0.07825 0.09811 0.08123 0.13618 0.09582 0.17246 0.10221 0.18363 0.11081 0.18969
6 1.00000 0.85644 0.83321 0.72276 0.71376 0.65575 0.00000 0.23839 0.00000 0.52326 0.02503 1.00000 0.51311 1.00000 1.00000 0.95465 1.00000 0.85644
1 0.11081 0.18969 0.11292 0.19832 0.11853 0.22600 0.10422 0.22817 0.10313 0.24483 0.08034 0.25654 0.08139 0.27649 0.12574 0.29241 0.18857 0.27396 0.18315 0.24148 0.15885 0.24374 0.15223 0.20854 0.13625 0.21756 0.13134 0.19170 0.14635 0.17265 0.15380 0.15035 0.15695 0.13170 0.15503 0.09517 0.14939 0.06632 0.13234 0.03671 0.12802 0.03343 0.10065 0.03598 0.08591 0.04771 0.07825 0.09811 0.08123 0.13618 0.09582 0.17246 0.10221 0.18363 0.11081 0.18969
