6 1.00000 0.47092 0.99119 0.33682 0.88996 0.27631 0.68554 0.20504 0.36944 0.07945 0.25177 0.02702 0.00000 0.05636 0.00000 0.27390 0.21475 0.62282 0.30272 0.76889 0.32843 0.83659 0.30289 0.96580 0.27336 1.00000 0.51639 1.00000 0.91183 0.95391 1.00000 0.94311 1.00000 0.47092
5 0.42431 0.09080 0.47105 0.09850 0.50932 0.07190 0.50690 0.06115 0.48218 0.05370 0.47849 0.02844 0.46692 0.02979 0.46150 0.00258 0.44234 0.00481 0.44505 0.00964 0.45272 0.03836 0.44360 0.05327 0.44763 0.06732 0.42400 0.07423 0.42431 0.09080
6 1.00000 0.47092 0.99119 0.33682 0.88996 0.27631 0.68554 0.20504 0.36944 0.07945 0.25177 0.02702 0.00000 0.05636 0.00000 0.27390 0.21475 0.62282 0.30272 0.76889 0.32843 0.83659 0.30289 0.96580 0.27336 1.00000 0.51639 1.00000 0.91183 0.95391 1.00000 0.94311 1.00000 0.47092
5 0.42431 0.09080 0.47105 0.09850 0.50932 0.07190 0.50690 0.06115 0.48218 0.05370 0.47849 0.02844 0.46692 0.02979 0.46150 0.00258 0.44234 0.00481 0.44505 0.00964 0.45272 0.03836 0.44360 0.05327 0.44763 0.06732 0.42400 0.07423 0.42431 0.09080
6 1.00000 0.47092 0.99119 0.33682 0.88996 0.27631 0.68554 0.20504 0.36944 0.07945 0.25177 0.02702 0.00000 0.05636 0.00000 0.27390 0.21475 0.62282 0.30272 0.76889 0.32843 0.83659 0.30289 0.96580 0.27336 1.00000 0.51639 1.00000 0.91183 0.95391 1.00000 0.94311 1.00000 0.47092
5 0.42431 0.09080 0.47105 0.09850 0.50932 0.07190 0.50690 0.06115 0.48218 0.05370 0.47849 0.02844 0.46692 0.02979 0.46150 0.00258 0.44234 0.00481 0.44505 0.00964 0.45272 0.03836 0.44360 0.05327 0.44763 0.06732 0.42400 0.07423 0.42431 0.09080
6 1.00000 0.47092 0.99119 0.33682 0.88996 0.27631 0.68554 0.20504 0.36944 0.07945 0.25177 0.02702 0.00000 0.05636 0.00000 0.27390 0.21475 0.62282 0.30272 0.76889 0.32843 0.83659 0.30289 0.96580 0.27336 1.00000 0.51639 1.00000 0.91183 0.95391 1.00000 0.94311 1.00000 0.47092
5 0.42431 0.09080 0.47105 0.09850 0.50932 0.07190 0.50690 0.06115 0.48218 0.05370 0.47849 0.02844 0.46692 0.02979 0.46150 0.00258 0.44234 0.00481 0.44505 0.00964 0.45272 0.03836 0.44360 0.05327 0.44763 0.06732 0.42400 0.07423 0.42431 0.09080
6 1.00000 0.47092 0.99119 0.33682 0.88996 0.27631 0.68554 0.20504 0.36944 0.07945 0.25177 0.02702 0.00000 0.05636 0.00000 0.27390 0.21475 0.62282 0.30272 0.76889 0.32843 0.83659 0.30289 0.96580 0.27336 1.00000 0.51639 1.00000 0.91183 0.95391 1.00000 0.94311 1.00000 0.47092
5 0.42431 0.09080 0.47105 0.09850 0.50932 0.07190 0.50690 0.06115 0.48218 0.05370 0.47849 0.02844 0.46692 0.02979 0.46150 0.00258 0.44234 0.00481 0.44505 0.00964 0.45272 0.03836 0.44360 0.05327 0.44763 0.06732 0.42400 0.07423 0.42431 0.09080
6 1.00000 0.47092 0.99119 0.33682 0.88996 0.27631 0.68554 0.20504 0.36944 0.07945 0.25177 0.02702 0.00000 0.05636 0.00000 0.27390 0.21475 0.62282 0.30272 0.76889 0.32843 0.83659 0.30289 0.96580 0.27336 1.00000 0.51639 1.00000 0.91183 0.95391 1.00000 0.94311 1.00000 0.47092
5 0.42431 0.09080 0.47105 0.09850 0.50932 0.07190 0.50690 0.06115 0.48218 0.05370 0.47849 0.02844 0.46692 0.02979 0.46150 0.00258 0.44234 0.00481 0.44505 0.00964 0.45272 0.03836 0.44360 0.05327 0.44763 0.06732 0.42400 0.07423 0.42431 0.09080
