2 1.00000 0.69429 0.99954 0.69391 0.99591 0.68869 0.99079 0.66460 0.98171 0.65824 0.96686 0.66032 0.96293 0.65133 0.96144 0.63245 0.95902 0.62898 0.95724 0.60633 0.96059 0.59441 0.95999 0.58686 0.96516 0.57087 0.98593 0.45347 0.98567 0.42297 0.98994 0.39566 0.98604 0.37331 0.98029 0.36839 0.91665 0.37730 0.91482 0.38137 0.86603 0.38820 0.86421 0.39227 0.85360 0.39376 0.84904 0.40394 0.85023 0.41904 0.87290 0.46166 0.88950 0.50895 0.89433 0.51591 0.89493 0.52345 0.92061 0.57711 0.92363 0.58813 0.92571 0.61456 0.92813 0.61804 0.93200 0.66711 0.92715 0.67351 0.91654 0.67500 0.91260 0.67936 0.91016 0.68925 0.91135 0.70435 0.90861 0.71045 0.88104 0.71432 0.87709 0.71868 0.87465 0.72857 0.87856 0.75092 0.89793 0.76538 0.90973 0.77899 0.92335 0.78854 0.92760 0.78794 0.94029 0.81288 0.94665 0.81199 0.95121 0.80181 0.95123 0.78845 0.95972 0.78726 0.96154 0.78319 0.99124 0.77903 0.99306 0.77496 1.00000 0.77399 1.00000 0.69429
6 1.00000 0.88225 0.67275 0.47123 0.61320 0.44141 0.52457 0.40547 0.39691 0.40045 0.09508 0.43507 0.04948 0.54577 0.17130 0.53126 0.22666 0.52605 0.24221 0.52388 0.25916 0.53932 0.25105 0.56335 0.06652 1.00000 0.51967 1.00000 1.00000 0.93275 1.00000 0.88225
2 1.00000 0.69429 0.99954 0.69391 0.99591 0.68869 0.99079 0.66460 0.98171 0.65824 0.96686 0.66032 0.96293 0.65133 0.96144 0.63245 0.95902 0.62898 0.95724 0.60633 0.96059 0.59441 0.95999 0.58686 0.96516 0.57087 0.98593 0.45347 0.98567 0.42297 0.98994 0.39566 0.98604 0.37331 0.98029 0.36839 0.91665 0.37730 0.91482 0.38137 0.86603 0.38820 0.86421 0.39227 0.85360 0.39376 0.84904 0.40394 0.85023 0.41904 0.87290 0.46166 0.88950 0.50895 0.89433 0.51591 0.89493 0.52345 0.92061 0.57711 0.92363 0.58813 0.92571 0.61456 0.92813 0.61804 0.93200 0.66711 0.92715 0.67351 0.91654 0.67500 0.91260 0.67936 0.91016 0.68925 0.91135 0.70435 0.90861 0.71045 0.88104 0.71432 0.87709 0.71868 0.87465 0.72857 0.87856 0.75092 0.89793 0.76538 0.90973 0.77899 0.92335 0.78854 0.92760 0.78794 0.94029 0.81288 0.94665 0.81199 0.95121 0.80181 0.95123 0.78845 0.95972 0.78726 0.96154 0.78319 0.99124 0.77903 0.99306 0.77496 1.00000 0.77399 1.00000 0.69429
6 1.00000 0.88225 0.67275 0.47123 0.61320 0.44141 0.52457 0.40547 0.39691 0.40045 0.09508 0.43507 0.04948 0.54577 0.17130 0.53126 0.22666 0.52605 0.24221 0.52388 0.25916 0.53932 0.25105 0.56335 0.06652 1.00000 0.51967 1.00000 1.00000 0.93275 1.00000 0.88225
2 1.00000 0.69429 0.99954 0.69391 0.99591 0.68869 0.99079 0.66460 0.98171 0.65824 0.96686 0.66032 0.96293 0.65133 0.96144 0.63245 0.95902 0.62898 0.95724 0.60633 0.96059 0.59441 0.95999 0.58686 0.96516 0.57087 0.98593 0.45347 0.98567 0.42297 0.98994 0.39566 0.98604 0.37331 0.98029 0.36839 0.91665 0.37730 0.91482 0.38137 0.86603 0.38820 0.86421 0.39227 0.85360 0.39376 0.84904 0.40394 0.85023 0.41904 0.87290 0.46166 0.88950 0.50895 0.89433 0.51591 0.89493 0.52345 0.92061 0.57711 0.92363 0.58813 0.92571 0.61456 0.92813 0.61804 0.93200 0.66711 0.92715 0.67351 0.91654 0.67500 0.91260 0.67936 0.91016 0.68925 0.91135 0.70435 0.90861 0.71045 0.88104 0.71432 0.87709 0.71868 0.87465 0.72857 0.87856 0.75092 0.89793 0.76538 0.90973 0.77899 0.92335 0.78854 0.92760 0.78794 0.94029 0.81288 0.94665 0.81199 0.95121 0.80181 0.95123 0.78845 0.95972 0.78726 0.96154 0.78319 0.99124 0.77903 0.99306 0.77496 1.00000 0.77399 1.00000 0.69429
6 1.00000 0.88225 0.67275 0.47123 0.61320 0.44141 0.52457 0.40547 0.39691 0.40045 0.09508 0.43507 0.04948 0.54577 0.17130 0.53126 0.22666 0.52605 0.24221 0.52388 0.25916 0.53932 0.25105 0.56335 0.06652 1.00000 0.51967 1.00000 1.00000 0.93275 1.00000 0.88225
2 1.00000 0.69429 0.99954 0.69391 0.99591 0.68869 0.99079 0.66460 0.98171 0.65824 0.96686 0.66032 0.96293 0.65133 0.96144 0.63245 0.95902 0.62898 0.95724 0.60633 0.96059 0.59441 0.95999 0.58686 0.96516 0.57087 0.98593 0.45347 0.98567 0.42297 0.98994 0.39566 0.98604 0.37331 0.98029 0.36839 0.91665 0.37730 0.91482 0.38137 0.86603 0.38820 0.86421 0.39227 0.85360 0.39376 0.84904 0.40394 0.85023 0.41904 0.87290 0.46166 0.88950 0.50895 0.89433 0.51591 0.89493 0.52345 0.92061 0.57711 0.92363 0.58813 0.92571 0.61456 0.92813 0.61804 0.93200 0.66711 0.92715 0.67351 0.91654 0.67500 0.91260 0.67936 0.91016 0.68925 0.91135 0.70435 0.90861 0.71045 0.88104 0.71432 0.87709 0.71868 0.87465 0.72857 0.87856 0.75092 0.89793 0.76538 0.90973 0.77899 0.92335 0.78854 0.92760 0.78794 0.94029 0.81288 0.94665 0.81199 0.95121 0.80181 0.95123 0.78845 0.95972 0.78726 0.96154 0.78319 0.99124 0.77903 0.99306 0.77496 1.00000 0.77399 1.00000 0.69429
6 1.00000 0.88225 0.67275 0.47123 0.61320 0.44141 0.52457 0.40547 0.39691 0.40045 0.09508 0.43507 0.04948 0.54577 0.17130 0.53126 0.22666 0.52605 0.24221 0.52388 0.25916 0.53932 0.25105 0.56335 0.06652 1.00000 0.51967 1.00000 1.00000 0.93275 1.00000 0.88225
2 1.00000 0.69429 0.99954 0.69391 0.99591 0.68869 0.99079 0.66460 0.98171 0.65824 0.96686 0.66032 0.96293 0.65133 0.96144 0.63245 0.95902 0.62898 0.95724 0.60633 0.96059 0.59441 0.95999 0.58686 0.96516 0.57087 0.98593 0.45347 0.98567 0.42297 0.98994 0.39566 0.98604 0.37331 0.98029 0.36839 0.91665 0.37730 0.91482 0.38137 0.86603 0.38820 0.86421 0.39227 0.85360 0.39376 0.84904 0.40394 0.85023 0.41904 0.87290 0.46166 0.88950 0.50895 0.89433 0.51591 0.89493 0.52345 0.92061 0.57711 0.92363 0.58813 0.92571 0.61456 0.92813 0.61804 0.93200 0.66711 0.92715 0.67351 0.91654 0.67500 0.91260 0.67936 0.91016 0.68925 0.91135 0.70435 0.90861 0.71045 0.88104 0.71432 0.87709 0.71868 0.87465 0.72857 0.87856 0.75092 0.89793 0.76538 0.90973 0.77899 0.92335 0.78854 0.92760 0.78794 0.94029 0.81288 0.94665 0.81199 0.95121 0.80181 0.95123 0.78845 0.95972 0.78726 0.96154 0.78319 0.99124 0.77903 0.99306 0.77496 1.00000 0.77399 1.00000 0.69429
6 1.00000 0.88225 0.67275 0.47123 0.61320 0.44141 0.52457 0.40547 0.39691 0.40045 0.09508 0.43507 0.04948 0.54577 0.17130 0.53126 0.22666 0.52605 0.24221 0.52388 0.25916 0.53932 0.25105 0.56335 0.06652 1.00000 0.51967 1.00000 1.00000 0.93275 1.00000 0.88225
2 1.00000 0.69429 0.99954 0.69391 0.99591 0.68869 0.99079 0.66460 0.98171 0.65824 0.96686 0.66032 0.96293 0.65133 0.96144 0.63245 0.95902 0.62898 0.95724 0.60633 0.96059 0.59441 0.95999 0.58686 0.96516 0.57087 0.98593 0.45347 0.98567 0.42297 0.98994 0.39566 0.98604 0.37331 0.98029 0.36839 0.91665 0.37730 0.91482 0.38137 0.86603 0.38820 0.86421 0.39227 0.85360 0.39376 0.84904 0.40394 0.85023 0.41904 0.87290 0.46166 0.88950 0.50895 0.89433 0.51591 0.89493 0.52345 0.92061 0.57711 0.92363 0.58813 0.92571 0.61456 0.92813 0.61804 0.93200 0.66711 0.92715 0.67351 0.91654 0.67500 0.91260 0.67936 0.91016 0.68925 0.91135 0.70435 0.90861 0.71045 0.88104 0.71432 0.87709 0.71868 0.87465 0.72857 0.87856 0.75092 0.89793 0.76538 0.90973 0.77899 0.92335 0.78854 0.92760 0.78794 0.94029 0.81288 0.94665 0.81199 0.95121 0.80181 0.95123 0.78845 0.95972 0.78726 0.96154 0.78319 0.99124 0.77903 0.99306 0.77496 1.00000 0.77399 1.00000 0.69429
6 1.00000 0.88225 0.67275 0.47123 0.61320 0.44141 0.52457 0.40547 0.39691 0.40045 0.09508 0.43507 0.04948 0.54577 0.17130 0.53126 0.22666 0.52605 0.24221 0.52388 0.25916 0.53932 0.25105 0.56335 0.06652 1.00000 0.51967 1.00000 1.00000 0.93275 1.00000 0.88225
