6 0.00000 0.96578 0.32696 0.98861 0.32001 0.97831 0.31022 0.97045 0.30460 0.95928 0.23854 0.89364 0.22516 0.87476 0.21335 0.86675 0.18644 0.83256 0.16111 0.80925 0.13620 0.77521 0.11232 0.76636 0.11045 0.76264 0.09837 0.76180 0.09650 0.75807 0.08039 0.75695 0.07852 0.75323 0.06241 0.75211 0.06054 0.74839 0.02833 0.74614 0.00674 0.73027 0.00000 0.73836 0.00000 0.96578
2 0.31286 0.85216 0.31019 0.84300 0.31117 0.81794 0.31562 0.80748 0.32078 0.77912 0.32752 0.76164 0.33296 0.72612 0.33511 0.72268 0.33610 0.69762 0.32926 0.69175 0.32711 0.69520 0.27246 0.69856 0.26104 0.70674 0.26062 0.71748 0.27892 0.76543 0.28224 0.78361 0.28786 0.79477 0.29493 0.82039 0.29352 0.85620 0.28303 0.86623 0.28232 0.88413 0.27694 0.89273 0.26673 0.89561 0.26350 0.90077 0.26322 0.90793 0.26790 0.91723 0.27595 0.91779 0.27782 0.92151 0.28696 0.92036 0.31435 0.91688 0.31650 0.91345 0.32872 0.91071 0.33504 0.90397 0.34511 0.90467 0.34834 0.89951 0.34877 0.88877 0.34409 0.87947 0.32812 0.87477 0.32573 0.85844 0.32292 0.85286 0.31286 0.85216
6 0.00000 0.96578 0.32696 0.98861 0.32001 0.97831 0.31022 0.97045 0.30460 0.95928 0.23854 0.89364 0.22516 0.87476 0.21335 0.86675 0.18644 0.83256 0.16111 0.80925 0.13620 0.77521 0.11232 0.76636 0.11045 0.76264 0.09837 0.76180 0.09650 0.75807 0.08039 0.75695 0.07852 0.75323 0.06241 0.75211 0.06054 0.74839 0.02833 0.74614 0.00674 0.73027 0.00000 0.73836 0.00000 0.96578
2 0.31286 0.85216 0.31019 0.84300 0.31117 0.81794 0.31562 0.80748 0.32078 0.77912 0.32752 0.76164 0.33296 0.72612 0.33511 0.72268 0.33610 0.69762 0.32926 0.69175 0.32711 0.69520 0.27246 0.69856 0.26104 0.70674 0.26062 0.71748 0.27892 0.76543 0.28224 0.78361 0.28786 0.79477 0.29493 0.82039 0.29352 0.85620 0.28303 0.86623 0.28232 0.88413 0.27694 0.89273 0.26673 0.89561 0.26350 0.90077 0.26322 0.90793 0.26790 0.91723 0.27595 0.91779 0.27782 0.92151 0.28696 0.92036 0.31435 0.91688 0.31650 0.91345 0.32872 0.91071 0.33504 0.90397 0.34511 0.90467 0.34834 0.89951 0.34877 0.88877 0.34409 0.87947 0.32812 0.87477 0.32573 0.85844 0.32292 0.85286 0.31286 0.85216
6 0.00000 0.96578 0.32696 0.98861 0.32001 0.97831 0.31022 0.97045 0.30460 0.95928 0.23854 0.89364 0.22516 0.87476 0.21335 0.86675 0.18644 0.83256 0.16111 0.80925 0.13620 0.77521 0.11232 0.76636 0.11045 0.76264 0.09837 0.76180 0.09650 0.75807 0.08039 0.75695 0.07852 0.75323 0.06241 0.75211 0.06054 0.74839 0.02833 0.74614 0.00674 0.73027 0.00000 0.73836 0.00000 0.96578
2 0.31286 0.85216 0.31019 0.84300 0.31117 0.81794 0.31562 0.80748 0.32078 0.77912 0.32752 0.76164 0.33296 0.72612 0.33511 0.72268 0.33610 0.69762 0.32926 0.69175 0.32711 0.69520 0.27246 0.69856 0.26104 0.70674 0.26062 0.71748 0.27892 0.76543 0.28224 0.78361 0.28786 0.79477 0.29493 0.82039 0.29352 0.85620 0.28303 0.86623 0.28232 0.88413 0.27694 0.89273 0.26673 0.89561 0.26350 0.90077 0.26322 0.90793 0.26790 0.91723 0.27595 0.91779 0.27782 0.92151 0.28696 0.92036 0.31435 0.91688 0.31650 0.91345 0.32872 0.91071 0.33504 0.90397 0.34511 0.90467 0.34834 0.89951 0.34877 0.88877 0.34409 0.87947 0.32812 0.87477 0.32573 0.85844 0.32292 0.85286 0.31286 0.85216
6 0.00000 0.96578 0.32696 0.98861 0.32001 0.97831 0.31022 0.97045 0.30460 0.95928 0.23854 0.89364 0.22516 0.87476 0.21335 0.86675 0.18644 0.83256 0.16111 0.80925 0.13620 0.77521 0.11232 0.76636 0.11045 0.76264 0.09837 0.76180 0.09650 0.75807 0.08039 0.75695 0.07852 0.75323 0.06241 0.75211 0.06054 0.74839 0.02833 0.74614 0.00674 0.73027 0.00000 0.73836 0.00000 0.96578
2 0.31286 0.85216 0.31019 0.84300 0.31117 0.81794 0.31562 0.80748 0.32078 0.77912 0.32752 0.76164 0.33296 0.72612 0.33511 0.72268 0.33610 0.69762 0.32926 0.69175 0.32711 0.69520 0.27246 0.69856 0.26104 0.70674 0.26062 0.71748 0.27892 0.76543 0.28224 0.78361 0.28786 0.79477 0.29493 0.82039 0.29352 0.85620 0.28303 0.86623 0.28232 0.88413 0.27694 0.89273 0.26673 0.89561 0.26350 0.90077 0.26322 0.90793 0.26790 0.91723 0.27595 0.91779 0.27782 0.92151 0.28696 0.92036 0.31435 0.91688 0.31650 0.91345 0.32872 0.91071 0.33504 0.90397 0.34511 0.90467 0.34834 0.89951 0.34877 0.88877 0.34409 0.87947 0.32812 0.87477 0.32573 0.85844 0.32292 0.85286 0.31286 0.85216
6 0.00000 0.96578 0.32696 0.98861 0.32001 0.97831 0.31022 0.97045 0.30460 0.95928 0.23854 0.89364 0.22516 0.87476 0.21335 0.86675 0.18644 0.83256 0.16111 0.80925 0.13620 0.77521 0.11232 0.76636 0.11045 0.76264 0.09837 0.76180 0.09650 0.75807 0.08039 0.75695 0.07852 0.75323 0.06241 0.75211 0.06054 0.74839 0.02833 0.74614 0.00674 0.73027 0.00000 0.73836 0.00000 0.96578
2 0.31286 0.85216 0.31019 0.84300 0.31117 0.81794 0.31562 0.80748 0.32078 0.77912 0.32752 0.76164 0.33296 0.72612 0.33511 0.72268 0.33610 0.69762 0.32926 0.69175 0.32711 0.69520 0.27246 0.69856 0.26104 0.70674 0.26062 0.71748 0.27892 0.76543 0.28224 0.78361 0.28786 0.79477 0.29493 0.82039 0.29352 0.85620 0.28303 0.86623 0.28232 0.88413 0.27694 0.89273 0.26673 0.89561 0.26350 0.90077 0.26322 0.90793 0.26790 0.91723 0.27595 0.91779 0.27782 0.92151 0.28696 0.92036 0.31435 0.91688 0.31650 0.91345 0.32872 0.91071 0.33504 0.90397 0.34511 0.90467 0.34834 0.89951 0.34877 0.88877 0.34409 0.87947 0.32812 0.87477 0.32573 0.85844 0.32292 0.85286 0.31286 0.85216
6 0.00000 0.96578 0.32696 0.98861 0.32001 0.97831 0.31022 0.97045 0.30460 0.95928 0.23854 0.89364 0.22516 0.87476 0.21335 0.86675 0.18644 0.83256 0.16111 0.80925 0.13620 0.77521 0.11232 0.76636 0.11045 0.76264 0.09837 0.76180 0.09650 0.75807 0.08039 0.75695 0.07852 0.75323 0.06241 0.75211 0.06054 0.74839 0.02833 0.74614 0.00674 0.73027 0.00000 0.73836 0.00000 0.96578
2 0.31286 0.85216 0.31019 0.84300 0.31117 0.81794 0.31562 0.80748 0.32078 0.77912 0.32752 0.76164 0.33296 0.72612 0.33511 0.72268 0.33610 0.69762 0.32926 0.69175 0.32711 0.69520 0.27246 0.69856 0.26104 0.70674 0.26062 0.71748 0.27892 0.76543 0.28224 0.78361 0.28786 0.79477 0.29493 0.82039 0.29352 0.85620 0.28303 0.86623 0.28232 0.88413 0.27694 0.89273 0.26673 0.89561 0.26350 0.90077 0.26322 0.90793 0.26790 0.91723 0.27595 0.91779 0.27782 0.92151 0.28696 0.92036 0.31435 0.91688 0.31650 0.91345 0.32872 0.91071 0.33504 0.90397 0.34511 0.90467 0.34834 0.89951 0.34877 0.88877 0.34409 0.87947 0.32812 0.87477 0.32573 0.85844 0.32292 0.85286 0.31286 0.85216
