2 0.71478 0.22907 0.71562 0.21837 0.72360 0.19425 0.72842 0.15888 0.72584 0.15311 0.71180 0.15114 0.70952 0.15443 0.69548 0.15246 0.69319 0.15575 0.65883 0.15454 0.65654 0.15783 0.64423 0.15971 0.64224 0.17205 0.64368 0.17946 0.65374 0.20610 0.66240 0.25057 0.67390 0.28463 0.67193 0.30958 0.67366 0.31343 0.67225 0.33126 0.66653 0.33947 0.65938 0.34027 0.65681 0.34712 0.65540 0.36495 0.63994 0.36819 0.63451 0.37284 0.63394 0.37996 0.63825 0.38958 0.64972 0.39840 0.68782 0.40373 0.69010 0.40045 0.71216 0.40354 0.71445 0.40025 0.71846 0.40081 0.72190 0.40850 0.72505 0.40714 0.72590 0.39645 0.73047 0.38988 0.72987 0.37177 0.70780 0.35606 0.70577 0.34316 0.70146 0.33354 0.69344 0.33242 0.68942 0.31924 0.69110 0.29785 0.70138 0.27045 0.70479 0.25290 0.71478 0.22907
6 0.96330 1.00000 0.97201 0.88968 0.71046 0.51505 0.53956 0.23157 0.49484 0.19887 0.42835 0.16794 0.34128 0.15815 0.18718 0.14138 0.12410 0.22147 0.17738 0.23133 0.20029 0.23214 0.21157 0.24333 0.20320 0.26379 0.15527 0.39166 0.00000 0.78060 0.00000 0.93275 0.48033 1.00000 0.96330 1.00000
2 0.71478 0.22907 0.71562 0.21837 0.72360 0.19425 0.72842 0.15888 0.72584 0.15311 0.71180 0.15114 0.70952 0.15443 0.69548 0.15246 0.69319 0.15575 0.65883 0.15454 0.65654 0.15783 0.64423 0.15971 0.64224 0.17205 0.64368 0.17946 0.65374 0.20610 0.66240 0.25057 0.67390 0.28463 0.67193 0.30958 0.67366 0.31343 0.67225 0.33126 0.66653 0.33947 0.65938 0.34027 0.65681 0.34712 0.65540 0.36495 0.63994 0.36819 0.63451 0.37284 0.63394 0.37996 0.63825 0.38958 0.64972 0.39840 0.68782 0.40373 0.69010 0.40045 0.71216 0.40354 0.71445 0.40025 0.71846 0.40081 0.72190 0.40850 0.72505 0.40714 0.72590 0.39645 0.73047 0.38988 0.72987 0.37177 0.70780 0.35606 0.70577 0.34316 0.70146 0.33354 0.69344 0.33242 0.68942 0.31924 0.69110 0.29785 0.70138 0.27045 0.70479 0.25290 0.71478 0.22907
6 0.96330 1.00000 0.97201 0.88968 0.71046 0.51505 0.53956 0.23157 0.49484 0.19887 0.42835 0.16794 0.34128 0.15815 0.18718 0.14138 0.12410 0.22147 0.17738 0.23133 0.20029 0.23214 0.21157 0.24333 0.20320 0.26379 0.15527 0.39166 0.00000 0.78060 0.00000 0.93275 0.48033 1.00000 0.96330 1.00000
2 0.71478 0.22907 0.71562 0.21837 0.72360 0.19425 0.72842 0.15888 0.72584 0.15311 0.71180 0.15114 0.70952 0.15443 0.69548 0.15246 0.69319 0.15575 0.65883 0.15454 0.65654 0.15783 0.64423 0.15971 0.64224 0.17205 0.64368 0.17946 0.65374 0.20610 0.66240 0.25057 0.67390 0.28463 0.67193 0.30958 0.67366 0.31343 0.67225 0.33126 0.66653 0.33947 0.65938 0.34027 0.65681 0.34712 0.65540 0.36495 0.63994 0.36819 0.63451 0.37284 0.63394 0.37996 0.63825 0.38958 0.64972 0.39840 0.68782 0.40373 0.69010 0.40045 0.71216 0.40354 0.71445 0.40025 0.71846 0.40081 0.72190 0.40850 0.72505 0.40714 0.72590 0.39645 0.73047 0.38988 0.72987 0.37177 0.70780 0.35606 0.70577 0.34316 0.70146 0.33354 0.69344 0.33242 0.68942 0.31924 0.69110 0.29785 0.70138 0.27045 0.70479 0.25290 0.71478 0.22907
6 0.96330 1.00000 0.97201 0.88968 0.71046 0.51505 0.53956 0.23157 0.49484 0.19887 0.42835 0.16794 0.34128 0.15815 0.18718 0.14138 0.12410 0.22147 0.17738 0.23133 0.20029 0.23214 0.21157 0.24333 0.20320 0.26379 0.15527 0.39166 0.00000 0.78060 0.00000 0.93275 0.48033 1.00000 0.96330 1.00000
2 0.71478 0.22907 0.71562 0.21837 0.72360 0.19425 0.72842 0.15888 0.72584 0.15311 0.71180 0.15114 0.70952 0.15443 0.69548 0.15246 0.69319 0.15575 0.65883 0.15454 0.65654 0.15783 0.64423 0.15971 0.64224 0.17205 0.64368 0.17946 0.65374 0.20610 0.66240 0.25057 0.67390 0.28463 0.67193 0.30958 0.67366 0.31343 0.67225 0.33126 0.66653 0.33947 0.65938 0.34027 0.65681 0.34712 0.65540 0.36495 0.63994 0.36819 0.63451 0.37284 0.63394 0.37996 0.63825 0.38958 0.64972 0.39840 0.68782 0.40373 0.69010 0.40045 0.71216 0.40354 0.71445 0.40025 0.71846 0.40081 0.72190 0.40850 0.72505 0.40714 0.72590 0.39645 0.73047 0.38988 0.72987 0.37177 0.70780 0.35606 0.70577 0.34316 0.70146 0.33354 0.69344 0.33242 0.68942 0.31924 0.69110 0.29785 0.70138 0.27045 0.70479 0.25290 0.71478 0.22907
6 0.96330 1.00000 0.97201 0.88968 0.71046 0.51505 0.53956 0.23157 0.49484 0.19887 0.42835 0.16794 0.34128 0.15815 0.18718 0.14138 0.12410 0.22147 0.17738 0.23133 0.20029 0.23214 0.21157 0.24333 0.20320 0.26379 0.15527 0.39166 0.00000 0.78060 0.00000 0.93275 0.48033 1.00000 0.96330 1.00000
2 0.71478 0.22907 0.71562 0.21837 0.72360 0.19425 0.72842 0.15888 0.72584 0.15311 0.71180 0.15114 0.70952 0.15443 0.69548 0.15246 0.69319 0.15575 0.65883 0.15454 0.65654 0.15783 0.64423 0.15971 0.64224 0.17205 0.64368 0.17946 0.65374 0.20610 0.66240 0.25057 0.67390 0.28463 0.67193 0.30958 0.67366 0.31343 0.67225 0.33126 0.66653 0.33947 0.65938 0.34027 0.65681 0.34712 0.65540 0.36495 0.63994 0.36819 0.63451 0.37284 0.63394 0.37996 0.63825 0.38958 0.64972 0.39840 0.68782 0.40373 0.69010 0.40045 0.71216 0.40354 0.71445 0.40025 0.71846 0.40081 0.72190 0.40850 0.72505 0.40714 0.72590 0.39645 0.73047 0.38988 0.72987 0.37177 0.70780 0.35606 0.70577 0.34316 0.70146 0.33354 0.69344 0.33242 0.68942 0.31924 0.69110 0.29785 0.70138 0.27045 0.70479 0.25290 0.71478 0.22907
6 0.96330 1.00000 0.97201 0.88968 0.71046 0.51505 0.53956 0.23157 0.49484 0.19887 0.42835 0.16794 0.34128 0.15815 0.18718 0.14138 0.12410 0.22147 0.17738 0.23133 0.20029 0.23214 0.21157 0.24333 0.20320 0.26379 0.15527 0.39166 0.00000 0.78060 0.00000 0.93275 0.48033 1.00000 0.96330 1.00000
2 0.71478 0.22907 0.71562 0.21837 0.72360 0.19425 0.72842 0.15888 0.72584 0.15311 0.71180 0.15114 0.70952 0.15443 0.69548 0.15246 0.69319 0.15575 0.65883 0.15454 0.65654 0.15783 0.64423 0.15971 0.64224 0.17205 0.64368 0.17946 0.65374 0.20610 0.66240 0.25057 0.67390 0.28463 0.67193 0.30958 0.67366 0.31343 0.67225 0.33126 0.66653 0.33947 0.65938 0.34027 0.65681 0.34712 0.65540 0.36495 0.63994 0.36819 0.63451 0.37284 0.63394 0.37996 0.63825 0.38958 0.64972 0.39840 0.68782 0.40373 0.69010 0.40045 0.71216 0.40354 0.71445 0.40025 0.71846 0.40081 0.72190 0.40850 0.72505 0.40714 0.72590 0.39645 0.73047 0.38988 0.72987 0.37177 0.70780 0.35606 0.70577 0.34316 0.70146 0.33354 0.69344 0.33242 0.68942 0.31924 0.69110 0.29785 0.70138 0.27045 0.70479 0.25290 0.71478 0.22907
6 0.96330 1.00000 0.97201 0.88968 0.71046 0.51505 0.53956 0.23157 0.49484 0.19887 0.42835 0.16794 0.34128 0.15815 0.18718 0.14138 0.12410 0.22147 0.17738 0.23133 0.20029 0.23214 0.21157 0.24333 0.20320 0.26379 0.15527 0.39166 0.00000 0.78060 0.00000 0.93275 0.48033 1.00000 0.96330 1.00000
