6 0.00000 0.94364 0.26207 0.97418 0.26015 0.97112 0.24552 0.96167 0.22134 0.93174 0.21702 0.93124 0.19882 0.90975 0.17796 0.89570 0.17414 0.88751 0.14921 0.86912 0.13509 0.85198 0.12453 0.84688 0.11448 0.83409 0.09985 0.82464 0.05913 0.78116 0.04858 0.77606 0.03445 0.75893 0.03013 0.75842 0.01003 0.73284 0.00000 0.72939 0.00000 0.94364
2 0.21645 0.80724 0.21358 0.80110 0.21434 0.78957 0.21243 0.78547 0.21903 0.75139 0.22386 0.74420 0.22436 0.73652 0.23795 0.69550 0.23870 0.68397 0.24429 0.66526 0.24485 0.64015 0.19055 0.63770 0.18814 0.64129 0.17300 0.63952 0.16265 0.64800 0.16189 0.65953 0.17500 0.69204 0.18354 0.72789 0.19640 0.76424 0.19413 0.79883 0.19604 0.80293 0.19553 0.81061 0.18155 0.82448 0.18004 0.84754 0.15887 0.85475 0.15690 0.86808 0.15977 0.87422 0.17057 0.87548 0.17249 0.87957 0.18234 0.87879 0.19219 0.87800 0.19461 0.87441 0.20758 0.87592 0.23237 0.86332 0.24534 0.86483 0.25570 0.85635 0.25646 0.84482 0.25360 0.83868 0.23223 0.83232 0.22936 0.82618 0.22726 0.80850 0.21645 0.80724
6 0.00000 0.94364 0.26207 0.97418 0.26015 0.97112 0.24552 0.96167 0.22134 0.93174 0.21702 0.93124 0.19882 0.90975 0.17796 0.89570 0.17414 0.88751 0.14921 0.86912 0.13509 0.85198 0.12453 0.84688 0.11448 0.83409 0.09985 0.82464 0.05913 0.78116 0.04858 0.77606 0.03445 0.75893 0.03013 0.75842 0.01003 0.73284 0.00000 0.72939 0.00000 0.94364
2 0.21645 0.80724 0.21358 0.80110 0.21434 0.78957 0.21243 0.78547 0.21903 0.75139 0.22386 0.74420 0.22436 0.73652 0.23795 0.69550 0.23870 0.68397 0.24429 0.66526 0.24485 0.64015 0.19055 0.63770 0.18814 0.64129 0.17300 0.63952 0.16265 0.64800 0.16189 0.65953 0.17500 0.69204 0.18354 0.72789 0.19640 0.76424 0.19413 0.79883 0.19604 0.80293 0.19553 0.81061 0.18155 0.82448 0.18004 0.84754 0.15887 0.85475 0.15690 0.86808 0.15977 0.87422 0.17057 0.87548 0.17249 0.87957 0.18234 0.87879 0.19219 0.87800 0.19461 0.87441 0.20758 0.87592 0.23237 0.86332 0.24534 0.86483 0.25570 0.85635 0.25646 0.84482 0.25360 0.83868 0.23223 0.83232 0.22936 0.82618 0.22726 0.80850 0.21645 0.80724
6 0.00000 0.94364 0.26207 0.97418 0.26015 0.97112 0.24552 0.96167 0.22134 0.93174 0.21702 0.93124 0.19882 0.90975 0.17796 0.89570 0.17414 0.88751 0.14921 0.86912 0.13509 0.85198 0.12453 0.84688 0.11448 0.83409 0.09985 0.82464 0.05913 0.78116 0.04858 0.77606 0.03445 0.75893 0.03013 0.75842 0.01003 0.73284 0.00000 0.72939 0.00000 0.94364
2 0.21645 0.80724 0.21358 0.80110 0.21434 0.78957 0.21243 0.78547 0.21903 0.75139 0.22386 0.74420 0.22436 0.73652 0.23795 0.69550 0.23870 0.68397 0.24429 0.66526 0.24485 0.64015 0.19055 0.63770 0.18814 0.64129 0.17300 0.63952 0.16265 0.64800 0.16189 0.65953 0.17500 0.69204 0.18354 0.72789 0.19640 0.76424 0.19413 0.79883 0.19604 0.80293 0.19553 0.81061 0.18155 0.82448 0.18004 0.84754 0.15887 0.85475 0.15690 0.86808 0.15977 0.87422 0.17057 0.87548 0.17249 0.87957 0.18234 0.87879 0.19219 0.87800 0.19461 0.87441 0.20758 0.87592 0.23237 0.86332 0.24534 0.86483 0.25570 0.85635 0.25646 0.84482 0.25360 0.83868 0.23223 0.83232 0.22936 0.82618 0.22726 0.80850 0.21645 0.80724
6 0.00000 0.94364 0.26207 0.97418 0.26015 0.97112 0.24552 0.96167 0.22134 0.93174 0.21702 0.93124 0.19882 0.90975 0.17796 0.89570 0.17414 0.88751 0.14921 0.86912 0.13509 0.85198 0.12453 0.84688 0.11448 0.83409 0.09985 0.82464 0.05913 0.78116 0.04858 0.77606 0.03445 0.75893 0.03013 0.75842 0.01003 0.73284 0.00000 0.72939 0.00000 0.94364
2 0.21645 0.80724 0.21358 0.80110 0.21434 0.78957 0.21243 0.78547 0.21903 0.75139 0.22386 0.74420 0.22436 0.73652 0.23795 0.69550 0.23870 0.68397 0.24429 0.66526 0.24485 0.64015 0.19055 0.63770 0.18814 0.64129 0.17300 0.63952 0.16265 0.64800 0.16189 0.65953 0.17500 0.69204 0.18354 0.72789 0.19640 0.76424 0.19413 0.79883 0.19604 0.80293 0.19553 0.81061 0.18155 0.82448 0.18004 0.84754 0.15887 0.85475 0.15690 0.86808 0.15977 0.87422 0.17057 0.87548 0.17249 0.87957 0.18234 0.87879 0.19219 0.87800 0.19461 0.87441 0.20758 0.87592 0.23237 0.86332 0.24534 0.86483 0.25570 0.85635 0.25646 0.84482 0.25360 0.83868 0.23223 0.83232 0.22936 0.82618 0.22726 0.80850 0.21645 0.80724
6 0.00000 0.94364 0.26207 0.97418 0.26015 0.97112 0.24552 0.96167 0.22134 0.93174 0.21702 0.93124 0.19882 0.90975 0.17796 0.89570 0.17414 0.88751 0.14921 0.86912 0.13509 0.85198 0.12453 0.84688 0.11448 0.83409 0.09985 0.82464 0.05913 0.78116 0.04858 0.77606 0.03445 0.75893 0.03013 0.75842 0.01003 0.73284 0.00000 0.72939 0.00000 0.94364
2 0.21645 0.80724 0.21358 0.80110 0.21434 0.78957 0.21243 0.78547 0.21903 0.75139 0.22386 0.74420 0.22436 0.73652 0.23795 0.69550 0.23870 0.68397 0.24429 0.66526 0.24485 0.64015 0.19055 0.63770 0.18814 0.64129 0.17300 0.63952 0.16265 0.64800 0.16189 0.65953 0.17500 0.69204 0.18354 0.72789 0.19640 0.76424 0.19413 0.79883 0.19604 0.80293 0.19553 0.81061 0.18155 0.82448 0.18004 0.84754 0.15887 0.85475 0.15690 0.86808 0.15977 0.87422 0.17057 0.87548 0.17249 0.87957 0.18234 0.87879 0.19219 0.87800 0.19461 0.87441 0.20758 0.87592 0.23237 0.86332 0.24534 0.86483 0.25570 0.85635 0.25646 0.84482 0.25360 0.83868 0.23223 0.83232 0.22936 0.82618 0.22726 0.80850 0.21645 0.80724
6 0.00000 0.94364 0.26207 0.97418 0.26015 0.97112 0.24552 0.96167 0.22134 0.93174 0.21702 0.93124 0.19882 0.90975 0.17796 0.89570 0.17414 0.88751 0.14921 0.86912 0.13509 0.85198 0.12453 0.84688 0.11448 0.83409 0.09985 0.82464 0.05913 0.78116 0.04858 0.77606 0.03445 0.75893 0.03013 0.75842 0.01003 0.73284 0.00000 0.72939 0.00000 0.94364
2 0.21645 0.80724 0.21358 0.80110 0.21434 0.78957 0.21243 0.78547 0.21903 0.75139 0.22386 0.74420 0.22436 0.73652 0.23795 0.69550 0.23870 0.68397 0.24429 0.66526 0.24485 0.64015 0.19055 0.63770 0.18814 0.64129 0.17300 0.63952 0.16265 0.64800 0.16189 0.65953 0.17500 0.69204 0.18354 0.72789 0.19640 0.76424 0.19413 0.79883 0.19604 0.80293 0.19553 0.81061 0.18155 0.82448 0.18004 0.84754 0.15887 0.85475 0.15690 0.86808 0.15977 0.87422 0.17057 0.87548 0.17249 0.87957 0.18234 0.87879 0.19219 0.87800 0.19461 0.87441 0.20758 0.87592 0.23237 0.86332 0.24534 0.86483 0.25570 0.85635 0.25646 0.84482 0.25360 0.83868 0.23223 0.83232 0.22936 0.82618 0.22726 0.80850 0.21645 0.80724
