6 1.00000 0.81851 0.39441 0.00461 0.00000 0.02295 0.00000 0.05318 0.05378 0.05740 0.00000 0.26700 0.00000 0.51162 0.01280 1.00000 0.50655 1.00000 1.00000 0.97705 1.00000 0.81851
1 0.62816 0.00000 0.61054 0.06909 0.61137 0.10078 0.61741 0.13326 0.62722 0.15106 0.64565 0.18153 0.64684 0.21277 0.63691 0.21647 0.60217 0.23328 0.60196 0.25532 0.63705 0.29090 0.70956 0.27782 0.70754 0.25283 0.68214 0.23945 0.68078 0.20472 0.66772 0.21018 0.66601 0.18561 0.67806 0.16115 0.69697 0.14921 0.70817 0.10775 0.71352 0.07748 0.70884 0.00000 0.62816 0.00000
6 1.00000 0.81851 0.39441 0.00461 0.00000 0.02295 0.00000 0.05318 0.05378 0.05740 0.00000 0.26700 0.00000 0.51162 0.01280 1.00000 0.50655 1.00000 1.00000 0.97705 1.00000 0.81851
1 0.62816 0.00000 0.61054 0.06909 0.61137 0.10078 0.61741 0.13326 0.62722 0.15106 0.64565 0.18153 0.64684 0.21277 0.63691 0.21647 0.60217 0.23328 0.60196 0.25532 0.63705 0.29090 0.70956 0.27782 0.70754 0.25283 0.68214 0.23945 0.68078 0.20472 0.66772 0.21018 0.66601 0.18561 0.67806 0.16115 0.69697 0.14921 0.70817 0.10775 0.71352 0.07748 0.70884 0.00000 0.62816 0.00000
6 1.00000 0.81851 0.39441 0.00461 0.00000 0.02295 0.00000 0.05318 0.05378 0.05740 0.00000 0.26700 0.00000 0.51162 0.01280 1.00000 0.50655 1.00000 1.00000 0.97705 1.00000 0.81851
1 0.62816 0.00000 0.61054 0.06909 0.61137 0.10078 0.61741 0.13326 0.62722 0.15106 0.64565 0.18153 0.64684 0.21277 0.63691 0.21647 0.60217 0.23328 0.60196 0.25532 0.63705 0.29090 0.70956 0.27782 0.70754 0.25283 0.68214 0.23945 0.68078 0.20472 0.66772 0.21018 0.66601 0.18561 0.67806 0.16115 0.69697 0.14921 0.70817 0.10775 0.71352 0.07748 0.70884 0.00000 0.62816 0.00000
6 1.00000 0.81851 0.39441 0.00461 0.00000 0.02295 0.00000 0.05318 0.05378 0.05740 0.00000 0.26700 0.00000 0.51162 0.01280 1.00000 0.50655 1.00000 1.00000 0.97705 1.00000 0.81851
1 0.62816 0.00000 0.61054 0.06909 0.61137 0.10078 0.61741 0.13326 0.62722 0.15106 0.64565 0.18153 0.64684 0.21277 0.63691 0.21647 0.60217 0.23328 0.60196 0.25532 0.63705 0.29090 0.70956 0.27782 0.70754 0.25283 0.68214 0.23945 0.68078 0.20472 0.66772 0.21018 0.66601 0.18561 0.67806 0.16115 0.69697 0.14921 0.70817 0.10775 0.71352 0.07748 0.70884 0.00000 0.62816 0.00000
6 1.00000 0.81851 0.39441 0.00461 0.00000 0.02295 0.00000 0.05318 0.05378 0.05740 0.00000 0.26700 0.00000 0.51162 0.01280 1.00000 0.50655 1.00000 1.00000 0.97705 1.00000 0.81851
1 0.62816 0.00000 0.61054 0.06909 0.61137 0.10078 0.61741 0.13326 0.62722 0.15106 0.64565 0.18153 0.64684 0.21277 0.63691 0.21647 0.60217 0.23328 0.60196 0.25532 0.63705 0.29090 0.70956 0.27782 0.70754 0.25283 0.68214 0.23945 0.68078 0.20472 0.66772 0.21018 0.66601 0.18561 0.67806 0.16115 0.69697 0.14921 0.70817 0.10775 0.71352 0.07748 0.70884 0.00000 0.62816 0.00000
6 1.00000 0.81851 0.39441 0.00461 0.00000 0.02295 0.00000 0.05318 0.05378 0.05740 0.00000 0.26700 0.00000 0.51162 0.01280 1.00000 0.50655 1.00000 1.00000 0.97705 1.00000 0.81851
1 0.62816 0.00000 0.61054 0.06909 0.61137 0.10078 0.61741 0.13326 0.62722 0.15106 0.64565 0.18153 0.64684 0.21277 0.63691 0.21647 0.60217 0.23328 0.60196 0.25532 0.63705 0.29090 0.70956 0.27782 0.70754 0.25283 0.68214 0.23945 0.68078 0.20472 0.66772 0.21018 0.66601 0.18561 0.67806 0.16115 0.69697 0.14921 0.70817 0.10775 0.71352 0.07748 0.70884 0.00000 0.62816 0.00000
