6 1.00000 0.83084 0.26743 0.02044 0.00000 0.04535 0.00000 0.52326 0.02503 1.00000 0.51311 1.00000 1.00000 0.95465 1.00000 0.83084
1 0.48689 0.00000 0.47546 0.00107 0.46976 0.03284 0.47143 0.06448 0.47831 0.09666 0.48858 0.11399 0.50779 0.14359 0.50980 0.17475 0.49998 0.17891 0.46570 0.19732 0.46607 0.21936 0.50206 0.25329 0.57419 0.23684 0.57152 0.21196 0.54579 0.19977 0.54351 0.16513 0.53060 0.17120 0.52825 0.14672 0.53966 0.12171 0.55640 0.10029 0.56182 0.06016 0.56330 0.03336 0.56072 0.00000 0.48689 0.00000
6 1.00000 0.83084 0.26743 0.02044 0.00000 0.04535 0.00000 0.52326 0.02503 1.00000 0.51311 1.00000 1.00000 0.95465 1.00000 0.83084
1 0.48689 0.00000 0.47546 0.00107 0.46976 0.03284 0.47143 0.06448 0.47831 0.09666 0.48858 0.11399 0.50779 0.14359 0.50980 0.17475 0.49998 0.17891 0.46570 0.19732 0.46607 0.21936 0.50206 0.25329 0.57419 0.23684 0.57152 0.21196 0.54579 0.19977 0.54351 0.16513 0.53060 0.17120 0.52825 0.14672 0.53966 0.12171 0.55640 0.10029 0.56182 0.06016 0.56330 0.03336 0.56072 0.00000 0.48689 0.00000
6 1.00000 0.83084 0.26743 0.02044 0.00000 0.04535 0.00000 0.52326 0.02503 1.00000 0.51311 1.00000 1.00000 0.95465 1.00000 0.83084
1 0.48689 0.00000 0.47546 0.00107 0.46976 0.03284 0.47143 0.06448 0.47831 0.09666 0.48858 0.11399 0.50779 0.14359 0.50980 0.17475 0.49998 0.17891 0.46570 0.19732 0.46607 0.21936 0.50206 0.25329 0.57419 0.23684 0.57152 0.21196 0.54579 0.19977 0.54351 0.16513 0.53060 0.17120 0.52825 0.14672 0.53966 0.12171 0.55640 0.10029 0.56182 0.06016 0.56330 0.03336 0.56072 0.00000 0.48689 0.00000
6 1.00000 0.83084 0.26743 0.02044 0.00000 0.04535 0.00000 0.52326 0.02503 1.00000 0.51311 1.00000 1.00000 0.95465 1.00000 0.83084
1 0.48689 0.00000 0.47546 0.00107 0.46976 0.03284 0.47143 0.06448 0.47831 0.09666 0.48858 0.11399 0.50779 0.14359 0.50980 0.17475 0.49998 0.17891 0.46570 0.19732 0.46607 0.21936 0.50206 0.25329 0.57419 0.23684 0.57152 0.21196 0.54579 0.19977 0.54351 0.16513 0.53060 0.17120 0.52825 0.14672 0.53966 0.12171 0.55640 0.10029 0.56182 0.06016 0.56330 0.03336 0.56072 0.00000 0.48689 0.00000
6 1.00000 0.83084 0.26743 0.02044 0.00000 0.04535 0.00000 0.52326 0.02503 1.00000 0.51311 1.00000 1.00000 0.95465 1.00000 0.83084
1 0.48689 0.00000 0.47546 0.00107 0.46976 0.03284 0.47143 0.06448 0.47831 0.09666 0.48858 0.11399 0.50779 0.14359 0.50980 0.17475 0.49998 0.17891 0.46570 0.19732 0.46607 0.21936 0.50206 0.25329 0.57419 0.23684 0.57152 0.21196 0.54579 0.19977 0.54351 0.16513 0.53060 0.17120 0.52825 0.14672 0.53966 0.12171 0.55640 0.10029 0.56182 0.06016 0.56330 0.03336 0.56072 0.00000 0.48689 0.00000
6 1.00000 0.83084 0.26743 0.02044 0.00000 0.04535 0.00000 0.52326 0.02503 1.00000 0.51311 1.00000 1.00000 0.95465 1.00000 0.83084
1 0.48689 0.00000 0.47546 0.00107 0.46976 0.03284 0.47143 0.06448 0.47831 0.09666 0.48858 0.11399 0.50779 0.14359 0.50980 0.17475 0.49998 0.17891 0.46570 0.19732 0.46607 0.21936 0.50206 0.25329 0.57419 0.23684 0.57152 0.21196 0.54579 0.19977 0.54351 0.16513 0.53060 0.17120 0.52825 0.14672 0.53966 0.12171 0.55640 0.10029 0.56182 0.06016 0.56330 0.03336 0.56072 0.00000 0.48689 0.00000
