2 0.74711 0.33049 0.74173 0.32572 0.73169 0.32689 0.72515 0.30426 0.73036 0.26046 0.73984 0.21978 0.74766 0.15409 0.74649 0.13623 0.74112 0.13146 0.72103 0.13380 0.71926 0.13760 0.69918 0.13994 0.69740 0.14375 0.66349 0.15130 0.65303 0.16152 0.65621 0.17914 0.66991 0.20273 0.67262 0.21321 0.70590 0.28851 0.70918 0.33851 0.70026 0.34135 0.69583 0.35086 0.69901 0.36848 0.69635 0.37419 0.67850 0.37987 0.67584 0.38558 0.67655 0.39629 0.68216 0.40464 0.68617 0.40417 0.69893 0.41348 0.70566 0.42349 0.70991 0.42659 0.71481 0.42422 0.72055 0.40376 0.75044 0.39668 0.76202 0.38813 0.76604 0.38766 0.77749 0.40792 0.78216 0.40198 0.77945 0.39150 0.78276 0.38032 0.78159 0.36246 0.76594 0.35529 0.75165 0.35336 0.74711 0.33049
6 1.00000 0.74312 0.82855 0.56392 0.68701 0.42207 0.57799 0.30282 0.53288 0.25289 0.46256 0.22989 0.40420 0.22470 0.31599 0.23738 0.23998 0.25104 0.15373 0.27309 0.07855 0.36102 0.17433 0.34026 0.21332 0.33812 0.22316 0.34417 0.22544 0.35830 0.21526 0.38827 0.18655 0.48519 0.04163 1.00000 0.51639 1.00000 1.00000 0.94364 1.00000 0.74312
2 0.74711 0.33049 0.74173 0.32572 0.73169 0.32689 0.72515 0.30426 0.73036 0.26046 0.73984 0.21978 0.74766 0.15409 0.74649 0.13623 0.74112 0.13146 0.72103 0.13380 0.71926 0.13760 0.69918 0.13994 0.69740 0.14375 0.66349 0.15130 0.65303 0.16152 0.65621 0.17914 0.66991 0.20273 0.67262 0.21321 0.70590 0.28851 0.70918 0.33851 0.70026 0.34135 0.69583 0.35086 0.69901 0.36848 0.69635 0.37419 0.67850 0.37987 0.67584 0.38558 0.67655 0.39629 0.68216 0.40464 0.68617 0.40417 0.69893 0.41348 0.70566 0.42349 0.70991 0.42659 0.71481 0.42422 0.72055 0.40376 0.75044 0.39668 0.76202 0.38813 0.76604 0.38766 0.77749 0.40792 0.78216 0.40198 0.77945 0.39150 0.78276 0.38032 0.78159 0.36246 0.76594 0.35529 0.75165 0.35336 0.74711 0.33049
6 1.00000 0.74312 0.82855 0.56392 0.68701 0.42207 0.57799 0.30282 0.53288 0.25289 0.46256 0.22989 0.40420 0.22470 0.31599 0.23738 0.23998 0.25104 0.15373 0.27309 0.07855 0.36102 0.17433 0.34026 0.21332 0.33812 0.22316 0.34417 0.22544 0.35830 0.21526 0.38827 0.18655 0.48519 0.04163 1.00000 0.51639 1.00000 1.00000 0.94364 1.00000 0.74312
2 0.74711 0.33049 0.74173 0.32572 0.73169 0.32689 0.72515 0.30426 0.73036 0.26046 0.73984 0.21978 0.74766 0.15409 0.74649 0.13623 0.74112 0.13146 0.72103 0.13380 0.71926 0.13760 0.69918 0.13994 0.69740 0.14375 0.66349 0.15130 0.65303 0.16152 0.65621 0.17914 0.66991 0.20273 0.67262 0.21321 0.70590 0.28851 0.70918 0.33851 0.70026 0.34135 0.69583 0.35086 0.69901 0.36848 0.69635 0.37419 0.67850 0.37987 0.67584 0.38558 0.67655 0.39629 0.68216 0.40464 0.68617 0.40417 0.69893 0.41348 0.70566 0.42349 0.70991 0.42659 0.71481 0.42422 0.72055 0.40376 0.75044 0.39668 0.76202 0.38813 0.76604 0.38766 0.77749 0.40792 0.78216 0.40198 0.77945 0.39150 0.78276 0.38032 0.78159 0.36246 0.76594 0.35529 0.75165 0.35336 0.74711 0.33049
6 1.00000 0.74312 0.82855 0.56392 0.68701 0.42207 0.57799 0.30282 0.53288 0.25289 0.46256 0.22989 0.40420 0.22470 0.31599 0.23738 0.23998 0.25104 0.15373 0.27309 0.07855 0.36102 0.17433 0.34026 0.21332 0.33812 0.22316 0.34417 0.22544 0.35830 0.21526 0.38827 0.18655 0.48519 0.04163 1.00000 0.51639 1.00000 1.00000 0.94364 1.00000 0.74312
2 0.74711 0.33049 0.74173 0.32572 0.73169 0.32689 0.72515 0.30426 0.73036 0.26046 0.73984 0.21978 0.74766 0.15409 0.74649 0.13623 0.74112 0.13146 0.72103 0.13380 0.71926 0.13760 0.69918 0.13994 0.69740 0.14375 0.66349 0.15130 0.65303 0.16152 0.65621 0.17914 0.66991 0.20273 0.67262 0.21321 0.70590 0.28851 0.70918 0.33851 0.70026 0.34135 0.69583 0.35086 0.69901 0.36848 0.69635 0.37419 0.67850 0.37987 0.67584 0.38558 0.67655 0.39629 0.68216 0.40464 0.68617 0.40417 0.69893 0.41348 0.70566 0.42349 0.70991 0.42659 0.71481 0.42422 0.72055 0.40376 0.75044 0.39668 0.76202 0.38813 0.76604 0.38766 0.77749 0.40792 0.78216 0.40198 0.77945 0.39150 0.78276 0.38032 0.78159 0.36246 0.76594 0.35529 0.75165 0.35336 0.74711 0.33049
6 1.00000 0.74312 0.82855 0.56392 0.68701 0.42207 0.57799 0.30282 0.53288 0.25289 0.46256 0.22989 0.40420 0.22470 0.31599 0.23738 0.23998 0.25104 0.15373 0.27309 0.07855 0.36102 0.17433 0.34026 0.21332 0.33812 0.22316 0.34417 0.22544 0.35830 0.21526 0.38827 0.18655 0.48519 0.04163 1.00000 0.51639 1.00000 1.00000 0.94364 1.00000 0.74312
2 0.74711 0.33049 0.74173 0.32572 0.73169 0.32689 0.72515 0.30426 0.73036 0.26046 0.73984 0.21978 0.74766 0.15409 0.74649 0.13623 0.74112 0.13146 0.72103 0.13380 0.71926 0.13760 0.69918 0.13994 0.69740 0.14375 0.66349 0.15130 0.65303 0.16152 0.65621 0.17914 0.66991 0.20273 0.67262 0.21321 0.70590 0.28851 0.70918 0.33851 0.70026 0.34135 0.69583 0.35086 0.69901 0.36848 0.69635 0.37419 0.67850 0.37987 0.67584 0.38558 0.67655 0.39629 0.68216 0.40464 0.68617 0.40417 0.69893 0.41348 0.70566 0.42349 0.70991 0.42659 0.71481 0.42422 0.72055 0.40376 0.75044 0.39668 0.76202 0.38813 0.76604 0.38766 0.77749 0.40792 0.78216 0.40198 0.77945 0.39150 0.78276 0.38032 0.78159 0.36246 0.76594 0.35529 0.75165 0.35336 0.74711 0.33049
6 1.00000 0.74312 0.82855 0.56392 0.68701 0.42207 0.57799 0.30282 0.53288 0.25289 0.46256 0.22989 0.40420 0.22470 0.31599 0.23738 0.23998 0.25104 0.15373 0.27309 0.07855 0.36102 0.17433 0.34026 0.21332 0.33812 0.22316 0.34417 0.22544 0.35830 0.21526 0.38827 0.18655 0.48519 0.04163 1.00000 0.51639 1.00000 1.00000 0.94364 1.00000 0.74312
2 0.74711 0.33049 0.74173 0.32572 0.73169 0.32689 0.72515 0.30426 0.73036 0.26046 0.73984 0.21978 0.74766 0.15409 0.74649 0.13623 0.74112 0.13146 0.72103 0.13380 0.71926 0.13760 0.69918 0.13994 0.69740 0.14375 0.66349 0.15130 0.65303 0.16152 0.65621 0.17914 0.66991 0.20273 0.67262 0.21321 0.70590 0.28851 0.70918 0.33851 0.70026 0.34135 0.69583 0.35086 0.69901 0.36848 0.69635 0.37419 0.67850 0.37987 0.67584 0.38558 0.67655 0.39629 0.68216 0.40464 0.68617 0.40417 0.69893 0.41348 0.70566 0.42349 0.70991 0.42659 0.71481 0.42422 0.72055 0.40376 0.75044 0.39668 0.76202 0.38813 0.76604 0.38766 0.77749 0.40792 0.78216 0.40198 0.77945 0.39150 0.78276 0.38032 0.78159 0.36246 0.76594 0.35529 0.75165 0.35336 0.74711 0.33049
6 1.00000 0.74312 0.82855 0.56392 0.68701 0.42207 0.57799 0.30282 0.53288 0.25289 0.46256 0.22989 0.40420 0.22470 0.31599 0.23738 0.23998 0.25104 0.15373 0.27309 0.07855 0.36102 0.17433 0.34026 0.21332 0.33812 0.22316 0.34417 0.22544 0.35830 0.21526 0.38827 0.18655 0.48519 0.04163 1.00000 0.51639 1.00000 1.00000 0.94364 1.00000 0.74312
