6 1.00000 0.65279 0.86573 0.48249 0.62343 0.18745 0.56923 0.16486 0.54030 0.15959 0.47695 0.15013 0.40167 0.15301 0.20113 0.18432 0.00000 0.22493 0.00000 0.31902 0.25209 0.26832 0.26395 0.27895 0.04026 1.00000 0.50983 1.00000 1.00000 0.96578 1.00000 0.65279
5 1.00000 0.48256 0.99770 0.42422 0.99537 0.41985 0.99715 0.41002 0.98570 0.11911 0.96784 0.12572 0.92691 0.20696 0.92221 0.24375 0.92054 0.30584 0.95477 0.36725 0.95297 0.42755 0.92914 0.44935 0.88849 0.46748 0.88665 0.49605 0.96305 0.56864 1.00000 0.55322 1.00000 0.48256
6 1.00000 0.65279 0.86573 0.48249 0.62343 0.18745 0.56923 0.16486 0.54030 0.15959 0.47695 0.15013 0.40167 0.15301 0.20113 0.18432 0.00000 0.22493 0.00000 0.31902 0.25209 0.26832 0.26395 0.27895 0.04026 1.00000 0.50983 1.00000 1.00000 0.96578 1.00000 0.65279
5 1.00000 0.48256 0.99770 0.42422 0.99537 0.41985 0.99715 0.41002 0.98570 0.11911 0.96784 0.12572 0.92691 0.20696 0.92221 0.24375 0.92054 0.30584 0.95477 0.36725 0.95297 0.42755 0.92914 0.44935 0.88849 0.46748 0.88665 0.49605 0.96305 0.56864 1.00000 0.55322 1.00000 0.48256
6 1.00000 0.65279 0.86573 0.48249 0.62343 0.18745 0.56923 0.16486 0.54030 0.15959 0.47695 0.15013 0.40167 0.15301 0.20113 0.18432 0.00000 0.22493 0.00000 0.31902 0.25209 0.26832 0.26395 0.27895 0.04026 1.00000 0.50983 1.00000 1.00000 0.96578 1.00000 0.65279
5 1.00000 0.48256 0.99770 0.42422 0.99537 0.41985 0.99715 0.41002 0.98570 0.11911 0.96784 0.12572 0.92691 0.20696 0.92221 0.24375 0.92054 0.30584 0.95477 0.36725 0.95297 0.42755 0.92914 0.44935 0.88849 0.46748 0.88665 0.49605 0.96305 0.56864 1.00000 0.55322 1.00000 0.48256
6 1.00000 0.65279 0.86573 0.48249 0.62343 0.18745 0.56923 0.16486 0.54030 0.15959 0.47695 0.15013 0.40167 0.15301 0.20113 0.18432 0.00000 0.22493 0.00000 0.31902 0.25209 0.26832 0.26395 0.27895 0.04026 1.00000 0.50983 1.00000 1.00000 0.96578 1.00000 0.65279
5 1.00000 0.48256 0.99770 0.42422 0.99537 0.41985 0.99715 0.41002 0.98570 0.11911 0.96784 0.12572 0.92691 0.20696 0.92221 0.24375 0.92054 0.30584 0.95477 0.36725 0.95297 0.42755 0.92914 0.44935 0.88849 0.46748 0.88665 0.49605 0.96305 0.56864 1.00000 0.55322 1.00000 0.48256
6 1.00000 0.65279 0.86573 0.48249 0.62343 0.18745 0.56923 0.16486 0.54030 0.15959 0.47695 0.15013 0.40167 0.15301 0.20113 0.18432 0.00000 0.22493 0.00000 0.31902 0.25209 0.26832 0.26395 0.27895 0.04026 1.00000 0.50983 1.00000 1.00000 0.96578 1.00000 0.65279
5 1.00000 0.48256 0.99770 0.42422 0.99537 0.41985 0.99715 0.41002 0.98570 0.11911 0.96784 0.12572 0.92691 0.20696 0.92221 0.24375 0.92054 0.30584 0.95477 0.36725 0.95297 0.42755 0.92914 0.44935 0.88849 0.46748 0.88665 0.49605 0.96305 0.56864 1.00000 0.55322 1.00000 0.48256
6 1.00000 0.65279 0.86573 0.48249 0.62343 0.18745 0.56923 0.16486 0.54030 0.15959 0.47695 0.15013 0.40167 0.15301 0.20113 0.18432 0.00000 0.22493 0.00000 0.31902 0.25209 0.26832 0.26395 0.27895 0.04026 1.00000 0.50983 1.00000 1.00000 0.96578 1.00000 0.65279
5 1.00000 0.48256 0.99770 0.42422 0.99537 0.41985 0.99715 0.41002 0.98570 0.11911 0.96784 0.12572 0.92691 0.20696 0.92221 0.24375 0.92054 0.30584 0.95477 0.36725 0.95297 0.42755 0.92914 0.44935 0.88849 0.46748 0.88665 0.49605 0.96305 0.56864 1.00000 0.55322 1.00000 0.48256
