6 1.00000 0.84738 0.65646 0.38904 0.57058 0.32716 0.45279 0.32849 0.30868 0.34432 0.13773 0.36506 0.07827 0.44530 0.11467 0.44191 0.18966 0.42529 0.25879 0.42608 0.27450 0.44148 0.25250 0.48691 0.02235 0.94892 0.02503 1.00000 0.51311 1.00000 1.00000 0.95465 1.00000 0.84738
2 0.86555 0.49487 0.85747 0.49562 0.84991 0.48729 0.84676 0.46589 0.84345 0.46078 0.82929 0.46210 0.82597 0.45698 0.82244 0.42840 0.82023 0.42499 0.82845 0.38808 0.82808 0.38088 0.83503 0.35855 0.83630 0.34397 0.84471 0.31066 0.85199 0.25576 0.85142 0.24497 0.84570 0.23285 0.75306 0.24871 0.75123 0.25250 0.74314 0.25325 0.73856 0.26271 0.74374 0.28392 0.76180 0.31838 0.78100 0.37443 0.79445 0.39847 0.79963 0.41968 0.79780 0.42346 0.80020 0.43047 0.80209 0.46644 0.79934 0.47212 0.79125 0.47287 0.78464 0.48252 0.78761 0.50032 0.78505 0.50959 0.76299 0.51527 0.76024 0.52094 0.76100 0.53533 0.76855 0.54366 0.77462 0.54310 0.78731 0.55276 0.79338 0.55220 0.80001 0.56242 0.80093 0.56053 0.81120 0.54330 0.84153 0.54048 0.84337 0.53670 0.85550 0.53556 0.85733 0.53178 0.87351 0.53027 0.87995 0.53690 0.88400 0.53652 0.88858 0.52706 0.88764 0.50907 0.88432 0.50396 0.86555 0.49487
6 1.00000 0.84738 0.65646 0.38904 0.57058 0.32716 0.45279 0.32849 0.30868 0.34432 0.13773 0.36506 0.07827 0.44530 0.11467 0.44191 0.18966 0.42529 0.25879 0.42608 0.27450 0.44148 0.25250 0.48691 0.02235 0.94892 0.02503 1.00000 0.51311 1.00000 1.00000 0.95465 1.00000 0.84738
2 0.86555 0.49487 0.85747 0.49562 0.84991 0.48729 0.84676 0.46589 0.84345 0.46078 0.82929 0.46210 0.82597 0.45698 0.82244 0.42840 0.82023 0.42499 0.82845 0.38808 0.82808 0.38088 0.83503 0.35855 0.83630 0.34397 0.84471 0.31066 0.85199 0.25576 0.85142 0.24497 0.84570 0.23285 0.75306 0.24871 0.75123 0.25250 0.74314 0.25325 0.73856 0.26271 0.74374 0.28392 0.76180 0.31838 0.78100 0.37443 0.79445 0.39847 0.79963 0.41968 0.79780 0.42346 0.80020 0.43047 0.80209 0.46644 0.79934 0.47212 0.79125 0.47287 0.78464 0.48252 0.78761 0.50032 0.78505 0.50959 0.76299 0.51527 0.76024 0.52094 0.76100 0.53533 0.76855 0.54366 0.77462 0.54310 0.78731 0.55276 0.79338 0.55220 0.80001 0.56242 0.80093 0.56053 0.81120 0.54330 0.84153 0.54048 0.84337 0.53670 0.85550 0.53556 0.85733 0.53178 0.87351 0.53027 0.87995 0.53690 0.88400 0.53652 0.88858 0.52706 0.88764 0.50907 0.88432 0.50396 0.86555 0.49487
6 1.00000 0.84738 0.65646 0.38904 0.57058 0.32716 0.45279 0.32849 0.30868 0.34432 0.13773 0.36506 0.07827 0.44530 0.11467 0.44191 0.18966 0.42529 0.25879 0.42608 0.27450 0.44148 0.25250 0.48691 0.02235 0.94892 0.02503 1.00000 0.51311 1.00000 1.00000 0.95465 1.00000 0.84738
2 0.86555 0.49487 0.85747 0.49562 0.84991 0.48729 0.84676 0.46589 0.84345 0.46078 0.82929 0.46210 0.82597 0.45698 0.82244 0.42840 0.82023 0.42499 0.82845 0.38808 0.82808 0.38088 0.83503 0.35855 0.83630 0.34397 0.84471 0.31066 0.85199 0.25576 0.85142 0.24497 0.84570 0.23285 0.75306 0.24871 0.75123 0.25250 0.74314 0.25325 0.73856 0.26271 0.74374 0.28392 0.76180 0.31838 0.78100 0.37443 0.79445 0.39847 0.79963 0.41968 0.79780 0.42346 0.80020 0.43047 0.80209 0.46644 0.79934 0.47212 0.79125 0.47287 0.78464 0.48252 0.78761 0.50032 0.78505 0.50959 0.76299 0.51527 0.76024 0.52094 0.76100 0.53533 0.76855 0.54366 0.77462 0.54310 0.78731 0.55276 0.79338 0.55220 0.80001 0.56242 0.80093 0.56053 0.81120 0.54330 0.84153 0.54048 0.84337 0.53670 0.85550 0.53556 0.85733 0.53178 0.87351 0.53027 0.87995 0.53690 0.88400 0.53652 0.88858 0.52706 0.88764 0.50907 0.88432 0.50396 0.86555 0.49487
6 1.00000 0.84738 0.65646 0.38904 0.57058 0.32716 0.45279 0.32849 0.30868 0.34432 0.13773 0.36506 0.07827 0.44530 0.11467 0.44191 0.18966 0.42529 0.25879 0.42608 0.27450 0.44148 0.25250 0.48691 0.02235 0.94892 0.02503 1.00000 0.51311 1.00000 1.00000 0.95465 1.00000 0.84738
2 0.86555 0.49487 0.85747 0.49562 0.84991 0.48729 0.84676 0.46589 0.84345 0.46078 0.82929 0.46210 0.82597 0.45698 0.82244 0.42840 0.82023 0.42499 0.82845 0.38808 0.82808 0.38088 0.83503 0.35855 0.83630 0.34397 0.84471 0.31066 0.85199 0.25576 0.85142 0.24497 0.84570 0.23285 0.75306 0.24871 0.75123 0.25250 0.74314 0.25325 0.73856 0.26271 0.74374 0.28392 0.76180 0.31838 0.78100 0.37443 0.79445 0.39847 0.79963 0.41968 0.79780 0.42346 0.80020 0.43047 0.80209 0.46644 0.79934 0.47212 0.79125 0.47287 0.78464 0.48252 0.78761 0.50032 0.78505 0.50959 0.76299 0.51527 0.76024 0.52094 0.76100 0.53533 0.76855 0.54366 0.77462 0.54310 0.78731 0.55276 0.79338 0.55220 0.80001 0.56242 0.80093 0.56053 0.81120 0.54330 0.84153 0.54048 0.84337 0.53670 0.85550 0.53556 0.85733 0.53178 0.87351 0.53027 0.87995 0.53690 0.88400 0.53652 0.88858 0.52706 0.88764 0.50907 0.88432 0.50396 0.86555 0.49487
6 1.00000 0.84738 0.65646 0.38904 0.57058 0.32716 0.45279 0.32849 0.30868 0.34432 0.13773 0.36506 0.07827 0.44530 0.11467 0.44191 0.18966 0.42529 0.25879 0.42608 0.27450 0.44148 0.25250 0.48691 0.02235 0.94892 0.02503 1.00000 0.51311 1.00000 1.00000 0.95465 1.00000 0.84738
2 0.86555 0.49487 0.85747 0.49562 0.84991 0.48729 0.84676 0.46589 0.84345 0.46078 0.82929 0.46210 0.82597 0.45698 0.82244 0.42840 0.82023 0.42499 0.82845 0.38808 0.82808 0.38088 0.83503 0.35855 0.83630 0.34397 0.84471 0.31066 0.85199 0.25576 0.85142 0.24497 0.84570 0.23285 0.75306 0.24871 0.75123 0.25250 0.74314 0.25325 0.73856 0.26271 0.74374 0.28392 0.76180 0.31838 0.78100 0.37443 0.79445 0.39847 0.79963 0.41968 0.79780 0.42346 0.80020 0.43047 0.80209 0.46644 0.79934 0.47212 0.79125 0.47287 0.78464 0.48252 0.78761 0.50032 0.78505 0.50959 0.76299 0.51527 0.76024 0.52094 0.76100 0.53533 0.76855 0.54366 0.77462 0.54310 0.78731 0.55276 0.79338 0.55220 0.80001 0.56242 0.80093 0.56053 0.81120 0.54330 0.84153 0.54048 0.84337 0.53670 0.85550 0.53556 0.85733 0.53178 0.87351 0.53027 0.87995 0.53690 0.88400 0.53652 0.88858 0.52706 0.88764 0.50907 0.88432 0.50396 0.86555 0.49487
6 1.00000 0.84738 0.65646 0.38904 0.57058 0.32716 0.45279 0.32849 0.30868 0.34432 0.13773 0.36506 0.07827 0.44530 0.11467 0.44191 0.18966 0.42529 0.25879 0.42608 0.27450 0.44148 0.25250 0.48691 0.02235 0.94892 0.02503 1.00000 0.51311 1.00000 1.00000 0.95465 1.00000 0.84738
2 0.86555 0.49487 0.85747 0.49562 0.84991 0.48729 0.84676 0.46589 0.84345 0.46078 0.82929 0.46210 0.82597 0.45698 0.82244 0.42840 0.82023 0.42499 0.82845 0.38808 0.82808 0.38088 0.83503 0.35855 0.83630 0.34397 0.84471 0.31066 0.85199 0.25576 0.85142 0.24497 0.84570 0.23285 0.75306 0.24871 0.75123 0.25250 0.74314 0.25325 0.73856 0.26271 0.74374 0.28392 0.76180 0.31838 0.78100 0.37443 0.79445 0.39847 0.79963 0.41968 0.79780 0.42346 0.80020 0.43047 0.80209 0.46644 0.79934 0.47212 0.79125 0.47287 0.78464 0.48252 0.78761 0.50032 0.78505 0.50959 0.76299 0.51527 0.76024 0.52094 0.76100 0.53533 0.76855 0.54366 0.77462 0.54310 0.78731 0.55276 0.79338 0.55220 0.80001 0.56242 0.80093 0.56053 0.81120 0.54330 0.84153 0.54048 0.84337 0.53670 0.85550 0.53556 0.85733 0.53178 0.87351 0.53027 0.87995 0.53690 0.88400 0.53652 0.88858 0.52706 0.88764 0.50907 0.88432 0.50396 0.86555 0.49487
