6 1.00000 0.50766 0.97974 0.47177 0.84290 0.21316 0.80491 0.17308 0.72769 0.12781 0.64848 0.09926 0.54534 0.08648 0.39811 0.08598 0.00000 0.12751 0.00032 0.26927 0.29409 0.25022 0.32613 0.26207 0.33245 0.27632 0.00000 0.99311 0.00000 1.00000 1.00000 1.00000 1.00000 0.50766
5 0.00572 0.00000 0.00110 0.00002 0.00574 0.03134 0.01478 0.04947 0.02104 0.08038 0.01709 0.08573 0.01686 0.09563 0.00000 0.10899 0.00207 0.12231 0.04560 0.11870 0.06299 0.10346 0.06136 0.08862 0.03911 0.08862 0.03425 0.07420 0.02961 0.07131 0.02729 0.04864 0.03151 0.03875 0.03244 0.01485 0.03105 0.00000 0.00572 0.00000
6 1.00000 0.50766 0.97974 0.47177 0.84290 0.21316 0.80491 0.17308 0.72769 0.12781 0.64848 0.09926 0.54534 0.08648 0.39811 0.08598 0.00000 0.12751 0.00032 0.26927 0.29409 0.25022 0.32613 0.26207 0.33245 0.27632 0.00000 0.99311 0.00000 1.00000 1.00000 1.00000 1.00000 0.50766
5 0.00572 0.00000 0.00110 0.00002 0.00574 0.03134 0.01478 0.04947 0.02104 0.08038 0.01709 0.08573 0.01686 0.09563 0.00000 0.10899 0.00207 0.12231 0.04560 0.11870 0.06299 0.10346 0.06136 0.08862 0.03911 0.08862 0.03425 0.07420 0.02961 0.07131 0.02729 0.04864 0.03151 0.03875 0.03244 0.01485 0.03105 0.00000 0.00572 0.00000
6 1.00000 0.50766 0.97974 0.47177 0.84290 0.21316 0.80491 0.17308 0.72769 0.12781 0.64848 0.09926 0.54534 0.08648 0.39811 0.08598 0.00000 0.12751 0.00032 0.26927 0.29409 0.25022 0.32613 0.26207 0.33245 0.27632 0.00000 0.99311 0.00000 1.00000 1.00000 1.00000 1.00000 0.50766
5 0.00572 0.00000 0.00110 0.00002 0.00574 0.03134 0.01478 0.04947 0.02104 0.08038 0.01709 0.08573 0.01686 0.09563 0.00000 0.10899 0.00207 0.12231 0.04560 0.11870 0.06299 0.10346 0.06136 0.08862 0.03911 0.08862 0.03425 0.07420 0.02961 0.07131 0.02729 0.04864 0.03151 0.03875 0.03244 0.01485 0.03105 0.00000 0.00572 0.00000
6 1.00000 0.50766 0.97974 0.47177 0.84290 0.21316 0.80491 0.17308 0.72769 0.12781 0.64848 0.09926 0.54534 0.08648 0.39811 0.08598 0.00000 0.12751 0.00032 0.26927 0.29409 0.25022 0.32613 0.26207 0.33245 0.27632 0.00000 0.99311 0.00000 1.00000 1.00000 1.00000 1.00000 0.50766
5 0.00572 0.00000 0.00110 0.00002 0.00574 0.03134 0.01478 0.04947 0.02104 0.08038 0.01709 0.08573 0.01686 0.09563 0.00000 0.10899 0.00207 0.12231 0.04560 0.11870 0.06299 0.10346 0.06136 0.08862 0.03911 0.08862 0.03425 0.07420 0.02961 0.07131 0.02729 0.04864 0.03151 0.03875 0.03244 0.01485 0.03105 0.00000 0.00572 0.00000
6 1.00000 0.50766 0.97974 0.47177 0.84290 0.21316 0.80491 0.17308 0.72769 0.12781 0.64848 0.09926 0.54534 0.08648 0.39811 0.08598 0.00000 0.12751 0.00032 0.26927 0.29409 0.25022 0.32613 0.26207 0.33245 0.27632 0.00000 0.99311 0.00000 1.00000 1.00000 1.00000 1.00000 0.50766
5 0.00572 0.00000 0.00110 0.00002 0.00574 0.03134 0.01478 0.04947 0.02104 0.08038 0.01709 0.08573 0.01686 0.09563 0.00000 0.10899 0.00207 0.12231 0.04560 0.11870 0.06299 0.10346 0.06136 0.08862 0.03911 0.08862 0.03425 0.07420 0.02961 0.07131 0.02729 0.04864 0.03151 0.03875 0.03244 0.01485 0.03105 0.00000 0.00572 0.00000
6 1.00000 0.50766 0.97974 0.47177 0.84290 0.21316 0.80491 0.17308 0.72769 0.12781 0.64848 0.09926 0.54534 0.08648 0.39811 0.08598 0.00000 0.12751 0.00032 0.26927 0.29409 0.25022 0.32613 0.26207 0.33245 0.27632 0.00000 0.99311 0.00000 1.00000 1.00000 1.00000 1.00000 0.50766
5 0.00572 0.00000 0.00110 0.00002 0.00574 0.03134 0.01478 0.04947 0.02104 0.08038 0.01709 0.08573 0.01686 0.09563 0.00000 0.10899 0.00207 0.12231 0.04560 0.11870 0.06299 0.10346 0.06136 0.08862 0.03911 0.08862 0.03425 0.07420 0.02961 0.07131 0.02729 0.04864 0.03151 0.03875 0.03244 0.01485 0.03105 0.00000 0.00572 0.00000
