6 0.00000 0.91131 0.18731 0.94637 0.18422 0.93890 0.17999 0.93811 0.17062 0.92486 0.15663 0.91457 0.14343 0.89677 0.12943 0.88648 0.10647 0.85918 0.09247 0.84890 0.07162 0.82200 0.06739 0.82121 0.03677 0.78481 0.01894 0.76998 0.00614 0.74841 0.00000 0.74468 0.00000 0.91131
2 0.20628 0.83188 0.19783 0.83029 0.19473 0.80863 0.19552 0.80112 0.20094 0.79063 0.20213 0.77936 0.21666 0.74375 0.21784 0.73247 0.23066 0.69271 0.23264 0.67391 0.23007 0.66768 0.18531 0.66314 0.18280 0.66650 0.15494 0.66512 0.15118 0.67016 0.14999 0.68144 0.15989 0.71012 0.16992 0.75800 0.17810 0.78252 0.17942 0.79044 0.17704 0.81299 0.17876 0.81714 0.17717 0.83218 0.16291 0.84484 0.16053 0.86739 0.13947 0.87303 0.13703 0.88599 0.13960 0.89222 0.15399 0.89875 0.16165 0.90784 0.17135 0.90774 0.17551 0.89894 0.18224 0.89637 0.19954 0.89577 0.21552 0.88727 0.23030 0.89003 0.23446 0.88123 0.23565 0.86995 0.23308 0.86372 0.21235 0.85601 0.20978 0.84978 0.21057 0.84226 0.20628 0.83188
6 0.00000 0.91131 0.18731 0.94637 0.18422 0.93890 0.17999 0.93811 0.17062 0.92486 0.15663 0.91457 0.14343 0.89677 0.12943 0.88648 0.10647 0.85918 0.09247 0.84890 0.07162 0.82200 0.06739 0.82121 0.03677 0.78481 0.01894 0.76998 0.00614 0.74841 0.00000 0.74468 0.00000 0.91131
2 0.20628 0.83188 0.19783 0.83029 0.19473 0.80863 0.19552 0.80112 0.20094 0.79063 0.20213 0.77936 0.21666 0.74375 0.21784 0.73247 0.23066 0.69271 0.23264 0.67391 0.23007 0.66768 0.18531 0.66314 0.18280 0.66650 0.15494 0.66512 0.15118 0.67016 0.14999 0.68144 0.15989 0.71012 0.16992 0.75800 0.17810 0.78252 0.17942 0.79044 0.17704 0.81299 0.17876 0.81714 0.17717 0.83218 0.16291 0.84484 0.16053 0.86739 0.13947 0.87303 0.13703 0.88599 0.13960 0.89222 0.15399 0.89875 0.16165 0.90784 0.17135 0.90774 0.17551 0.89894 0.18224 0.89637 0.19954 0.89577 0.21552 0.88727 0.23030 0.89003 0.23446 0.88123 0.23565 0.86995 0.23308 0.86372 0.21235 0.85601 0.20978 0.84978 0.21057 0.84226 0.20628 0.83188
6 0.00000 0.91131 0.18731 0.94637 0.18422 0.93890 0.17999 0.93811 0.17062 0.92486 0.15663 0.91457 0.14343 0.89677 0.12943 0.88648 0.10647 0.85918 0.09247 0.84890 0.07162 0.82200 0.06739 0.82121 0.03677 0.78481 0.01894 0.76998 0.00614 0.74841 0.00000 0.74468 0.00000 0.91131
2 0.20628 0.83188 0.19783 0.83029 0.19473 0.80863 0.19552 0.80112 0.20094 0.79063 0.20213 0.77936 0.21666 0.74375 0.21784 0.73247 0.23066 0.69271 0.23264 0.67391 0.23007 0.66768 0.18531 0.66314 0.18280 0.66650 0.15494 0.66512 0.15118 0.67016 0.14999 0.68144 0.15989 0.71012 0.16992 0.75800 0.17810 0.78252 0.17942 0.79044 0.17704 0.81299 0.17876 0.81714 0.17717 0.83218 0.16291 0.84484 0.16053 0.86739 0.13947 0.87303 0.13703 0.88599 0.13960 0.89222 0.15399 0.89875 0.16165 0.90784 0.17135 0.90774 0.17551 0.89894 0.18224 0.89637 0.19954 0.89577 0.21552 0.88727 0.23030 0.89003 0.23446 0.88123 0.23565 0.86995 0.23308 0.86372 0.21235 0.85601 0.20978 0.84978 0.21057 0.84226 0.20628 0.83188
6 0.00000 0.91131 0.18731 0.94637 0.18422 0.93890 0.17999 0.93811 0.17062 0.92486 0.15663 0.91457 0.14343 0.89677 0.12943 0.88648 0.10647 0.85918 0.09247 0.84890 0.07162 0.82200 0.06739 0.82121 0.03677 0.78481 0.01894 0.76998 0.00614 0.74841 0.00000 0.74468 0.00000 0.91131
2 0.20628 0.83188 0.19783 0.83029 0.19473 0.80863 0.19552 0.80112 0.20094 0.79063 0.20213 0.77936 0.21666 0.74375 0.21784 0.73247 0.23066 0.69271 0.23264 0.67391 0.23007 0.66768 0.18531 0.66314 0.18280 0.66650 0.15494 0.66512 0.15118 0.67016 0.14999 0.68144 0.15989 0.71012 0.16992 0.75800 0.17810 0.78252 0.17942 0.79044 0.17704 0.81299 0.17876 0.81714 0.17717 0.83218 0.16291 0.84484 0.16053 0.86739 0.13947 0.87303 0.13703 0.88599 0.13960 0.89222 0.15399 0.89875 0.16165 0.90784 0.17135 0.90774 0.17551 0.89894 0.18224 0.89637 0.19954 0.89577 0.21552 0.88727 0.23030 0.89003 0.23446 0.88123 0.23565 0.86995 0.23308 0.86372 0.21235 0.85601 0.20978 0.84978 0.21057 0.84226 0.20628 0.83188
6 0.00000 0.91131 0.18731 0.94637 0.18422 0.93890 0.17999 0.93811 0.17062 0.92486 0.15663 0.91457 0.14343 0.89677 0.12943 0.88648 0.10647 0.85918 0.09247 0.84890 0.07162 0.82200 0.06739 0.82121 0.03677 0.78481 0.01894 0.76998 0.00614 0.74841 0.00000 0.74468 0.00000 0.91131
2 0.20628 0.83188 0.19783 0.83029 0.19473 0.80863 0.19552 0.80112 0.20094 0.79063 0.20213 0.77936 0.21666 0.74375 0.21784 0.73247 0.23066 0.69271 0.23264 0.67391 0.23007 0.66768 0.18531 0.66314 0.18280 0.66650 0.15494 0.66512 0.15118 0.67016 0.14999 0.68144 0.15989 0.71012 0.16992 0.75800 0.17810 0.78252 0.17942 0.79044 0.17704 0.81299 0.17876 0.81714 0.17717 0.83218 0.16291 0.84484 0.16053 0.86739 0.13947 0.87303 0.13703 0.88599 0.13960 0.89222 0.15399 0.89875 0.16165 0.90784 0.17135 0.90774 0.17551 0.89894 0.18224 0.89637 0.19954 0.89577 0.21552 0.88727 0.23030 0.89003 0.23446 0.88123 0.23565 0.86995 0.23308 0.86372 0.21235 0.85601 0.20978 0.84978 0.21057 0.84226 0.20628 0.83188
6 0.00000 0.91131 0.18731 0.94637 0.18422 0.93890 0.17999 0.93811 0.17062 0.92486 0.15663 0.91457 0.14343 0.89677 0.12943 0.88648 0.10647 0.85918 0.09247 0.84890 0.07162 0.82200 0.06739 0.82121 0.03677 0.78481 0.01894 0.76998 0.00614 0.74841 0.00000 0.74468 0.00000 0.91131
2 0.20628 0.83188 0.19783 0.83029 0.19473 0.80863 0.19552 0.80112 0.20094 0.79063 0.20213 0.77936 0.21666 0.74375 0.21784 0.73247 0.23066 0.69271 0.23264 0.67391 0.23007 0.66768 0.18531 0.66314 0.18280 0.66650 0.15494 0.66512 0.15118 0.67016 0.14999 0.68144 0.15989 0.71012 0.16992 0.75800 0.17810 0.78252 0.17942 0.79044 0.17704 0.81299 0.17876 0.81714 0.17717 0.83218 0.16291 0.84484 0.16053 0.86739 0.13947 0.87303 0.13703 0.88599 0.13960 0.89222 0.15399 0.89875 0.16165 0.90784 0.17135 0.90774 0.17551 0.89894 0.18224 0.89637 0.19954 0.89577 0.21552 0.88727 0.23030 0.89003 0.23446 0.88123 0.23565 0.86995 0.23308 0.86372 0.21235 0.85601 0.20978 0.84978 0.21057 0.84226 0.20628 0.83188
