7 0.33766 0.45502 0.33378 0.45000 0.32100 0.45270 0.31848 0.45907 0.32073 0.47804 0.32331 0.48139 0.33324 0.56488 0.33757 0.57369 0.34906 0.56932 0.35242 0.56083 0.33766 0.45502
7 0.35352 0.53337 0.35623 0.55614 0.37967 0.55119 0.38426 0.53466 0.37994 0.52585 0.37658 0.53434 0.37012 0.52597 0.35716 0.43535 0.35329 0.43033 0.33837 0.43348 0.34250 0.47734 0.34508 0.48069 0.35004 0.52243 0.35521 0.52912 0.35352 0.53337
4 0.68386 0.39949 0.67914 0.39659 0.65783 0.40109 0.64646 0.42488 0.64569 0.43672 0.64930 0.46708 0.65581 0.48515 0.66485 0.49686 0.67040 0.49763 0.67221 0.51281 0.66498 0.51629 0.66549 0.52979 0.65658 0.53751 0.65406 0.54387 0.65496 0.55146 0.66057 0.56195 0.67691 0.57990 0.71398 0.57013 0.71521 0.56209 0.71205 0.53553 0.69746 0.52305 0.69655 0.51546 0.68668 0.50587 0.68577 0.49828 0.69423 0.48677 0.70348 0.46343 0.70470 0.45539 0.70155 0.42882 0.69548 0.41454 0.68386 0.39949
6 1.00000 0.88218 0.96157 0.84272 0.95730 0.84362 0.93193 0.81396 0.92509 0.81152 0.88558 0.77317 0.87873 0.77073 0.85594 0.74441 0.84438 0.73907 0.78467 0.67776 0.76323 0.66283 0.75761 0.65234 0.74392 0.64745 0.72630 0.62783 0.69499 0.60332 0.67949 0.58324 0.66535 0.57456 0.64469 0.54779 0.63572 0.54580 0.62584 0.53621 0.62196 0.53120 0.62533 0.52270 0.62061 0.51981 0.62139 0.50798 0.61752 0.50296 0.61370 0.50765 0.60686 0.50520 0.60518 0.50945 0.60002 0.50276 0.58084 0.50680 0.57826 0.50346 0.57444 0.50815 0.54887 0.51355 0.54719 0.51779 0.54461 0.51445 0.54080 0.51914 0.53608 0.51625 0.53440 0.52049 0.52375 0.52274 0.52117 0.51939 0.51522 0.52454 0.50457 0.52679 0.50199 0.52344 0.50030 0.52768 0.48965 0.52993 0.48707 0.52659 0.48113 0.53173 0.40014 0.54882 0.38826 0.55911 0.37689 0.58290 0.37657 0.59853 0.36526 0.63204 0.36448 0.64387 0.35104 0.67782 0.34858 0.69390 0.32338 0.75757 0.28746 0.87796 0.26607 0.93694 0.25566 0.97804 0.24697 1.00000 0.52954 1.00000 1.00000 0.90075 1.00000 0.88218
6 0.60344 0.50398 0.60692 0.51492 0.63055 0.53911 0.63998 0.54490 0.65361 0.54008 0.66084 0.53661 0.66336 0.53024 0.66246 0.52265 0.66498 0.51629 0.67008 0.51326 0.66918 0.50567 0.66014 0.49396 0.65543 0.49107 0.64903 0.49242 0.64735 0.49666 0.64264 0.49377 0.60344 0.50398
6 1.00000 0.44758 0.99569 0.41132 0.90980 0.42573 0.90644 0.43422 0.83399 0.44951 0.83230 0.45375 0.69637 0.48632 0.69255 0.49102 0.69049 0.50118 0.69610 0.51166 0.69701 0.51925 0.70817 0.53051 0.79342 0.51253 0.79510 0.50828 0.81047 0.50893 0.81215 0.50469 0.87821 0.49075 0.87989 0.48650 0.90760 0.48066 0.91915 0.48600 0.96391 0.47656 0.96940 0.46762 0.97366 0.46672 0.97882 0.47341 0.98179 0.47084 0.98645 0.46402 1.00000 0.45985 1.00000 0.44758
6 0.15022 0.64239 0.15481 0.62586 0.15390 0.61827 0.06143 0.63973 0.05975 0.64397 0.01208 0.65403 0.01755 0.70004 0.03533 0.69580 0.03701 0.69156 0.10262 0.67383 0.10430 0.66958 0.15118 0.65969 0.15022 0.64239
7 0.33766 0.45502 0.33378 0.45000 0.32100 0.45270 0.31848 0.45907 0.32073 0.47804 0.32331 0.48139 0.33324 0.56488 0.33757 0.57369 0.34906 0.56932 0.35242 0.56083 0.33766 0.45502
7 0.35352 0.53337 0.35623 0.55614 0.37967 0.55119 0.38426 0.53466 0.37994 0.52585 0.37658 0.53434 0.37012 0.52597 0.35716 0.43535 0.35329 0.43033 0.33837 0.43348 0.34250 0.47734 0.34508 0.48069 0.35004 0.52243 0.35521 0.52912 0.35352 0.53337
4 0.68386 0.39949 0.67914 0.39659 0.65783 0.40109 0.64646 0.42488 0.64569 0.43672 0.64930 0.46708 0.65581 0.48515 0.66485 0.49686 0.67040 0.49763 0.67221 0.51281 0.66498 0.51629 0.66549 0.52979 0.65658 0.53751 0.65406 0.54387 0.65496 0.55146 0.66057 0.56195 0.67691 0.57990 0.71398 0.57013 0.71521 0.56209 0.71205 0.53553 0.69746 0.52305 0.69655 0.51546 0.68668 0.50587 0.68577 0.49828 0.69423 0.48677 0.70348 0.46343 0.70470 0.45539 0.70155 0.42882 0.69548 0.41454 0.68386 0.39949
6 1.00000 0.88218 0.96157 0.84272 0.95730 0.84362 0.93193 0.81396 0.92509 0.81152 0.88558 0.77317 0.87873 0.77073 0.85594 0.74441 0.84438 0.73907 0.78467 0.67776 0.76323 0.66283 0.75761 0.65234 0.74392 0.64745 0.72630 0.62783 0.69499 0.60332 0.67949 0.58324 0.66535 0.57456 0.64469 0.54779 0.63572 0.54580 0.62584 0.53621 0.62196 0.53120 0.62533 0.52270 0.62061 0.51981 0.62139 0.50798 0.61752 0.50296 0.61370 0.50765 0.60686 0.50520 0.60518 0.50945 0.60002 0.50276 0.58084 0.50680 0.57826 0.50346 0.57444 0.50815 0.54887 0.51355 0.54719 0.51779 0.54461 0.51445 0.54080 0.51914 0.53608 0.51625 0.53440 0.52049 0.52375 0.52274 0.52117 0.51939 0.51522 0.52454 0.50457 0.52679 0.50199 0.52344 0.50030 0.52768 0.48965 0.52993 0.48707 0.52659 0.48113 0.53173 0.40014 0.54882 0.38826 0.55911 0.37689 0.58290 0.37657 0.59853 0.36526 0.63204 0.36448 0.64387 0.35104 0.67782 0.34858 0.69390 0.32338 0.75757 0.28746 0.87796 0.26607 0.93694 0.25566 0.97804 0.24697 1.00000 0.52954 1.00000 1.00000 0.90075 1.00000 0.88218
6 0.60344 0.50398 0.60692 0.51492 0.63055 0.53911 0.63998 0.54490 0.65361 0.54008 0.66084 0.53661 0.66336 0.53024 0.66246 0.52265 0.66498 0.51629 0.67008 0.51326 0.66918 0.50567 0.66014 0.49396 0.65543 0.49107 0.64903 0.49242 0.64735 0.49666 0.64264 0.49377 0.60344 0.50398
6 1.00000 0.44758 0.99569 0.41132 0.90980 0.42573 0.90644 0.43422 0.83399 0.44951 0.83230 0.45375 0.69637 0.48632 0.69255 0.49102 0.69049 0.50118 0.69610 0.51166 0.69701 0.51925 0.70817 0.53051 0.79342 0.51253 0.79510 0.50828 0.81047 0.50893 0.81215 0.50469 0.87821 0.49075 0.87989 0.48650 0.90760 0.48066 0.91915 0.48600 0.96391 0.47656 0.96940 0.46762 0.97366 0.46672 0.97882 0.47341 0.98179 0.47084 0.98645 0.46402 1.00000 0.45985 1.00000 0.44758
6 0.15022 0.64239 0.15481 0.62586 0.15390 0.61827 0.06143 0.63973 0.05975 0.64397 0.01208 0.65403 0.01755 0.70004 0.03533 0.69580 0.03701 0.69156 0.10262 0.67383 0.10430 0.66958 0.15118 0.65969 0.15022 0.64239
7 0.33766 0.45502 0.33378 0.45000 0.32100 0.45270 0.31848 0.45907 0.32073 0.47804 0.32331 0.48139 0.33324 0.56488 0.33757 0.57369 0.34906 0.56932 0.35242 0.56083 0.33766 0.45502
7 0.35352 0.53337 0.35623 0.55614 0.37967 0.55119 0.38426 0.53466 0.37994 0.52585 0.37658 0.53434 0.37012 0.52597 0.35716 0.43535 0.35329 0.43033 0.33837 0.43348 0.34250 0.47734 0.34508 0.48069 0.35004 0.52243 0.35521 0.52912 0.35352 0.53337
4 0.68386 0.39949 0.67914 0.39659 0.65783 0.40109 0.64646 0.42488 0.64569 0.43672 0.64930 0.46708 0.65581 0.48515 0.66485 0.49686 0.67040 0.49763 0.67221 0.51281 0.66498 0.51629 0.66549 0.52979 0.65658 0.53751 0.65406 0.54387 0.65496 0.55146 0.66057 0.56195 0.67691 0.57990 0.71398 0.57013 0.71521 0.56209 0.71205 0.53553 0.69746 0.52305 0.69655 0.51546 0.68668 0.50587 0.68577 0.49828 0.69423 0.48677 0.70348 0.46343 0.70470 0.45539 0.70155 0.42882 0.69548 0.41454 0.68386 0.39949
6 1.00000 0.88218 0.96157 0.84272 0.95730 0.84362 0.93193 0.81396 0.92509 0.81152 0.88558 0.77317 0.87873 0.77073 0.85594 0.74441 0.84438 0.73907 0.78467 0.67776 0.76323 0.66283 0.75761 0.65234 0.74392 0.64745 0.72630 0.62783 0.69499 0.60332 0.67949 0.58324 0.66535 0.57456 0.64469 0.54779 0.63572 0.54580 0.62584 0.53621 0.62196 0.53120 0.62533 0.52270 0.62061 0.51981 0.62139 0.50798 0.61752 0.50296 0.61370 0.50765 0.60686 0.50520 0.60518 0.50945 0.60002 0.50276 0.58084 0.50680 0.57826 0.50346 0.57444 0.50815 0.54887 0.51355 0.54719 0.51779 0.54461 0.51445 0.54080 0.51914 0.53608 0.51625 0.53440 0.52049 0.52375 0.52274 0.52117 0.51939 0.51522 0.52454 0.50457 0.52679 0.50199 0.52344 0.50030 0.52768 0.48965 0.52993 0.48707 0.52659 0.48113 0.53173 0.40014 0.54882 0.38826 0.55911 0.37689 0.58290 0.37657 0.59853 0.36526 0.63204 0.36448 0.64387 0.35104 0.67782 0.34858 0.69390 0.32338 0.75757 0.28746 0.87796 0.26607 0.93694 0.25566 0.97804 0.24697 1.00000 0.52954 1.00000 1.00000 0.90075 1.00000 0.88218
6 0.60344 0.50398 0.60692 0.51492 0.63055 0.53911 0.63998 0.54490 0.65361 0.54008 0.66084 0.53661 0.66336 0.53024 0.66246 0.52265 0.66498 0.51629 0.67008 0.51326 0.66918 0.50567 0.66014 0.49396 0.65543 0.49107 0.64903 0.49242 0.64735 0.49666 0.64264 0.49377 0.60344 0.50398
6 1.00000 0.44758 0.99569 0.41132 0.90980 0.42573 0.90644 0.43422 0.83399 0.44951 0.83230 0.45375 0.69637 0.48632 0.69255 0.49102 0.69049 0.50118 0.69610 0.51166 0.69701 0.51925 0.70817 0.53051 0.79342 0.51253 0.79510 0.50828 0.81047 0.50893 0.81215 0.50469 0.87821 0.49075 0.87989 0.48650 0.90760 0.48066 0.91915 0.48600 0.96391 0.47656 0.96940 0.46762 0.97366 0.46672 0.97882 0.47341 0.98179 0.47084 0.98645 0.46402 1.00000 0.45985 1.00000 0.44758
6 0.15022 0.64239 0.15481 0.62586 0.15390 0.61827 0.06143 0.63973 0.05975 0.64397 0.01208 0.65403 0.01755 0.70004 0.03533 0.69580 0.03701 0.69156 0.10262 0.67383 0.10430 0.66958 0.15118 0.65969 0.15022 0.64239
