2 0.80065 0.35596 0.79441 0.32964 0.79196 0.32647 0.79546 0.30361 0.79535 0.28520 0.80396 0.23547 0.80384 0.21706 0.80661 0.20542 0.80533 0.19463 0.80798 0.16458 0.80099 0.14947 0.77064 0.15588 0.76904 0.15990 0.72696 0.17246 0.72537 0.17648 0.71323 0.17905 0.70721 0.18953 0.71382 0.21025 0.73429 0.24279 0.74048 0.25992 0.75604 0.28613 0.77001 0.31636 0.77599 0.36670 0.77157 0.37316 0.76550 0.37444 0.76311 0.38048 0.76610 0.40564 0.74911 0.41107 0.74347 0.41595 0.74310 0.42156 0.74886 0.43509 0.75456 0.43941 0.76063 0.43813 0.76308 0.44130 0.78817 0.43417 0.82497 0.42087 0.82656 0.41685 0.84276 0.41343 0.84435 0.40941 0.85490 0.41087 0.85687 0.40124 0.85191 0.38570 0.82634 0.38004 0.82266 0.37529 0.81892 0.36133 0.81279 0.35341 0.80065 0.35596
6 1.00000 0.67594 0.77801 0.44184 0.62092 0.29559 0.53811 0.27374 0.44464 0.27871 0.34074 0.30063 0.24360 0.32113 0.13118 0.36450 0.08229 0.45346 0.19477 0.42236 0.24584 0.42141 0.27148 0.41600 0.27318 0.43039 0.25680 0.49036 0.12614 1.00000 0.52954 1.00000 1.00000 0.90075 1.00000 0.67594
2 0.80065 0.35596 0.79441 0.32964 0.79196 0.32647 0.79546 0.30361 0.79535 0.28520 0.80396 0.23547 0.80384 0.21706 0.80661 0.20542 0.80533 0.19463 0.80798 0.16458 0.80099 0.14947 0.77064 0.15588 0.76904 0.15990 0.72696 0.17246 0.72537 0.17648 0.71323 0.17905 0.70721 0.18953 0.71382 0.21025 0.73429 0.24279 0.74048 0.25992 0.75604 0.28613 0.77001 0.31636 0.77599 0.36670 0.77157 0.37316 0.76550 0.37444 0.76311 0.38048 0.76610 0.40564 0.74911 0.41107 0.74347 0.41595 0.74310 0.42156 0.74886 0.43509 0.75456 0.43941 0.76063 0.43813 0.76308 0.44130 0.78817 0.43417 0.82497 0.42087 0.82656 0.41685 0.84276 0.41343 0.84435 0.40941 0.85490 0.41087 0.85687 0.40124 0.85191 0.38570 0.82634 0.38004 0.82266 0.37529 0.81892 0.36133 0.81279 0.35341 0.80065 0.35596
6 1.00000 0.67594 0.77801 0.44184 0.62092 0.29559 0.53811 0.27374 0.44464 0.27871 0.34074 0.30063 0.24360 0.32113 0.13118 0.36450 0.08229 0.45346 0.19477 0.42236 0.24584 0.42141 0.27148 0.41600 0.27318 0.43039 0.25680 0.49036 0.12614 1.00000 0.52954 1.00000 1.00000 0.90075 1.00000 0.67594
2 0.80065 0.35596 0.79441 0.32964 0.79196 0.32647 0.79546 0.30361 0.79535 0.28520 0.80396 0.23547 0.80384 0.21706 0.80661 0.20542 0.80533 0.19463 0.80798 0.16458 0.80099 0.14947 0.77064 0.15588 0.76904 0.15990 0.72696 0.17246 0.72537 0.17648 0.71323 0.17905 0.70721 0.18953 0.71382 0.21025 0.73429 0.24279 0.74048 0.25992 0.75604 0.28613 0.77001 0.31636 0.77599 0.36670 0.77157 0.37316 0.76550 0.37444 0.76311 0.38048 0.76610 0.40564 0.74911 0.41107 0.74347 0.41595 0.74310 0.42156 0.74886 0.43509 0.75456 0.43941 0.76063 0.43813 0.76308 0.44130 0.78817 0.43417 0.82497 0.42087 0.82656 0.41685 0.84276 0.41343 0.84435 0.40941 0.85490 0.41087 0.85687 0.40124 0.85191 0.38570 0.82634 0.38004 0.82266 0.37529 0.81892 0.36133 0.81279 0.35341 0.80065 0.35596
6 1.00000 0.67594 0.77801 0.44184 0.62092 0.29559 0.53811 0.27374 0.44464 0.27871 0.34074 0.30063 0.24360 0.32113 0.13118 0.36450 0.08229 0.45346 0.19477 0.42236 0.24584 0.42141 0.27148 0.41600 0.27318 0.43039 0.25680 0.49036 0.12614 1.00000 0.52954 1.00000 1.00000 0.90075 1.00000 0.67594
2 0.80065 0.35596 0.79441 0.32964 0.79196 0.32647 0.79546 0.30361 0.79535 0.28520 0.80396 0.23547 0.80384 0.21706 0.80661 0.20542 0.80533 0.19463 0.80798 0.16458 0.80099 0.14947 0.77064 0.15588 0.76904 0.15990 0.72696 0.17246 0.72537 0.17648 0.71323 0.17905 0.70721 0.18953 0.71382 0.21025 0.73429 0.24279 0.74048 0.25992 0.75604 0.28613 0.77001 0.31636 0.77599 0.36670 0.77157 0.37316 0.76550 0.37444 0.76311 0.38048 0.76610 0.40564 0.74911 0.41107 0.74347 0.41595 0.74310 0.42156 0.74886 0.43509 0.75456 0.43941 0.76063 0.43813 0.76308 0.44130 0.78817 0.43417 0.82497 0.42087 0.82656 0.41685 0.84276 0.41343 0.84435 0.40941 0.85490 0.41087 0.85687 0.40124 0.85191 0.38570 0.82634 0.38004 0.82266 0.37529 0.81892 0.36133 0.81279 0.35341 0.80065 0.35596
6 1.00000 0.67594 0.77801 0.44184 0.62092 0.29559 0.53811 0.27374 0.44464 0.27871 0.34074 0.30063 0.24360 0.32113 0.13118 0.36450 0.08229 0.45346 0.19477 0.42236 0.24584 0.42141 0.27148 0.41600 0.27318 0.43039 0.25680 0.49036 0.12614 1.00000 0.52954 1.00000 1.00000 0.90075 1.00000 0.67594
2 0.80065 0.35596 0.79441 0.32964 0.79196 0.32647 0.79546 0.30361 0.79535 0.28520 0.80396 0.23547 0.80384 0.21706 0.80661 0.20542 0.80533 0.19463 0.80798 0.16458 0.80099 0.14947 0.77064 0.15588 0.76904 0.15990 0.72696 0.17246 0.72537 0.17648 0.71323 0.17905 0.70721 0.18953 0.71382 0.21025 0.73429 0.24279 0.74048 0.25992 0.75604 0.28613 0.77001 0.31636 0.77599 0.36670 0.77157 0.37316 0.76550 0.37444 0.76311 0.38048 0.76610 0.40564 0.74911 0.41107 0.74347 0.41595 0.74310 0.42156 0.74886 0.43509 0.75456 0.43941 0.76063 0.43813 0.76308 0.44130 0.78817 0.43417 0.82497 0.42087 0.82656 0.41685 0.84276 0.41343 0.84435 0.40941 0.85490 0.41087 0.85687 0.40124 0.85191 0.38570 0.82634 0.38004 0.82266 0.37529 0.81892 0.36133 0.81279 0.35341 0.80065 0.35596
6 1.00000 0.67594 0.77801 0.44184 0.62092 0.29559 0.53811 0.27374 0.44464 0.27871 0.34074 0.30063 0.24360 0.32113 0.13118 0.36450 0.08229 0.45346 0.19477 0.42236 0.24584 0.42141 0.27148 0.41600 0.27318 0.43039 0.25680 0.49036 0.12614 1.00000 0.52954 1.00000 1.00000 0.90075 1.00000 0.67594
