6 0.05322 0.00000 0.00000 0.44758 0.00000 0.90075 0.47046 1.00000 0.94678 1.00000 0.94964 0.97592 0.35981 0.00000 0.05322 0.00000
1 0.54520 0.17090 0.53482 0.17202 0.49789 0.17979 0.49449 0.20162 0.52416 0.24599 0.59803 0.25164 0.59965 0.22630 0.57638 0.20647 0.58006 0.17163 0.56630 0.17370 0.56817 0.14885 0.58368 0.12765 0.60384 0.11160 0.61603 0.07368 0.62207 0.04770 0.62547 0.02024 0.53621 0.00141 0.53000 0.01884 0.52623 0.05054 0.52752 0.08436 0.53468 0.10455 0.54854 0.13956 0.54520 0.17090
6 0.05322 0.00000 0.00000 0.44758 0.00000 0.90075 0.47046 1.00000 0.94678 1.00000 0.94964 0.97592 0.35981 0.00000 0.05322 0.00000
1 0.54520 0.17090 0.53482 0.17202 0.49789 0.17979 0.49449 0.20162 0.52416 0.24599 0.59803 0.25164 0.59965 0.22630 0.57638 0.20647 0.58006 0.17163 0.56630 0.17370 0.56817 0.14885 0.58368 0.12765 0.60384 0.11160 0.61603 0.07368 0.62207 0.04770 0.62547 0.02024 0.53621 0.00141 0.53000 0.01884 0.52623 0.05054 0.52752 0.08436 0.53468 0.10455 0.54854 0.13956 0.54520 0.17090
6 0.05322 0.00000 0.00000 0.44758 0.00000 0.90075 0.47046 1.00000 0.94678 1.00000 0.94964 0.97592 0.35981 0.00000 0.05322 0.00000
1 0.54520 0.17090 0.53482 0.17202 0.49789 0.17979 0.49449 0.20162 0.52416 0.24599 0.59803 0.25164 0.59965 0.22630 0.57638 0.20647 0.58006 0.17163 0.56630 0.17370 0.56817 0.14885 0.58368 0.12765 0.60384 0.11160 0.61603 0.07368 0.62207 0.04770 0.62547 0.02024 0.53621 0.00141 0.53000 0.01884 0.52623 0.05054 0.52752 0.08436 0.53468 0.10455 0.54854 0.13956 0.54520 0.17090
6 0.05322 0.00000 0.00000 0.44758 0.00000 0.90075 0.47046 1.00000 0.94678 1.00000 0.94964 0.97592 0.35981 0.00000 0.05322 0.00000
1 0.54520 0.17090 0.53482 0.17202 0.49789 0.17979 0.49449 0.20162 0.52416 0.24599 0.59803 0.25164 0.59965 0.22630 0.57638 0.20647 0.58006 0.17163 0.56630 0.17370 0.56817 0.14885 0.58368 0.12765 0.60384 0.11160 0.61603 0.07368 0.62207 0.04770 0.62547 0.02024 0.53621 0.00141 0.53000 0.01884 0.52623 0.05054 0.52752 0.08436 0.53468 0.10455 0.54854 0.13956 0.54520 0.17090
6 0.05322 0.00000 0.00000 0.44758 0.00000 0.90075 0.47046 1.00000 0.94678 1.00000 0.94964 0.97592 0.35981 0.00000 0.05322 0.00000
1 0.54520 0.17090 0.53482 0.17202 0.49789 0.17979 0.49449 0.20162 0.52416 0.24599 0.59803 0.25164 0.59965 0.22630 0.57638 0.20647 0.58006 0.17163 0.56630 0.17370 0.56817 0.14885 0.58368 0.12765 0.60384 0.11160 0.61603 0.07368 0.62207 0.04770 0.62547 0.02024 0.53621 0.00141 0.53000 0.01884 0.52623 0.05054 0.52752 0.08436 0.53468 0.10455 0.54854 0.13956 0.54520 0.17090
6 0.05322 0.00000 0.00000 0.44758 0.00000 0.90075 0.47046 1.00000 0.94678 1.00000 0.94964 0.97592 0.35981 0.00000 0.05322 0.00000
1 0.54520 0.17090 0.53482 0.17202 0.49789 0.17979 0.49449 0.20162 0.52416 0.24599 0.59803 0.25164 0.59965 0.22630 0.57638 0.20647 0.58006 0.17163 0.56630 0.17370 0.56817 0.14885 0.58368 0.12765 0.60384 0.11160 0.61603 0.07368 0.62207 0.04770 0.62547 0.02024 0.53621 0.00141 0.53000 0.01884 0.52623 0.05054 0.52752 0.08436 0.53468 0.10455 0.54854 0.13956 0.54520 0.17090
