6 0.94678 1.00000 0.94998 0.97308 0.81985 0.80544 0.57399 0.57288 0.03438 0.15848 0.00000 0.44758 0.00000 0.90075 0.47046 1.00000 0.94678 1.00000
1 0.05322 0.00000 0.04831 0.04130 0.04843 0.04306 0.04921 0.07189 0.04740 0.08468 0.04303 0.08567 0.03619 0.14325 0.04055 0.14698 0.10969 0.14000 0.10990 0.10652 0.08571 0.10142 0.08520 0.06492 0.06801 0.06895 0.06760 0.04212 0.08553 0.02798 0.09662 0.00836 0.09964 0.00000 0.05322 0.00000
6 0.94678 1.00000 0.94998 0.97308 0.81985 0.80544 0.57399 0.57288 0.03438 0.15848 0.00000 0.44758 0.00000 0.90075 0.47046 1.00000 0.94678 1.00000
1 0.05322 0.00000 0.04831 0.04130 0.04843 0.04306 0.04921 0.07189 0.04740 0.08468 0.04303 0.08567 0.03619 0.14325 0.04055 0.14698 0.10969 0.14000 0.10990 0.10652 0.08571 0.10142 0.08520 0.06492 0.06801 0.06895 0.06760 0.04212 0.08553 0.02798 0.09662 0.00836 0.09964 0.00000 0.05322 0.00000
6 0.94678 1.00000 0.94998 0.97308 0.81985 0.80544 0.57399 0.57288 0.03438 0.15848 0.00000 0.44758 0.00000 0.90075 0.47046 1.00000 0.94678 1.00000
1 0.05322 0.00000 0.04831 0.04130 0.04843 0.04306 0.04921 0.07189 0.04740 0.08468 0.04303 0.08567 0.03619 0.14325 0.04055 0.14698 0.10969 0.14000 0.10990 0.10652 0.08571 0.10142 0.08520 0.06492 0.06801 0.06895 0.06760 0.04212 0.08553 0.02798 0.09662 0.00836 0.09964 0.00000 0.05322 0.00000
6 0.94678 1.00000 0.94998 0.97308 0.81985 0.80544 0.57399 0.57288 0.03438 0.15848 0.00000 0.44758 0.00000 0.90075 0.47046 1.00000 0.94678 1.00000
1 0.05322 0.00000 0.04831 0.04130 0.04843 0.04306 0.04921 0.07189 0.04740 0.08468 0.04303 0.08567 0.03619 0.14325 0.04055 0.14698 0.10969 0.14000 0.10990 0.10652 0.08571 0.10142 0.08520 0.06492 0.06801 0.06895 0.06760 0.04212 0.08553 0.02798 0.09662 0.00836 0.09964 0.00000 0.05322 0.00000
6 0.94678 1.00000 0.94998 0.97308 0.81985 0.80544 0.57399 0.57288 0.03438 0.15848 0.00000 0.44758 0.00000 0.90075 0.47046 1.00000 0.94678 1.00000
1 0.05322 0.00000 0.04831 0.04130 0.04843 0.04306 0.04921 0.07189 0.04740 0.08468 0.04303 0.08567 0.03619 0.14325 0.04055 0.14698 0.10969 0.14000 0.10990 0.10652 0.08571 0.10142 0.08520 0.06492 0.06801 0.06895 0.06760 0.04212 0.08553 0.02798 0.09662 0.00836 0.09964 0.00000 0.05322 0.00000
