6 0.22059 1.00000 0.21293 0.99754 0.19846 0.98739 0.17396 0.98132 0.15950 0.97116 0.15140 0.97154 0.12671 0.95826 0.10838 0.95550 0.09595 0.94526 0.07762 0.94250 0.06933 0.93567 0.06325 0.93595 0.06113 0.93245 0.03866 0.92627 0.03037 0.91944 0.01052 0.91300 0.01280 1.00000 0.22059 1.00000
6 0.10626 1.00000 0.08502 0.99267 0.06438 0.97920 0.05831 0.97948 0.02745 0.96288 0.02137 0.96316 0.01170 0.95767 0.01280 1.00000 0.10626 1.00000
6 0.22059 1.00000 0.21293 0.99754 0.19846 0.98739 0.17396 0.98132 0.15950 0.97116 0.15140 0.97154 0.12671 0.95826 0.10838 0.95550 0.09595 0.94526 0.07762 0.94250 0.06933 0.93567 0.06325 0.93595 0.06113 0.93245 0.03866 0.92627 0.03037 0.91944 0.01052 0.91300 0.01280 1.00000 0.22059 1.00000
6 0.10626 1.00000 0.08502 0.99267 0.06438 0.97920 0.05831 0.97948 0.02745 0.96288 0.02137 0.96316 0.01170 0.95767 0.01280 1.00000 0.10626 1.00000
6 0.22059 1.00000 0.21293 0.99754 0.19846 0.98739 0.17396 0.98132 0.15950 0.97116 0.15140 0.97154 0.12671 0.95826 0.10838 0.95550 0.09595 0.94526 0.07762 0.94250 0.06933 0.93567 0.06325 0.93595 0.06113 0.93245 0.03866 0.92627 0.03037 0.91944 0.01052 0.91300 0.01280 1.00000 0.22059 1.00000
6 0.10626 1.00000 0.08502 0.99267 0.06438 0.97920 0.05831 0.97948 0.02745 0.96288 0.02137 0.96316 0.01170 0.95767 0.01280 1.00000 0.10626 1.00000
6 0.22059 1.00000 0.21293 0.99754 0.19846 0.98739 0.17396 0.98132 0.15950 0.97116 0.15140 0.97154 0.12671 0.95826 0.10838 0.95550 0.09595 0.94526 0.07762 0.94250 0.06933 0.93567 0.06325 0.93595 0.06113 0.93245 0.03866 0.92627 0.03037 0.91944 0.01052 0.91300 0.01280 1.00000 0.22059 1.00000
6 0.10626 1.00000 0.08502 0.99267 0.06438 0.97920 0.05831 0.97948 0.02745 0.96288 0.02137 0.96316 0.01170 0.95767 0.01280 1.00000 0.10626 1.00000
6 0.22059 1.00000 0.21293 0.99754 0.19846 0.98739 0.17396 0.98132 0.15950 0.97116 0.15140 0.97154 0.12671 0.95826 0.10838 0.95550 0.09595 0.94526 0.07762 0.94250 0.06933 0.93567 0.06325 0.93595 0.06113 0.93245 0.03866 0.92627 0.03037 0.91944 0.01052 0.91300 0.01280 1.00000 0.22059 1.00000
6 0.10626 1.00000 0.08502 0.99267 0.06438 0.97920 0.05831 0.97948 0.02745 0.96288 0.02137 0.96316 0.01170 0.95767 0.01280 1.00000 0.10626 1.00000
6 0.22059 1.00000 0.21293 0.99754 0.19846 0.98739 0.17396 0.98132 0.15950 0.97116 0.15140 0.97154 0.12671 0.95826 0.10838 0.95550 0.09595 0.94526 0.07762 0.94250 0.06933 0.93567 0.06325 0.93595 0.06113 0.93245 0.03866 0.92627 0.03037 0.91944 0.01052 0.91300 0.01280 1.00000 0.22059 1.00000
6 0.10626 1.00000 0.08502 0.99267 0.06438 0.97920 0.05831 0.97948 0.02745 0.96288 0.02137 0.96316 0.01170 0.95767 0.01280 1.00000 0.10626 1.00000
