6 0.50655 1.00000 0.57472 0.99683 0.57198 0.99348 0.54627 0.97229 0.53113 0.95435 0.51618 0.94385 0.50960 0.93297 0.49894 0.92600 0.48379 0.90806 0.46675 0.89766 0.44513 0.87256 0.44094 0.87275 0.43437 0.86187 0.43018 0.86207 0.42152 0.85128 0.41085 0.84431 0.40209 0.82980 0.39571 0.82637 0.38485 0.81195 0.30333 0.74115 0.28172 0.71604 0.25820 0.69849 0.24196 0.67873 0.23838 0.66211 0.21705 0.64818 0.20619 0.63377 0.19772 0.63043 0.19333 0.62318 0.17191 0.60552 0.16563 0.60582 0.14420 0.58816 0.13544 0.57365 0.12268 0.56679 0.09896 0.54178 0.07584 0.53912 0.07365 0.53550 0.04224 0.53696 0.04005 0.53333 0.00062 0.53516 0.01280 1.00000 0.50655 1.00000
1 0.42988 0.69050 0.44225 0.68247 0.45322 0.66144 0.45882 0.63507 0.45775 0.59409 0.45068 0.56458 0.44082 0.54826 0.42587 0.53776 0.40913 0.53854 0.39885 0.54648 0.38987 0.56368 0.38018 0.59397 0.37926 0.63877 0.39071 0.67554 0.41013 0.69702 0.40824 0.70456 0.40892 0.73064 0.40593 0.73638 0.39965 0.73667 0.39465 0.74623 0.39385 0.75559 0.38338 0.75607 0.38139 0.75990 0.37511 0.76019 0.37211 0.76592 0.37470 0.78445 0.38426 0.78960 0.39303 0.80411 0.42334 0.80084 0.45365 0.79757 0.45565 0.79374 0.46502 0.79144 0.46453 0.77281 0.44839 0.75678 0.44420 0.75698 0.44052 0.73663 0.43095 0.73148 0.42767 0.72604 0.42708 0.70369 0.42489 0.70006 0.42988 0.69050
7 0.15786 0.58939 0.16553 0.60209 0.20003 0.59862 0.20621 0.59461 0.20163 0.57990 0.19835 0.57446 0.18997 0.57484 0.18459 0.56950 0.18215 0.47637 0.18414 0.47254 0.18076 0.46337 0.16610 0.46406 0.16784 0.57028 0.16404 0.58537 0.15786 0.58939
6 0.50655 1.00000 0.57472 0.99683 0.57198 0.99348 0.54627 0.97229 0.53113 0.95435 0.51618 0.94385 0.50960 0.93297 0.49894 0.92600 0.48379 0.90806 0.46675 0.89766 0.44513 0.87256 0.44094 0.87275 0.43437 0.86187 0.43018 0.86207 0.42152 0.85128 0.41085 0.84431 0.40209 0.82980 0.39571 0.82637 0.38485 0.81195 0.30333 0.74115 0.28172 0.71604 0.25820 0.69849 0.24196 0.67873 0.23838 0.66211 0.21705 0.64818 0.20619 0.63377 0.19772 0.63043 0.19333 0.62318 0.17191 0.60552 0.16563 0.60582 0.14420 0.58816 0.13544 0.57365 0.12268 0.56679 0.09896 0.54178 0.07584 0.53912 0.07365 0.53550 0.04224 0.53696 0.04005 0.53333 0.00062 0.53516 0.01280 1.00000 0.50655 1.00000
1 0.42988 0.69050 0.44225 0.68247 0.45322 0.66144 0.45882 0.63507 0.45775 0.59409 0.45068 0.56458 0.44082 0.54826 0.42587 0.53776 0.40913 0.53854 0.39885 0.54648 0.38987 0.56368 0.38018 0.59397 0.37926 0.63877 0.39071 0.67554 0.41013 0.69702 0.40824 0.70456 0.40892 0.73064 0.40593 0.73638 0.39965 0.73667 0.39465 0.74623 0.39385 0.75559 0.38338 0.75607 0.38139 0.75990 0.37511 0.76019 0.37211 0.76592 0.37470 0.78445 0.38426 0.78960 0.39303 0.80411 0.42334 0.80084 0.45365 0.79757 0.45565 0.79374 0.46502 0.79144 0.46453 0.77281 0.44839 0.75678 0.44420 0.75698 0.44052 0.73663 0.43095 0.73148 0.42767 0.72604 0.42708 0.70369 0.42489 0.70006 0.42988 0.69050
7 0.15786 0.58939 0.16553 0.60209 0.20003 0.59862 0.20621 0.59461 0.20163 0.57990 0.19835 0.57446 0.18997 0.57484 0.18459 0.56950 0.18215 0.47637 0.18414 0.47254 0.18076 0.46337 0.16610 0.46406 0.16784 0.57028 0.16404 0.58537 0.15786 0.58939
6 0.50655 1.00000 0.57472 0.99683 0.57198 0.99348 0.54627 0.97229 0.53113 0.95435 0.51618 0.94385 0.50960 0.93297 0.49894 0.92600 0.48379 0.90806 0.46675 0.89766 0.44513 0.87256 0.44094 0.87275 0.43437 0.86187 0.43018 0.86207 0.42152 0.85128 0.41085 0.84431 0.40209 0.82980 0.39571 0.82637 0.38485 0.81195 0.30333 0.74115 0.28172 0.71604 0.25820 0.69849 0.24196 0.67873 0.23838 0.66211 0.21705 0.64818 0.20619 0.63377 0.19772 0.63043 0.19333 0.62318 0.17191 0.60552 0.16563 0.60582 0.14420 0.58816 0.13544 0.57365 0.12268 0.56679 0.09896 0.54178 0.07584 0.53912 0.07365 0.53550 0.04224 0.53696 0.04005 0.53333 0.00062 0.53516 0.01280 1.00000 0.50655 1.00000
1 0.42988 0.69050 0.44225 0.68247 0.45322 0.66144 0.45882 0.63507 0.45775 0.59409 0.45068 0.56458 0.44082 0.54826 0.42587 0.53776 0.40913 0.53854 0.39885 0.54648 0.38987 0.56368 0.38018 0.59397 0.37926 0.63877 0.39071 0.67554 0.41013 0.69702 0.40824 0.70456 0.40892 0.73064 0.40593 0.73638 0.39965 0.73667 0.39465 0.74623 0.39385 0.75559 0.38338 0.75607 0.38139 0.75990 0.37511 0.76019 0.37211 0.76592 0.37470 0.78445 0.38426 0.78960 0.39303 0.80411 0.42334 0.80084 0.45365 0.79757 0.45565 0.79374 0.46502 0.79144 0.46453 0.77281 0.44839 0.75678 0.44420 0.75698 0.44052 0.73663 0.43095 0.73148 0.42767 0.72604 0.42708 0.70369 0.42489 0.70006 0.42988 0.69050
7 0.15786 0.58939 0.16553 0.60209 0.20003 0.59862 0.20621 0.59461 0.20163 0.57990 0.19835 0.57446 0.18997 0.57484 0.18459 0.56950 0.18215 0.47637 0.18414 0.47254 0.18076 0.46337 0.16610 0.46406 0.16784 0.57028 0.16404 0.58537 0.15786 0.58939
6 0.50655 1.00000 0.57472 0.99683 0.57198 0.99348 0.54627 0.97229 0.53113 0.95435 0.51618 0.94385 0.50960 0.93297 0.49894 0.92600 0.48379 0.90806 0.46675 0.89766 0.44513 0.87256 0.44094 0.87275 0.43437 0.86187 0.43018 0.86207 0.42152 0.85128 0.41085 0.84431 0.40209 0.82980 0.39571 0.82637 0.38485 0.81195 0.30333 0.74115 0.28172 0.71604 0.25820 0.69849 0.24196 0.67873 0.23838 0.66211 0.21705 0.64818 0.20619 0.63377 0.19772 0.63043 0.19333 0.62318 0.17191 0.60552 0.16563 0.60582 0.14420 0.58816 0.13544 0.57365 0.12268 0.56679 0.09896 0.54178 0.07584 0.53912 0.07365 0.53550 0.04224 0.53696 0.04005 0.53333 0.00062 0.53516 0.01280 1.00000 0.50655 1.00000
1 0.42988 0.69050 0.44225 0.68247 0.45322 0.66144 0.45882 0.63507 0.45775 0.59409 0.45068 0.56458 0.44082 0.54826 0.42587 0.53776 0.40913 0.53854 0.39885 0.54648 0.38987 0.56368 0.38018 0.59397 0.37926 0.63877 0.39071 0.67554 0.41013 0.69702 0.40824 0.70456 0.40892 0.73064 0.40593 0.73638 0.39965 0.73667 0.39465 0.74623 0.39385 0.75559 0.38338 0.75607 0.38139 0.75990 0.37511 0.76019 0.37211 0.76592 0.37470 0.78445 0.38426 0.78960 0.39303 0.80411 0.42334 0.80084 0.45365 0.79757 0.45565 0.79374 0.46502 0.79144 0.46453 0.77281 0.44839 0.75678 0.44420 0.75698 0.44052 0.73663 0.43095 0.73148 0.42767 0.72604 0.42708 0.70369 0.42489 0.70006 0.42988 0.69050
7 0.15786 0.58939 0.16553 0.60209 0.20003 0.59862 0.20621 0.59461 0.20163 0.57990 0.19835 0.57446 0.18997 0.57484 0.18459 0.56950 0.18215 0.47637 0.18414 0.47254 0.18076 0.46337 0.16610 0.46406 0.16784 0.57028 0.16404 0.58537 0.15786 0.58939
6 0.50655 1.00000 0.57472 0.99683 0.57198 0.99348 0.54627 0.97229 0.53113 0.95435 0.51618 0.94385 0.50960 0.93297 0.49894 0.92600 0.48379 0.90806 0.46675 0.89766 0.44513 0.87256 0.44094 0.87275 0.43437 0.86187 0.43018 0.86207 0.42152 0.85128 0.41085 0.84431 0.40209 0.82980 0.39571 0.82637 0.38485 0.81195 0.30333 0.74115 0.28172 0.71604 0.25820 0.69849 0.24196 0.67873 0.23838 0.66211 0.21705 0.64818 0.20619 0.63377 0.19772 0.63043 0.19333 0.62318 0.17191 0.60552 0.16563 0.60582 0.14420 0.58816 0.13544 0.57365 0.12268 0.56679 0.09896 0.54178 0.07584 0.53912 0.07365 0.53550 0.04224 0.53696 0.04005 0.53333 0.00062 0.53516 0.01280 1.00000 0.50655 1.00000
1 0.42988 0.69050 0.44225 0.68247 0.45322 0.66144 0.45882 0.63507 0.45775 0.59409 0.45068 0.56458 0.44082 0.54826 0.42587 0.53776 0.40913 0.53854 0.39885 0.54648 0.38987 0.56368 0.38018 0.59397 0.37926 0.63877 0.39071 0.67554 0.41013 0.69702 0.40824 0.70456 0.40892 0.73064 0.40593 0.73638 0.39965 0.73667 0.39465 0.74623 0.39385 0.75559 0.38338 0.75607 0.38139 0.75990 0.37511 0.76019 0.37211 0.76592 0.37470 0.78445 0.38426 0.78960 0.39303 0.80411 0.42334 0.80084 0.45365 0.79757 0.45565 0.79374 0.46502 0.79144 0.46453 0.77281 0.44839 0.75678 0.44420 0.75698 0.44052 0.73663 0.43095 0.73148 0.42767 0.72604 0.42708 0.70369 0.42489 0.70006 0.42988 0.69050
7 0.15786 0.58939 0.16553 0.60209 0.20003 0.59862 0.20621 0.59461 0.20163 0.57990 0.19835 0.57446 0.18997 0.57484 0.18459 0.56950 0.18215 0.47637 0.18414 0.47254 0.18076 0.46337 0.16610 0.46406 0.16784 0.57028 0.16404 0.58537 0.15786 0.58939
6 0.50655 1.00000 0.57472 0.99683 0.57198 0.99348 0.54627 0.97229 0.53113 0.95435 0.51618 0.94385 0.50960 0.93297 0.49894 0.92600 0.48379 0.90806 0.46675 0.89766 0.44513 0.87256 0.44094 0.87275 0.43437 0.86187 0.43018 0.86207 0.42152 0.85128 0.41085 0.84431 0.40209 0.82980 0.39571 0.82637 0.38485 0.81195 0.30333 0.74115 0.28172 0.71604 0.25820 0.69849 0.24196 0.67873 0.23838 0.66211 0.21705 0.64818 0.20619 0.63377 0.19772 0.63043 0.19333 0.62318 0.17191 0.60552 0.16563 0.60582 0.14420 0.58816 0.13544 0.57365 0.12268 0.56679 0.09896 0.54178 0.07584 0.53912 0.07365 0.53550 0.04224 0.53696 0.04005 0.53333 0.00062 0.53516 0.01280 1.00000 0.50655 1.00000
1 0.42988 0.69050 0.44225 0.68247 0.45322 0.66144 0.45882 0.63507 0.45775 0.59409 0.45068 0.56458 0.44082 0.54826 0.42587 0.53776 0.40913 0.53854 0.39885 0.54648 0.38987 0.56368 0.38018 0.59397 0.37926 0.63877 0.39071 0.67554 0.41013 0.69702 0.40824 0.70456 0.40892 0.73064 0.40593 0.73638 0.39965 0.73667 0.39465 0.74623 0.39385 0.75559 0.38338 0.75607 0.38139 0.75990 0.37511 0.76019 0.37211 0.76592 0.37470 0.78445 0.38426 0.78960 0.39303 0.80411 0.42334 0.80084 0.45365 0.79757 0.45565 0.79374 0.46502 0.79144 0.46453 0.77281 0.44839 0.75678 0.44420 0.75698 0.44052 0.73663 0.43095 0.73148 0.42767 0.72604 0.42708 0.70369 0.42489 0.70006 0.42988 0.69050
7 0.15786 0.58939 0.16553 0.60209 0.20003 0.59862 0.20621 0.59461 0.20163 0.57990 0.19835 0.57446 0.18997 0.57484 0.18459 0.56950 0.18215 0.47637 0.18414 0.47254 0.18076 0.46337 0.16610 0.46406 0.16784 0.57028 0.16404 0.58537 0.15786 0.58939
