6 0.04784 0.00000 0.00000 0.45343 0.00000 0.91131 0.47375 1.00000 0.95216 1.00000 0.95570 0.96639 0.40934 0.00000 0.04784 0.00000
1 0.60682 0.21135 0.59684 0.21266 0.56141 0.22095 0.55841 0.24202 0.58752 0.28402 0.65868 0.28781 0.65991 0.26340 0.63727 0.24486 0.64037 0.21127 0.62716 0.21356 0.62864 0.18963 0.64329 0.16890 0.66293 0.16171 0.67892 0.12449 0.68789 0.09668 0.69248 0.03112 0.60793 0.01529 0.59026 0.06546 0.58704 0.09603 0.58870 0.12852 0.59585 0.14778 0.60964 0.18113 0.60682 0.21135
6 0.04784 0.00000 0.00000 0.45343 0.00000 0.91131 0.47375 1.00000 0.95216 1.00000 0.95570 0.96639 0.40934 0.00000 0.04784 0.00000
1 0.60682 0.21135 0.59684 0.21266 0.56141 0.22095 0.55841 0.24202 0.58752 0.28402 0.65868 0.28781 0.65991 0.26340 0.63727 0.24486 0.64037 0.21127 0.62716 0.21356 0.62864 0.18963 0.64329 0.16890 0.66293 0.16171 0.67892 0.12449 0.68789 0.09668 0.69248 0.03112 0.60793 0.01529 0.59026 0.06546 0.58704 0.09603 0.58870 0.12852 0.59585 0.14778 0.60964 0.18113 0.60682 0.21135
6 0.04784 0.00000 0.00000 0.45343 0.00000 0.91131 0.47375 1.00000 0.95216 1.00000 0.95570 0.96639 0.40934 0.00000 0.04784 0.00000
1 0.60682 0.21135 0.59684 0.21266 0.56141 0.22095 0.55841 0.24202 0.58752 0.28402 0.65868 0.28781 0.65991 0.26340 0.63727 0.24486 0.64037 0.21127 0.62716 0.21356 0.62864 0.18963 0.64329 0.16890 0.66293 0.16171 0.67892 0.12449 0.68789 0.09668 0.69248 0.03112 0.60793 0.01529 0.59026 0.06546 0.58704 0.09603 0.58870 0.12852 0.59585 0.14778 0.60964 0.18113 0.60682 0.21135
6 0.04784 0.00000 0.00000 0.45343 0.00000 0.91131 0.47375 1.00000 0.95216 1.00000 0.95570 0.96639 0.40934 0.00000 0.04784 0.00000
1 0.60682 0.21135 0.59684 0.21266 0.56141 0.22095 0.55841 0.24202 0.58752 0.28402 0.65868 0.28781 0.65991 0.26340 0.63727 0.24486 0.64037 0.21127 0.62716 0.21356 0.62864 0.18963 0.64329 0.16890 0.66293 0.16171 0.67892 0.12449 0.68789 0.09668 0.69248 0.03112 0.60793 0.01529 0.59026 0.06546 0.58704 0.09603 0.58870 0.12852 0.59585 0.14778 0.60964 0.18113 0.60682 0.21135
6 0.04784 0.00000 0.00000 0.45343 0.00000 0.91131 0.47375 1.00000 0.95216 1.00000 0.95570 0.96639 0.40934 0.00000 0.04784 0.00000
1 0.60682 0.21135 0.59684 0.21266 0.56141 0.22095 0.55841 0.24202 0.58752 0.28402 0.65868 0.28781 0.65991 0.26340 0.63727 0.24486 0.64037 0.21127 0.62716 0.21356 0.62864 0.18963 0.64329 0.16890 0.66293 0.16171 0.67892 0.12449 0.68789 0.09668 0.69248 0.03112 0.60793 0.01529 0.59026 0.06546 0.58704 0.09603 0.58870 0.12852 0.59585 0.14778 0.60964 0.18113 0.60682 0.21135
6 0.04784 0.00000 0.00000 0.45343 0.00000 0.91131 0.47375 1.00000 0.95216 1.00000 0.95570 0.96639 0.40934 0.00000 0.04784 0.00000
1 0.60682 0.21135 0.59684 0.21266 0.56141 0.22095 0.55841 0.24202 0.58752 0.28402 0.65868 0.28781 0.65991 0.26340 0.63727 0.24486 0.64037 0.21127 0.62716 0.21356 0.62864 0.18963 0.64329 0.16890 0.66293 0.16171 0.67892 0.12449 0.68789 0.09668 0.69248 0.03112 0.60793 0.01529 0.59026 0.06546 0.58704 0.09603 0.58870 0.12852 0.59585 0.14778 0.60964 0.18113 0.60682 0.21135
