6 0.00000 0.00000 0.00000 0.09090 0.11330 0.10161 0.13457 0.07561 0.14920 0.07561 0.15452 0.06380 0.15319 0.04017 0.14122 0.02599 0.13560 0.00000 0.00000 0.00000
6 0.33903 0.00000 0.33404 0.01418 0.16383 0.00000 0.16383 0.05435 0.17048 0.05198 0.17181 0.07798 0.19840 0.08507 0.19574 0.11579 0.29016 0.11815 0.00000 0.84591 0.00000 1.00000 1.00000 1.00000 1.00000 0.72979 0.58672 0.00000 0.33903 0.00000
1 1.00000 0.12047 0.98265 0.11933 0.98065 0.12287 0.97267 0.12287 0.96070 0.13351 0.94275 0.15832 0.91982 0.20617 0.90984 0.24161 0.90784 0.28414 0.90984 0.28769 0.91184 0.30896 0.91982 0.33377 0.93976 0.36212 0.93777 0.36567 0.93777 0.37984 0.93178 0.41174 0.92480 0.42061 0.91483 0.41706 0.90884 0.42061 0.90485 0.42770 0.87493 0.42770 0.86895 0.42415 0.85997 0.44010 0.86197 0.45073 0.85997 0.45782 0.86895 0.47732 0.88092 0.49149 0.89887 0.52339 0.90685 0.53048 0.91283 0.53048 0.91483 0.53403 1.00000 0.53243 1.00000 0.47757 0.98165 0.45428 0.98165 0.43655 0.97666 0.42415 0.96370 0.41529 0.96370 0.39757 0.96769 0.38693 0.96868 0.37098 0.99062 0.36389 1.00000 0.35425 1.00000 0.12047
6 0.00000 0.00000 0.00000 0.09090 0.11330 0.10161 0.13457 0.07561 0.14920 0.07561 0.15452 0.06380 0.15319 0.04017 0.14122 0.02599 0.13560 0.00000 0.00000 0.00000
6 0.33903 0.00000 0.33404 0.01418 0.16383 0.00000 0.16383 0.05435 0.17048 0.05198 0.17181 0.07798 0.19840 0.08507 0.19574 0.11579 0.29016 0.11815 0.00000 0.84591 0.00000 1.00000 1.00000 1.00000 1.00000 0.72979 0.58672 0.00000 0.33903 0.00000
1 1.00000 0.12047 0.98265 0.11933 0.98065 0.12287 0.97267 0.12287 0.96070 0.13351 0.94275 0.15832 0.91982 0.20617 0.90984 0.24161 0.90784 0.28414 0.90984 0.28769 0.91184 0.30896 0.91982 0.33377 0.93976 0.36212 0.93777 0.36567 0.93777 0.37984 0.93178 0.41174 0.92480 0.42061 0.91483 0.41706 0.90884 0.42061 0.90485 0.42770 0.87493 0.42770 0.86895 0.42415 0.85997 0.44010 0.86197 0.45073 0.85997 0.45782 0.86895 0.47732 0.88092 0.49149 0.89887 0.52339 0.90685 0.53048 0.91283 0.53048 0.91483 0.53403 1.00000 0.53243 1.00000 0.47757 0.98165 0.45428 0.98165 0.43655 0.97666 0.42415 0.96370 0.41529 0.96370 0.39757 0.96769 0.38693 0.96868 0.37098 0.99062 0.36389 1.00000 0.35425 1.00000 0.12047
6 0.00000 0.00000 0.00000 0.09090 0.11330 0.10161 0.13457 0.07561 0.14920 0.07561 0.15452 0.06380 0.15319 0.04017 0.14122 0.02599 0.13560 0.00000 0.00000 0.00000
6 0.33903 0.00000 0.33404 0.01418 0.16383 0.00000 0.16383 0.05435 0.17048 0.05198 0.17181 0.07798 0.19840 0.08507 0.19574 0.11579 0.29016 0.11815 0.00000 0.84591 0.00000 1.00000 1.00000 1.00000 1.00000 0.72979 0.58672 0.00000 0.33903 0.00000
1 1.00000 0.12047 0.98265 0.11933 0.98065 0.12287 0.97267 0.12287 0.96070 0.13351 0.94275 0.15832 0.91982 0.20617 0.90984 0.24161 0.90784 0.28414 0.90984 0.28769 0.91184 0.30896 0.91982 0.33377 0.93976 0.36212 0.93777 0.36567 0.93777 0.37984 0.93178 0.41174 0.92480 0.42061 0.91483 0.41706 0.90884 0.42061 0.90485 0.42770 0.87493 0.42770 0.86895 0.42415 0.85997 0.44010 0.86197 0.45073 0.85997 0.45782 0.86895 0.47732 0.88092 0.49149 0.89887 0.52339 0.90685 0.53048 0.91283 0.53048 0.91483 0.53403 1.00000 0.53243 1.00000 0.47757 0.98165 0.45428 0.98165 0.43655 0.97666 0.42415 0.96370 0.41529 0.96370 0.39757 0.96769 0.38693 0.96868 0.37098 0.99062 0.36389 1.00000 0.35425 1.00000 0.12047
6 0.00000 0.00000 0.00000 0.09090 0.11330 0.10161 0.13457 0.07561 0.14920 0.07561 0.15452 0.06380 0.15319 0.04017 0.14122 0.02599 0.13560 0.00000 0.00000 0.00000
6 0.33903 0.00000 0.33404 0.01418 0.16383 0.00000 0.16383 0.05435 0.17048 0.05198 0.17181 0.07798 0.19840 0.08507 0.19574 0.11579 0.29016 0.11815 0.00000 0.84591 0.00000 1.00000 1.00000 1.00000 1.00000 0.72979 0.58672 0.00000 0.33903 0.00000
1 1.00000 0.12047 0.98265 0.11933 0.98065 0.12287 0.97267 0.12287 0.96070 0.13351 0.94275 0.15832 0.91982 0.20617 0.90984 0.24161 0.90784 0.28414 0.90984 0.28769 0.91184 0.30896 0.91982 0.33377 0.93976 0.36212 0.93777 0.36567 0.93777 0.37984 0.93178 0.41174 0.92480 0.42061 0.91483 0.41706 0.90884 0.42061 0.90485 0.42770 0.87493 0.42770 0.86895 0.42415 0.85997 0.44010 0.86197 0.45073 0.85997 0.45782 0.86895 0.47732 0.88092 0.49149 0.89887 0.52339 0.90685 0.53048 0.91283 0.53048 0.91483 0.53403 1.00000 0.53243 1.00000 0.47757 0.98165 0.45428 0.98165 0.43655 0.97666 0.42415 0.96370 0.41529 0.96370 0.39757 0.96769 0.38693 0.96868 0.37098 0.99062 0.36389 1.00000 0.35425 1.00000 0.12047
6 0.00000 0.00000 0.00000 0.09090 0.11330 0.10161 0.13457 0.07561 0.14920 0.07561 0.15452 0.06380 0.15319 0.04017 0.14122 0.02599 0.13560 0.00000 0.00000 0.00000
6 0.33903 0.00000 0.33404 0.01418 0.16383 0.00000 0.16383 0.05435 0.17048 0.05198 0.17181 0.07798 0.19840 0.08507 0.19574 0.11579 0.29016 0.11815 0.00000 0.84591 0.00000 1.00000 1.00000 1.00000 1.00000 0.72979 0.58672 0.00000 0.33903 0.00000
1 1.00000 0.12047 0.98265 0.11933 0.98065 0.12287 0.97267 0.12287 0.96070 0.13351 0.94275 0.15832 0.91982 0.20617 0.90984 0.24161 0.90784 0.28414 0.90984 0.28769 0.91184 0.30896 0.91982 0.33377 0.93976 0.36212 0.93777 0.36567 0.93777 0.37984 0.93178 0.41174 0.92480 0.42061 0.91483 0.41706 0.90884 0.42061 0.90485 0.42770 0.87493 0.42770 0.86895 0.42415 0.85997 0.44010 0.86197 0.45073 0.85997 0.45782 0.86895 0.47732 0.88092 0.49149 0.89887 0.52339 0.90685 0.53048 0.91283 0.53048 0.91483 0.53403 1.00000 0.53243 1.00000 0.47757 0.98165 0.45428 0.98165 0.43655 0.97666 0.42415 0.96370 0.41529 0.96370 0.39757 0.96769 0.38693 0.96868 0.37098 0.99062 0.36389 1.00000 0.35425 1.00000 0.12047
6 0.00000 0.00000 0.00000 0.09090 0.11330 0.10161 0.13457 0.07561 0.14920 0.07561 0.15452 0.06380 0.15319 0.04017 0.14122 0.02599 0.13560 0.00000 0.00000 0.00000
6 0.33903 0.00000 0.33404 0.01418 0.16383 0.00000 0.16383 0.05435 0.17048 0.05198 0.17181 0.07798 0.19840 0.08507 0.19574 0.11579 0.29016 0.11815 0.00000 0.84591 0.00000 1.00000 1.00000 1.00000 1.00000 0.72979 0.58672 0.00000 0.33903 0.00000
1 1.00000 0.12047 0.98265 0.11933 0.98065 0.12287 0.97267 0.12287 0.96070 0.13351 0.94275 0.15832 0.91982 0.20617 0.90984 0.24161 0.90784 0.28414 0.90984 0.28769 0.91184 0.30896 0.91982 0.33377 0.93976 0.36212 0.93777 0.36567 0.93777 0.37984 0.93178 0.41174 0.92480 0.42061 0.91483 0.41706 0.90884 0.42061 0.90485 0.42770 0.87493 0.42770 0.86895 0.42415 0.85997 0.44010 0.86197 0.45073 0.85997 0.45782 0.86895 0.47732 0.88092 0.49149 0.89887 0.52339 0.90685 0.53048 0.91283 0.53048 0.91483 0.53403 1.00000 0.53243 1.00000 0.47757 0.98165 0.45428 0.98165 0.43655 0.97666 0.42415 0.96370 0.41529 0.96370 0.39757 0.96769 0.38693 0.96868 0.37098 0.99062 0.36389 1.00000 0.35425 1.00000 0.12047
