6 0.00000 0.20370 0.23951 0.23558 0.25000 0.20833 0.26432 0.20833 0.27213 0.19676 0.27604 0.18055 0.27474 0.16204 0.26823 0.14352 0.25781 0.13657 0.25521 0.10417 0.00000 0.07639 0.00000 0.20370
6 0.51953 0.00000 0.47266 0.11805 0.29557 0.11343 0.28646 0.12268 0.28646 0.17130 0.29427 0.18287 0.30078 0.20370 0.32552 0.21991 0.32552 0.24305 0.41797 0.25463 0.15365 1.00000 1.00000 1.00000 1.00000 0.55787 0.68359 0.00000 0.51953 0.00000
6 0.00000 0.20370 0.23951 0.23558 0.25000 0.20833 0.26432 0.20833 0.27213 0.19676 0.27604 0.18055 0.27474 0.16204 0.26823 0.14352 0.25781 0.13657 0.25521 0.10417 0.00000 0.07639 0.00000 0.20370
6 0.51953 0.00000 0.47266 0.11805 0.29557 0.11343 0.28646 0.12268 0.28646 0.17130 0.29427 0.18287 0.30078 0.20370 0.32552 0.21991 0.32552 0.24305 0.41797 0.25463 0.15365 1.00000 1.00000 1.00000 1.00000 0.55787 0.68359 0.00000 0.51953 0.00000
6 0.00000 0.20370 0.23951 0.23558 0.25000 0.20833 0.26432 0.20833 0.27213 0.19676 0.27604 0.18055 0.27474 0.16204 0.26823 0.14352 0.25781 0.13657 0.25521 0.10417 0.00000 0.07639 0.00000 0.20370
6 0.51953 0.00000 0.47266 0.11805 0.29557 0.11343 0.28646 0.12268 0.28646 0.17130 0.29427 0.18287 0.30078 0.20370 0.32552 0.21991 0.32552 0.24305 0.41797 0.25463 0.15365 1.00000 1.00000 1.00000 1.00000 0.55787 0.68359 0.00000 0.51953 0.00000
6 0.00000 0.20370 0.23951 0.23558 0.25000 0.20833 0.26432 0.20833 0.27213 0.19676 0.27604 0.18055 0.27474 0.16204 0.26823 0.14352 0.25781 0.13657 0.25521 0.10417 0.00000 0.07639 0.00000 0.20370
6 0.51953 0.00000 0.47266 0.11805 0.29557 0.11343 0.28646 0.12268 0.28646 0.17130 0.29427 0.18287 0.30078 0.20370 0.32552 0.21991 0.32552 0.24305 0.41797 0.25463 0.15365 1.00000 1.00000 1.00000 1.00000 0.55787 0.68359 0.00000 0.51953 0.00000
6 0.00000 0.20370 0.23951 0.23558 0.25000 0.20833 0.26432 0.20833 0.27213 0.19676 0.27604 0.18055 0.27474 0.16204 0.26823 0.14352 0.25781 0.13657 0.25521 0.10417 0.00000 0.07639 0.00000 0.20370
6 0.51953 0.00000 0.47266 0.11805 0.29557 0.11343 0.28646 0.12268 0.28646 0.17130 0.29427 0.18287 0.30078 0.20370 0.32552 0.21991 0.32552 0.24305 0.41797 0.25463 0.15365 1.00000 1.00000 1.00000 1.00000 0.55787 0.68359 0.00000 0.51953 0.00000
6 0.00000 0.20370 0.23951 0.23558 0.25000 0.20833 0.26432 0.20833 0.27213 0.19676 0.27604 0.18055 0.27474 0.16204 0.26823 0.14352 0.25781 0.13657 0.25521 0.10417 0.00000 0.07639 0.00000 0.20370
6 0.51953 0.00000 0.47266 0.11805 0.29557 0.11343 0.28646 0.12268 0.28646 0.17130 0.29427 0.18287 0.30078 0.20370 0.32552 0.21991 0.32552 0.24305 0.41797 0.25463 0.15365 1.00000 1.00000 1.00000 1.00000 0.55787 0.68359 0.00000 0.51953 0.00000
