6 0.22813 1.00000 0.19172 0.98061 0.16901 0.97417 0.16237 0.96828 0.14825 0.96736 0.12946 0.96018 0.12283 0.95429 0.11693 0.95539 0.11030 0.94950 0.08132 0.94066 0.07469 0.93477 0.03954 0.92134 0.04784 1.00000 0.22813 1.00000
2 0.18575 0.87654 0.18354 0.85556 0.18636 0.84433 0.18562 0.83734 0.19004 0.82225 0.19519 0.75710 0.19261 0.73262 0.18714 0.72830 0.11948 0.75166 0.11549 0.76132 0.11623 0.76832 0.12790 0.78396 0.14841 0.82648 0.16045 0.84562 0.16623 0.86237 0.16991 0.89733 0.15960 0.91353 0.16182 0.93451 0.15549 0.94104 0.14763 0.94251 0.14328 0.94868 0.14401 0.95567 0.14985 0.96349 0.15771 0.96202 0.16004 0.96515 0.17066 0.96138 0.20965 0.94160 0.21837 0.92927 0.23175 0.92320 0.23415 0.91740 0.23341 0.91041 0.22561 0.90295 0.20989 0.90589 0.20639 0.90120 0.20565 0.89421 0.19982 0.88639 0.19196 0.88786 0.18575 0.87654
6 0.22813 1.00000 0.19172 0.98061 0.16901 0.97417 0.16237 0.96828 0.14825 0.96736 0.12946 0.96018 0.12283 0.95429 0.11693 0.95539 0.11030 0.94950 0.08132 0.94066 0.07469 0.93477 0.03954 0.92134 0.04784 1.00000 0.22813 1.00000
2 0.18575 0.87654 0.18354 0.85556 0.18636 0.84433 0.18562 0.83734 0.19004 0.82225 0.19519 0.75710 0.19261 0.73262 0.18714 0.72830 0.11948 0.75166 0.11549 0.76132 0.11623 0.76832 0.12790 0.78396 0.14841 0.82648 0.16045 0.84562 0.16623 0.86237 0.16991 0.89733 0.15960 0.91353 0.16182 0.93451 0.15549 0.94104 0.14763 0.94251 0.14328 0.94868 0.14401 0.95567 0.14985 0.96349 0.15771 0.96202 0.16004 0.96515 0.17066 0.96138 0.20965 0.94160 0.21837 0.92927 0.23175 0.92320 0.23415 0.91740 0.23341 0.91041 0.22561 0.90295 0.20989 0.90589 0.20639 0.90120 0.20565 0.89421 0.19982 0.88639 0.19196 0.88786 0.18575 0.87654
6 0.22813 1.00000 0.19172 0.98061 0.16901 0.97417 0.16237 0.96828 0.14825 0.96736 0.12946 0.96018 0.12283 0.95429 0.11693 0.95539 0.11030 0.94950 0.08132 0.94066 0.07469 0.93477 0.03954 0.92134 0.04784 1.00000 0.22813 1.00000
2 0.18575 0.87654 0.18354 0.85556 0.18636 0.84433 0.18562 0.83734 0.19004 0.82225 0.19519 0.75710 0.19261 0.73262 0.18714 0.72830 0.11948 0.75166 0.11549 0.76132 0.11623 0.76832 0.12790 0.78396 0.14841 0.82648 0.16045 0.84562 0.16623 0.86237 0.16991 0.89733 0.15960 0.91353 0.16182 0.93451 0.15549 0.94104 0.14763 0.94251 0.14328 0.94868 0.14401 0.95567 0.14985 0.96349 0.15771 0.96202 0.16004 0.96515 0.17066 0.96138 0.20965 0.94160 0.21837 0.92927 0.23175 0.92320 0.23415 0.91740 0.23341 0.91041 0.22561 0.90295 0.20989 0.90589 0.20639 0.90120 0.20565 0.89421 0.19982 0.88639 0.19196 0.88786 0.18575 0.87654
6 0.22813 1.00000 0.19172 0.98061 0.16901 0.97417 0.16237 0.96828 0.14825 0.96736 0.12946 0.96018 0.12283 0.95429 0.11693 0.95539 0.11030 0.94950 0.08132 0.94066 0.07469 0.93477 0.03954 0.92134 0.04784 1.00000 0.22813 1.00000
2 0.18575 0.87654 0.18354 0.85556 0.18636 0.84433 0.18562 0.83734 0.19004 0.82225 0.19519 0.75710 0.19261 0.73262 0.18714 0.72830 0.11948 0.75166 0.11549 0.76132 0.11623 0.76832 0.12790 0.78396 0.14841 0.82648 0.16045 0.84562 0.16623 0.86237 0.16991 0.89733 0.15960 0.91353 0.16182 0.93451 0.15549 0.94104 0.14763 0.94251 0.14328 0.94868 0.14401 0.95567 0.14985 0.96349 0.15771 0.96202 0.16004 0.96515 0.17066 0.96138 0.20965 0.94160 0.21837 0.92927 0.23175 0.92320 0.23415 0.91740 0.23341 0.91041 0.22561 0.90295 0.20989 0.90589 0.20639 0.90120 0.20565 0.89421 0.19982 0.88639 0.19196 0.88786 0.18575 0.87654
6 0.22813 1.00000 0.19172 0.98061 0.16901 0.97417 0.16237 0.96828 0.14825 0.96736 0.12946 0.96018 0.12283 0.95429 0.11693 0.95539 0.11030 0.94950 0.08132 0.94066 0.07469 0.93477 0.03954 0.92134 0.04784 1.00000 0.22813 1.00000
2 0.18575 0.87654 0.18354 0.85556 0.18636 0.84433 0.18562 0.83734 0.19004 0.82225 0.19519 0.75710 0.19261 0.73262 0.18714 0.72830 0.11948 0.75166 0.11549 0.76132 0.11623 0.76832 0.12790 0.78396 0.14841 0.82648 0.16045 0.84562 0.16623 0.86237 0.16991 0.89733 0.15960 0.91353 0.16182 0.93451 0.15549 0.94104 0.14763 0.94251 0.14328 0.94868 0.14401 0.95567 0.14985 0.96349 0.15771 0.96202 0.16004 0.96515 0.17066 0.96138 0.20965 0.94160 0.21837 0.92927 0.23175 0.92320 0.23415 0.91740 0.23341 0.91041 0.22561 0.90295 0.20989 0.90589 0.20639 0.90120 0.20565 0.89421 0.19982 0.88639 0.19196 0.88786 0.18575 0.87654
6 0.22813 1.00000 0.19172 0.98061 0.16901 0.97417 0.16237 0.96828 0.14825 0.96736 0.12946 0.96018 0.12283 0.95429 0.11693 0.95539 0.11030 0.94950 0.08132 0.94066 0.07469 0.93477 0.03954 0.92134 0.04784 1.00000 0.22813 1.00000
2 0.18575 0.87654 0.18354 0.85556 0.18636 0.84433 0.18562 0.83734 0.19004 0.82225 0.19519 0.75710 0.19261 0.73262 0.18714 0.72830 0.11948 0.75166 0.11549 0.76132 0.11623 0.76832 0.12790 0.78396 0.14841 0.82648 0.16045 0.84562 0.16623 0.86237 0.16991 0.89733 0.15960 0.91353 0.16182 0.93451 0.15549 0.94104 0.14763 0.94251 0.14328 0.94868 0.14401 0.95567 0.14985 0.96349 0.15771 0.96202 0.16004 0.96515 0.17066 0.96138 0.20965 0.94160 0.21837 0.92927 0.23175 0.92320 0.23415 0.91740 0.23341 0.91041 0.22561 0.90295 0.20989 0.90589 0.20639 0.90120 0.20565 0.89421 0.19982 0.88639 0.19196 0.88786 0.18575 0.87654
