6 0.28815 0.57635 0.28609 0.57989 0.27605 0.57607 0.27399 0.57961 0.23166 0.57862 0.22960 0.58216 0.22355 0.58202 0.22040 0.59091 0.22022 0.60525 0.22589 0.63406 0.22575 0.64482 0.22865 0.65385 0.24178 0.65236 0.25092 0.64720 0.26705 0.64757 0.27014 0.64227 0.27024 0.63509 0.27746 0.62271 0.28965 0.61582 0.30174 0.61611 0.30484 0.61080 0.30291 0.60359 0.30315 0.58566 0.29419 0.57649 0.28815 0.57635
6 0.00000 0.66786 0.18417 0.66357 0.19031 0.65654 0.20043 0.65319 0.20353 0.64789 0.20775 0.63364 0.20583 0.62643 0.20611 0.60492 0.19331 0.58132 0.18323 0.58108 0.18126 0.57745 0.17118 0.57721 0.16912 0.58075 0.16307 0.58061 0.16110 0.57698 0.15703 0.58047 0.08849 0.57888 0.08643 0.58241 0.08043 0.57869 0.07635 0.58218 0.07438 0.57855 0.02801 0.57747 0.02595 0.58101 0.01995 0.57729 0.00987 0.57705 0.00781 0.58059 0.00584 0.57696 0.00000 0.57682 0.00000 0.66786
7 0.30442 0.48888 0.30329 0.57491 0.30526 0.57854 0.30671 0.62160 0.30362 0.62691 0.29363 0.61950 0.28552 0.62290 0.27628 0.63523 0.27413 0.64594 0.27910 0.65144 0.28515 0.65158 0.28908 0.65884 0.29907 0.66624 0.30497 0.67714 0.30901 0.67723 0.31280 0.69525 0.31684 0.69534 0.32279 0.70265 0.33390 0.70112 0.34637 0.67272 0.34852 0.66202 0.34656 0.65838 0.34698 0.62612 0.34403 0.62068 0.32893 0.61853 0.33315 0.60429 0.33119 0.44647 0.30601 0.44409 0.30287 0.45299 0.30245 0.48525 0.30442 0.48888
7 0.38360 0.44769 0.38407 0.41185 0.37915 0.40277 0.35992 0.40770 0.35950 0.43996 0.36147 0.44359 0.36100 0.47944 0.36297 0.48307 0.36255 0.51533 0.36442 0.52613 0.35223 0.53302 0.35200 0.55094 0.34787 0.55802 0.35087 0.55988 0.35476 0.57073 0.36386 0.56914 0.39110 0.56798 0.40441 0.55216 0.40460 0.53782 0.40179 0.52162 0.39363 0.52860 0.38758 0.52846 0.38463 0.52302 0.38674 0.51589 0.38711 0.48721 0.38514 0.48359 0.38557 0.45132 0.38360 0.44769
4 0.82646 0.65879 0.82670 0.64086 0.84194 0.63225 0.86355 0.59869 0.86992 0.57374 0.87025 0.54865 0.86453 0.52341 0.85174 0.49981 0.83978 0.48878 0.81358 0.48817 0.80134 0.49864 0.78999 0.51810 0.78582 0.52876 0.78343 0.55739 0.78137 0.56093 0.78498 0.59328 0.78891 0.60054 0.79271 0.61856 0.80860 0.63686 0.81052 0.64407 0.80846 0.64761 0.80828 0.66195 0.79716 0.66348 0.79407 0.66879 0.79398 0.67596 0.78680 0.68475 0.77471 0.68447 0.76946 0.70049 0.77522 0.72213 0.78216 0.73126 0.78605 0.74211 0.80588 0.76767 0.85529 0.76702 0.86035 0.76535 0.86556 0.75292 0.86382 0.73137 0.86795 0.72429 0.86804 0.71712 0.86317 0.70446 0.84526 0.68611 0.84231 0.68067 0.84245 0.66991 0.83950 0.66446 0.82942 0.66423 0.82646 0.65879
6 0.87508 0.56489 0.86566 0.59157 0.86556 0.59874 0.85942 0.60577 0.85928 0.61652 0.85216 0.62173 0.84086 0.63761 0.84062 0.65553 0.84943 0.67545 0.85150 0.67192 0.85548 0.67559 0.88975 0.67639 0.89181 0.67286 0.92608 0.67365 0.92805 0.67728 0.99775 0.67754 0.99907 0.57666 0.99589 0.57846 0.94549 0.57729 0.94352 0.57366 0.92740 0.57329 0.91741 0.56588 0.87508 0.56489
6 0.95573 1.00000 0.95214 0.99338 0.93039 0.96060 0.92242 0.95325 0.91459 0.93513 0.90859 0.93141 0.89673 0.91321 0.89481 0.90599 0.88881 0.90227 0.88585 0.89682 0.88806 0.88253 0.88511 0.87708 0.88206 0.87880 0.88295 0.88779 0.87006 0.87135 0.87221 0.86064 0.87142 0.84449 0.86129 0.84784 0.86035 0.84244 0.86443 0.83895 0.85946 0.83345 0.84732 0.83676 0.83949 0.81865 0.83349 0.81492 0.82960 0.80407 0.82163 0.79672 0.81380 0.77861 0.80977 0.77852 0.78994 0.75295 0.77218 0.72386 0.76932 0.71124 0.76336 0.70393 0.76153 0.68955 0.76472 0.67707 0.78493 0.67395 0.79004 0.66870 0.78910 0.66329 0.80448 0.64393 0.79960 0.63127 0.78868 0.61846 0.78695 0.59691 0.77626 0.56618 0.72989 0.56511 0.72783 0.56864 0.72586 0.56501 0.71578 0.56478 0.70782 0.55742 0.57674 0.55796 0.57468 0.56150 0.44768 0.55854 0.44562 0.56208 0.43352 0.56180 0.43155 0.55817 0.42546 0.56161 0.42147 0.55793 0.41941 0.56147 0.40933 0.56124 0.40521 0.56831 0.40117 0.56822 0.39095 0.57874 0.35064 0.57780 0.34347 0.58660 0.34126 0.60089 0.34918 0.61183 0.34712 0.61537 0.35003 0.62440 0.35612 0.62096 0.35908 0.62640 0.35593 0.63529 0.35087 0.63697 0.35378 0.64600 0.35879 0.64791 0.35865 0.65866 0.35045 0.66923 0.34829 0.67994 0.33995 0.70126 0.32963 0.71895 0.32124 0.74385 0.31097 0.75795 0.30675 0.77220 0.30061 0.77923 0.29227 0.80055 0.27577 0.82885 0.27155 0.84309 0.25711 0.86786 0.24670 0.89271 0.24056 0.89974 0.24046 0.90691 0.23226 0.91748 0.22185 0.94234 0.21777 0.94582 0.19499 0.99191 0.19509 0.99299 0.49672 1.00000 0.95573 1.00000
6 0.28815 0.57635 0.28609 0.57989 0.27605 0.57607 0.27399 0.57961 0.23166 0.57862 0.22960 0.58216 0.22355 0.58202 0.22040 0.59091 0.22022 0.60525 0.22589 0.63406 0.22575 0.64482 0.22865 0.65385 0.24178 0.65236 0.25092 0.64720 0.26705 0.64757 0.27014 0.64227 0.27024 0.63509 0.27746 0.62271 0.28965 0.61582 0.30174 0.61611 0.30484 0.61080 0.30291 0.60359 0.30315 0.58566 0.29419 0.57649 0.28815 0.57635
6 0.00000 0.66786 0.18417 0.66357 0.19031 0.65654 0.20043 0.65319 0.20353 0.64789 0.20775 0.63364 0.20583 0.62643 0.20611 0.60492 0.19331 0.58132 0.18323 0.58108 0.18126 0.57745 0.17118 0.57721 0.16912 0.58075 0.16307 0.58061 0.16110 0.57698 0.15703 0.58047 0.08849 0.57888 0.08643 0.58241 0.08043 0.57869 0.07635 0.58218 0.07438 0.57855 0.02801 0.57747 0.02595 0.58101 0.01995 0.57729 0.00987 0.57705 0.00781 0.58059 0.00584 0.57696 0.00000 0.57682 0.00000 0.66786
7 0.30442 0.48888 0.30329 0.57491 0.30526 0.57854 0.30671 0.62160 0.30362 0.62691 0.29363 0.61950 0.28552 0.62290 0.27628 0.63523 0.27413 0.64594 0.27910 0.65144 0.28515 0.65158 0.28908 0.65884 0.29907 0.66624 0.30497 0.67714 0.30901 0.67723 0.31280 0.69525 0.31684 0.69534 0.32279 0.70265 0.33390 0.70112 0.34637 0.67272 0.34852 0.66202 0.34656 0.65838 0.34698 0.62612 0.34403 0.62068 0.32893 0.61853 0.33315 0.60429 0.33119 0.44647 0.30601 0.44409 0.30287 0.45299 0.30245 0.48525 0.30442 0.48888
7 0.38360 0.44769 0.38407 0.41185 0.37915 0.40277 0.35992 0.40770 0.35950 0.43996 0.36147 0.44359 0.36100 0.47944 0.36297 0.48307 0.36255 0.51533 0.36442 0.52613 0.35223 0.53302 0.35200 0.55094 0.34787 0.55802 0.35087 0.55988 0.35476 0.57073 0.36386 0.56914 0.39110 0.56798 0.40441 0.55216 0.40460 0.53782 0.40179 0.52162 0.39363 0.52860 0.38758 0.52846 0.38463 0.52302 0.38674 0.51589 0.38711 0.48721 0.38514 0.48359 0.38557 0.45132 0.38360 0.44769
4 0.82646 0.65879 0.82670 0.64086 0.84194 0.63225 0.86355 0.59869 0.86992 0.57374 0.87025 0.54865 0.86453 0.52341 0.85174 0.49981 0.83978 0.48878 0.81358 0.48817 0.80134 0.49864 0.78999 0.51810 0.78582 0.52876 0.78343 0.55739 0.78137 0.56093 0.78498 0.59328 0.78891 0.60054 0.79271 0.61856 0.80860 0.63686 0.81052 0.64407 0.80846 0.64761 0.80828 0.66195 0.79716 0.66348 0.79407 0.66879 0.79398 0.67596 0.78680 0.68475 0.77471 0.68447 0.76946 0.70049 0.77522 0.72213 0.78216 0.73126 0.78605 0.74211 0.80588 0.76767 0.85529 0.76702 0.86035 0.76535 0.86556 0.75292 0.86382 0.73137 0.86795 0.72429 0.86804 0.71712 0.86317 0.70446 0.84526 0.68611 0.84231 0.68067 0.84245 0.66991 0.83950 0.66446 0.82942 0.66423 0.82646 0.65879
6 0.87508 0.56489 0.86566 0.59157 0.86556 0.59874 0.85942 0.60577 0.85928 0.61652 0.85216 0.62173 0.84086 0.63761 0.84062 0.65553 0.84943 0.67545 0.85150 0.67192 0.85548 0.67559 0.88975 0.67639 0.89181 0.67286 0.92608 0.67365 0.92805 0.67728 0.99775 0.67754 0.99907 0.57666 0.99589 0.57846 0.94549 0.57729 0.94352 0.57366 0.92740 0.57329 0.91741 0.56588 0.87508 0.56489
6 0.95573 1.00000 0.95214 0.99338 0.93039 0.96060 0.92242 0.95325 0.91459 0.93513 0.90859 0.93141 0.89673 0.91321 0.89481 0.90599 0.88881 0.90227 0.88585 0.89682 0.88806 0.88253 0.88511 0.87708 0.88206 0.87880 0.88295 0.88779 0.87006 0.87135 0.87221 0.86064 0.87142 0.84449 0.86129 0.84784 0.86035 0.84244 0.86443 0.83895 0.85946 0.83345 0.84732 0.83676 0.83949 0.81865 0.83349 0.81492 0.82960 0.80407 0.82163 0.79672 0.81380 0.77861 0.80977 0.77852 0.78994 0.75295 0.77218 0.72386 0.76932 0.71124 0.76336 0.70393 0.76153 0.68955 0.76472 0.67707 0.78493 0.67395 0.79004 0.66870 0.78910 0.66329 0.80448 0.64393 0.79960 0.63127 0.78868 0.61846 0.78695 0.59691 0.77626 0.56618 0.72989 0.56511 0.72783 0.56864 0.72586 0.56501 0.71578 0.56478 0.70782 0.55742 0.57674 0.55796 0.57468 0.56150 0.44768 0.55854 0.44562 0.56208 0.43352 0.56180 0.43155 0.55817 0.42546 0.56161 0.42147 0.55793 0.41941 0.56147 0.40933 0.56124 0.40521 0.56831 0.40117 0.56822 0.39095 0.57874 0.35064 0.57780 0.34347 0.58660 0.34126 0.60089 0.34918 0.61183 0.34712 0.61537 0.35003 0.62440 0.35612 0.62096 0.35908 0.62640 0.35593 0.63529 0.35087 0.63697 0.35378 0.64600 0.35879 0.64791 0.35865 0.65866 0.35045 0.66923 0.34829 0.67994 0.33995 0.70126 0.32963 0.71895 0.32124 0.74385 0.31097 0.75795 0.30675 0.77220 0.30061 0.77923 0.29227 0.80055 0.27577 0.82885 0.27155 0.84309 0.25711 0.86786 0.24670 0.89271 0.24056 0.89974 0.24046 0.90691 0.23226 0.91748 0.22185 0.94234 0.21777 0.94582 0.19499 0.99191 0.19509 0.99299 0.49672 1.00000 0.95573 1.00000
6 0.28815 0.57635 0.28609 0.57989 0.27605 0.57607 0.27399 0.57961 0.23166 0.57862 0.22960 0.58216 0.22355 0.58202 0.22040 0.59091 0.22022 0.60525 0.22589 0.63406 0.22575 0.64482 0.22865 0.65385 0.24178 0.65236 0.25092 0.64720 0.26705 0.64757 0.27014 0.64227 0.27024 0.63509 0.27746 0.62271 0.28965 0.61582 0.30174 0.61611 0.30484 0.61080 0.30291 0.60359 0.30315 0.58566 0.29419 0.57649 0.28815 0.57635
6 0.00000 0.66786 0.18417 0.66357 0.19031 0.65654 0.20043 0.65319 0.20353 0.64789 0.20775 0.63364 0.20583 0.62643 0.20611 0.60492 0.19331 0.58132 0.18323 0.58108 0.18126 0.57745 0.17118 0.57721 0.16912 0.58075 0.16307 0.58061 0.16110 0.57698 0.15703 0.58047 0.08849 0.57888 0.08643 0.58241 0.08043 0.57869 0.07635 0.58218 0.07438 0.57855 0.02801 0.57747 0.02595 0.58101 0.01995 0.57729 0.00987 0.57705 0.00781 0.58059 0.00584 0.57696 0.00000 0.57682 0.00000 0.66786
7 0.30442 0.48888 0.30329 0.57491 0.30526 0.57854 0.30671 0.62160 0.30362 0.62691 0.29363 0.61950 0.28552 0.62290 0.27628 0.63523 0.27413 0.64594 0.27910 0.65144 0.28515 0.65158 0.28908 0.65884 0.29907 0.66624 0.30497 0.67714 0.30901 0.67723 0.31280 0.69525 0.31684 0.69534 0.32279 0.70265 0.33390 0.70112 0.34637 0.67272 0.34852 0.66202 0.34656 0.65838 0.34698 0.62612 0.34403 0.62068 0.32893 0.61853 0.33315 0.60429 0.33119 0.44647 0.30601 0.44409 0.30287 0.45299 0.30245 0.48525 0.30442 0.48888
7 0.38360 0.44769 0.38407 0.41185 0.37915 0.40277 0.35992 0.40770 0.35950 0.43996 0.36147 0.44359 0.36100 0.47944 0.36297 0.48307 0.36255 0.51533 0.36442 0.52613 0.35223 0.53302 0.35200 0.55094 0.34787 0.55802 0.35087 0.55988 0.35476 0.57073 0.36386 0.56914 0.39110 0.56798 0.40441 0.55216 0.40460 0.53782 0.40179 0.52162 0.39363 0.52860 0.38758 0.52846 0.38463 0.52302 0.38674 0.51589 0.38711 0.48721 0.38514 0.48359 0.38557 0.45132 0.38360 0.44769
4 0.82646 0.65879 0.82670 0.64086 0.84194 0.63225 0.86355 0.59869 0.86992 0.57374 0.87025 0.54865 0.86453 0.52341 0.85174 0.49981 0.83978 0.48878 0.81358 0.48817 0.80134 0.49864 0.78999 0.51810 0.78582 0.52876 0.78343 0.55739 0.78137 0.56093 0.78498 0.59328 0.78891 0.60054 0.79271 0.61856 0.80860 0.63686 0.81052 0.64407 0.80846 0.64761 0.80828 0.66195 0.79716 0.66348 0.79407 0.66879 0.79398 0.67596 0.78680 0.68475 0.77471 0.68447 0.76946 0.70049 0.77522 0.72213 0.78216 0.73126 0.78605 0.74211 0.80588 0.76767 0.85529 0.76702 0.86035 0.76535 0.86556 0.75292 0.86382 0.73137 0.86795 0.72429 0.86804 0.71712 0.86317 0.70446 0.84526 0.68611 0.84231 0.68067 0.84245 0.66991 0.83950 0.66446 0.82942 0.66423 0.82646 0.65879
6 0.87508 0.56489 0.86566 0.59157 0.86556 0.59874 0.85942 0.60577 0.85928 0.61652 0.85216 0.62173 0.84086 0.63761 0.84062 0.65553 0.84943 0.67545 0.85150 0.67192 0.85548 0.67559 0.88975 0.67639 0.89181 0.67286 0.92608 0.67365 0.92805 0.67728 0.99775 0.67754 0.99907 0.57666 0.99589 0.57846 0.94549 0.57729 0.94352 0.57366 0.92740 0.57329 0.91741 0.56588 0.87508 0.56489
6 0.95573 1.00000 0.95214 0.99338 0.93039 0.96060 0.92242 0.95325 0.91459 0.93513 0.90859 0.93141 0.89673 0.91321 0.89481 0.90599 0.88881 0.90227 0.88585 0.89682 0.88806 0.88253 0.88511 0.87708 0.88206 0.87880 0.88295 0.88779 0.87006 0.87135 0.87221 0.86064 0.87142 0.84449 0.86129 0.84784 0.86035 0.84244 0.86443 0.83895 0.85946 0.83345 0.84732 0.83676 0.83949 0.81865 0.83349 0.81492 0.82960 0.80407 0.82163 0.79672 0.81380 0.77861 0.80977 0.77852 0.78994 0.75295 0.77218 0.72386 0.76932 0.71124 0.76336 0.70393 0.76153 0.68955 0.76472 0.67707 0.78493 0.67395 0.79004 0.66870 0.78910 0.66329 0.80448 0.64393 0.79960 0.63127 0.78868 0.61846 0.78695 0.59691 0.77626 0.56618 0.72989 0.56511 0.72783 0.56864 0.72586 0.56501 0.71578 0.56478 0.70782 0.55742 0.57674 0.55796 0.57468 0.56150 0.44768 0.55854 0.44562 0.56208 0.43352 0.56180 0.43155 0.55817 0.42546 0.56161 0.42147 0.55793 0.41941 0.56147 0.40933 0.56124 0.40521 0.56831 0.40117 0.56822 0.39095 0.57874 0.35064 0.57780 0.34347 0.58660 0.34126 0.60089 0.34918 0.61183 0.34712 0.61537 0.35003 0.62440 0.35612 0.62096 0.35908 0.62640 0.35593 0.63529 0.35087 0.63697 0.35378 0.64600 0.35879 0.64791 0.35865 0.65866 0.35045 0.66923 0.34829 0.67994 0.33995 0.70126 0.32963 0.71895 0.32124 0.74385 0.31097 0.75795 0.30675 0.77220 0.30061 0.77923 0.29227 0.80055 0.27577 0.82885 0.27155 0.84309 0.25711 0.86786 0.24670 0.89271 0.24056 0.89974 0.24046 0.90691 0.23226 0.91748 0.22185 0.94234 0.21777 0.94582 0.19499 0.99191 0.19509 0.99299 0.49672 1.00000 0.95573 1.00000
