4 0.77825 0.44700 0.77096 0.43772 0.76065 0.43530 0.74936 0.44022 0.73486 0.46141 0.73048 0.49445 0.73266 0.51011 0.74468 0.53186 0.74116 0.54238 0.73321 0.54620 0.73096 0.55513 0.72713 0.55991 0.72095 0.55846 0.71712 0.56323 0.71615 0.57058 0.73162 0.60638 0.75972 0.61109 0.76639 0.60887 0.77234 0.57999 0.76633 0.56912 0.76221 0.56815 0.76082 0.55457 0.75402 0.54162 0.75499 0.53428 0.76755 0.52777 0.77903 0.51343 0.78206 0.50657 0.78643 0.47353 0.77825 0.44700
7 0.44662 0.40507 0.45294 0.35735 0.45057 0.35112 0.43819 0.34821 0.43437 0.35299 0.43595 0.35714 0.42526 0.43791 0.42683 0.44206 0.42440 0.46042 0.42058 0.46520 0.40820 0.46229 0.40183 0.47025 0.39891 0.49228 0.39636 0.49547 0.39296 0.52116 0.39484 0.53107 0.39848 0.53571 0.41833 0.53848 0.42372 0.53785 0.42549 0.53259 0.43265 0.52670 0.43823 0.51666 0.43920 0.50931 0.44430 0.50294 0.44564 0.47676 0.43884 0.46381 0.44419 0.42343 0.44674 0.42024 0.44820 0.40923 0.44662 0.40507
7 0.45148 0.36836 0.44954 0.38305 0.45111 0.38720 0.44491 0.45009 0.44934 0.45681 0.46300 0.45813 0.47477 0.44954 0.47720 0.43118 0.47641 0.42910 0.47131 0.43548 0.46482 0.42827 0.47394 0.34336 0.46793 0.33248 0.46538 0.33567 0.45713 0.33373 0.45245 0.36102 0.45403 0.36518 0.45148 0.36836
6 0.94152 1.00000 0.94238 0.99355 0.94214 0.99271 0.93279 0.98294 0.92648 0.96632 0.90561 0.93114 0.90137 0.91500 0.89724 0.91403 0.87528 0.87102 0.86436 0.85710 0.84240 0.81409 0.83973 0.80211 0.83718 0.80529 0.82565 0.77987 0.81316 0.76180 0.80527 0.74102 0.79435 0.72710 0.77918 0.69704 0.74739 0.64794 0.73635 0.61885 0.73223 0.61788 0.72907 0.60957 0.72337 0.60445 0.70869 0.57071 0.70456 0.56975 0.69825 0.55312 0.69206 0.55167 0.69115 0.53443 0.69358 0.51607 0.69692 0.51496 0.69741 0.51129 0.69377 0.50665 0.67107 0.50132 0.66950 0.49716 0.66488 0.49987 0.64631 0.49550 0.64377 0.49869 0.54680 0.47591 0.54425 0.47910 0.54061 0.47446 0.53806 0.47765 0.51743 0.47280 0.51379 0.46816 0.51124 0.47135 0.49679 0.46796 0.49425 0.47114 0.49061 0.46650 0.48599 0.46921 0.47362 0.46630 0.46439 0.47170 0.45911 0.48749 0.44333 0.51029 0.43119 0.53771 0.41589 0.55683 0.40424 0.58059 0.37110 0.62202 0.36758 0.63254 0.36042 0.63843 0.33505 0.68546 0.29839 0.73741 0.28977 0.75432 0.26076 0.79671 0.25469 0.81043 0.24194 0.82636 0.23587 0.84007 0.22871 0.84596 0.22519 0.85649 0.22058 0.85919 0.21706 0.86972 0.21245 0.87242 0.17991 0.92534 0.17977 0.93250 0.23696 0.94593 0.23798 0.94466 0.23944 0.94652 0.46716 1.00000 0.94152 1.00000
6 0.69996 0.50811 0.69741 0.51129 0.68169 0.50949 0.68830 0.53186 0.69922 0.54578 0.70031 0.55361 0.70650 0.55506 0.70808 0.55922 0.71761 0.55956 0.72762 0.55624 0.72987 0.54730 0.73369 0.54252 0.73909 0.54190 0.74055 0.53089 0.73818 0.52465 0.72629 0.51807 0.72471 0.51392 0.71852 0.51246 0.71598 0.51565 0.70360 0.51274 0.69996 0.50811
6 0.96914 0.56376 0.96659 0.56694 0.89644 0.55047 0.89389 0.55365 0.84850 0.54299 0.84595 0.54618 0.76755 0.52777 0.76118 0.53573 0.75972 0.54675 0.76288 0.55505 0.76270 0.56448 0.76998 0.57376 0.77331 0.57265 0.89219 0.59868 0.89474 0.59549 0.96695 0.61245 0.96852 0.61661 0.97107 0.61342 0.97471 0.61806 0.98916 0.62145 0.99170 0.61827 0.99201 0.61865 0.99881 0.56726 0.99851 0.56687 0.99389 0.56957 0.99232 0.56541 0.98200 0.56299 0.97945 0.56618 0.96914 0.56376
6 0.15273 0.44771 0.15528 0.44452 0.20273 0.45566 0.20528 0.45248 0.24654 0.46217 0.25037 0.45739 0.25134 0.45005 0.26044 0.42948 0.18126 0.40898 0.17870 0.41217 0.13744 0.40248 0.13489 0.40567 0.12919 0.40054 0.10650 0.39521 0.10395 0.39840 0.03586 0.38241 0.03331 0.38559 0.01268 0.38075 0.01111 0.37659 0.00870 0.37603 0.00511 0.40315 0.00643 0.40388 0.00502 0.40378 0.00262 0.42191 0.01225 0.42418 0.06098 0.43373 0.06353 0.43054 0.12748 0.44556 0.13004 0.44238 0.15273 0.44771
4 0.77825 0.44700 0.77096 0.43772 0.76065 0.43530 0.74936 0.44022 0.73486 0.46141 0.73048 0.49445 0.73266 0.51011 0.74468 0.53186 0.74116 0.54238 0.73321 0.54620 0.73096 0.55513 0.72713 0.55991 0.72095 0.55846 0.71712 0.56323 0.71615 0.57058 0.73162 0.60638 0.75972 0.61109 0.76639 0.60887 0.77234 0.57999 0.76633 0.56912 0.76221 0.56815 0.76082 0.55457 0.75402 0.54162 0.75499 0.53428 0.76755 0.52777 0.77903 0.51343 0.78206 0.50657 0.78643 0.47353 0.77825 0.44700
7 0.44662 0.40507 0.45294 0.35735 0.45057 0.35112 0.43819 0.34821 0.43437 0.35299 0.43595 0.35714 0.42526 0.43791 0.42683 0.44206 0.42440 0.46042 0.42058 0.46520 0.40820 0.46229 0.40183 0.47025 0.39891 0.49228 0.39636 0.49547 0.39296 0.52116 0.39484 0.53107 0.39848 0.53571 0.41833 0.53848 0.42372 0.53785 0.42549 0.53259 0.43265 0.52670 0.43823 0.51666 0.43920 0.50931 0.44430 0.50294 0.44564 0.47676 0.43884 0.46381 0.44419 0.42343 0.44674 0.42024 0.44820 0.40923 0.44662 0.40507
7 0.45148 0.36836 0.44954 0.38305 0.45111 0.38720 0.44491 0.45009 0.44934 0.45681 0.46300 0.45813 0.47477 0.44954 0.47720 0.43118 0.47641 0.42910 0.47131 0.43548 0.46482 0.42827 0.47394 0.34336 0.46793 0.33248 0.46538 0.33567 0.45713 0.33373 0.45245 0.36102 0.45403 0.36518 0.45148 0.36836
6 0.94152 1.00000 0.94238 0.99355 0.94214 0.99271 0.93279 0.98294 0.92648 0.96632 0.90561 0.93114 0.90137 0.91500 0.89724 0.91403 0.87528 0.87102 0.86436 0.85710 0.84240 0.81409 0.83973 0.80211 0.83718 0.80529 0.82565 0.77987 0.81316 0.76180 0.80527 0.74102 0.79435 0.72710 0.77918 0.69704 0.74739 0.64794 0.73635 0.61885 0.73223 0.61788 0.72907 0.60957 0.72337 0.60445 0.70869 0.57071 0.70456 0.56975 0.69825 0.55312 0.69206 0.55167 0.69115 0.53443 0.69358 0.51607 0.69692 0.51496 0.69741 0.51129 0.69377 0.50665 0.67107 0.50132 0.66950 0.49716 0.66488 0.49987 0.64631 0.49550 0.64377 0.49869 0.54680 0.47591 0.54425 0.47910 0.54061 0.47446 0.53806 0.47765 0.51743 0.47280 0.51379 0.46816 0.51124 0.47135 0.49679 0.46796 0.49425 0.47114 0.49061 0.46650 0.48599 0.46921 0.47362 0.46630 0.46439 0.47170 0.45911 0.48749 0.44333 0.51029 0.43119 0.53771 0.41589 0.55683 0.40424 0.58059 0.37110 0.62202 0.36758 0.63254 0.36042 0.63843 0.33505 0.68546 0.29839 0.73741 0.28977 0.75432 0.26076 0.79671 0.25469 0.81043 0.24194 0.82636 0.23587 0.84007 0.22871 0.84596 0.22519 0.85649 0.22058 0.85919 0.21706 0.86972 0.21245 0.87242 0.17991 0.92534 0.17977 0.93250 0.23696 0.94593 0.23798 0.94466 0.23944 0.94652 0.46716 1.00000 0.94152 1.00000
6 0.69996 0.50811 0.69741 0.51129 0.68169 0.50949 0.68830 0.53186 0.69922 0.54578 0.70031 0.55361 0.70650 0.55506 0.70808 0.55922 0.71761 0.55956 0.72762 0.55624 0.72987 0.54730 0.73369 0.54252 0.73909 0.54190 0.74055 0.53089 0.73818 0.52465 0.72629 0.51807 0.72471 0.51392 0.71852 0.51246 0.71598 0.51565 0.70360 0.51274 0.69996 0.50811
6 0.96914 0.56376 0.96659 0.56694 0.89644 0.55047 0.89389 0.55365 0.84850 0.54299 0.84595 0.54618 0.76755 0.52777 0.76118 0.53573 0.75972 0.54675 0.76288 0.55505 0.76270 0.56448 0.76998 0.57376 0.77331 0.57265 0.89219 0.59868 0.89474 0.59549 0.96695 0.61245 0.96852 0.61661 0.97107 0.61342 0.97471 0.61806 0.98916 0.62145 0.99170 0.61827 0.99201 0.61865 0.99881 0.56726 0.99851 0.56687 0.99389 0.56957 0.99232 0.56541 0.98200 0.56299 0.97945 0.56618 0.96914 0.56376
6 0.15273 0.44771 0.15528 0.44452 0.20273 0.45566 0.20528 0.45248 0.24654 0.46217 0.25037 0.45739 0.25134 0.45005 0.26044 0.42948 0.18126 0.40898 0.17870 0.41217 0.13744 0.40248 0.13489 0.40567 0.12919 0.40054 0.10650 0.39521 0.10395 0.39840 0.03586 0.38241 0.03331 0.38559 0.01268 0.38075 0.01111 0.37659 0.00870 0.37603 0.00511 0.40315 0.00643 0.40388 0.00502 0.40378 0.00262 0.42191 0.01225 0.42418 0.06098 0.43373 0.06353 0.43054 0.12748 0.44556 0.13004 0.44238 0.15273 0.44771
4 0.77825 0.44700 0.77096 0.43772 0.76065 0.43530 0.74936 0.44022 0.73486 0.46141 0.73048 0.49445 0.73266 0.51011 0.74468 0.53186 0.74116 0.54238 0.73321 0.54620 0.73096 0.55513 0.72713 0.55991 0.72095 0.55846 0.71712 0.56323 0.71615 0.57058 0.73162 0.60638 0.75972 0.61109 0.76639 0.60887 0.77234 0.57999 0.76633 0.56912 0.76221 0.56815 0.76082 0.55457 0.75402 0.54162 0.75499 0.53428 0.76755 0.52777 0.77903 0.51343 0.78206 0.50657 0.78643 0.47353 0.77825 0.44700
7 0.44662 0.40507 0.45294 0.35735 0.45057 0.35112 0.43819 0.34821 0.43437 0.35299 0.43595 0.35714 0.42526 0.43791 0.42683 0.44206 0.42440 0.46042 0.42058 0.46520 0.40820 0.46229 0.40183 0.47025 0.39891 0.49228 0.39636 0.49547 0.39296 0.52116 0.39484 0.53107 0.39848 0.53571 0.41833 0.53848 0.42372 0.53785 0.42549 0.53259 0.43265 0.52670 0.43823 0.51666 0.43920 0.50931 0.44430 0.50294 0.44564 0.47676 0.43884 0.46381 0.44419 0.42343 0.44674 0.42024 0.44820 0.40923 0.44662 0.40507
7 0.45148 0.36836 0.44954 0.38305 0.45111 0.38720 0.44491 0.45009 0.44934 0.45681 0.46300 0.45813 0.47477 0.44954 0.47720 0.43118 0.47641 0.42910 0.47131 0.43548 0.46482 0.42827 0.47394 0.34336 0.46793 0.33248 0.46538 0.33567 0.45713 0.33373 0.45245 0.36102 0.45403 0.36518 0.45148 0.36836
6 0.94152 1.00000 0.94238 0.99355 0.94214 0.99271 0.93279 0.98294 0.92648 0.96632 0.90561 0.93114 0.90137 0.91500 0.89724 0.91403 0.87528 0.87102 0.86436 0.85710 0.84240 0.81409 0.83973 0.80211 0.83718 0.80529 0.82565 0.77987 0.81316 0.76180 0.80527 0.74102 0.79435 0.72710 0.77918 0.69704 0.74739 0.64794 0.73635 0.61885 0.73223 0.61788 0.72907 0.60957 0.72337 0.60445 0.70869 0.57071 0.70456 0.56975 0.69825 0.55312 0.69206 0.55167 0.69115 0.53443 0.69358 0.51607 0.69692 0.51496 0.69741 0.51129 0.69377 0.50665 0.67107 0.50132 0.66950 0.49716 0.66488 0.49987 0.64631 0.49550 0.64377 0.49869 0.54680 0.47591 0.54425 0.47910 0.54061 0.47446 0.53806 0.47765 0.51743 0.47280 0.51379 0.46816 0.51124 0.47135 0.49679 0.46796 0.49425 0.47114 0.49061 0.46650 0.48599 0.46921 0.47362 0.46630 0.46439 0.47170 0.45911 0.48749 0.44333 0.51029 0.43119 0.53771 0.41589 0.55683 0.40424 0.58059 0.37110 0.62202 0.36758 0.63254 0.36042 0.63843 0.33505 0.68546 0.29839 0.73741 0.28977 0.75432 0.26076 0.79671 0.25469 0.81043 0.24194 0.82636 0.23587 0.84007 0.22871 0.84596 0.22519 0.85649 0.22058 0.85919 0.21706 0.86972 0.21245 0.87242 0.17991 0.92534 0.17977 0.93250 0.23696 0.94593 0.23798 0.94466 0.23944 0.94652 0.46716 1.00000 0.94152 1.00000
6 0.69996 0.50811 0.69741 0.51129 0.68169 0.50949 0.68830 0.53186 0.69922 0.54578 0.70031 0.55361 0.70650 0.55506 0.70808 0.55922 0.71761 0.55956 0.72762 0.55624 0.72987 0.54730 0.73369 0.54252 0.73909 0.54190 0.74055 0.53089 0.73818 0.52465 0.72629 0.51807 0.72471 0.51392 0.71852 0.51246 0.71598 0.51565 0.70360 0.51274 0.69996 0.50811
6 0.96914 0.56376 0.96659 0.56694 0.89644 0.55047 0.89389 0.55365 0.84850 0.54299 0.84595 0.54618 0.76755 0.52777 0.76118 0.53573 0.75972 0.54675 0.76288 0.55505 0.76270 0.56448 0.76998 0.57376 0.77331 0.57265 0.89219 0.59868 0.89474 0.59549 0.96695 0.61245 0.96852 0.61661 0.97107 0.61342 0.97471 0.61806 0.98916 0.62145 0.99170 0.61827 0.99201 0.61865 0.99881 0.56726 0.99851 0.56687 0.99389 0.56957 0.99232 0.56541 0.98200 0.56299 0.97945 0.56618 0.96914 0.56376
6 0.15273 0.44771 0.15528 0.44452 0.20273 0.45566 0.20528 0.45248 0.24654 0.46217 0.25037 0.45739 0.25134 0.45005 0.26044 0.42948 0.18126 0.40898 0.17870 0.41217 0.13744 0.40248 0.13489 0.40567 0.12919 0.40054 0.10650 0.39521 0.10395 0.39840 0.03586 0.38241 0.03331 0.38559 0.01268 0.38075 0.01111 0.37659 0.00870 0.37603 0.00511 0.40315 0.00643 0.40388 0.00502 0.40378 0.00262 0.42191 0.01225 0.42418 0.06098 0.43373 0.06353 0.43054 0.12748 0.44556 0.13004 0.44238 0.15273 0.44771
