7 0.51283 0.57602 0.50194 0.56247 0.50187 0.55966 0.49751 0.55425 0.49736 0.54863 0.49518 0.54592 0.49504 0.54031 0.49394 0.53896 0.48763 0.53925 0.48669 0.54351 0.48161 0.55077 0.47529 0.55106 0.47420 0.54971 0.47413 0.54690 0.47812 0.53829 0.47694 0.49338 0.47476 0.49067 0.47461 0.48505 0.47665 0.48215 0.47569 0.44566 0.47351 0.44295 0.47329 0.43454 0.47532 0.43163 0.47429 0.39234 0.47211 0.38962 0.47095 0.38546 0.46674 0.38566 0.46456 0.38295 0.44350 0.38393 0.44147 0.38684 0.43937 0.38693 0.43632 0.39129 0.43639 0.39410 0.43436 0.39700 0.43657 0.48120 0.43875 0.48391 0.44037 0.54566 0.43732 0.55002 0.43311 0.55021 0.43194 0.54605 0.42875 0.54480 0.42367 0.55206 0.42389 0.56048 0.42186 0.56339 0.42267 0.59426 0.42064 0.59716 0.42100 0.61120 0.42318 0.61391 0.42340 0.62233 0.42667 0.62639 0.46457 0.62463 0.46559 0.62318 0.46660 0.62172 0.49397 0.62045 0.49905 0.61319 0.49891 0.60757 0.50094 0.60467 0.50072 0.59625 0.50275 0.59334 0.50267 0.59054 0.50572 0.58618 0.50783 0.58608 0.51291 0.57882 0.51283 0.57602
6 1.00000 0.56353 0.00405 0.66598 0.01280 1.00000 0.50655 1.00000 1.00000 0.97705 1.00000 0.56353
7 0.51283 0.57602 0.50194 0.56247 0.50187 0.55966 0.49751 0.55425 0.49736 0.54863 0.49518 0.54592 0.49504 0.54031 0.49394 0.53896 0.48763 0.53925 0.48669 0.54351 0.48161 0.55077 0.47529 0.55106 0.47420 0.54971 0.47413 0.54690 0.47812 0.53829 0.47694 0.49338 0.47476 0.49067 0.47461 0.48505 0.47665 0.48215 0.47569 0.44566 0.47351 0.44295 0.47329 0.43454 0.47532 0.43163 0.47429 0.39234 0.47211 0.38962 0.47095 0.38546 0.46674 0.38566 0.46456 0.38295 0.44350 0.38393 0.44147 0.38684 0.43937 0.38693 0.43632 0.39129 0.43639 0.39410 0.43436 0.39700 0.43657 0.48120 0.43875 0.48391 0.44037 0.54566 0.43732 0.55002 0.43311 0.55021 0.43194 0.54605 0.42875 0.54480 0.42367 0.55206 0.42389 0.56048 0.42186 0.56339 0.42267 0.59426 0.42064 0.59716 0.42100 0.61120 0.42318 0.61391 0.42340 0.62233 0.42667 0.62639 0.46457 0.62463 0.46559 0.62318 0.46660 0.62172 0.49397 0.62045 0.49905 0.61319 0.49891 0.60757 0.50094 0.60467 0.50072 0.59625 0.50275 0.59334 0.50267 0.59054 0.50572 0.58618 0.50783 0.58608 0.51291 0.57882 0.51283 0.57602
6 1.00000 0.56353 0.00405 0.66598 0.01280 1.00000 0.50655 1.00000 1.00000 0.97705 1.00000 0.56353
7 0.51283 0.57602 0.50194 0.56247 0.50187 0.55966 0.49751 0.55425 0.49736 0.54863 0.49518 0.54592 0.49504 0.54031 0.49394 0.53896 0.48763 0.53925 0.48669 0.54351 0.48161 0.55077 0.47529 0.55106 0.47420 0.54971 0.47413 0.54690 0.47812 0.53829 0.47694 0.49338 0.47476 0.49067 0.47461 0.48505 0.47665 0.48215 0.47569 0.44566 0.47351 0.44295 0.47329 0.43454 0.47532 0.43163 0.47429 0.39234 0.47211 0.38962 0.47095 0.38546 0.46674 0.38566 0.46456 0.38295 0.44350 0.38393 0.44147 0.38684 0.43937 0.38693 0.43632 0.39129 0.43639 0.39410 0.43436 0.39700 0.43657 0.48120 0.43875 0.48391 0.44037 0.54566 0.43732 0.55002 0.43311 0.55021 0.43194 0.54605 0.42875 0.54480 0.42367 0.55206 0.42389 0.56048 0.42186 0.56339 0.42267 0.59426 0.42064 0.59716 0.42100 0.61120 0.42318 0.61391 0.42340 0.62233 0.42667 0.62639 0.46457 0.62463 0.46559 0.62318 0.46660 0.62172 0.49397 0.62045 0.49905 0.61319 0.49891 0.60757 0.50094 0.60467 0.50072 0.59625 0.50275 0.59334 0.50267 0.59054 0.50572 0.58618 0.50783 0.58608 0.51291 0.57882 0.51283 0.57602
6 1.00000 0.56353 0.00405 0.66598 0.01280 1.00000 0.50655 1.00000 1.00000 0.97705 1.00000 0.56353
7 0.51283 0.57602 0.50194 0.56247 0.50187 0.55966 0.49751 0.55425 0.49736 0.54863 0.49518 0.54592 0.49504 0.54031 0.49394 0.53896 0.48763 0.53925 0.48669 0.54351 0.48161 0.55077 0.47529 0.55106 0.47420 0.54971 0.47413 0.54690 0.47812 0.53829 0.47694 0.49338 0.47476 0.49067 0.47461 0.48505 0.47665 0.48215 0.47569 0.44566 0.47351 0.44295 0.47329 0.43454 0.47532 0.43163 0.47429 0.39234 0.47211 0.38962 0.47095 0.38546 0.46674 0.38566 0.46456 0.38295 0.44350 0.38393 0.44147 0.38684 0.43937 0.38693 0.43632 0.39129 0.43639 0.39410 0.43436 0.39700 0.43657 0.48120 0.43875 0.48391 0.44037 0.54566 0.43732 0.55002 0.43311 0.55021 0.43194 0.54605 0.42875 0.54480 0.42367 0.55206 0.42389 0.56048 0.42186 0.56339 0.42267 0.59426 0.42064 0.59716 0.42100 0.61120 0.42318 0.61391 0.42340 0.62233 0.42667 0.62639 0.46457 0.62463 0.46559 0.62318 0.46660 0.62172 0.49397 0.62045 0.49905 0.61319 0.49891 0.60757 0.50094 0.60467 0.50072 0.59625 0.50275 0.59334 0.50267 0.59054 0.50572 0.58618 0.50783 0.58608 0.51291 0.57882 0.51283 0.57602
6 1.00000 0.56353 0.00405 0.66598 0.01280 1.00000 0.50655 1.00000 1.00000 0.97705 1.00000 0.56353
7 0.51283 0.57602 0.50194 0.56247 0.50187 0.55966 0.49751 0.55425 0.49736 0.54863 0.49518 0.54592 0.49504 0.54031 0.49394 0.53896 0.48763 0.53925 0.48669 0.54351 0.48161 0.55077 0.47529 0.55106 0.47420 0.54971 0.47413 0.54690 0.47812 0.53829 0.47694 0.49338 0.47476 0.49067 0.47461 0.48505 0.47665 0.48215 0.47569 0.44566 0.47351 0.44295 0.47329 0.43454 0.47532 0.43163 0.47429 0.39234 0.47211 0.38962 0.47095 0.38546 0.46674 0.38566 0.46456 0.38295 0.44350 0.38393 0.44147 0.38684 0.43937 0.38693 0.43632 0.39129 0.43639 0.39410 0.43436 0.39700 0.43657 0.48120 0.43875 0.48391 0.44037 0.54566 0.43732 0.55002 0.43311 0.55021 0.43194 0.54605 0.42875 0.54480 0.42367 0.55206 0.42389 0.56048 0.42186 0.56339 0.42267 0.59426 0.42064 0.59716 0.42100 0.61120 0.42318 0.61391 0.42340 0.62233 0.42667 0.62639 0.46457 0.62463 0.46559 0.62318 0.46660 0.62172 0.49397 0.62045 0.49905 0.61319 0.49891 0.60757 0.50094 0.60467 0.50072 0.59625 0.50275 0.59334 0.50267 0.59054 0.50572 0.58618 0.50783 0.58608 0.51291 0.57882 0.51283 0.57602
6 1.00000 0.56353 0.00405 0.66598 0.01280 1.00000 0.50655 1.00000 1.00000 0.97705 1.00000 0.56353
7 0.51283 0.57602 0.50194 0.56247 0.50187 0.55966 0.49751 0.55425 0.49736 0.54863 0.49518 0.54592 0.49504 0.54031 0.49394 0.53896 0.48763 0.53925 0.48669 0.54351 0.48161 0.55077 0.47529 0.55106 0.47420 0.54971 0.47413 0.54690 0.47812 0.53829 0.47694 0.49338 0.47476 0.49067 0.47461 0.48505 0.47665 0.48215 0.47569 0.44566 0.47351 0.44295 0.47329 0.43454 0.47532 0.43163 0.47429 0.39234 0.47211 0.38962 0.47095 0.38546 0.46674 0.38566 0.46456 0.38295 0.44350 0.38393 0.44147 0.38684 0.43937 0.38693 0.43632 0.39129 0.43639 0.39410 0.43436 0.39700 0.43657 0.48120 0.43875 0.48391 0.44037 0.54566 0.43732 0.55002 0.43311 0.55021 0.43194 0.54605 0.42875 0.54480 0.42367 0.55206 0.42389 0.56048 0.42186 0.56339 0.42267 0.59426 0.42064 0.59716 0.42100 0.61120 0.42318 0.61391 0.42340 0.62233 0.42667 0.62639 0.46457 0.62463 0.46559 0.62318 0.46660 0.62172 0.49397 0.62045 0.49905 0.61319 0.49891 0.60757 0.50094 0.60467 0.50072 0.59625 0.50275 0.59334 0.50267 0.59054 0.50572 0.58618 0.50783 0.58608 0.51291 0.57882 0.51283 0.57602
6 1.00000 0.56353 0.00405 0.66598 0.01280 1.00000 0.50655 1.00000 1.00000 0.97705 1.00000 0.56353
