6 1.00000 0.56132 0.58366 0.07007 0.54326 0.04830 0.43330 0.03166 0.28406 0.04392 0.00000 0.08742 0.00000 0.17342 0.27827 0.13552 0.27827 0.16576 0.07967 1.00000 1.00000 1.00000 1.00000 0.56132
5 0.84063 0.24950 0.82440 0.26239 0.78917 0.28012 0.78682 0.30307 0.83555 0.35522 0.91928 0.32842 0.91928 0.30020 0.88933 0.27280 0.87953 0.24341 0.86961 0.24002 0.86923 0.20614 0.89153 0.19107 0.90771 0.14600 0.91161 0.13211 0.91824 0.05032 0.89431 0.00000 0.85301 0.01286 0.82499 0.06837 0.81794 0.09862 0.81500 0.15808 0.82581 0.17848 0.84714 0.21314 0.84063 0.24950
6 1.00000 0.56132 0.58366 0.07007 0.54326 0.04830 0.43330 0.03166 0.28406 0.04392 0.00000 0.08742 0.00000 0.17342 0.27827 0.13552 0.27827 0.16576 0.07967 1.00000 1.00000 1.00000 1.00000 0.56132
5 0.84063 0.24950 0.82440 0.26239 0.78917 0.28012 0.78682 0.30307 0.83555 0.35522 0.91928 0.32842 0.91928 0.30020 0.88933 0.27280 0.87953 0.24341 0.86961 0.24002 0.86923 0.20614 0.89153 0.19107 0.90771 0.14600 0.91161 0.13211 0.91824 0.05032 0.89431 0.00000 0.85301 0.01286 0.82499 0.06837 0.81794 0.09862 0.81500 0.15808 0.82581 0.17848 0.84714 0.21314 0.84063 0.24950
6 1.00000 0.56132 0.58366 0.07007 0.54326 0.04830 0.43330 0.03166 0.28406 0.04392 0.00000 0.08742 0.00000 0.17342 0.27827 0.13552 0.27827 0.16576 0.07967 1.00000 1.00000 1.00000 1.00000 0.56132
5 0.84063 0.24950 0.82440 0.26239 0.78917 0.28012 0.78682 0.30307 0.83555 0.35522 0.91928 0.32842 0.91928 0.30020 0.88933 0.27280 0.87953 0.24341 0.86961 0.24002 0.86923 0.20614 0.89153 0.19107 0.90771 0.14600 0.91161 0.13211 0.91824 0.05032 0.89431 0.00000 0.85301 0.01286 0.82499 0.06837 0.81794 0.09862 0.81500 0.15808 0.82581 0.17848 0.84714 0.21314 0.84063 0.24950
6 1.00000 0.56132 0.58366 0.07007 0.54326 0.04830 0.43330 0.03166 0.28406 0.04392 0.00000 0.08742 0.00000 0.17342 0.27827 0.13552 0.27827 0.16576 0.07967 1.00000 1.00000 1.00000 1.00000 0.56132
5 0.84063 0.24950 0.82440 0.26239 0.78917 0.28012 0.78682 0.30307 0.83555 0.35522 0.91928 0.32842 0.91928 0.30020 0.88933 0.27280 0.87953 0.24341 0.86961 0.24002 0.86923 0.20614 0.89153 0.19107 0.90771 0.14600 0.91161 0.13211 0.91824 0.05032 0.89431 0.00000 0.85301 0.01286 0.82499 0.06837 0.81794 0.09862 0.81500 0.15808 0.82581 0.17848 0.84714 0.21314 0.84063 0.24950
6 1.00000 0.56132 0.58366 0.07007 0.54326 0.04830 0.43330 0.03166 0.28406 0.04392 0.00000 0.08742 0.00000 0.17342 0.27827 0.13552 0.27827 0.16576 0.07967 1.00000 1.00000 1.00000 1.00000 0.56132
5 0.84063 0.24950 0.82440 0.26239 0.78917 0.28012 0.78682 0.30307 0.83555 0.35522 0.91928 0.32842 0.91928 0.30020 0.88933 0.27280 0.87953 0.24341 0.86961 0.24002 0.86923 0.20614 0.89153 0.19107 0.90771 0.14600 0.91161 0.13211 0.91824 0.05032 0.89431 0.00000 0.85301 0.01286 0.82499 0.06837 0.81794 0.09862 0.81500 0.15808 0.82581 0.17848 0.84714 0.21314 0.84063 0.24950
6 1.00000 0.56132 0.58366 0.07007 0.54326 0.04830 0.43330 0.03166 0.28406 0.04392 0.00000 0.08742 0.00000 0.17342 0.27827 0.13552 0.27827 0.16576 0.07967 1.00000 1.00000 1.00000 1.00000 0.56132
5 0.84063 0.24950 0.82440 0.26239 0.78917 0.28012 0.78682 0.30307 0.83555 0.35522 0.91928 0.32842 0.91928 0.30020 0.88933 0.27280 0.87953 0.24341 0.86961 0.24002 0.86923 0.20614 0.89153 0.19107 0.90771 0.14600 0.91161 0.13211 0.91824 0.05032 0.89431 0.00000 0.85301 0.01286 0.82499 0.06837 0.81794 0.09862 0.81500 0.15808 0.82581 0.17848 0.84714 0.21314 0.84063 0.24950
