6 0.59609 1.00000 0.58949 0.99414 0.57713 0.97583 0.54210 0.94287 0.48441 0.87695 0.47411 0.86963 0.44732 0.83301 0.42672 0.81470 0.41229 0.79639 0.39375 0.78174 0.38757 0.77075 0.36284 0.74878 0.33606 0.71582 0.31339 0.69751 0.30103 0.67920 0.29691 0.67554 0.27424 0.67554 0.27424 0.67188 0.29588 0.67004 0.29073 0.65723 0.28043 0.64990 0.27630 0.64258 0.26806 0.63892 0.23922 0.60596 0.22479 0.59863 0.21449 0.58398 0.19801 0.56934 0.19183 0.55835 0.17740 0.54736 0.16298 0.52905 0.13413 0.52539 0.13207 0.52173 0.03317 0.52173 0.03111 0.51807 0.02905 0.52173 0.01875 0.52173 0.01669 0.52539 0.00227 0.52539 0.00000 0.52827 0.00000 1.00000 0.59609 1.00000
1 0.48750 0.71399 0.50295 0.70117 0.51428 0.68469 0.52047 0.66638 0.52253 0.64441 0.52459 0.64075 0.52253 0.60779 0.51635 0.57849 0.50913 0.56568 0.49471 0.55103 0.47411 0.55103 0.46793 0.55469 0.45659 0.57117 0.44835 0.59314 0.44217 0.61877 0.44217 0.65539 0.44423 0.66638 0.44835 0.68103 0.45968 0.70117 0.46587 0.70484 0.47102 0.71399 0.47102 0.73962 0.46380 0.75611 0.45968 0.75611 0.45659 0.76160 0.45350 0.77441 0.43496 0.77808 0.43187 0.78357 0.43393 0.79455 0.43187 0.79822 0.43702 0.80371 0.44320 0.80371 0.45144 0.81836 0.45762 0.82202 0.47308 0.82019 0.48235 0.81836 0.48441 0.81470 0.52356 0.81470 0.52665 0.80920 0.52665 0.79822 0.50707 0.77808 0.50192 0.76892 0.50192 0.75793 0.49677 0.74878 0.49059 0.74878 0.48750 0.73962 0.48750 0.71399
7 0.24437 0.48328 0.24231 0.47595 0.24437 0.46496 0.24128 0.45947 0.23098 0.45947 0.22994 0.55652 0.22582 0.56384 0.22170 0.58948 0.22479 0.59497 0.25261 0.59314 0.25776 0.59131 0.26085 0.58582 0.26085 0.57483 0.25776 0.56568 0.24540 0.56568 0.24231 0.56018 0.24231 0.51990 0.24437 0.51623 0.24231 0.50891 0.24437 0.50159 0.24231 0.49426 0.24437 0.48328
6 0.59609 1.00000 0.58949 0.99414 0.57713 0.97583 0.54210 0.94287 0.48441 0.87695 0.47411 0.86963 0.44732 0.83301 0.42672 0.81470 0.41229 0.79639 0.39375 0.78174 0.38757 0.77075 0.36284 0.74878 0.33606 0.71582 0.31339 0.69751 0.30103 0.67920 0.29691 0.67554 0.27424 0.67554 0.27424 0.67188 0.29588 0.67004 0.29073 0.65723 0.28043 0.64990 0.27630 0.64258 0.26806 0.63892 0.23922 0.60596 0.22479 0.59863 0.21449 0.58398 0.19801 0.56934 0.19183 0.55835 0.17740 0.54736 0.16298 0.52905 0.13413 0.52539 0.13207 0.52173 0.03317 0.52173 0.03111 0.51807 0.02905 0.52173 0.01875 0.52173 0.01669 0.52539 0.00227 0.52539 0.00000 0.52827 0.00000 1.00000 0.59609 1.00000
1 0.48750 0.71399 0.50295 0.70117 0.51428 0.68469 0.52047 0.66638 0.52253 0.64441 0.52459 0.64075 0.52253 0.60779 0.51635 0.57849 0.50913 0.56568 0.49471 0.55103 0.47411 0.55103 0.46793 0.55469 0.45659 0.57117 0.44835 0.59314 0.44217 0.61877 0.44217 0.65539 0.44423 0.66638 0.44835 0.68103 0.45968 0.70117 0.46587 0.70484 0.47102 0.71399 0.47102 0.73962 0.46380 0.75611 0.45968 0.75611 0.45659 0.76160 0.45350 0.77441 0.43496 0.77808 0.43187 0.78357 0.43393 0.79455 0.43187 0.79822 0.43702 0.80371 0.44320 0.80371 0.45144 0.81836 0.45762 0.82202 0.47308 0.82019 0.48235 0.81836 0.48441 0.81470 0.52356 0.81470 0.52665 0.80920 0.52665 0.79822 0.50707 0.77808 0.50192 0.76892 0.50192 0.75793 0.49677 0.74878 0.49059 0.74878 0.48750 0.73962 0.48750 0.71399
7 0.24437 0.48328 0.24231 0.47595 0.24437 0.46496 0.24128 0.45947 0.23098 0.45947 0.22994 0.55652 0.22582 0.56384 0.22170 0.58948 0.22479 0.59497 0.25261 0.59314 0.25776 0.59131 0.26085 0.58582 0.26085 0.57483 0.25776 0.56568 0.24540 0.56568 0.24231 0.56018 0.24231 0.51990 0.24437 0.51623 0.24231 0.50891 0.24437 0.50159 0.24231 0.49426 0.24437 0.48328
6 0.59609 1.00000 0.58949 0.99414 0.57713 0.97583 0.54210 0.94287 0.48441 0.87695 0.47411 0.86963 0.44732 0.83301 0.42672 0.81470 0.41229 0.79639 0.39375 0.78174 0.38757 0.77075 0.36284 0.74878 0.33606 0.71582 0.31339 0.69751 0.30103 0.67920 0.29691 0.67554 0.27424 0.67554 0.27424 0.67188 0.29588 0.67004 0.29073 0.65723 0.28043 0.64990 0.27630 0.64258 0.26806 0.63892 0.23922 0.60596 0.22479 0.59863 0.21449 0.58398 0.19801 0.56934 0.19183 0.55835 0.17740 0.54736 0.16298 0.52905 0.13413 0.52539 0.13207 0.52173 0.03317 0.52173 0.03111 0.51807 0.02905 0.52173 0.01875 0.52173 0.01669 0.52539 0.00227 0.52539 0.00000 0.52827 0.00000 1.00000 0.59609 1.00000
1 0.48750 0.71399 0.50295 0.70117 0.51428 0.68469 0.52047 0.66638 0.52253 0.64441 0.52459 0.64075 0.52253 0.60779 0.51635 0.57849 0.50913 0.56568 0.49471 0.55103 0.47411 0.55103 0.46793 0.55469 0.45659 0.57117 0.44835 0.59314 0.44217 0.61877 0.44217 0.65539 0.44423 0.66638 0.44835 0.68103 0.45968 0.70117 0.46587 0.70484 0.47102 0.71399 0.47102 0.73962 0.46380 0.75611 0.45968 0.75611 0.45659 0.76160 0.45350 0.77441 0.43496 0.77808 0.43187 0.78357 0.43393 0.79455 0.43187 0.79822 0.43702 0.80371 0.44320 0.80371 0.45144 0.81836 0.45762 0.82202 0.47308 0.82019 0.48235 0.81836 0.48441 0.81470 0.52356 0.81470 0.52665 0.80920 0.52665 0.79822 0.50707 0.77808 0.50192 0.76892 0.50192 0.75793 0.49677 0.74878 0.49059 0.74878 0.48750 0.73962 0.48750 0.71399
7 0.24437 0.48328 0.24231 0.47595 0.24437 0.46496 0.24128 0.45947 0.23098 0.45947 0.22994 0.55652 0.22582 0.56384 0.22170 0.58948 0.22479 0.59497 0.25261 0.59314 0.25776 0.59131 0.26085 0.58582 0.26085 0.57483 0.25776 0.56568 0.24540 0.56568 0.24231 0.56018 0.24231 0.51990 0.24437 0.51623 0.24231 0.50891 0.24437 0.50159 0.24231 0.49426 0.24437 0.48328
6 0.59609 1.00000 0.58949 0.99414 0.57713 0.97583 0.54210 0.94287 0.48441 0.87695 0.47411 0.86963 0.44732 0.83301 0.42672 0.81470 0.41229 0.79639 0.39375 0.78174 0.38757 0.77075 0.36284 0.74878 0.33606 0.71582 0.31339 0.69751 0.30103 0.67920 0.29691 0.67554 0.27424 0.67554 0.27424 0.67188 0.29588 0.67004 0.29073 0.65723 0.28043 0.64990 0.27630 0.64258 0.26806 0.63892 0.23922 0.60596 0.22479 0.59863 0.21449 0.58398 0.19801 0.56934 0.19183 0.55835 0.17740 0.54736 0.16298 0.52905 0.13413 0.52539 0.13207 0.52173 0.03317 0.52173 0.03111 0.51807 0.02905 0.52173 0.01875 0.52173 0.01669 0.52539 0.00227 0.52539 0.00000 0.52827 0.00000 1.00000 0.59609 1.00000
1 0.48750 0.71399 0.50295 0.70117 0.51428 0.68469 0.52047 0.66638 0.52253 0.64441 0.52459 0.64075 0.52253 0.60779 0.51635 0.57849 0.50913 0.56568 0.49471 0.55103 0.47411 0.55103 0.46793 0.55469 0.45659 0.57117 0.44835 0.59314 0.44217 0.61877 0.44217 0.65539 0.44423 0.66638 0.44835 0.68103 0.45968 0.70117 0.46587 0.70484 0.47102 0.71399 0.47102 0.73962 0.46380 0.75611 0.45968 0.75611 0.45659 0.76160 0.45350 0.77441 0.43496 0.77808 0.43187 0.78357 0.43393 0.79455 0.43187 0.79822 0.43702 0.80371 0.44320 0.80371 0.45144 0.81836 0.45762 0.82202 0.47308 0.82019 0.48235 0.81836 0.48441 0.81470 0.52356 0.81470 0.52665 0.80920 0.52665 0.79822 0.50707 0.77808 0.50192 0.76892 0.50192 0.75793 0.49677 0.74878 0.49059 0.74878 0.48750 0.73962 0.48750 0.71399
7 0.24437 0.48328 0.24231 0.47595 0.24437 0.46496 0.24128 0.45947 0.23098 0.45947 0.22994 0.55652 0.22582 0.56384 0.22170 0.58948 0.22479 0.59497 0.25261 0.59314 0.25776 0.59131 0.26085 0.58582 0.26085 0.57483 0.25776 0.56568 0.24540 0.56568 0.24231 0.56018 0.24231 0.51990 0.24437 0.51623 0.24231 0.50891 0.24437 0.50159 0.24231 0.49426 0.24437 0.48328
6 0.59609 1.00000 0.58949 0.99414 0.57713 0.97583 0.54210 0.94287 0.48441 0.87695 0.47411 0.86963 0.44732 0.83301 0.42672 0.81470 0.41229 0.79639 0.39375 0.78174 0.38757 0.77075 0.36284 0.74878 0.33606 0.71582 0.31339 0.69751 0.30103 0.67920 0.29691 0.67554 0.27424 0.67554 0.27424 0.67188 0.29588 0.67004 0.29073 0.65723 0.28043 0.64990 0.27630 0.64258 0.26806 0.63892 0.23922 0.60596 0.22479 0.59863 0.21449 0.58398 0.19801 0.56934 0.19183 0.55835 0.17740 0.54736 0.16298 0.52905 0.13413 0.52539 0.13207 0.52173 0.03317 0.52173 0.03111 0.51807 0.02905 0.52173 0.01875 0.52173 0.01669 0.52539 0.00227 0.52539 0.00000 0.52827 0.00000 1.00000 0.59609 1.00000
1 0.48750 0.71399 0.50295 0.70117 0.51428 0.68469 0.52047 0.66638 0.52253 0.64441 0.52459 0.64075 0.52253 0.60779 0.51635 0.57849 0.50913 0.56568 0.49471 0.55103 0.47411 0.55103 0.46793 0.55469 0.45659 0.57117 0.44835 0.59314 0.44217 0.61877 0.44217 0.65539 0.44423 0.66638 0.44835 0.68103 0.45968 0.70117 0.46587 0.70484 0.47102 0.71399 0.47102 0.73962 0.46380 0.75611 0.45968 0.75611 0.45659 0.76160 0.45350 0.77441 0.43496 0.77808 0.43187 0.78357 0.43393 0.79455 0.43187 0.79822 0.43702 0.80371 0.44320 0.80371 0.45144 0.81836 0.45762 0.82202 0.47308 0.82019 0.48235 0.81836 0.48441 0.81470 0.52356 0.81470 0.52665 0.80920 0.52665 0.79822 0.50707 0.77808 0.50192 0.76892 0.50192 0.75793 0.49677 0.74878 0.49059 0.74878 0.48750 0.73962 0.48750 0.71399
7 0.24437 0.48328 0.24231 0.47595 0.24437 0.46496 0.24128 0.45947 0.23098 0.45947 0.22994 0.55652 0.22582 0.56384 0.22170 0.58948 0.22479 0.59497 0.25261 0.59314 0.25776 0.59131 0.26085 0.58582 0.26085 0.57483 0.25776 0.56568 0.24540 0.56568 0.24231 0.56018 0.24231 0.51990 0.24437 0.51623 0.24231 0.50891 0.24437 0.50159 0.24231 0.49426 0.24437 0.48328
6 0.59609 1.00000 0.58949 0.99414 0.57713 0.97583 0.54210 0.94287 0.48441 0.87695 0.47411 0.86963 0.44732 0.83301 0.42672 0.81470 0.41229 0.79639 0.39375 0.78174 0.38757 0.77075 0.36284 0.74878 0.33606 0.71582 0.31339 0.69751 0.30103 0.67920 0.29691 0.67554 0.27424 0.67554 0.27424 0.67188 0.29588 0.67004 0.29073 0.65723 0.28043 0.64990 0.27630 0.64258 0.26806 0.63892 0.23922 0.60596 0.22479 0.59863 0.21449 0.58398 0.19801 0.56934 0.19183 0.55835 0.17740 0.54736 0.16298 0.52905 0.13413 0.52539 0.13207 0.52173 0.03317 0.52173 0.03111 0.51807 0.02905 0.52173 0.01875 0.52173 0.01669 0.52539 0.00227 0.52539 0.00000 0.52827 0.00000 1.00000 0.59609 1.00000
1 0.48750 0.71399 0.50295 0.70117 0.51428 0.68469 0.52047 0.66638 0.52253 0.64441 0.52459 0.64075 0.52253 0.60779 0.51635 0.57849 0.50913 0.56568 0.49471 0.55103 0.47411 0.55103 0.46793 0.55469 0.45659 0.57117 0.44835 0.59314 0.44217 0.61877 0.44217 0.65539 0.44423 0.66638 0.44835 0.68103 0.45968 0.70117 0.46587 0.70484 0.47102 0.71399 0.47102 0.73962 0.46380 0.75611 0.45968 0.75611 0.45659 0.76160 0.45350 0.77441 0.43496 0.77808 0.43187 0.78357 0.43393 0.79455 0.43187 0.79822 0.43702 0.80371 0.44320 0.80371 0.45144 0.81836 0.45762 0.82202 0.47308 0.82019 0.48235 0.81836 0.48441 0.81470 0.52356 0.81470 0.52665 0.80920 0.52665 0.79822 0.50707 0.77808 0.50192 0.76892 0.50192 0.75793 0.49677 0.74878 0.49059 0.74878 0.48750 0.73962 0.48750 0.71399
7 0.24437 0.48328 0.24231 0.47595 0.24437 0.46496 0.24128 0.45947 0.23098 0.45947 0.22994 0.55652 0.22582 0.56384 0.22170 0.58948 0.22479 0.59497 0.25261 0.59314 0.25776 0.59131 0.26085 0.58582 0.26085 0.57483 0.25776 0.56568 0.24540 0.56568 0.24231 0.56018 0.24231 0.51990 0.24437 0.51623 0.24231 0.50891 0.24437 0.50159 0.24231 0.49426 0.24437 0.48328
