6 0.37759 0.84623 0.37723 0.84071 0.37560 0.84580 0.37759 0.84623
6 0.74146 1.00000 0.73080 0.99153 0.72211 0.97880 0.71058 0.97274 0.70744 0.96482 0.68837 0.95354 0.68324 0.94519 0.67726 0.94393 0.67014 0.93517 0.66218 0.93349 0.65505 0.92473 0.63954 0.91782 0.62330 0.89988 0.60382 0.89214 0.58915 0.87816 0.56766 0.86999 0.56609 0.86603 0.54859 0.85871 0.53948 0.84953 0.52753 0.84701 0.52596 0.84305 0.51799 0.84137 0.51643 0.83740 0.50846 0.83572 0.49735 0.82612 0.48341 0.82318 0.48184 0.81922 0.46036 0.81106 0.45125 0.80188 0.40430 0.78471 0.40273 0.78075 0.39277 0.77865 0.39120 0.77469 0.36930 0.77007 0.36772 0.76611 0.35379 0.76316 0.35221 0.75920 0.33628 0.75584 0.32717 0.74666 0.27739 0.73616 0.27582 0.73220 0.19659 0.71185 0.19501 0.70789 0.18506 0.70579 0.18265 0.70891 0.17028 0.70993 0.16503 0.71971 0.16226 0.71731 0.16509 0.71065 0.16472 0.70513 0.04326 0.67950 0.03770 0.67470 0.03529 0.67782 0.00144 0.67068 0.00000 0.67254 0.00000 0.89889 0.48394 1.00000 0.74146 1.00000
6 0.37759 0.84623 0.37723 0.84071 0.37560 0.84580 0.37759 0.84623
6 0.74146 1.00000 0.73080 0.99153 0.72211 0.97880 0.71058 0.97274 0.70744 0.96482 0.68837 0.95354 0.68324 0.94519 0.67726 0.94393 0.67014 0.93517 0.66218 0.93349 0.65505 0.92473 0.63954 0.91782 0.62330 0.89988 0.60382 0.89214 0.58915 0.87816 0.56766 0.86999 0.56609 0.86603 0.54859 0.85871 0.53948 0.84953 0.52753 0.84701 0.52596 0.84305 0.51799 0.84137 0.51643 0.83740 0.50846 0.83572 0.49735 0.82612 0.48341 0.82318 0.48184 0.81922 0.46036 0.81106 0.45125 0.80188 0.40430 0.78471 0.40273 0.78075 0.39277 0.77865 0.39120 0.77469 0.36930 0.77007 0.36772 0.76611 0.35379 0.76316 0.35221 0.75920 0.33628 0.75584 0.32717 0.74666 0.27739 0.73616 0.27582 0.73220 0.19659 0.71185 0.19501 0.70789 0.18506 0.70579 0.18265 0.70891 0.17028 0.70993 0.16503 0.71971 0.16226 0.71731 0.16509 0.71065 0.16472 0.70513 0.04326 0.67950 0.03770 0.67470 0.03529 0.67782 0.00144 0.67068 0.00000 0.67254 0.00000 0.89889 0.48394 1.00000 0.74146 1.00000
6 0.37759 0.84623 0.37723 0.84071 0.37560 0.84580 0.37759 0.84623
6 0.74146 1.00000 0.73080 0.99153 0.72211 0.97880 0.71058 0.97274 0.70744 0.96482 0.68837 0.95354 0.68324 0.94519 0.67726 0.94393 0.67014 0.93517 0.66218 0.93349 0.65505 0.92473 0.63954 0.91782 0.62330 0.89988 0.60382 0.89214 0.58915 0.87816 0.56766 0.86999 0.56609 0.86603 0.54859 0.85871 0.53948 0.84953 0.52753 0.84701 0.52596 0.84305 0.51799 0.84137 0.51643 0.83740 0.50846 0.83572 0.49735 0.82612 0.48341 0.82318 0.48184 0.81922 0.46036 0.81106 0.45125 0.80188 0.40430 0.78471 0.40273 0.78075 0.39277 0.77865 0.39120 0.77469 0.36930 0.77007 0.36772 0.76611 0.35379 0.76316 0.35221 0.75920 0.33628 0.75584 0.32717 0.74666 0.27739 0.73616 0.27582 0.73220 0.19659 0.71185 0.19501 0.70789 0.18506 0.70579 0.18265 0.70891 0.17028 0.70993 0.16503 0.71971 0.16226 0.71731 0.16509 0.71065 0.16472 0.70513 0.04326 0.67950 0.03770 0.67470 0.03529 0.67782 0.00144 0.67068 0.00000 0.67254 0.00000 0.89889 0.48394 1.00000 0.74146 1.00000
6 0.37759 0.84623 0.37723 0.84071 0.37560 0.84580 0.37759 0.84623
6 0.74146 1.00000 0.73080 0.99153 0.72211 0.97880 0.71058 0.97274 0.70744 0.96482 0.68837 0.95354 0.68324 0.94519 0.67726 0.94393 0.67014 0.93517 0.66218 0.93349 0.65505 0.92473 0.63954 0.91782 0.62330 0.89988 0.60382 0.89214 0.58915 0.87816 0.56766 0.86999 0.56609 0.86603 0.54859 0.85871 0.53948 0.84953 0.52753 0.84701 0.52596 0.84305 0.51799 0.84137 0.51643 0.83740 0.50846 0.83572 0.49735 0.82612 0.48341 0.82318 0.48184 0.81922 0.46036 0.81106 0.45125 0.80188 0.40430 0.78471 0.40273 0.78075 0.39277 0.77865 0.39120 0.77469 0.36930 0.77007 0.36772 0.76611 0.35379 0.76316 0.35221 0.75920 0.33628 0.75584 0.32717 0.74666 0.27739 0.73616 0.27582 0.73220 0.19659 0.71185 0.19501 0.70789 0.18506 0.70579 0.18265 0.70891 0.17028 0.70993 0.16503 0.71971 0.16226 0.71731 0.16509 0.71065 0.16472 0.70513 0.04326 0.67950 0.03770 0.67470 0.03529 0.67782 0.00144 0.67068 0.00000 0.67254 0.00000 0.89889 0.48394 1.00000 0.74146 1.00000
6 0.37759 0.84623 0.37723 0.84071 0.37560 0.84580 0.37759 0.84623
6 0.74146 1.00000 0.73080 0.99153 0.72211 0.97880 0.71058 0.97274 0.70744 0.96482 0.68837 0.95354 0.68324 0.94519 0.67726 0.94393 0.67014 0.93517 0.66218 0.93349 0.65505 0.92473 0.63954 0.91782 0.62330 0.89988 0.60382 0.89214 0.58915 0.87816 0.56766 0.86999 0.56609 0.86603 0.54859 0.85871 0.53948 0.84953 0.52753 0.84701 0.52596 0.84305 0.51799 0.84137 0.51643 0.83740 0.50846 0.83572 0.49735 0.82612 0.48341 0.82318 0.48184 0.81922 0.46036 0.81106 0.45125 0.80188 0.40430 0.78471 0.40273 0.78075 0.39277 0.77865 0.39120 0.77469 0.36930 0.77007 0.36772 0.76611 0.35379 0.76316 0.35221 0.75920 0.33628 0.75584 0.32717 0.74666 0.27739 0.73616 0.27582 0.73220 0.19659 0.71185 0.19501 0.70789 0.18506 0.70579 0.18265 0.70891 0.17028 0.70993 0.16503 0.71971 0.16226 0.71731 0.16509 0.71065 0.16472 0.70513 0.04326 0.67950 0.03770 0.67470 0.03529 0.67782 0.00144 0.67068 0.00000 0.67254 0.00000 0.89889 0.48394 1.00000 0.74146 1.00000
6 0.37759 0.84623 0.37723 0.84071 0.37560 0.84580 0.37759 0.84623
6 0.74146 1.00000 0.73080 0.99153 0.72211 0.97880 0.71058 0.97274 0.70744 0.96482 0.68837 0.95354 0.68324 0.94519 0.67726 0.94393 0.67014 0.93517 0.66218 0.93349 0.65505 0.92473 0.63954 0.91782 0.62330 0.89988 0.60382 0.89214 0.58915 0.87816 0.56766 0.86999 0.56609 0.86603 0.54859 0.85871 0.53948 0.84953 0.52753 0.84701 0.52596 0.84305 0.51799 0.84137 0.51643 0.83740 0.50846 0.83572 0.49735 0.82612 0.48341 0.82318 0.48184 0.81922 0.46036 0.81106 0.45125 0.80188 0.40430 0.78471 0.40273 0.78075 0.39277 0.77865 0.39120 0.77469 0.36930 0.77007 0.36772 0.76611 0.35379 0.76316 0.35221 0.75920 0.33628 0.75584 0.32717 0.74666 0.27739 0.73616 0.27582 0.73220 0.19659 0.71185 0.19501 0.70789 0.18506 0.70579 0.18265 0.70891 0.17028 0.70993 0.16503 0.71971 0.16226 0.71731 0.16509 0.71065 0.16472 0.70513 0.04326 0.67950 0.03770 0.67470 0.03529 0.67782 0.00144 0.67068 0.00000 0.67254 0.00000 0.89889 0.48394 1.00000 0.74146 1.00000
