6 0.00000 0.00000 0.00000 0.06958 0.18824 0.04084 0.32232 0.82318 0.32753 0.91345 0.29889 0.99677 1.00000 0.99479 1.00000 0.40192 0.69463 0.17073 0.48635 0.00000 0.00000 0.00000
5 0.65723 0.00000 0.67248 0.04528 0.64920 0.09666 0.63684 0.11436 0.67409 0.13805 0.72386 0.12093 0.72345 0.09880 0.70138 0.09452 0.69629 0.02430 0.70508 0.00521 0.70410 0.00000 0.65723 0.00000
6 0.00000 0.00000 0.00000 0.06958 0.18824 0.04084 0.32232 0.82318 0.32753 0.91345 0.29889 0.99677 1.00000 0.99479 1.00000 0.40192 0.69463 0.17073 0.48635 0.00000 0.00000 0.00000
5 0.65723 0.00000 0.67248 0.04528 0.64920 0.09666 0.63684 0.11436 0.67409 0.13805 0.72386 0.12093 0.72345 0.09880 0.70138 0.09452 0.69629 0.02430 0.70508 0.00521 0.70410 0.00000 0.65723 0.00000
6 0.00000 0.00000 0.00000 0.06958 0.18824 0.04084 0.32232 0.82318 0.32753 0.91345 0.29889 0.99677 1.00000 0.99479 1.00000 0.40192 0.69463 0.17073 0.48635 0.00000 0.00000 0.00000
5 0.65723 0.00000 0.67248 0.04528 0.64920 0.09666 0.63684 0.11436 0.67409 0.13805 0.72386 0.12093 0.72345 0.09880 0.70138 0.09452 0.69629 0.02430 0.70508 0.00521 0.70410 0.00000 0.65723 0.00000
6 0.00000 0.00000 0.00000 0.06958 0.18824 0.04084 0.32232 0.82318 0.32753 0.91345 0.29889 0.99677 1.00000 0.99479 1.00000 0.40192 0.69463 0.17073 0.48635 0.00000 0.00000 0.00000
5 0.65723 0.00000 0.67248 0.04528 0.64920 0.09666 0.63684 0.11436 0.67409 0.13805 0.72386 0.12093 0.72345 0.09880 0.70138 0.09452 0.69629 0.02430 0.70508 0.00521 0.70410 0.00000 0.65723 0.00000
6 0.00000 0.00000 0.00000 0.06958 0.18824 0.04084 0.32232 0.82318 0.32753 0.91345 0.29889 0.99677 1.00000 0.99479 1.00000 0.40192 0.69463 0.17073 0.48635 0.00000 0.00000 0.00000
5 0.65723 0.00000 0.67248 0.04528 0.64920 0.09666 0.63684 0.11436 0.67409 0.13805 0.72386 0.12093 0.72345 0.09880 0.70138 0.09452 0.69629 0.02430 0.70508 0.00521 0.70410 0.00000 0.65723 0.00000
