6 0.00000 0.98845 0.26726 0.99466 0.24630 0.97743 0.22122 0.96184 0.21084 0.95035 0.20035 0.94635 0.19413 0.93871 0.18365 0.93471 0.17743 0.92707 0.16695 0.92307 0.16073 0.91543 0.15024 0.91143 0.13986 0.89994 0.10435 0.87661 0.08152 0.84982 0.01882 0.81086 0.00843 0.79937 0.00000 0.79569 0.00000 0.98845
5 0.21540 0.84207 0.18977 0.83039 0.18966 0.80427 0.17590 0.80237 0.17287 0.76193 0.19126 0.75048 0.20880 0.70102 0.20883 0.63137 0.18481 0.59757 0.15627 0.60403 0.13442 0.64230 0.13311 0.64069 0.12718 0.71971 0.15677 0.76947 0.16020 0.81308 0.14161 0.80632 0.13361 0.84017 0.11268 0.84205 0.10791 0.86727 0.14846 0.89434 0.21285 0.86734 0.21540 0.84207
6 0.00000 0.98845 0.26726 0.99466 0.24630 0.97743 0.22122 0.96184 0.21084 0.95035 0.20035 0.94635 0.19413 0.93871 0.18365 0.93471 0.17743 0.92707 0.16695 0.92307 0.16073 0.91543 0.15024 0.91143 0.13986 0.89994 0.10435 0.87661 0.08152 0.84982 0.01882 0.81086 0.00843 0.79937 0.00000 0.79569 0.00000 0.98845
5 0.21540 0.84207 0.18977 0.83039 0.18966 0.80427 0.17590 0.80237 0.17287 0.76193 0.19126 0.75048 0.20880 0.70102 0.20883 0.63137 0.18481 0.59757 0.15627 0.60403 0.13442 0.64230 0.13311 0.64069 0.12718 0.71971 0.15677 0.76947 0.16020 0.81308 0.14161 0.80632 0.13361 0.84017 0.11268 0.84205 0.10791 0.86727 0.14846 0.89434 0.21285 0.86734 0.21540 0.84207
6 0.00000 0.98845 0.26726 0.99466 0.24630 0.97743 0.22122 0.96184 0.21084 0.95035 0.20035 0.94635 0.19413 0.93871 0.18365 0.93471 0.17743 0.92707 0.16695 0.92307 0.16073 0.91543 0.15024 0.91143 0.13986 0.89994 0.10435 0.87661 0.08152 0.84982 0.01882 0.81086 0.00843 0.79937 0.00000 0.79569 0.00000 0.98845
5 0.21540 0.84207 0.18977 0.83039 0.18966 0.80427 0.17590 0.80237 0.17287 0.76193 0.19126 0.75048 0.20880 0.70102 0.20883 0.63137 0.18481 0.59757 0.15627 0.60403 0.13442 0.64230 0.13311 0.64069 0.12718 0.71971 0.15677 0.76947 0.16020 0.81308 0.14161 0.80632 0.13361 0.84017 0.11268 0.84205 0.10791 0.86727 0.14846 0.89434 0.21285 0.86734 0.21540 0.84207
6 0.00000 0.98845 0.26726 0.99466 0.24630 0.97743 0.22122 0.96184 0.21084 0.95035 0.20035 0.94635 0.19413 0.93871 0.18365 0.93471 0.17743 0.92707 0.16695 0.92307 0.16073 0.91543 0.15024 0.91143 0.13986 0.89994 0.10435 0.87661 0.08152 0.84982 0.01882 0.81086 0.00843 0.79937 0.00000 0.79569 0.00000 0.98845
5 0.21540 0.84207 0.18977 0.83039 0.18966 0.80427 0.17590 0.80237 0.17287 0.76193 0.19126 0.75048 0.20880 0.70102 0.20883 0.63137 0.18481 0.59757 0.15627 0.60403 0.13442 0.64230 0.13311 0.64069 0.12718 0.71971 0.15677 0.76947 0.16020 0.81308 0.14161 0.80632 0.13361 0.84017 0.11268 0.84205 0.10791 0.86727 0.14846 0.89434 0.21285 0.86734 0.21540 0.84207
6 0.00000 0.98845 0.26726 0.99466 0.24630 0.97743 0.22122 0.96184 0.21084 0.95035 0.20035 0.94635 0.19413 0.93871 0.18365 0.93471 0.17743 0.92707 0.16695 0.92307 0.16073 0.91543 0.15024 0.91143 0.13986 0.89994 0.10435 0.87661 0.08152 0.84982 0.01882 0.81086 0.00843 0.79937 0.00000 0.79569 0.00000 0.98845
5 0.21540 0.84207 0.18977 0.83039 0.18966 0.80427 0.17590 0.80237 0.17287 0.76193 0.19126 0.75048 0.20880 0.70102 0.20883 0.63137 0.18481 0.59757 0.15627 0.60403 0.13442 0.64230 0.13311 0.64069 0.12718 0.71971 0.15677 0.76947 0.16020 0.81308 0.14161 0.80632 0.13361 0.84017 0.11268 0.84205 0.10791 0.86727 0.14846 0.89434 0.21285 0.86734 0.21540 0.84207
6 0.00000 0.98845 0.26726 0.99466 0.24630 0.97743 0.22122 0.96184 0.21084 0.95035 0.20035 0.94635 0.19413 0.93871 0.18365 0.93471 0.17743 0.92707 0.16695 0.92307 0.16073 0.91543 0.15024 0.91143 0.13986 0.89994 0.10435 0.87661 0.08152 0.84982 0.01882 0.81086 0.00843 0.79937 0.00000 0.79569 0.00000 0.98845
5 0.21540 0.84207 0.18977 0.83039 0.18966 0.80427 0.17590 0.80237 0.17287 0.76193 0.19126 0.75048 0.20880 0.70102 0.20883 0.63137 0.18481 0.59757 0.15627 0.60403 0.13442 0.64230 0.13311 0.64069 0.12718 0.71971 0.15677 0.76947 0.16020 0.81308 0.14161 0.80632 0.13361 0.84017 0.11268 0.84205 0.10791 0.86727 0.14846 0.89434 0.21285 0.86734 0.21540 0.84207
