6 1.00000 0.31812 0.85737 0.23064 0.70087 0.17462 0.51211 0.15749 0.00000 0.03019 0.00000 0.41441 0.22050 0.55561 0.26606 0.70143 0.00909 1.00000 0.68652 0.99421 1.00000 0.98900 1.00000 0.31812
5 0.31593 0.03885 0.31236 0.01157 0.32021 0.00777 0.32200 0.00000 0.29309 0.00079 0.29916 0.00967 0.30237 0.04520 0.29309 0.05788 0.29595 0.07121 0.27383 0.07502 0.27311 0.09024 0.31557 0.10229 0.35233 0.08199 0.34983 0.06106 0.32985 0.05788 0.32664 0.03885 0.31593 0.03885
6 1.00000 0.31812 0.85737 0.23064 0.70087 0.17462 0.51211 0.15749 0.00000 0.03019 0.00000 0.41441 0.22050 0.55561 0.26606 0.70143 0.00909 1.00000 0.68652 0.99421 1.00000 0.98900 1.00000 0.31812
5 0.31593 0.03885 0.31236 0.01157 0.32021 0.00777 0.32200 0.00000 0.29309 0.00079 0.29916 0.00967 0.30237 0.04520 0.29309 0.05788 0.29595 0.07121 0.27383 0.07502 0.27311 0.09024 0.31557 0.10229 0.35233 0.08199 0.34983 0.06106 0.32985 0.05788 0.32664 0.03885 0.31593 0.03885
6 1.00000 0.31812 0.85737 0.23064 0.70087 0.17462 0.51211 0.15749 0.00000 0.03019 0.00000 0.41441 0.22050 0.55561 0.26606 0.70143 0.00909 1.00000 0.68652 0.99421 1.00000 0.98900 1.00000 0.31812
5 0.31593 0.03885 0.31236 0.01157 0.32021 0.00777 0.32200 0.00000 0.29309 0.00079 0.29916 0.00967 0.30237 0.04520 0.29309 0.05788 0.29595 0.07121 0.27383 0.07502 0.27311 0.09024 0.31557 0.10229 0.35233 0.08199 0.34983 0.06106 0.32985 0.05788 0.32664 0.03885 0.31593 0.03885
6 1.00000 0.31812 0.85737 0.23064 0.70087 0.17462 0.51211 0.15749 0.00000 0.03019 0.00000 0.41441 0.22050 0.55561 0.26606 0.70143 0.00909 1.00000 0.68652 0.99421 1.00000 0.98900 1.00000 0.31812
5 0.31593 0.03885 0.31236 0.01157 0.32021 0.00777 0.32200 0.00000 0.29309 0.00079 0.29916 0.00967 0.30237 0.04520 0.29309 0.05788 0.29595 0.07121 0.27383 0.07502 0.27311 0.09024 0.31557 0.10229 0.35233 0.08199 0.34983 0.06106 0.32985 0.05788 0.32664 0.03885 0.31593 0.03885
6 1.00000 0.31812 0.85737 0.23064 0.70087 0.17462 0.51211 0.15749 0.00000 0.03019 0.00000 0.41441 0.22050 0.55561 0.26606 0.70143 0.00909 1.00000 0.68652 0.99421 1.00000 0.98900 1.00000 0.31812
5 0.31593 0.03885 0.31236 0.01157 0.32021 0.00777 0.32200 0.00000 0.29309 0.00079 0.29916 0.00967 0.30237 0.04520 0.29309 0.05788 0.29595 0.07121 0.27383 0.07502 0.27311 0.09024 0.31557 0.10229 0.35233 0.08199 0.34983 0.06106 0.32985 0.05788 0.32664 0.03885 0.31593 0.03885
6 1.00000 0.31812 0.85737 0.23064 0.70087 0.17462 0.51211 0.15749 0.00000 0.03019 0.00000 0.41441 0.22050 0.55561 0.26606 0.70143 0.00909 1.00000 0.68652 0.99421 1.00000 0.98900 1.00000 0.31812
5 0.31593 0.03885 0.31236 0.01157 0.32021 0.00777 0.32200 0.00000 0.29309 0.00079 0.29916 0.00967 0.30237 0.04520 0.29309 0.05788 0.29595 0.07121 0.27383 0.07502 0.27311 0.09024 0.31557 0.10229 0.35233 0.08199 0.34983 0.06106 0.32985 0.05788 0.32664 0.03885 0.31593 0.03885
