6 0.00000 0.98845 0.20028 0.99311 0.19983 0.99055 0.18068 0.97865 0.16587 0.96303 0.13394 0.94319 0.08940 0.90396 0.07657 0.89984 0.04685 0.87623 0.04041 0.87608 0.03408 0.86830 0.00000 0.84712 0.00000 0.98845
2 0.09623 0.79145 0.09648 0.77236 0.11455 0.70403 0.11933 0.66595 0.12153 0.66218 0.12178 0.64309 0.11654 0.63342 0.05853 0.63971 0.05633 0.64348 0.04346 0.64318 0.03803 0.64878 0.03783 0.66405 0.05040 0.68726 0.06481 0.73343 0.07728 0.76427 0.07678 0.80245 0.07887 0.80632 0.07553 0.81579 0.07124 0.81569 0.06356 0.82888 0.06550 0.84420 0.06221 0.84986 0.04495 0.85709 0.04370 0.87043 0.04685 0.87623 0.05757 0.87648 0.07034 0.88442 0.07787 0.88268 0.08765 0.87336 0.10272 0.86989 0.12437 0.85512 0.13723 0.85542 0.14277 0.84218 0.14282 0.83836 0.13544 0.82864 0.12043 0.82829 0.11619 0.82437 0.11000 0.80514 0.10142 0.80493 0.09623 0.79145
6 0.00000 0.98845 0.20028 0.99311 0.19983 0.99055 0.18068 0.97865 0.16587 0.96303 0.13394 0.94319 0.08940 0.90396 0.07657 0.89984 0.04685 0.87623 0.04041 0.87608 0.03408 0.86830 0.00000 0.84712 0.00000 0.98845
2 0.09623 0.79145 0.09648 0.77236 0.11455 0.70403 0.11933 0.66595 0.12153 0.66218 0.12178 0.64309 0.11654 0.63342 0.05853 0.63971 0.05633 0.64348 0.04346 0.64318 0.03803 0.64878 0.03783 0.66405 0.05040 0.68726 0.06481 0.73343 0.07728 0.76427 0.07678 0.80245 0.07887 0.80632 0.07553 0.81579 0.07124 0.81569 0.06356 0.82888 0.06550 0.84420 0.06221 0.84986 0.04495 0.85709 0.04370 0.87043 0.04685 0.87623 0.05757 0.87648 0.07034 0.88442 0.07787 0.88268 0.08765 0.87336 0.10272 0.86989 0.12437 0.85512 0.13723 0.85542 0.14277 0.84218 0.14282 0.83836 0.13544 0.82864 0.12043 0.82829 0.11619 0.82437 0.11000 0.80514 0.10142 0.80493 0.09623 0.79145
6 0.00000 0.98845 0.20028 0.99311 0.19983 0.99055 0.18068 0.97865 0.16587 0.96303 0.13394 0.94319 0.08940 0.90396 0.07657 0.89984 0.04685 0.87623 0.04041 0.87608 0.03408 0.86830 0.00000 0.84712 0.00000 0.98845
2 0.09623 0.79145 0.09648 0.77236 0.11455 0.70403 0.11933 0.66595 0.12153 0.66218 0.12178 0.64309 0.11654 0.63342 0.05853 0.63971 0.05633 0.64348 0.04346 0.64318 0.03803 0.64878 0.03783 0.66405 0.05040 0.68726 0.06481 0.73343 0.07728 0.76427 0.07678 0.80245 0.07887 0.80632 0.07553 0.81579 0.07124 0.81569 0.06356 0.82888 0.06550 0.84420 0.06221 0.84986 0.04495 0.85709 0.04370 0.87043 0.04685 0.87623 0.05757 0.87648 0.07034 0.88442 0.07787 0.88268 0.08765 0.87336 0.10272 0.86989 0.12437 0.85512 0.13723 0.85542 0.14277 0.84218 0.14282 0.83836 0.13544 0.82864 0.12043 0.82829 0.11619 0.82437 0.11000 0.80514 0.10142 0.80493 0.09623 0.79145
6 0.00000 0.98845 0.20028 0.99311 0.19983 0.99055 0.18068 0.97865 0.16587 0.96303 0.13394 0.94319 0.08940 0.90396 0.07657 0.89984 0.04685 0.87623 0.04041 0.87608 0.03408 0.86830 0.00000 0.84712 0.00000 0.98845
2 0.09623 0.79145 0.09648 0.77236 0.11455 0.70403 0.11933 0.66595 0.12153 0.66218 0.12178 0.64309 0.11654 0.63342 0.05853 0.63971 0.05633 0.64348 0.04346 0.64318 0.03803 0.64878 0.03783 0.66405 0.05040 0.68726 0.06481 0.73343 0.07728 0.76427 0.07678 0.80245 0.07887 0.80632 0.07553 0.81579 0.07124 0.81569 0.06356 0.82888 0.06550 0.84420 0.06221 0.84986 0.04495 0.85709 0.04370 0.87043 0.04685 0.87623 0.05757 0.87648 0.07034 0.88442 0.07787 0.88268 0.08765 0.87336 0.10272 0.86989 0.12437 0.85512 0.13723 0.85542 0.14277 0.84218 0.14282 0.83836 0.13544 0.82864 0.12043 0.82829 0.11619 0.82437 0.11000 0.80514 0.10142 0.80493 0.09623 0.79145
6 0.00000 0.98845 0.20028 0.99311 0.19983 0.99055 0.18068 0.97865 0.16587 0.96303 0.13394 0.94319 0.08940 0.90396 0.07657 0.89984 0.04685 0.87623 0.04041 0.87608 0.03408 0.86830 0.00000 0.84712 0.00000 0.98845
2 0.09623 0.79145 0.09648 0.77236 0.11455 0.70403 0.11933 0.66595 0.12153 0.66218 0.12178 0.64309 0.11654 0.63342 0.05853 0.63971 0.05633 0.64348 0.04346 0.64318 0.03803 0.64878 0.03783 0.66405 0.05040 0.68726 0.06481 0.73343 0.07728 0.76427 0.07678 0.80245 0.07887 0.80632 0.07553 0.81579 0.07124 0.81569 0.06356 0.82888 0.06550 0.84420 0.06221 0.84986 0.04495 0.85709 0.04370 0.87043 0.04685 0.87623 0.05757 0.87648 0.07034 0.88442 0.07787 0.88268 0.08765 0.87336 0.10272 0.86989 0.12437 0.85512 0.13723 0.85542 0.14277 0.84218 0.14282 0.83836 0.13544 0.82864 0.12043 0.82829 0.11619 0.82437 0.11000 0.80514 0.10142 0.80493 0.09623 0.79145
6 0.00000 0.98845 0.20028 0.99311 0.19983 0.99055 0.18068 0.97865 0.16587 0.96303 0.13394 0.94319 0.08940 0.90396 0.07657 0.89984 0.04685 0.87623 0.04041 0.87608 0.03408 0.86830 0.00000 0.84712 0.00000 0.98845
2 0.09623 0.79145 0.09648 0.77236 0.11455 0.70403 0.11933 0.66595 0.12153 0.66218 0.12178 0.64309 0.11654 0.63342 0.05853 0.63971 0.05633 0.64348 0.04346 0.64318 0.03803 0.64878 0.03783 0.66405 0.05040 0.68726 0.06481 0.73343 0.07728 0.76427 0.07678 0.80245 0.07887 0.80632 0.07553 0.81579 0.07124 0.81569 0.06356 0.82888 0.06550 0.84420 0.06221 0.84986 0.04495 0.85709 0.04370 0.87043 0.04685 0.87623 0.05757 0.87648 0.07034 0.88442 0.07787 0.88268 0.08765 0.87336 0.10272 0.86989 0.12437 0.85512 0.13723 0.85542 0.14277 0.84218 0.14282 0.83836 0.13544 0.82864 0.12043 0.82829 0.11619 0.82437 0.11000 0.80514 0.10142 0.80493 0.09623 0.79145
