7 0.81055 0.15452 0.81055 0.17535 0.81250 0.18577 0.81641 0.18577 0.81836 0.17882 0.82031 0.13715 0.81543 0.12847 0.81055 0.15452
7 0.78809 0.17014 0.79004 0.17708 0.79492 0.17188 0.79492 0.16146 0.79687 0.15798 0.79492 0.15452 0.79492 0.14062 0.79687 0.13715 0.79883 0.09202 0.80078 0.08854 0.80469 0.02257 0.80664 0.01910 0.80566 0.00000 0.78906 0.00173 0.78125 0.12673 0.78418 0.13542 0.79101 0.14062 0.78027 0.15278 0.77637 0.15278 0.77539 0.13715 0.76953 0.13715 0.76758 0.15798 0.76562 0.16146 0.76562 0.17535 0.76855 0.18055 0.77148 0.17882 0.77148 0.17188 0.77539 0.16493 0.77637 0.15625 0.78809 0.17014
6 1.00000 0.57870 0.69792 0.02778 0.52865 0.02778 0.47526 0.16204 0.29297 0.15046 0.28906 0.18055 0.29036 0.24305 0.29297 0.24537 0.29687 0.26389 0.32682 0.26157 0.33073 0.29630 0.42578 0.31018 0.18750 1.00000 1.00000 1.00000 1.00000 0.57870
6 0.00000 0.26389 0.23307 0.28935 0.25391 0.27083 0.26302 0.26389 0.27604 0.25000 0.26823 0.22222 0.25130 0.15046 0.00000 0.12963 0.00000 0.26389
7 0.44049 0.00000 0.43862 0.11269 0.42766 0.13123 0.42818 0.14514 0.47098 0.15349 0.48507 0.12567 0.48090 0.10156 0.47724 0.09693 0.47881 0.00000 0.44049 0.00000
7 0.81055 0.15452 0.81055 0.17535 0.81250 0.18577 0.81641 0.18577 0.81836 0.17882 0.82031 0.13715 0.81543 0.12847 0.81055 0.15452
7 0.78809 0.17014 0.79004 0.17708 0.79492 0.17188 0.79492 0.16146 0.79687 0.15798 0.79492 0.15452 0.79492 0.14062 0.79687 0.13715 0.79883 0.09202 0.80078 0.08854 0.80469 0.02257 0.80664 0.01910 0.80566 0.00000 0.78906 0.00173 0.78125 0.12673 0.78418 0.13542 0.79101 0.14062 0.78027 0.15278 0.77637 0.15278 0.77539 0.13715 0.76953 0.13715 0.76758 0.15798 0.76562 0.16146 0.76562 0.17535 0.76855 0.18055 0.77148 0.17882 0.77148 0.17188 0.77539 0.16493 0.77637 0.15625 0.78809 0.17014
6 1.00000 0.57870 0.69792 0.02778 0.52865 0.02778 0.47526 0.16204 0.29297 0.15046 0.28906 0.18055 0.29036 0.24305 0.29297 0.24537 0.29687 0.26389 0.32682 0.26157 0.33073 0.29630 0.42578 0.31018 0.18750 1.00000 1.00000 1.00000 1.00000 0.57870
6 0.00000 0.26389 0.23307 0.28935 0.25391 0.27083 0.26302 0.26389 0.27604 0.25000 0.26823 0.22222 0.25130 0.15046 0.00000 0.12963 0.00000 0.26389
7 0.44049 0.00000 0.43862 0.11269 0.42766 0.13123 0.42818 0.14514 0.47098 0.15349 0.48507 0.12567 0.48090 0.10156 0.47724 0.09693 0.47881 0.00000 0.44049 0.00000
7 0.81055 0.15452 0.81055 0.17535 0.81250 0.18577 0.81641 0.18577 0.81836 0.17882 0.82031 0.13715 0.81543 0.12847 0.81055 0.15452
7 0.78809 0.17014 0.79004 0.17708 0.79492 0.17188 0.79492 0.16146 0.79687 0.15798 0.79492 0.15452 0.79492 0.14062 0.79687 0.13715 0.79883 0.09202 0.80078 0.08854 0.80469 0.02257 0.80664 0.01910 0.80566 0.00000 0.78906 0.00173 0.78125 0.12673 0.78418 0.13542 0.79101 0.14062 0.78027 0.15278 0.77637 0.15278 0.77539 0.13715 0.76953 0.13715 0.76758 0.15798 0.76562 0.16146 0.76562 0.17535 0.76855 0.18055 0.77148 0.17882 0.77148 0.17188 0.77539 0.16493 0.77637 0.15625 0.78809 0.17014
6 1.00000 0.57870 0.69792 0.02778 0.52865 0.02778 0.47526 0.16204 0.29297 0.15046 0.28906 0.18055 0.29036 0.24305 0.29297 0.24537 0.29687 0.26389 0.32682 0.26157 0.33073 0.29630 0.42578 0.31018 0.18750 1.00000 1.00000 1.00000 1.00000 0.57870
6 0.00000 0.26389 0.23307 0.28935 0.25391 0.27083 0.26302 0.26389 0.27604 0.25000 0.26823 0.22222 0.25130 0.15046 0.00000 0.12963 0.00000 0.26389
7 0.44049 0.00000 0.43862 0.11269 0.42766 0.13123 0.42818 0.14514 0.47098 0.15349 0.48507 0.12567 0.48090 0.10156 0.47724 0.09693 0.47881 0.00000 0.44049 0.00000
