6 0.09130 0.00000 0.03083 0.00155 0.02486 0.09237 0.26849 0.08027 0.26640 0.11205 0.00633 0.94438 0.48361 1.00000 0.96907 1.00000 0.99405 0.61973 0.59172 0.05150 0.51711 0.01857 0.43248 0.00054 0.41528 0.00000 0.09130 0.00000
5 0.85718 0.27772 0.83923 0.28927 0.80099 0.30359 0.79693 0.32741 0.84455 0.38818 0.93439 0.37027 0.93634 0.34063 0.90676 0.30816 0.89848 0.27608 0.88829 0.27131 0.89023 0.23566 0.91470 0.22256 0.93482 0.17720 0.93988 0.16308 0.95248 0.07795 0.94145 0.04954 0.87942 0.04231 0.85324 0.08550 0.84374 0.11641 0.83656 0.17853 0.84651 0.20129 0.86653 0.24032 0.85718 0.27772
6 0.09130 0.00000 0.03083 0.00155 0.02486 0.09237 0.26849 0.08027 0.26640 0.11205 0.00633 0.94438 0.48361 1.00000 0.96907 1.00000 0.99405 0.61973 0.59172 0.05150 0.51711 0.01857 0.43248 0.00054 0.41528 0.00000 0.09130 0.00000
5 0.85718 0.27772 0.83923 0.28927 0.80099 0.30359 0.79693 0.32741 0.84455 0.38818 0.93439 0.37027 0.93634 0.34063 0.90676 0.30816 0.89848 0.27608 0.88829 0.27131 0.89023 0.23566 0.91470 0.22256 0.93482 0.17720 0.93988 0.16308 0.95248 0.07795 0.94145 0.04954 0.87942 0.04231 0.85324 0.08550 0.84374 0.11641 0.83656 0.17853 0.84651 0.20129 0.86653 0.24032 0.85718 0.27772
6 0.09130 0.00000 0.03083 0.00155 0.02486 0.09237 0.26849 0.08027 0.26640 0.11205 0.00633 0.94438 0.48361 1.00000 0.96907 1.00000 0.99405 0.61973 0.59172 0.05150 0.51711 0.01857 0.43248 0.00054 0.41528 0.00000 0.09130 0.00000
5 0.85718 0.27772 0.83923 0.28927 0.80099 0.30359 0.79693 0.32741 0.84455 0.38818 0.93439 0.37027 0.93634 0.34063 0.90676 0.30816 0.89848 0.27608 0.88829 0.27131 0.89023 0.23566 0.91470 0.22256 0.93482 0.17720 0.93988 0.16308 0.95248 0.07795 0.94145 0.04954 0.87942 0.04231 0.85324 0.08550 0.84374 0.11641 0.83656 0.17853 0.84651 0.20129 0.86653 0.24032 0.85718 0.27772
6 0.09130 0.00000 0.03083 0.00155 0.02486 0.09237 0.26849 0.08027 0.26640 0.11205 0.00633 0.94438 0.48361 1.00000 0.96907 1.00000 0.99405 0.61973 0.59172 0.05150 0.51711 0.01857 0.43248 0.00054 0.41528 0.00000 0.09130 0.00000
5 0.85718 0.27772 0.83923 0.28927 0.80099 0.30359 0.79693 0.32741 0.84455 0.38818 0.93439 0.37027 0.93634 0.34063 0.90676 0.30816 0.89848 0.27608 0.88829 0.27131 0.89023 0.23566 0.91470 0.22256 0.93482 0.17720 0.93988 0.16308 0.95248 0.07795 0.94145 0.04954 0.87942 0.04231 0.85324 0.08550 0.84374 0.11641 0.83656 0.17853 0.84651 0.20129 0.86653 0.24032 0.85718 0.27772
6 0.09130 0.00000 0.03083 0.00155 0.02486 0.09237 0.26849 0.08027 0.26640 0.11205 0.00633 0.94438 0.48361 1.00000 0.96907 1.00000 0.99405 0.61973 0.59172 0.05150 0.51711 0.01857 0.43248 0.00054 0.41528 0.00000 0.09130 0.00000
5 0.85718 0.27772 0.83923 0.28927 0.80099 0.30359 0.79693 0.32741 0.84455 0.38818 0.93439 0.37027 0.93634 0.34063 0.90676 0.30816 0.89848 0.27608 0.88829 0.27131 0.89023 0.23566 0.91470 0.22256 0.93482 0.17720 0.93988 0.16308 0.95248 0.07795 0.94145 0.04954 0.87942 0.04231 0.85324 0.08550 0.84374 0.11641 0.83656 0.17853 0.84651 0.20129 0.86653 0.24032 0.85718 0.27772
6 0.09130 0.00000 0.03083 0.00155 0.02486 0.09237 0.26849 0.08027 0.26640 0.11205 0.00633 0.94438 0.48361 1.00000 0.96907 1.00000 0.99405 0.61973 0.59172 0.05150 0.51711 0.01857 0.43248 0.00054 0.41528 0.00000 0.09130 0.00000
5 0.85718 0.27772 0.83923 0.28927 0.80099 0.30359 0.79693 0.32741 0.84455 0.38818 0.93439 0.37027 0.93634 0.34063 0.90676 0.30816 0.89848 0.27608 0.88829 0.27131 0.89023 0.23566 0.91470 0.22256 0.93482 0.17720 0.93988 0.16308 0.95248 0.07795 0.94145 0.04954 0.87942 0.04231 0.85324 0.08550 0.84374 0.11641 0.83656 0.17853 0.84651 0.20129 0.86653 0.24032 0.85718 0.27772
