1 0.37913 0.63409 0.37676 0.63081 0.37273 0.60946 0.36411 0.59436 0.35734 0.58814 0.33837 0.58390 0.33667 0.58785 0.32650 0.58951 0.32277 0.59379 0.31341 0.61550 0.30761 0.64212 0.30894 0.65657 0.30724 0.66052 0.31194 0.68910 0.31667 0.69566 0.31970 0.70617 0.33594 0.72552 0.33827 0.75082 0.33724 0.76199 0.33469 0.76791 0.32688 0.77286 0.32433 0.77877 0.32415 0.78798 0.31024 0.79392 0.30803 0.80345 0.31665 0.81855 0.32071 0.81788 0.33188 0.82706 0.34612 0.82473 0.34848 0.82801 0.35865 0.82635 0.36035 0.82240 0.36476 0.82535 0.36764 0.82304 0.39053 0.81380 0.39682 0.80360 0.39463 0.79112 0.37618 0.78130 0.37248 0.76356 0.36486 0.75931 0.35894 0.75111 0.35591 0.74060 0.35458 0.72614 0.37037 0.70705 0.38076 0.67418 0.37913 0.63409
6 0.52296 1.00000 0.54537 0.99634 0.50381 0.96767 0.49908 0.96111 0.49501 0.96178 0.47911 0.94604 0.41106 0.90214 0.40699 0.90281 0.39786 0.89330 0.38939 0.89102 0.38466 0.88445 0.35825 0.86677 0.34538 0.86153 0.30511 0.82777 0.29901 0.82877 0.26787 0.80452 0.24653 0.79700 0.20218 0.76391 0.18525 0.75934 0.15784 0.73081 0.14530 0.72919 0.13584 0.71607 0.11450 0.70855 0.07896 0.68135 0.07286 0.68235 0.05932 0.66989 0.05526 0.67055 0.04172 0.65810 0.03765 0.65876 0.02818 0.64564 0.02411 0.64630 0.00879 0.63604 0.04233 1.00000 0.52296 1.00000
7 0.10026 0.61001 0.09755 0.60311 0.09892 0.59555 0.09359 0.53773 0.06597 0.54042 0.07315 0.60711 0.07211 0.61828 0.07448 0.62156 0.07548 0.63240 0.07903 0.63732 0.09818 0.63236 0.10026 0.61001
1 0.37913 0.63409 0.37676 0.63081 0.37273 0.60946 0.36411 0.59436 0.35734 0.58814 0.33837 0.58390 0.33667 0.58785 0.32650 0.58951 0.32277 0.59379 0.31341 0.61550 0.30761 0.64212 0.30894 0.65657 0.30724 0.66052 0.31194 0.68910 0.31667 0.69566 0.31970 0.70617 0.33594 0.72552 0.33827 0.75082 0.33724 0.76199 0.33469 0.76791 0.32688 0.77286 0.32433 0.77877 0.32415 0.78798 0.31024 0.79392 0.30803 0.80345 0.31665 0.81855 0.32071 0.81788 0.33188 0.82706 0.34612 0.82473 0.34848 0.82801 0.35865 0.82635 0.36035 0.82240 0.36476 0.82535 0.36764 0.82304 0.39053 0.81380 0.39682 0.80360 0.39463 0.79112 0.37618 0.78130 0.37248 0.76356 0.36486 0.75931 0.35894 0.75111 0.35591 0.74060 0.35458 0.72614 0.37037 0.70705 0.38076 0.67418 0.37913 0.63409
6 0.52296 1.00000 0.54537 0.99634 0.50381 0.96767 0.49908 0.96111 0.49501 0.96178 0.47911 0.94604 0.41106 0.90214 0.40699 0.90281 0.39786 0.89330 0.38939 0.89102 0.38466 0.88445 0.35825 0.86677 0.34538 0.86153 0.30511 0.82777 0.29901 0.82877 0.26787 0.80452 0.24653 0.79700 0.20218 0.76391 0.18525 0.75934 0.15784 0.73081 0.14530 0.72919 0.13584 0.71607 0.11450 0.70855 0.07896 0.68135 0.07286 0.68235 0.05932 0.66989 0.05526 0.67055 0.04172 0.65810 0.03765 0.65876 0.02818 0.64564 0.02411 0.64630 0.00879 0.63604 0.04233 1.00000 0.52296 1.00000
7 0.10026 0.61001 0.09755 0.60311 0.09892 0.59555 0.09359 0.53773 0.06597 0.54042 0.07315 0.60711 0.07211 0.61828 0.07448 0.62156 0.07548 0.63240 0.07903 0.63732 0.09818 0.63236 0.10026 0.61001
1 0.37913 0.63409 0.37676 0.63081 0.37273 0.60946 0.36411 0.59436 0.35734 0.58814 0.33837 0.58390 0.33667 0.58785 0.32650 0.58951 0.32277 0.59379 0.31341 0.61550 0.30761 0.64212 0.30894 0.65657 0.30724 0.66052 0.31194 0.68910 0.31667 0.69566 0.31970 0.70617 0.33594 0.72552 0.33827 0.75082 0.33724 0.76199 0.33469 0.76791 0.32688 0.77286 0.32433 0.77877 0.32415 0.78798 0.31024 0.79392 0.30803 0.80345 0.31665 0.81855 0.32071 0.81788 0.33188 0.82706 0.34612 0.82473 0.34848 0.82801 0.35865 0.82635 0.36035 0.82240 0.36476 0.82535 0.36764 0.82304 0.39053 0.81380 0.39682 0.80360 0.39463 0.79112 0.37618 0.78130 0.37248 0.76356 0.36486 0.75931 0.35894 0.75111 0.35591 0.74060 0.35458 0.72614 0.37037 0.70705 0.38076 0.67418 0.37913 0.63409
6 0.52296 1.00000 0.54537 0.99634 0.50381 0.96767 0.49908 0.96111 0.49501 0.96178 0.47911 0.94604 0.41106 0.90214 0.40699 0.90281 0.39786 0.89330 0.38939 0.89102 0.38466 0.88445 0.35825 0.86677 0.34538 0.86153 0.30511 0.82777 0.29901 0.82877 0.26787 0.80452 0.24653 0.79700 0.20218 0.76391 0.18525 0.75934 0.15784 0.73081 0.14530 0.72919 0.13584 0.71607 0.11450 0.70855 0.07896 0.68135 0.07286 0.68235 0.05932 0.66989 0.05526 0.67055 0.04172 0.65810 0.03765 0.65876 0.02818 0.64564 0.02411 0.64630 0.00879 0.63604 0.04233 1.00000 0.52296 1.00000
7 0.10026 0.61001 0.09755 0.60311 0.09892 0.59555 0.09359 0.53773 0.06597 0.54042 0.07315 0.60711 0.07211 0.61828 0.07448 0.62156 0.07548 0.63240 0.07903 0.63732 0.09818 0.63236 0.10026 0.61001
1 0.37913 0.63409 0.37676 0.63081 0.37273 0.60946 0.36411 0.59436 0.35734 0.58814 0.33837 0.58390 0.33667 0.58785 0.32650 0.58951 0.32277 0.59379 0.31341 0.61550 0.30761 0.64212 0.30894 0.65657 0.30724 0.66052 0.31194 0.68910 0.31667 0.69566 0.31970 0.70617 0.33594 0.72552 0.33827 0.75082 0.33724 0.76199 0.33469 0.76791 0.32688 0.77286 0.32433 0.77877 0.32415 0.78798 0.31024 0.79392 0.30803 0.80345 0.31665 0.81855 0.32071 0.81788 0.33188 0.82706 0.34612 0.82473 0.34848 0.82801 0.35865 0.82635 0.36035 0.82240 0.36476 0.82535 0.36764 0.82304 0.39053 0.81380 0.39682 0.80360 0.39463 0.79112 0.37618 0.78130 0.37248 0.76356 0.36486 0.75931 0.35894 0.75111 0.35591 0.74060 0.35458 0.72614 0.37037 0.70705 0.38076 0.67418 0.37913 0.63409
6 0.52296 1.00000 0.54537 0.99634 0.50381 0.96767 0.49908 0.96111 0.49501 0.96178 0.47911 0.94604 0.41106 0.90214 0.40699 0.90281 0.39786 0.89330 0.38939 0.89102 0.38466 0.88445 0.35825 0.86677 0.34538 0.86153 0.30511 0.82777 0.29901 0.82877 0.26787 0.80452 0.24653 0.79700 0.20218 0.76391 0.18525 0.75934 0.15784 0.73081 0.14530 0.72919 0.13584 0.71607 0.11450 0.70855 0.07896 0.68135 0.07286 0.68235 0.05932 0.66989 0.05526 0.67055 0.04172 0.65810 0.03765 0.65876 0.02818 0.64564 0.02411 0.64630 0.00879 0.63604 0.04233 1.00000 0.52296 1.00000
7 0.10026 0.61001 0.09755 0.60311 0.09892 0.59555 0.09359 0.53773 0.06597 0.54042 0.07315 0.60711 0.07211 0.61828 0.07448 0.62156 0.07548 0.63240 0.07903 0.63732 0.09818 0.63236 0.10026 0.61001
1 0.37913 0.63409 0.37676 0.63081 0.37273 0.60946 0.36411 0.59436 0.35734 0.58814 0.33837 0.58390 0.33667 0.58785 0.32650 0.58951 0.32277 0.59379 0.31341 0.61550 0.30761 0.64212 0.30894 0.65657 0.30724 0.66052 0.31194 0.68910 0.31667 0.69566 0.31970 0.70617 0.33594 0.72552 0.33827 0.75082 0.33724 0.76199 0.33469 0.76791 0.32688 0.77286 0.32433 0.77877 0.32415 0.78798 0.31024 0.79392 0.30803 0.80345 0.31665 0.81855 0.32071 0.81788 0.33188 0.82706 0.34612 0.82473 0.34848 0.82801 0.35865 0.82635 0.36035 0.82240 0.36476 0.82535 0.36764 0.82304 0.39053 0.81380 0.39682 0.80360 0.39463 0.79112 0.37618 0.78130 0.37248 0.76356 0.36486 0.75931 0.35894 0.75111 0.35591 0.74060 0.35458 0.72614 0.37037 0.70705 0.38076 0.67418 0.37913 0.63409
6 0.52296 1.00000 0.54537 0.99634 0.50381 0.96767 0.49908 0.96111 0.49501 0.96178 0.47911 0.94604 0.41106 0.90214 0.40699 0.90281 0.39786 0.89330 0.38939 0.89102 0.38466 0.88445 0.35825 0.86677 0.34538 0.86153 0.30511 0.82777 0.29901 0.82877 0.26787 0.80452 0.24653 0.79700 0.20218 0.76391 0.18525 0.75934 0.15784 0.73081 0.14530 0.72919 0.13584 0.71607 0.11450 0.70855 0.07896 0.68135 0.07286 0.68235 0.05932 0.66989 0.05526 0.67055 0.04172 0.65810 0.03765 0.65876 0.02818 0.64564 0.02411 0.64630 0.00879 0.63604 0.04233 1.00000 0.52296 1.00000
7 0.10026 0.61001 0.09755 0.60311 0.09892 0.59555 0.09359 0.53773 0.06597 0.54042 0.07315 0.60711 0.07211 0.61828 0.07448 0.62156 0.07548 0.63240 0.07903 0.63732 0.09818 0.63236 0.10026 0.61001
1 0.37913 0.63409 0.37676 0.63081 0.37273 0.60946 0.36411 0.59436 0.35734 0.58814 0.33837 0.58390 0.33667 0.58785 0.32650 0.58951 0.32277 0.59379 0.31341 0.61550 0.30761 0.64212 0.30894 0.65657 0.30724 0.66052 0.31194 0.68910 0.31667 0.69566 0.31970 0.70617 0.33594 0.72552 0.33827 0.75082 0.33724 0.76199 0.33469 0.76791 0.32688 0.77286 0.32433 0.77877 0.32415 0.78798 0.31024 0.79392 0.30803 0.80345 0.31665 0.81855 0.32071 0.81788 0.33188 0.82706 0.34612 0.82473 0.34848 0.82801 0.35865 0.82635 0.36035 0.82240 0.36476 0.82535 0.36764 0.82304 0.39053 0.81380 0.39682 0.80360 0.39463 0.79112 0.37618 0.78130 0.37248 0.76356 0.36486 0.75931 0.35894 0.75111 0.35591 0.74060 0.35458 0.72614 0.37037 0.70705 0.38076 0.67418 0.37913 0.63409
6 0.52296 1.00000 0.54537 0.99634 0.50381 0.96767 0.49908 0.96111 0.49501 0.96178 0.47911 0.94604 0.41106 0.90214 0.40699 0.90281 0.39786 0.89330 0.38939 0.89102 0.38466 0.88445 0.35825 0.86677 0.34538 0.86153 0.30511 0.82777 0.29901 0.82877 0.26787 0.80452 0.24653 0.79700 0.20218 0.76391 0.18525 0.75934 0.15784 0.73081 0.14530 0.72919 0.13584 0.71607 0.11450 0.70855 0.07896 0.68135 0.07286 0.68235 0.05932 0.66989 0.05526 0.67055 0.04172 0.65810 0.03765 0.65876 0.02818 0.64564 0.02411 0.64630 0.00879 0.63604 0.04233 1.00000 0.52296 1.00000
7 0.10026 0.61001 0.09755 0.60311 0.09892 0.59555 0.09359 0.53773 0.06597 0.54042 0.07315 0.60711 0.07211 0.61828 0.07448 0.62156 0.07548 0.63240 0.07903 0.63732 0.09818 0.63236 0.10026 0.61001
