6 0.19043 1.00000 0.19238 0.99653 0.20020 0.99653 0.20215 1.00000 0.29297 0.99827 0.28418 0.98958 0.24707 0.97570 0.22754 0.96180 0.19824 0.95139 0.18457 0.94097 0.17676 0.94097 0.16113 0.93055 0.11621 0.91320 0.10840 0.90625 0.10254 0.90625 0.08691 0.89583 0.07324 0.89236 0.06543 0.88542 0.05176 0.88195 0.03809 0.87153 0.01465 0.86458 0.00879 0.85764 0.00000 0.85938 0.00098 1.00000 0.19043 1.00000
5 0.00000 0.85159 0.01299 0.85958 0.08591 0.82584 0.08791 0.80541 0.05494 0.78499 0.05494 0.76457 0.04296 0.76279 0.04146 0.73171 0.05644 0.71839 0.07293 0.67932 0.07492 0.61538 0.05494 0.57898 0.02098 0.58519 0.00100 0.62782 0.00100 0.69974 0.02148 0.73615 0.01798 0.77434 0.00749 0.77789 0.00749 0.80186 0.00000 0.80808 0.00000 0.85159
6 0.19043 1.00000 0.19238 0.99653 0.20020 0.99653 0.20215 1.00000 0.29297 0.99827 0.28418 0.98958 0.24707 0.97570 0.22754 0.96180 0.19824 0.95139 0.18457 0.94097 0.17676 0.94097 0.16113 0.93055 0.11621 0.91320 0.10840 0.90625 0.10254 0.90625 0.08691 0.89583 0.07324 0.89236 0.06543 0.88542 0.05176 0.88195 0.03809 0.87153 0.01465 0.86458 0.00879 0.85764 0.00000 0.85938 0.00098 1.00000 0.19043 1.00000
5 0.00000 0.85159 0.01299 0.85958 0.08591 0.82584 0.08791 0.80541 0.05494 0.78499 0.05494 0.76457 0.04296 0.76279 0.04146 0.73171 0.05644 0.71839 0.07293 0.67932 0.07492 0.61538 0.05494 0.57898 0.02098 0.58519 0.00100 0.62782 0.00100 0.69974 0.02148 0.73615 0.01798 0.77434 0.00749 0.77789 0.00749 0.80186 0.00000 0.80808 0.00000 0.85159
6 0.19043 1.00000 0.19238 0.99653 0.20020 0.99653 0.20215 1.00000 0.29297 0.99827 0.28418 0.98958 0.24707 0.97570 0.22754 0.96180 0.19824 0.95139 0.18457 0.94097 0.17676 0.94097 0.16113 0.93055 0.11621 0.91320 0.10840 0.90625 0.10254 0.90625 0.08691 0.89583 0.07324 0.89236 0.06543 0.88542 0.05176 0.88195 0.03809 0.87153 0.01465 0.86458 0.00879 0.85764 0.00000 0.85938 0.00098 1.00000 0.19043 1.00000
5 0.00000 0.85159 0.01299 0.85958 0.08591 0.82584 0.08791 0.80541 0.05494 0.78499 0.05494 0.76457 0.04296 0.76279 0.04146 0.73171 0.05644 0.71839 0.07293 0.67932 0.07492 0.61538 0.05494 0.57898 0.02098 0.58519 0.00100 0.62782 0.00100 0.69974 0.02148 0.73615 0.01798 0.77434 0.00749 0.77789 0.00749 0.80186 0.00000 0.80808 0.00000 0.85159
6 0.19043 1.00000 0.19238 0.99653 0.20020 0.99653 0.20215 1.00000 0.29297 0.99827 0.28418 0.98958 0.24707 0.97570 0.22754 0.96180 0.19824 0.95139 0.18457 0.94097 0.17676 0.94097 0.16113 0.93055 0.11621 0.91320 0.10840 0.90625 0.10254 0.90625 0.08691 0.89583 0.07324 0.89236 0.06543 0.88542 0.05176 0.88195 0.03809 0.87153 0.01465 0.86458 0.00879 0.85764 0.00000 0.85938 0.00098 1.00000 0.19043 1.00000
5 0.00000 0.85159 0.01299 0.85958 0.08591 0.82584 0.08791 0.80541 0.05494 0.78499 0.05494 0.76457 0.04296 0.76279 0.04146 0.73171 0.05644 0.71839 0.07293 0.67932 0.07492 0.61538 0.05494 0.57898 0.02098 0.58519 0.00100 0.62782 0.00100 0.69974 0.02148 0.73615 0.01798 0.77434 0.00749 0.77789 0.00749 0.80186 0.00000 0.80808 0.00000 0.85159
6 0.19043 1.00000 0.19238 0.99653 0.20020 0.99653 0.20215 1.00000 0.29297 0.99827 0.28418 0.98958 0.24707 0.97570 0.22754 0.96180 0.19824 0.95139 0.18457 0.94097 0.17676 0.94097 0.16113 0.93055 0.11621 0.91320 0.10840 0.90625 0.10254 0.90625 0.08691 0.89583 0.07324 0.89236 0.06543 0.88542 0.05176 0.88195 0.03809 0.87153 0.01465 0.86458 0.00879 0.85764 0.00000 0.85938 0.00098 1.00000 0.19043 1.00000
5 0.00000 0.85159 0.01299 0.85958 0.08591 0.82584 0.08791 0.80541 0.05494 0.78499 0.05494 0.76457 0.04296 0.76279 0.04146 0.73171 0.05644 0.71839 0.07293 0.67932 0.07492 0.61538 0.05494 0.57898 0.02098 0.58519 0.00100 0.62782 0.00100 0.69974 0.02148 0.73615 0.01798 0.77434 0.00749 0.77789 0.00749 0.80186 0.00000 0.80808 0.00000 0.85159
