6 0.94108 1.00000 0.79226 0.80152 0.69131 0.70076 0.05051 0.06019 0.00000 0.44173 0.00000 0.89028 0.46716 1.00000 0.94108 1.00000
1 0.16470 0.00000 0.16457 0.00130 0.17193 0.04014 0.17599 0.05269 0.18304 0.06111 0.18351 0.06992 0.18391 0.09783 0.17001 0.09539 0.16604 0.11079 0.14245 0.11470 0.13991 0.13387 0.17899 0.16281 0.24157 0.16510 0.24220 0.13271 0.21885 0.12723 0.21882 0.09190 0.20213 0.09542 0.20207 0.06945 0.21961 0.05617 0.23059 0.03744 0.23687 0.02082 0.23962 0.00000 0.16470 0.00000
6 0.94108 1.00000 0.79226 0.80152 0.69131 0.70076 0.05051 0.06019 0.00000 0.44173 0.00000 0.89028 0.46716 1.00000 0.94108 1.00000
1 0.16470 0.00000 0.16457 0.00130 0.17193 0.04014 0.17599 0.05269 0.18304 0.06111 0.18351 0.06992 0.18391 0.09783 0.17001 0.09539 0.16604 0.11079 0.14245 0.11470 0.13991 0.13387 0.17899 0.16281 0.24157 0.16510 0.24220 0.13271 0.21885 0.12723 0.21882 0.09190 0.20213 0.09542 0.20207 0.06945 0.21961 0.05617 0.23059 0.03744 0.23687 0.02082 0.23962 0.00000 0.16470 0.00000
6 0.94108 1.00000 0.79226 0.80152 0.69131 0.70076 0.05051 0.06019 0.00000 0.44173 0.00000 0.89028 0.46716 1.00000 0.94108 1.00000
1 0.16470 0.00000 0.16457 0.00130 0.17193 0.04014 0.17599 0.05269 0.18304 0.06111 0.18351 0.06992 0.18391 0.09783 0.17001 0.09539 0.16604 0.11079 0.14245 0.11470 0.13991 0.13387 0.17899 0.16281 0.24157 0.16510 0.24220 0.13271 0.21885 0.12723 0.21882 0.09190 0.20213 0.09542 0.20207 0.06945 0.21961 0.05617 0.23059 0.03744 0.23687 0.02082 0.23962 0.00000 0.16470 0.00000
6 0.94108 1.00000 0.79226 0.80152 0.69131 0.70076 0.05051 0.06019 0.00000 0.44173 0.00000 0.89028 0.46716 1.00000 0.94108 1.00000
1 0.16470 0.00000 0.16457 0.00130 0.17193 0.04014 0.17599 0.05269 0.18304 0.06111 0.18351 0.06992 0.18391 0.09783 0.17001 0.09539 0.16604 0.11079 0.14245 0.11470 0.13991 0.13387 0.17899 0.16281 0.24157 0.16510 0.24220 0.13271 0.21885 0.12723 0.21882 0.09190 0.20213 0.09542 0.20207 0.06945 0.21961 0.05617 0.23059 0.03744 0.23687 0.02082 0.23962 0.00000 0.16470 0.00000
6 0.94108 1.00000 0.79226 0.80152 0.69131 0.70076 0.05051 0.06019 0.00000 0.44173 0.00000 0.89028 0.46716 1.00000 0.94108 1.00000
1 0.16470 0.00000 0.16457 0.00130 0.17193 0.04014 0.17599 0.05269 0.18304 0.06111 0.18351 0.06992 0.18391 0.09783 0.17001 0.09539 0.16604 0.11079 0.14245 0.11470 0.13991 0.13387 0.17899 0.16281 0.24157 0.16510 0.24220 0.13271 0.21885 0.12723 0.21882 0.09190 0.20213 0.09542 0.20207 0.06945 0.21961 0.05617 0.23059 0.03744 0.23687 0.02082 0.23962 0.00000 0.16470 0.00000
6 0.94108 1.00000 0.79226 0.80152 0.69131 0.70076 0.05051 0.06019 0.00000 0.44173 0.00000 0.89028 0.46716 1.00000 0.94108 1.00000
1 0.16470 0.00000 0.16457 0.00130 0.17193 0.04014 0.17599 0.05269 0.18304 0.06111 0.18351 0.06992 0.18391 0.09783 0.17001 0.09539 0.16604 0.11079 0.14245 0.11470 0.13991 0.13387 0.17899 0.16281 0.24157 0.16510 0.24220 0.13271 0.21885 0.12723 0.21882 0.09190 0.20213 0.09542 0.20207 0.06945 0.21961 0.05617 0.23059 0.03744 0.23687 0.02082 0.23962 0.00000 0.16470 0.00000
