6 1.00000 0.49419 0.99919 0.43238 0.87185 0.34607 0.70061 0.25291 0.53599 0.15702 0.41779 0.06880 0.30057 0.00561 0.27986 0.00504 0.12140 0.00873 0.02648 0.02562 0.00000 0.04036 0.00000 0.12233 0.03387 0.10211 0.07887 0.10342 0.25854 0.58896 0.32873 0.79687 0.33759 0.86730 0.31600 0.93608 0.28025 1.00000 0.50328 1.00000 0.77101 0.99377 1.00000 0.98628 1.00000 0.49419
5 0.53940 0.00000 0.53976 0.01986 0.54157 0.03632 0.55709 0.06838 0.55860 0.08935 0.54854 0.09586 0.54653 0.11083 0.53020 0.11042 0.52699 0.13483 0.55858 0.15530 0.60417 0.13382 0.60339 0.10793 0.58962 0.11274 0.58740 0.08884 0.57653 0.08909 0.57254 0.06144 0.58142 0.04721 0.59062 0.02241 0.59033 0.00000 0.53940 0.00000
6 1.00000 0.49419 0.99919 0.43238 0.87185 0.34607 0.70061 0.25291 0.53599 0.15702 0.41779 0.06880 0.30057 0.00561 0.27986 0.00504 0.12140 0.00873 0.02648 0.02562 0.00000 0.04036 0.00000 0.12233 0.03387 0.10211 0.07887 0.10342 0.25854 0.58896 0.32873 0.79687 0.33759 0.86730 0.31600 0.93608 0.28025 1.00000 0.50328 1.00000 0.77101 0.99377 1.00000 0.98628 1.00000 0.49419
5 0.53940 0.00000 0.53976 0.01986 0.54157 0.03632 0.55709 0.06838 0.55860 0.08935 0.54854 0.09586 0.54653 0.11083 0.53020 0.11042 0.52699 0.13483 0.55858 0.15530 0.60417 0.13382 0.60339 0.10793 0.58962 0.11274 0.58740 0.08884 0.57653 0.08909 0.57254 0.06144 0.58142 0.04721 0.59062 0.02241 0.59033 0.00000 0.53940 0.00000
6 1.00000 0.49419 0.99919 0.43238 0.87185 0.34607 0.70061 0.25291 0.53599 0.15702 0.41779 0.06880 0.30057 0.00561 0.27986 0.00504 0.12140 0.00873 0.02648 0.02562 0.00000 0.04036 0.00000 0.12233 0.03387 0.10211 0.07887 0.10342 0.25854 0.58896 0.32873 0.79687 0.33759 0.86730 0.31600 0.93608 0.28025 1.00000 0.50328 1.00000 0.77101 0.99377 1.00000 0.98628 1.00000 0.49419
5 0.53940 0.00000 0.53976 0.01986 0.54157 0.03632 0.55709 0.06838 0.55860 0.08935 0.54854 0.09586 0.54653 0.11083 0.53020 0.11042 0.52699 0.13483 0.55858 0.15530 0.60417 0.13382 0.60339 0.10793 0.58962 0.11274 0.58740 0.08884 0.57653 0.08909 0.57254 0.06144 0.58142 0.04721 0.59062 0.02241 0.59033 0.00000 0.53940 0.00000
6 1.00000 0.49419 0.99919 0.43238 0.87185 0.34607 0.70061 0.25291 0.53599 0.15702 0.41779 0.06880 0.30057 0.00561 0.27986 0.00504 0.12140 0.00873 0.02648 0.02562 0.00000 0.04036 0.00000 0.12233 0.03387 0.10211 0.07887 0.10342 0.25854 0.58896 0.32873 0.79687 0.33759 0.86730 0.31600 0.93608 0.28025 1.00000 0.50328 1.00000 0.77101 0.99377 1.00000 0.98628 1.00000 0.49419
5 0.53940 0.00000 0.53976 0.01986 0.54157 0.03632 0.55709 0.06838 0.55860 0.08935 0.54854 0.09586 0.54653 0.11083 0.53020 0.11042 0.52699 0.13483 0.55858 0.15530 0.60417 0.13382 0.60339 0.10793 0.58962 0.11274 0.58740 0.08884 0.57653 0.08909 0.57254 0.06144 0.58142 0.04721 0.59062 0.02241 0.59033 0.00000 0.53940 0.00000
6 1.00000 0.49419 0.99919 0.43238 0.87185 0.34607 0.70061 0.25291 0.53599 0.15702 0.41779 0.06880 0.30057 0.00561 0.27986 0.00504 0.12140 0.00873 0.02648 0.02562 0.00000 0.04036 0.00000 0.12233 0.03387 0.10211 0.07887 0.10342 0.25854 0.58896 0.32873 0.79687 0.33759 0.86730 0.31600 0.93608 0.28025 1.00000 0.50328 1.00000 0.77101 0.99377 1.00000 0.98628 1.00000 0.49419
5 0.53940 0.00000 0.53976 0.01986 0.54157 0.03632 0.55709 0.06838 0.55860 0.08935 0.54854 0.09586 0.54653 0.11083 0.53020 0.11042 0.52699 0.13483 0.55858 0.15530 0.60417 0.13382 0.60339 0.10793 0.58962 0.11274 0.58740 0.08884 0.57653 0.08909 0.57254 0.06144 0.58142 0.04721 0.59062 0.02241 0.59033 0.00000 0.53940 0.00000
6 1.00000 0.49419 0.99919 0.43238 0.87185 0.34607 0.70061 0.25291 0.53599 0.15702 0.41779 0.06880 0.30057 0.00561 0.27986 0.00504 0.12140 0.00873 0.02648 0.02562 0.00000 0.04036 0.00000 0.12233 0.03387 0.10211 0.07887 0.10342 0.25854 0.58896 0.32873 0.79687 0.33759 0.86730 0.31600 0.93608 0.28025 1.00000 0.50328 1.00000 0.77101 0.99377 1.00000 0.98628 1.00000 0.49419
5 0.53940 0.00000 0.53976 0.01986 0.54157 0.03632 0.55709 0.06838 0.55860 0.08935 0.54854 0.09586 0.54653 0.11083 0.53020 0.11042 0.52699 0.13483 0.55858 0.15530 0.60417 0.13382 0.60339 0.10793 0.58962 0.11274 0.58740 0.08884 0.57653 0.08909 0.57254 0.06144 0.58142 0.04721 0.59062 0.02241 0.59033 0.00000 0.53940 0.00000
