6 0.02503 0.00000 0.00705 0.34250 0.20135 0.61038 0.26670 0.77145 0.14665 0.96831 0.48689 1.00000 0.97497 1.00000 1.00000 0.52326 1.00000 0.41059 0.93179 0.34770 0.73752 0.26043 0.40285 0.10755 0.19122 0.00000 0.02503 0.00000
5 0.43566 0.00000 0.44441 0.02206 0.44872 0.05271 0.43770 0.06581 0.44009 0.08088 0.41535 0.08281 0.41367 0.09961 0.46003 0.11736 0.50195 0.09865 0.50079 0.08728 0.47668 0.07448 0.47599 0.04818 0.46412 0.04707 0.46175 0.01647 0.47067 0.01306 0.47423 0.00000 0.43566 0.00000
6 0.02503 0.00000 0.00705 0.34250 0.20135 0.61038 0.26670 0.77145 0.14665 0.96831 0.48689 1.00000 0.97497 1.00000 1.00000 0.52326 1.00000 0.41059 0.93179 0.34770 0.73752 0.26043 0.40285 0.10755 0.19122 0.00000 0.02503 0.00000
5 0.43566 0.00000 0.44441 0.02206 0.44872 0.05271 0.43770 0.06581 0.44009 0.08088 0.41535 0.08281 0.41367 0.09961 0.46003 0.11736 0.50195 0.09865 0.50079 0.08728 0.47668 0.07448 0.47599 0.04818 0.46412 0.04707 0.46175 0.01647 0.47067 0.01306 0.47423 0.00000 0.43566 0.00000
6 0.02503 0.00000 0.00705 0.34250 0.20135 0.61038 0.26670 0.77145 0.14665 0.96831 0.48689 1.00000 0.97497 1.00000 1.00000 0.52326 1.00000 0.41059 0.93179 0.34770 0.73752 0.26043 0.40285 0.10755 0.19122 0.00000 0.02503 0.00000
5 0.43566 0.00000 0.44441 0.02206 0.44872 0.05271 0.43770 0.06581 0.44009 0.08088 0.41535 0.08281 0.41367 0.09961 0.46003 0.11736 0.50195 0.09865 0.50079 0.08728 0.47668 0.07448 0.47599 0.04818 0.46412 0.04707 0.46175 0.01647 0.47067 0.01306 0.47423 0.00000 0.43566 0.00000
6 0.02503 0.00000 0.00705 0.34250 0.20135 0.61038 0.26670 0.77145 0.14665 0.96831 0.48689 1.00000 0.97497 1.00000 1.00000 0.52326 1.00000 0.41059 0.93179 0.34770 0.73752 0.26043 0.40285 0.10755 0.19122 0.00000 0.02503 0.00000
5 0.43566 0.00000 0.44441 0.02206 0.44872 0.05271 0.43770 0.06581 0.44009 0.08088 0.41535 0.08281 0.41367 0.09961 0.46003 0.11736 0.50195 0.09865 0.50079 0.08728 0.47668 0.07448 0.47599 0.04818 0.46412 0.04707 0.46175 0.01647 0.47067 0.01306 0.47423 0.00000 0.43566 0.00000
6 0.02503 0.00000 0.00705 0.34250 0.20135 0.61038 0.26670 0.77145 0.14665 0.96831 0.48689 1.00000 0.97497 1.00000 1.00000 0.52326 1.00000 0.41059 0.93179 0.34770 0.73752 0.26043 0.40285 0.10755 0.19122 0.00000 0.02503 0.00000
5 0.43566 0.00000 0.44441 0.02206 0.44872 0.05271 0.43770 0.06581 0.44009 0.08088 0.41535 0.08281 0.41367 0.09961 0.46003 0.11736 0.50195 0.09865 0.50079 0.08728 0.47668 0.07448 0.47599 0.04818 0.46412 0.04707 0.46175 0.01647 0.47067 0.01306 0.47423 0.00000 0.43566 0.00000
6 0.02503 0.00000 0.00705 0.34250 0.20135 0.61038 0.26670 0.77145 0.14665 0.96831 0.48689 1.00000 0.97497 1.00000 1.00000 0.52326 1.00000 0.41059 0.93179 0.34770 0.73752 0.26043 0.40285 0.10755 0.19122 0.00000 0.02503 0.00000
5 0.43566 0.00000 0.44441 0.02206 0.44872 0.05271 0.43770 0.06581 0.44009 0.08088 0.41535 0.08281 0.41367 0.09961 0.46003 0.11736 0.50195 0.09865 0.50079 0.08728 0.47668 0.07448 0.47599 0.04818 0.46412 0.04707 0.46175 0.01647 0.47067 0.01306 0.47423 0.00000 0.43566 0.00000
