4 0.73600 0.45619 0.72426 0.43896 0.71049 0.43736 0.70217 0.44343 0.68986 0.46491 0.68802 0.49289 0.69104 0.50734 0.70342 0.52993 0.70077 0.54020 0.69377 0.54114 0.69198 0.55327 0.68082 0.55726 0.67927 0.56589 0.69032 0.59361 0.69773 0.60152 0.70079 0.60012 0.72548 0.60123 0.73143 0.58607 0.73235 0.57207 0.72234 0.55857 0.71974 0.55298 0.71933 0.54412 0.71279 0.53807 0.71325 0.53108 0.72267 0.52336 0.73718 0.49862 0.73901 0.47064 0.73600 0.45619
7 0.41876 0.42979 0.41702 0.42606 0.41845 0.38922 0.40469 0.38762 0.40139 0.39252 0.40267 0.40324 0.39889 0.49092 0.40127 0.50001 0.40433 0.49860 0.41462 0.49275 0.41876 0.42979
7 0.44504 0.48220 0.44641 0.46121 0.43462 0.45984 0.43793 0.37916 0.43533 0.37357 0.42746 0.37265 0.42001 0.38059 0.41932 0.39109 0.42106 0.39481 0.41705 0.48598 0.43868 0.48851 0.44504 0.48220
6 0.94016 1.00000 0.94233 0.99483 0.93822 0.98202 0.92885 0.97388 0.92040 0.95174 0.87734 0.88328 0.87167 0.87909 0.86126 0.85673 0.85559 0.85255 0.84147 0.82623 0.83580 0.82204 0.82885 0.80714 0.80883 0.78013 0.77492 0.72331 0.71509 0.63880 0.70097 0.61248 0.68986 0.60061 0.67401 0.57056 0.65434 0.56827 0.65174 0.56268 0.65874 0.56173 0.66006 0.55660 0.65526 0.55428 0.65266 0.54869 0.65485 0.54542 0.65184 0.53097 0.65404 0.52770 0.65409 0.51185 0.60887 0.50658 0.60667 0.50985 0.50246 0.49770 0.50027 0.50097 0.47864 0.49845 0.47690 0.49472 0.47077 0.49754 0.46707 0.49358 0.46487 0.49685 0.45111 0.49524 0.43886 0.50086 0.42806 0.52956 0.41465 0.55268 0.41177 0.56644 0.35837 0.65538 0.35572 0.66564 0.34254 0.68526 0.33307 0.70882 0.30406 0.75832 0.29701 0.77512 0.28823 0.78819 0.28558 0.79846 0.27460 0.81480 0.26073 0.84491 0.24975 0.86125 0.24490 0.87479 0.19764 0.96092 0.19791 0.96670 0.48361 1.00000 0.94016 1.00000
6 0.66405 0.54121 0.66509 0.55543 0.67099 0.55611 0.67273 0.55984 0.67776 0.55866 0.68695 0.55445 0.69025 0.54955 0.69070 0.54255 0.69926 0.53297 0.69885 0.52411 0.69515 0.52016 0.68532 0.51901 0.68358 0.51529 0.64316 0.51234 0.65248 0.53633 0.65989 0.54425 0.66405 0.54121
6 0.87476 0.53052 0.87256 0.53379 0.81948 0.52760 0.81728 0.53087 0.74060 0.52193 0.73840 0.52520 0.72267 0.52336 0.71938 0.52827 0.71869 0.53876 0.72216 0.54621 0.72170 0.55321 0.72801 0.56276 0.83921 0.57396 0.85014 0.57346 0.85234 0.57020 0.91526 0.57753 0.91699 0.58126 0.92312 0.57845 0.92486 0.58217 0.93469 0.58332 0.93689 0.58005 0.98604 0.58578 0.98823 0.58251 0.99643 0.58346 0.99907 0.54318 0.92021 0.53229 0.91801 0.53555 0.89245 0.53258 0.89026 0.53585 0.88852 0.53212 0.87476 0.53052
6 0.00000 0.50775 0.05374 0.51238 0.05594 0.50911 0.10902 0.51530 0.11122 0.51203 0.12891 0.51409 0.13111 0.51082 0.21982 0.51763 0.22201 0.51436 0.23381 0.51574 0.23711 0.51084 0.23779 0.50034 0.24219 0.49380 0.24288 0.48331 0.21055 0.47778 0.20835 0.48105 0.15133 0.47441 0.14914 0.47768 0.00047 0.46372 0.00000 0.47092 0.00000 0.48875 0.00660 0.49102 0.00000 0.49104 0.00000 0.50775
4 0.73600 0.45619 0.72426 0.43896 0.71049 0.43736 0.70217 0.44343 0.68986 0.46491 0.68802 0.49289 0.69104 0.50734 0.70342 0.52993 0.70077 0.54020 0.69377 0.54114 0.69198 0.55327 0.68082 0.55726 0.67927 0.56589 0.69032 0.59361 0.69773 0.60152 0.70079 0.60012 0.72548 0.60123 0.73143 0.58607 0.73235 0.57207 0.72234 0.55857 0.71974 0.55298 0.71933 0.54412 0.71279 0.53807 0.71325 0.53108 0.72267 0.52336 0.73718 0.49862 0.73901 0.47064 0.73600 0.45619
7 0.41876 0.42979 0.41702 0.42606 0.41845 0.38922 0.40469 0.38762 0.40139 0.39252 0.40267 0.40324 0.39889 0.49092 0.40127 0.50001 0.40433 0.49860 0.41462 0.49275 0.41876 0.42979
7 0.44504 0.48220 0.44641 0.46121 0.43462 0.45984 0.43793 0.37916 0.43533 0.37357 0.42746 0.37265 0.42001 0.38059 0.41932 0.39109 0.42106 0.39481 0.41705 0.48598 0.43868 0.48851 0.44504 0.48220
6 0.94016 1.00000 0.94233 0.99483 0.93822 0.98202 0.92885 0.97388 0.92040 0.95174 0.87734 0.88328 0.87167 0.87909 0.86126 0.85673 0.85559 0.85255 0.84147 0.82623 0.83580 0.82204 0.82885 0.80714 0.80883 0.78013 0.77492 0.72331 0.71509 0.63880 0.70097 0.61248 0.68986 0.60061 0.67401 0.57056 0.65434 0.56827 0.65174 0.56268 0.65874 0.56173 0.66006 0.55660 0.65526 0.55428 0.65266 0.54869 0.65485 0.54542 0.65184 0.53097 0.65404 0.52770 0.65409 0.51185 0.60887 0.50658 0.60667 0.50985 0.50246 0.49770 0.50027 0.50097 0.47864 0.49845 0.47690 0.49472 0.47077 0.49754 0.46707 0.49358 0.46487 0.49685 0.45111 0.49524 0.43886 0.50086 0.42806 0.52956 0.41465 0.55268 0.41177 0.56644 0.35837 0.65538 0.35572 0.66564 0.34254 0.68526 0.33307 0.70882 0.30406 0.75832 0.29701 0.77512 0.28823 0.78819 0.28558 0.79846 0.27460 0.81480 0.26073 0.84491 0.24975 0.86125 0.24490 0.87479 0.19764 0.96092 0.19791 0.96670 0.48361 1.00000 0.94016 1.00000
6 0.66405 0.54121 0.66509 0.55543 0.67099 0.55611 0.67273 0.55984 0.67776 0.55866 0.68695 0.55445 0.69025 0.54955 0.69070 0.54255 0.69926 0.53297 0.69885 0.52411 0.69515 0.52016 0.68532 0.51901 0.68358 0.51529 0.64316 0.51234 0.65248 0.53633 0.65989 0.54425 0.66405 0.54121
6 0.87476 0.53052 0.87256 0.53379 0.81948 0.52760 0.81728 0.53087 0.74060 0.52193 0.73840 0.52520 0.72267 0.52336 0.71938 0.52827 0.71869 0.53876 0.72216 0.54621 0.72170 0.55321 0.72801 0.56276 0.83921 0.57396 0.85014 0.57346 0.85234 0.57020 0.91526 0.57753 0.91699 0.58126 0.92312 0.57845 0.92486 0.58217 0.93469 0.58332 0.93689 0.58005 0.98604 0.58578 0.98823 0.58251 0.99643 0.58346 0.99907 0.54318 0.92021 0.53229 0.91801 0.53555 0.89245 0.53258 0.89026 0.53585 0.88852 0.53212 0.87476 0.53052
6 0.00000 0.50775 0.05374 0.51238 0.05594 0.50911 0.10902 0.51530 0.11122 0.51203 0.12891 0.51409 0.13111 0.51082 0.21982 0.51763 0.22201 0.51436 0.23381 0.51574 0.23711 0.51084 0.23779 0.50034 0.24219 0.49380 0.24288 0.48331 0.21055 0.47778 0.20835 0.48105 0.15133 0.47441 0.14914 0.47768 0.00047 0.46372 0.00000 0.47092 0.00000 0.48875 0.00660 0.49102 0.00000 0.49104 0.00000 0.50775
4 0.73600 0.45619 0.72426 0.43896 0.71049 0.43736 0.70217 0.44343 0.68986 0.46491 0.68802 0.49289 0.69104 0.50734 0.70342 0.52993 0.70077 0.54020 0.69377 0.54114 0.69198 0.55327 0.68082 0.55726 0.67927 0.56589 0.69032 0.59361 0.69773 0.60152 0.70079 0.60012 0.72548 0.60123 0.73143 0.58607 0.73235 0.57207 0.72234 0.55857 0.71974 0.55298 0.71933 0.54412 0.71279 0.53807 0.71325 0.53108 0.72267 0.52336 0.73718 0.49862 0.73901 0.47064 0.73600 0.45619
7 0.41876 0.42979 0.41702 0.42606 0.41845 0.38922 0.40469 0.38762 0.40139 0.39252 0.40267 0.40324 0.39889 0.49092 0.40127 0.50001 0.40433 0.49860 0.41462 0.49275 0.41876 0.42979
7 0.44504 0.48220 0.44641 0.46121 0.43462 0.45984 0.43793 0.37916 0.43533 0.37357 0.42746 0.37265 0.42001 0.38059 0.41932 0.39109 0.42106 0.39481 0.41705 0.48598 0.43868 0.48851 0.44504 0.48220
6 0.94016 1.00000 0.94233 0.99483 0.93822 0.98202 0.92885 0.97388 0.92040 0.95174 0.87734 0.88328 0.87167 0.87909 0.86126 0.85673 0.85559 0.85255 0.84147 0.82623 0.83580 0.82204 0.82885 0.80714 0.80883 0.78013 0.77492 0.72331 0.71509 0.63880 0.70097 0.61248 0.68986 0.60061 0.67401 0.57056 0.65434 0.56827 0.65174 0.56268 0.65874 0.56173 0.66006 0.55660 0.65526 0.55428 0.65266 0.54869 0.65485 0.54542 0.65184 0.53097 0.65404 0.52770 0.65409 0.51185 0.60887 0.50658 0.60667 0.50985 0.50246 0.49770 0.50027 0.50097 0.47864 0.49845 0.47690 0.49472 0.47077 0.49754 0.46707 0.49358 0.46487 0.49685 0.45111 0.49524 0.43886 0.50086 0.42806 0.52956 0.41465 0.55268 0.41177 0.56644 0.35837 0.65538 0.35572 0.66564 0.34254 0.68526 0.33307 0.70882 0.30406 0.75832 0.29701 0.77512 0.28823 0.78819 0.28558 0.79846 0.27460 0.81480 0.26073 0.84491 0.24975 0.86125 0.24490 0.87479 0.19764 0.96092 0.19791 0.96670 0.48361 1.00000 0.94016 1.00000
6 0.66405 0.54121 0.66509 0.55543 0.67099 0.55611 0.67273 0.55984 0.67776 0.55866 0.68695 0.55445 0.69025 0.54955 0.69070 0.54255 0.69926 0.53297 0.69885 0.52411 0.69515 0.52016 0.68532 0.51901 0.68358 0.51529 0.64316 0.51234 0.65248 0.53633 0.65989 0.54425 0.66405 0.54121
6 0.87476 0.53052 0.87256 0.53379 0.81948 0.52760 0.81728 0.53087 0.74060 0.52193 0.73840 0.52520 0.72267 0.52336 0.71938 0.52827 0.71869 0.53876 0.72216 0.54621 0.72170 0.55321 0.72801 0.56276 0.83921 0.57396 0.85014 0.57346 0.85234 0.57020 0.91526 0.57753 0.91699 0.58126 0.92312 0.57845 0.92486 0.58217 0.93469 0.58332 0.93689 0.58005 0.98604 0.58578 0.98823 0.58251 0.99643 0.58346 0.99907 0.54318 0.92021 0.53229 0.91801 0.53555 0.89245 0.53258 0.89026 0.53585 0.88852 0.53212 0.87476 0.53052
6 0.00000 0.50775 0.05374 0.51238 0.05594 0.50911 0.10902 0.51530 0.11122 0.51203 0.12891 0.51409 0.13111 0.51082 0.21982 0.51763 0.22201 0.51436 0.23381 0.51574 0.23711 0.51084 0.23779 0.50034 0.24219 0.49380 0.24288 0.48331 0.21055 0.47778 0.20835 0.48105 0.15133 0.47441 0.14914 0.47768 0.00047 0.46372 0.00000 0.47092 0.00000 0.48875 0.00660 0.49102 0.00000 0.49104 0.00000 0.50775
