6 1.00000 0.45979 0.86193 0.35507 0.68246 0.28549 0.36967 0.14036 0.18778 0.04919 0.07837 0.04458 0.00000 0.05473 0.00000 0.26020 0.21519 0.62222 0.28146 0.76136 0.29085 0.90246 0.20954 0.99768 1.00000 0.99537 1.00000 0.45979
5 0.46622 0.10377 0.46265 0.07649 0.47362 0.07614 0.48095 0.03854 0.48095 0.00243 0.43076 0.00232 0.43092 0.03486 0.43249 0.05109 0.44735 0.08296 0.45266 0.11011 0.44338 0.12280 0.44624 0.13612 0.42412 0.13993 0.42340 0.15516 0.46587 0.16721 0.50262 0.14691 0.50104 0.13680 0.47879 0.12732 0.47693 0.10377 0.46622 0.10377
6 0.08170 0.62788 0.08120 0.62788 0.08120 0.63171 0.08170 0.63171 0.08170 0.62788
6 1.00000 0.45979 0.86193 0.35507 0.68246 0.28549 0.36967 0.14036 0.18778 0.04919 0.07837 0.04458 0.00000 0.05473 0.00000 0.26020 0.21519 0.62222 0.28146 0.76136 0.29085 0.90246 0.20954 0.99768 1.00000 0.99537 1.00000 0.45979
5 0.46622 0.10377 0.46265 0.07649 0.47362 0.07614 0.48095 0.03854 0.48095 0.00243 0.43076 0.00232 0.43092 0.03486 0.43249 0.05109 0.44735 0.08296 0.45266 0.11011 0.44338 0.12280 0.44624 0.13612 0.42412 0.13993 0.42340 0.15516 0.46587 0.16721 0.50262 0.14691 0.50104 0.13680 0.47879 0.12732 0.47693 0.10377 0.46622 0.10377
6 0.08170 0.62788 0.08120 0.62788 0.08120 0.63171 0.08170 0.63171 0.08170 0.62788
6 1.00000 0.45979 0.86193 0.35507 0.68246 0.28549 0.36967 0.14036 0.18778 0.04919 0.07837 0.04458 0.00000 0.05473 0.00000 0.26020 0.21519 0.62222 0.28146 0.76136 0.29085 0.90246 0.20954 0.99768 1.00000 0.99537 1.00000 0.45979
5 0.46622 0.10377 0.46265 0.07649 0.47362 0.07614 0.48095 0.03854 0.48095 0.00243 0.43076 0.00232 0.43092 0.03486 0.43249 0.05109 0.44735 0.08296 0.45266 0.11011 0.44338 0.12280 0.44624 0.13612 0.42412 0.13993 0.42340 0.15516 0.46587 0.16721 0.50262 0.14691 0.50104 0.13680 0.47879 0.12732 0.47693 0.10377 0.46622 0.10377
6 0.08170 0.62788 0.08120 0.62788 0.08120 0.63171 0.08170 0.63171 0.08170 0.62788
6 1.00000 0.45979 0.86193 0.35507 0.68246 0.28549 0.36967 0.14036 0.18778 0.04919 0.07837 0.04458 0.00000 0.05473 0.00000 0.26020 0.21519 0.62222 0.28146 0.76136 0.29085 0.90246 0.20954 0.99768 1.00000 0.99537 1.00000 0.45979
5 0.46622 0.10377 0.46265 0.07649 0.47362 0.07614 0.48095 0.03854 0.48095 0.00243 0.43076 0.00232 0.43092 0.03486 0.43249 0.05109 0.44735 0.08296 0.45266 0.11011 0.44338 0.12280 0.44624 0.13612 0.42412 0.13993 0.42340 0.15516 0.46587 0.16721 0.50262 0.14691 0.50104 0.13680 0.47879 0.12732 0.47693 0.10377 0.46622 0.10377
6 0.08170 0.62788 0.08120 0.62788 0.08120 0.63171 0.08170 0.63171 0.08170 0.62788
6 1.00000 0.45979 0.86193 0.35507 0.68246 0.28549 0.36967 0.14036 0.18778 0.04919 0.07837 0.04458 0.00000 0.05473 0.00000 0.26020 0.21519 0.62222 0.28146 0.76136 0.29085 0.90246 0.20954 0.99768 1.00000 0.99537 1.00000 0.45979
5 0.46622 0.10377 0.46265 0.07649 0.47362 0.07614 0.48095 0.03854 0.48095 0.00243 0.43076 0.00232 0.43092 0.03486 0.43249 0.05109 0.44735 0.08296 0.45266 0.11011 0.44338 0.12280 0.44624 0.13612 0.42412 0.13993 0.42340 0.15516 0.46587 0.16721 0.50262 0.14691 0.50104 0.13680 0.47879 0.12732 0.47693 0.10377 0.46622 0.10377
6 0.08170 0.62788 0.08120 0.62788 0.08120 0.63171 0.08170 0.63171 0.08170 0.62788
6 1.00000 0.45979 0.86193 0.35507 0.68246 0.28549 0.36967 0.14036 0.18778 0.04919 0.07837 0.04458 0.00000 0.05473 0.00000 0.26020 0.21519 0.62222 0.28146 0.76136 0.29085 0.90246 0.20954 0.99768 1.00000 0.99537 1.00000 0.45979
5 0.46622 0.10377 0.46265 0.07649 0.47362 0.07614 0.48095 0.03854 0.48095 0.00243 0.43076 0.00232 0.43092 0.03486 0.43249 0.05109 0.44735 0.08296 0.45266 0.11011 0.44338 0.12280 0.44624 0.13612 0.42412 0.13993 0.42340 0.15516 0.46587 0.16721 0.50262 0.14691 0.50104 0.13680 0.47879 0.12732 0.47693 0.10377 0.46622 0.10377
6 0.08170 0.62788 0.08120 0.62788 0.08120 0.63171 0.08170 0.63171 0.08170 0.62788
