2 0.54811 0.23905 0.53963 0.24084 0.53578 0.23586 0.53443 0.22454 0.53187 0.22121 0.53052 0.20990 0.53464 0.18970 0.53374 0.18216 0.53663 0.16995 0.53651 0.15064 0.54095 0.11491 0.53960 0.10359 0.54160 0.08384 0.53980 0.06875 0.53595 0.06377 0.51053 0.06913 0.50886 0.07335 0.49614 0.07603 0.49447 0.08025 0.47540 0.08427 0.47373 0.08849 0.46314 0.09073 0.46063 0.09705 0.46499 0.11547 0.47828 0.13586 0.49637 0.17844 0.50408 0.18841 0.51569 0.21303 0.52018 0.25075 0.51767 0.25707 0.51048 0.26052 0.51362 0.28693 0.49795 0.29216 0.49377 0.30271 0.50064 0.31480 0.51425 0.31966 0.52195 0.32963 0.52914 0.32618 0.53287 0.31186 0.54559 0.30918 0.54726 0.30496 0.55573 0.30317 0.56543 0.29339 0.57435 0.29538 0.57994 0.30580 0.58501 0.30280 0.58309 0.26840 0.57455 0.26054 0.56184 0.26322 0.54811 0.23905
6 1.00000 0.72907 0.86824 0.60841 0.42732 0.27356 0.36116 0.19214 0.31468 0.17875 0.24487 0.18833 0.10472 0.21532 0.00000 0.24193 0.00000 0.33545 0.02486 0.33527 0.04687 0.32547 0.05067 0.34529 0.04660 0.37193 0.04130 0.47357 0.01663 0.69225 0.05322 1.00000 0.52954 1.00000 1.00000 0.90075 1.00000 0.72907
2 0.54811 0.23905 0.53963 0.24084 0.53578 0.23586 0.53443 0.22454 0.53187 0.22121 0.53052 0.20990 0.53464 0.18970 0.53374 0.18216 0.53663 0.16995 0.53651 0.15064 0.54095 0.11491 0.53960 0.10359 0.54160 0.08384 0.53980 0.06875 0.53595 0.06377 0.51053 0.06913 0.50886 0.07335 0.49614 0.07603 0.49447 0.08025 0.47540 0.08427 0.47373 0.08849 0.46314 0.09073 0.46063 0.09705 0.46499 0.11547 0.47828 0.13586 0.49637 0.17844 0.50408 0.18841 0.51569 0.21303 0.52018 0.25075 0.51767 0.25707 0.51048 0.26052 0.51362 0.28693 0.49795 0.29216 0.49377 0.30271 0.50064 0.31480 0.51425 0.31966 0.52195 0.32963 0.52914 0.32618 0.53287 0.31186 0.54559 0.30918 0.54726 0.30496 0.55573 0.30317 0.56543 0.29339 0.57435 0.29538 0.57994 0.30580 0.58501 0.30280 0.58309 0.26840 0.57455 0.26054 0.56184 0.26322 0.54811 0.23905
6 1.00000 0.72907 0.86824 0.60841 0.42732 0.27356 0.36116 0.19214 0.31468 0.17875 0.24487 0.18833 0.10472 0.21532 0.00000 0.24193 0.00000 0.33545 0.02486 0.33527 0.04687 0.32547 0.05067 0.34529 0.04660 0.37193 0.04130 0.47357 0.01663 0.69225 0.05322 1.00000 0.52954 1.00000 1.00000 0.90075 1.00000 0.72907
2 0.54811 0.23905 0.53963 0.24084 0.53578 0.23586 0.53443 0.22454 0.53187 0.22121 0.53052 0.20990 0.53464 0.18970 0.53374 0.18216 0.53663 0.16995 0.53651 0.15064 0.54095 0.11491 0.53960 0.10359 0.54160 0.08384 0.53980 0.06875 0.53595 0.06377 0.51053 0.06913 0.50886 0.07335 0.49614 0.07603 0.49447 0.08025 0.47540 0.08427 0.47373 0.08849 0.46314 0.09073 0.46063 0.09705 0.46499 0.11547 0.47828 0.13586 0.49637 0.17844 0.50408 0.18841 0.51569 0.21303 0.52018 0.25075 0.51767 0.25707 0.51048 0.26052 0.51362 0.28693 0.49795 0.29216 0.49377 0.30271 0.50064 0.31480 0.51425 0.31966 0.52195 0.32963 0.52914 0.32618 0.53287 0.31186 0.54559 0.30918 0.54726 0.30496 0.55573 0.30317 0.56543 0.29339 0.57435 0.29538 0.57994 0.30580 0.58501 0.30280 0.58309 0.26840 0.57455 0.26054 0.56184 0.26322 0.54811 0.23905
6 1.00000 0.72907 0.86824 0.60841 0.42732 0.27356 0.36116 0.19214 0.31468 0.17875 0.24487 0.18833 0.10472 0.21532 0.00000 0.24193 0.00000 0.33545 0.02486 0.33527 0.04687 0.32547 0.05067 0.34529 0.04660 0.37193 0.04130 0.47357 0.01663 0.69225 0.05322 1.00000 0.52954 1.00000 1.00000 0.90075 1.00000 0.72907
2 0.54811 0.23905 0.53963 0.24084 0.53578 0.23586 0.53443 0.22454 0.53187 0.22121 0.53052 0.20990 0.53464 0.18970 0.53374 0.18216 0.53663 0.16995 0.53651 0.15064 0.54095 0.11491 0.53960 0.10359 0.54160 0.08384 0.53980 0.06875 0.53595 0.06377 0.51053 0.06913 0.50886 0.07335 0.49614 0.07603 0.49447 0.08025 0.47540 0.08427 0.47373 0.08849 0.46314 0.09073 0.46063 0.09705 0.46499 0.11547 0.47828 0.13586 0.49637 0.17844 0.50408 0.18841 0.51569 0.21303 0.52018 0.25075 0.51767 0.25707 0.51048 0.26052 0.51362 0.28693 0.49795 0.29216 0.49377 0.30271 0.50064 0.31480 0.51425 0.31966 0.52195 0.32963 0.52914 0.32618 0.53287 0.31186 0.54559 0.30918 0.54726 0.30496 0.55573 0.30317 0.56543 0.29339 0.57435 0.29538 0.57994 0.30580 0.58501 0.30280 0.58309 0.26840 0.57455 0.26054 0.56184 0.26322 0.54811 0.23905
6 1.00000 0.72907 0.86824 0.60841 0.42732 0.27356 0.36116 0.19214 0.31468 0.17875 0.24487 0.18833 0.10472 0.21532 0.00000 0.24193 0.00000 0.33545 0.02486 0.33527 0.04687 0.32547 0.05067 0.34529 0.04660 0.37193 0.04130 0.47357 0.01663 0.69225 0.05322 1.00000 0.52954 1.00000 1.00000 0.90075 1.00000 0.72907
2 0.54811 0.23905 0.53963 0.24084 0.53578 0.23586 0.53443 0.22454 0.53187 0.22121 0.53052 0.20990 0.53464 0.18970 0.53374 0.18216 0.53663 0.16995 0.53651 0.15064 0.54095 0.11491 0.53960 0.10359 0.54160 0.08384 0.53980 0.06875 0.53595 0.06377 0.51053 0.06913 0.50886 0.07335 0.49614 0.07603 0.49447 0.08025 0.47540 0.08427 0.47373 0.08849 0.46314 0.09073 0.46063 0.09705 0.46499 0.11547 0.47828 0.13586 0.49637 0.17844 0.50408 0.18841 0.51569 0.21303 0.52018 0.25075 0.51767 0.25707 0.51048 0.26052 0.51362 0.28693 0.49795 0.29216 0.49377 0.30271 0.50064 0.31480 0.51425 0.31966 0.52195 0.32963 0.52914 0.32618 0.53287 0.31186 0.54559 0.30918 0.54726 0.30496 0.55573 0.30317 0.56543 0.29339 0.57435 0.29538 0.57994 0.30580 0.58501 0.30280 0.58309 0.26840 0.57455 0.26054 0.56184 0.26322 0.54811 0.23905
6 1.00000 0.72907 0.86824 0.60841 0.42732 0.27356 0.36116 0.19214 0.31468 0.17875 0.24487 0.18833 0.10472 0.21532 0.00000 0.24193 0.00000 0.33545 0.02486 0.33527 0.04687 0.32547 0.05067 0.34529 0.04660 0.37193 0.04130 0.47357 0.01663 0.69225 0.05322 1.00000 0.52954 1.00000 1.00000 0.90075 1.00000 0.72907
2 0.54811 0.23905 0.53963 0.24084 0.53578 0.23586 0.53443 0.22454 0.53187 0.22121 0.53052 0.20990 0.53464 0.18970 0.53374 0.18216 0.53663 0.16995 0.53651 0.15064 0.54095 0.11491 0.53960 0.10359 0.54160 0.08384 0.53980 0.06875 0.53595 0.06377 0.51053 0.06913 0.50886 0.07335 0.49614 0.07603 0.49447 0.08025 0.47540 0.08427 0.47373 0.08849 0.46314 0.09073 0.46063 0.09705 0.46499 0.11547 0.47828 0.13586 0.49637 0.17844 0.50408 0.18841 0.51569 0.21303 0.52018 0.25075 0.51767 0.25707 0.51048 0.26052 0.51362 0.28693 0.49795 0.29216 0.49377 0.30271 0.50064 0.31480 0.51425 0.31966 0.52195 0.32963 0.52914 0.32618 0.53287 0.31186 0.54559 0.30918 0.54726 0.30496 0.55573 0.30317 0.56543 0.29339 0.57435 0.29538 0.57994 0.30580 0.58501 0.30280 0.58309 0.26840 0.57455 0.26054 0.56184 0.26322 0.54811 0.23905
6 1.00000 0.72907 0.86824 0.60841 0.42732 0.27356 0.36116 0.19214 0.31468 0.17875 0.24487 0.18833 0.10472 0.21532 0.00000 0.24193 0.00000 0.33545 0.02486 0.33527 0.04687 0.32547 0.05067 0.34529 0.04660 0.37193 0.04130 0.47357 0.01663 0.69225 0.05322 1.00000 0.52954 1.00000 1.00000 0.90075 1.00000 0.72907
