6 1.00000 0.45343 0.99755 0.43018 0.68072 0.02377 0.49900 0.05779 0.46188 0.21507 0.24682 0.23863 0.25974 0.27200 0.25044 0.28567 0.25859 0.36289 0.26723 0.36843 0.26765 0.38505 0.30238 0.38333 0.30822 0.41325 0.42739 0.41003 0.32590 1.00000 0.52625 1.00000 1.00000 0.91131 1.00000 0.45343
6 0.00000 0.43039 0.19818 0.42670 0.19546 0.43913 0.22633 0.38802 0.23686 0.38605 0.24402 0.37755 0.23686 0.34787 0.23160 0.34886 0.21736 0.31573 0.20682 0.27952 0.20287 0.24208 0.00000 0.26060 0.00000 0.43039
7 0.79035 0.00000 0.79260 0.02132 0.79099 0.02520 0.79321 0.04626 0.79161 0.05014 0.79321 0.10353 0.79235 0.11443 0.78401 0.12136 0.77877 0.13845 0.78247 0.17355 0.78599 0.17826 0.78994 0.17752 0.79315 0.16976 0.80698 0.16717 0.81364 0.17308 0.81685 0.16532 0.82870 0.16310 0.83500 0.16550 0.83772 0.17215 0.84247 0.16947 0.84370 0.16208 0.84123 0.11959 0.83537 0.11174 0.83018 0.11987 0.81284 0.11775 0.81259 0.09632 0.81420 0.09244 0.81222 0.03554 0.81383 0.03166 0.81212 0.00000 0.79035 0.00000
7 0.44853 0.08215 0.44557 0.05407 0.44007 0.04973 0.43884 0.05713 0.43495 0.04890 0.43618 0.04151 0.43359 0.01695 0.43007 0.01223 0.40834 0.01630 0.40902 0.03228 0.40532 0.05445 0.40902 0.08955 0.41445 0.10285 0.41964 0.15199 0.41760 0.16132 0.40643 0.17952 0.41013 0.21461 0.41439 0.22634 0.41995 0.22173 0.45865 0.21627 0.46346 0.20463 0.46433 0.19373 0.46137 0.16565 0.45513 0.15429 0.44921 0.15540 0.44569 0.15069 0.44384 0.13314 0.44544 0.12926 0.44248 0.10118 0.44804 0.09656 0.44692 0.08603 0.44853 0.08215
6 1.00000 0.45343 0.99755 0.43018 0.68072 0.02377 0.49900 0.05779 0.46188 0.21507 0.24682 0.23863 0.25974 0.27200 0.25044 0.28567 0.25859 0.36289 0.26723 0.36843 0.26765 0.38505 0.30238 0.38333 0.30822 0.41325 0.42739 0.41003 0.32590 1.00000 0.52625 1.00000 1.00000 0.91131 1.00000 0.45343
6 0.00000 0.43039 0.19818 0.42670 0.19546 0.43913 0.22633 0.38802 0.23686 0.38605 0.24402 0.37755 0.23686 0.34787 0.23160 0.34886 0.21736 0.31573 0.20682 0.27952 0.20287 0.24208 0.00000 0.26060 0.00000 0.43039
7 0.79035 0.00000 0.79260 0.02132 0.79099 0.02520 0.79321 0.04626 0.79161 0.05014 0.79321 0.10353 0.79235 0.11443 0.78401 0.12136 0.77877 0.13845 0.78247 0.17355 0.78599 0.17826 0.78994 0.17752 0.79315 0.16976 0.80698 0.16717 0.81364 0.17308 0.81685 0.16532 0.82870 0.16310 0.83500 0.16550 0.83772 0.17215 0.84247 0.16947 0.84370 0.16208 0.84123 0.11959 0.83537 0.11174 0.83018 0.11987 0.81284 0.11775 0.81259 0.09632 0.81420 0.09244 0.81222 0.03554 0.81383 0.03166 0.81212 0.00000 0.79035 0.00000
7 0.44853 0.08215 0.44557 0.05407 0.44007 0.04973 0.43884 0.05713 0.43495 0.04890 0.43618 0.04151 0.43359 0.01695 0.43007 0.01223 0.40834 0.01630 0.40902 0.03228 0.40532 0.05445 0.40902 0.08955 0.41445 0.10285 0.41964 0.15199 0.41760 0.16132 0.40643 0.17952 0.41013 0.21461 0.41439 0.22634 0.41995 0.22173 0.45865 0.21627 0.46346 0.20463 0.46433 0.19373 0.46137 0.16565 0.45513 0.15429 0.44921 0.15540 0.44569 0.15069 0.44384 0.13314 0.44544 0.12926 0.44248 0.10118 0.44804 0.09656 0.44692 0.08603 0.44853 0.08215
6 1.00000 0.45343 0.99755 0.43018 0.68072 0.02377 0.49900 0.05779 0.46188 0.21507 0.24682 0.23863 0.25974 0.27200 0.25044 0.28567 0.25859 0.36289 0.26723 0.36843 0.26765 0.38505 0.30238 0.38333 0.30822 0.41325 0.42739 0.41003 0.32590 1.00000 0.52625 1.00000 1.00000 0.91131 1.00000 0.45343
6 0.00000 0.43039 0.19818 0.42670 0.19546 0.43913 0.22633 0.38802 0.23686 0.38605 0.24402 0.37755 0.23686 0.34787 0.23160 0.34886 0.21736 0.31573 0.20682 0.27952 0.20287 0.24208 0.00000 0.26060 0.00000 0.43039
7 0.79035 0.00000 0.79260 0.02132 0.79099 0.02520 0.79321 0.04626 0.79161 0.05014 0.79321 0.10353 0.79235 0.11443 0.78401 0.12136 0.77877 0.13845 0.78247 0.17355 0.78599 0.17826 0.78994 0.17752 0.79315 0.16976 0.80698 0.16717 0.81364 0.17308 0.81685 0.16532 0.82870 0.16310 0.83500 0.16550 0.83772 0.17215 0.84247 0.16947 0.84370 0.16208 0.84123 0.11959 0.83537 0.11174 0.83018 0.11987 0.81284 0.11775 0.81259 0.09632 0.81420 0.09244 0.81222 0.03554 0.81383 0.03166 0.81212 0.00000 0.79035 0.00000
7 0.44853 0.08215 0.44557 0.05407 0.44007 0.04973 0.43884 0.05713 0.43495 0.04890 0.43618 0.04151 0.43359 0.01695 0.43007 0.01223 0.40834 0.01630 0.40902 0.03228 0.40532 0.05445 0.40902 0.08955 0.41445 0.10285 0.41964 0.15199 0.41760 0.16132 0.40643 0.17952 0.41013 0.21461 0.41439 0.22634 0.41995 0.22173 0.45865 0.21627 0.46346 0.20463 0.46433 0.19373 0.46137 0.16565 0.45513 0.15429 0.44921 0.15540 0.44569 0.15069 0.44384 0.13314 0.44544 0.12926 0.44248 0.10118 0.44804 0.09656 0.44692 0.08603 0.44853 0.08215
