6 0.20899 0.19618 0.20899 0.17188 0.19917 0.16696 0.19547 0.10234 0.00000 0.09567 0.00098 0.22222 0.16504 0.22570 0.18638 0.22207 0.19548 0.20241 0.20899 0.19618
6 1.00000 0.11605 0.72669 0.11689 0.72624 0.16944 0.70978 0.20426 0.69826 0.23154 1.00000 0.23094 1.00000 0.11605
6 0.63618 0.24473 0.67654 0.24010 0.65113 0.12593 0.21711 0.10451 0.22553 0.20492 0.24957 0.20936 0.25457 0.22600 0.32172 0.23836 0.21387 0.99653 0.98345 1.00000 0.92616 0.87068 0.63618 0.24473
3 0.68043 0.20338 0.68531 0.21206 0.68335 0.21553 0.68335 0.23289 0.67847 0.24505 0.67261 0.24505 0.66871 0.25546 0.65894 0.25546 0.65406 0.26067 0.65601 0.28150 0.67066 0.31796 0.67652 0.31449 0.70777 0.31449 0.71168 0.31796 0.71656 0.30928 0.71851 0.27803 0.70972 0.26588 0.69996 0.24505 0.69507 0.24331 0.69507 0.21553 0.69800 0.20685 0.70191 0.20685 0.71558 0.19296 0.72242 0.17734 0.72633 0.15998 0.72633 0.12178 0.72437 0.11484 0.71168 0.09574 0.70582 0.09227 0.69214 0.09227 0.67847 0.10268 0.67164 0.11484 0.66382 0.13914 0.66382 0.17386 0.66773 0.18775 0.67652 0.20338 0.68043 0.20338
5 0.82910 0.48611 0.83887 0.48611 0.83984 0.49479 0.83789 0.49827 0.83789 0.50868 0.83301 0.52083 0.82324 0.52083 0.82129 0.52430 0.81543 0.52083 0.80176 0.52083 0.79980 0.52430 0.79199 0.52430 0.78516 0.53993 0.78906 0.56077 0.80078 0.57812 0.81055 0.59896 0.81250 0.61285 0.81934 0.62153 0.83496 0.61111 0.88184 0.61111 0.88574 0.61805 0.89160 0.61805 0.89648 0.60938 0.89648 0.58507 0.88281 0.55382 0.87305 0.53993 0.87109 0.52952 0.86621 0.52083 0.85938 0.51910 0.85938 0.49132 0.86816 0.48611 0.88574 0.46180 0.89551 0.45486 0.90430 0.44271 0.91016 0.42188 0.91406 0.39410 0.91797 0.38368 0.91797 0.36632 0.90625 0.33507 0.90625 0.32812 0.90137 0.31945 0.85449 0.31250 0.82324 0.34722 0.81641 0.35938 0.81641 0.36632 0.80859 0.39757 0.80664 0.43577 0.82031 0.46702 0.82227 0.47743 0.82910 0.48611
6 0.20899 0.19618 0.20899 0.17188 0.19917 0.16696 0.19547 0.10234 0.00000 0.09567 0.00098 0.22222 0.16504 0.22570 0.18638 0.22207 0.19548 0.20241 0.20899 0.19618
6 1.00000 0.11605 0.72669 0.11689 0.72624 0.16944 0.70978 0.20426 0.69826 0.23154 1.00000 0.23094 1.00000 0.11605
6 0.63618 0.24473 0.67654 0.24010 0.65113 0.12593 0.21711 0.10451 0.22553 0.20492 0.24957 0.20936 0.25457 0.22600 0.32172 0.23836 0.21387 0.99653 0.98345 1.00000 0.92616 0.87068 0.63618 0.24473
3 0.68043 0.20338 0.68531 0.21206 0.68335 0.21553 0.68335 0.23289 0.67847 0.24505 0.67261 0.24505 0.66871 0.25546 0.65894 0.25546 0.65406 0.26067 0.65601 0.28150 0.67066 0.31796 0.67652 0.31449 0.70777 0.31449 0.71168 0.31796 0.71656 0.30928 0.71851 0.27803 0.70972 0.26588 0.69996 0.24505 0.69507 0.24331 0.69507 0.21553 0.69800 0.20685 0.70191 0.20685 0.71558 0.19296 0.72242 0.17734 0.72633 0.15998 0.72633 0.12178 0.72437 0.11484 0.71168 0.09574 0.70582 0.09227 0.69214 0.09227 0.67847 0.10268 0.67164 0.11484 0.66382 0.13914 0.66382 0.17386 0.66773 0.18775 0.67652 0.20338 0.68043 0.20338
5 0.82910 0.48611 0.83887 0.48611 0.83984 0.49479 0.83789 0.49827 0.83789 0.50868 0.83301 0.52083 0.82324 0.52083 0.82129 0.52430 0.81543 0.52083 0.80176 0.52083 0.79980 0.52430 0.79199 0.52430 0.78516 0.53993 0.78906 0.56077 0.80078 0.57812 0.81055 0.59896 0.81250 0.61285 0.81934 0.62153 0.83496 0.61111 0.88184 0.61111 0.88574 0.61805 0.89160 0.61805 0.89648 0.60938 0.89648 0.58507 0.88281 0.55382 0.87305 0.53993 0.87109 0.52952 0.86621 0.52083 0.85938 0.51910 0.85938 0.49132 0.86816 0.48611 0.88574 0.46180 0.89551 0.45486 0.90430 0.44271 0.91016 0.42188 0.91406 0.39410 0.91797 0.38368 0.91797 0.36632 0.90625 0.33507 0.90625 0.32812 0.90137 0.31945 0.85449 0.31250 0.82324 0.34722 0.81641 0.35938 0.81641 0.36632 0.80859 0.39757 0.80664 0.43577 0.82031 0.46702 0.82227 0.47743 0.82910 0.48611
6 0.20899 0.19618 0.20899 0.17188 0.19917 0.16696 0.19547 0.10234 0.00000 0.09567 0.00098 0.22222 0.16504 0.22570 0.18638 0.22207 0.19548 0.20241 0.20899 0.19618
6 1.00000 0.11605 0.72669 0.11689 0.72624 0.16944 0.70978 0.20426 0.69826 0.23154 1.00000 0.23094 1.00000 0.11605
6 0.63618 0.24473 0.67654 0.24010 0.65113 0.12593 0.21711 0.10451 0.22553 0.20492 0.24957 0.20936 0.25457 0.22600 0.32172 0.23836 0.21387 0.99653 0.98345 1.00000 0.92616 0.87068 0.63618 0.24473
3 0.68043 0.20338 0.68531 0.21206 0.68335 0.21553 0.68335 0.23289 0.67847 0.24505 0.67261 0.24505 0.66871 0.25546 0.65894 0.25546 0.65406 0.26067 0.65601 0.28150 0.67066 0.31796 0.67652 0.31449 0.70777 0.31449 0.71168 0.31796 0.71656 0.30928 0.71851 0.27803 0.70972 0.26588 0.69996 0.24505 0.69507 0.24331 0.69507 0.21553 0.69800 0.20685 0.70191 0.20685 0.71558 0.19296 0.72242 0.17734 0.72633 0.15998 0.72633 0.12178 0.72437 0.11484 0.71168 0.09574 0.70582 0.09227 0.69214 0.09227 0.67847 0.10268 0.67164 0.11484 0.66382 0.13914 0.66382 0.17386 0.66773 0.18775 0.67652 0.20338 0.68043 0.20338
5 0.82910 0.48611 0.83887 0.48611 0.83984 0.49479 0.83789 0.49827 0.83789 0.50868 0.83301 0.52083 0.82324 0.52083 0.82129 0.52430 0.81543 0.52083 0.80176 0.52083 0.79980 0.52430 0.79199 0.52430 0.78516 0.53993 0.78906 0.56077 0.80078 0.57812 0.81055 0.59896 0.81250 0.61285 0.81934 0.62153 0.83496 0.61111 0.88184 0.61111 0.88574 0.61805 0.89160 0.61805 0.89648 0.60938 0.89648 0.58507 0.88281 0.55382 0.87305 0.53993 0.87109 0.52952 0.86621 0.52083 0.85938 0.51910 0.85938 0.49132 0.86816 0.48611 0.88574 0.46180 0.89551 0.45486 0.90430 0.44271 0.91016 0.42188 0.91406 0.39410 0.91797 0.38368 0.91797 0.36632 0.90625 0.33507 0.90625 0.32812 0.90137 0.31945 0.85449 0.31250 0.82324 0.34722 0.81641 0.35938 0.81641 0.36632 0.80859 0.39757 0.80664 0.43577 0.82031 0.46702 0.82227 0.47743 0.82910 0.48611
6 0.20899 0.19618 0.20899 0.17188 0.19917 0.16696 0.19547 0.10234 0.00000 0.09567 0.00098 0.22222 0.16504 0.22570 0.18638 0.22207 0.19548 0.20241 0.20899 0.19618
6 1.00000 0.11605 0.72669 0.11689 0.72624 0.16944 0.70978 0.20426 0.69826 0.23154 1.00000 0.23094 1.00000 0.11605
6 0.63618 0.24473 0.67654 0.24010 0.65113 0.12593 0.21711 0.10451 0.22553 0.20492 0.24957 0.20936 0.25457 0.22600 0.32172 0.23836 0.21387 0.99653 0.98345 1.00000 0.92616 0.87068 0.63618 0.24473
3 0.68043 0.20338 0.68531 0.21206 0.68335 0.21553 0.68335 0.23289 0.67847 0.24505 0.67261 0.24505 0.66871 0.25546 0.65894 0.25546 0.65406 0.26067 0.65601 0.28150 0.67066 0.31796 0.67652 0.31449 0.70777 0.31449 0.71168 0.31796 0.71656 0.30928 0.71851 0.27803 0.70972 0.26588 0.69996 0.24505 0.69507 0.24331 0.69507 0.21553 0.69800 0.20685 0.70191 0.20685 0.71558 0.19296 0.72242 0.17734 0.72633 0.15998 0.72633 0.12178 0.72437 0.11484 0.71168 0.09574 0.70582 0.09227 0.69214 0.09227 0.67847 0.10268 0.67164 0.11484 0.66382 0.13914 0.66382 0.17386 0.66773 0.18775 0.67652 0.20338 0.68043 0.20338
5 0.82910 0.48611 0.83887 0.48611 0.83984 0.49479 0.83789 0.49827 0.83789 0.50868 0.83301 0.52083 0.82324 0.52083 0.82129 0.52430 0.81543 0.52083 0.80176 0.52083 0.79980 0.52430 0.79199 0.52430 0.78516 0.53993 0.78906 0.56077 0.80078 0.57812 0.81055 0.59896 0.81250 0.61285 0.81934 0.62153 0.83496 0.61111 0.88184 0.61111 0.88574 0.61805 0.89160 0.61805 0.89648 0.60938 0.89648 0.58507 0.88281 0.55382 0.87305 0.53993 0.87109 0.52952 0.86621 0.52083 0.85938 0.51910 0.85938 0.49132 0.86816 0.48611 0.88574 0.46180 0.89551 0.45486 0.90430 0.44271 0.91016 0.42188 0.91406 0.39410 0.91797 0.38368 0.91797 0.36632 0.90625 0.33507 0.90625 0.32812 0.90137 0.31945 0.85449 0.31250 0.82324 0.34722 0.81641 0.35938 0.81641 0.36632 0.80859 0.39757 0.80664 0.43577 0.82031 0.46702 0.82227 0.47743 0.82910 0.48611
6 0.20899 0.19618 0.20899 0.17188 0.19917 0.16696 0.19547 0.10234 0.00000 0.09567 0.00098 0.22222 0.16504 0.22570 0.18638 0.22207 0.19548 0.20241 0.20899 0.19618
6 1.00000 0.11605 0.72669 0.11689 0.72624 0.16944 0.70978 0.20426 0.69826 0.23154 1.00000 0.23094 1.00000 0.11605
6 0.63618 0.24473 0.67654 0.24010 0.65113 0.12593 0.21711 0.10451 0.22553 0.20492 0.24957 0.20936 0.25457 0.22600 0.32172 0.23836 0.21387 0.99653 0.98345 1.00000 0.92616 0.87068 0.63618 0.24473
3 0.68043 0.20338 0.68531 0.21206 0.68335 0.21553 0.68335 0.23289 0.67847 0.24505 0.67261 0.24505 0.66871 0.25546 0.65894 0.25546 0.65406 0.26067 0.65601 0.28150 0.67066 0.31796 0.67652 0.31449 0.70777 0.31449 0.71168 0.31796 0.71656 0.30928 0.71851 0.27803 0.70972 0.26588 0.69996 0.24505 0.69507 0.24331 0.69507 0.21553 0.69800 0.20685 0.70191 0.20685 0.71558 0.19296 0.72242 0.17734 0.72633 0.15998 0.72633 0.12178 0.72437 0.11484 0.71168 0.09574 0.70582 0.09227 0.69214 0.09227 0.67847 0.10268 0.67164 0.11484 0.66382 0.13914 0.66382 0.17386 0.66773 0.18775 0.67652 0.20338 0.68043 0.20338
5 0.82910 0.48611 0.83887 0.48611 0.83984 0.49479 0.83789 0.49827 0.83789 0.50868 0.83301 0.52083 0.82324 0.52083 0.82129 0.52430 0.81543 0.52083 0.80176 0.52083 0.79980 0.52430 0.79199 0.52430 0.78516 0.53993 0.78906 0.56077 0.80078 0.57812 0.81055 0.59896 0.81250 0.61285 0.81934 0.62153 0.83496 0.61111 0.88184 0.61111 0.88574 0.61805 0.89160 0.61805 0.89648 0.60938 0.89648 0.58507 0.88281 0.55382 0.87305 0.53993 0.87109 0.52952 0.86621 0.52083 0.85938 0.51910 0.85938 0.49132 0.86816 0.48611 0.88574 0.46180 0.89551 0.45486 0.90430 0.44271 0.91016 0.42188 0.91406 0.39410 0.91797 0.38368 0.91797 0.36632 0.90625 0.33507 0.90625 0.32812 0.90137 0.31945 0.85449 0.31250 0.82324 0.34722 0.81641 0.35938 0.81641 0.36632 0.80859 0.39757 0.80664 0.43577 0.82031 0.46702 0.82227 0.47743 0.82910 0.48611
