6 0.04784 0.00000 0.01421 0.31876 0.15788 0.51371 0.21898 0.59331 0.23704 0.67748 0.20765 0.76791 0.05366 0.92136 0.47375 1.00000 0.95216 1.00000 1.00000 0.54657 1.00000 0.44368 0.85335 0.32076 0.81067 0.29510 0.66907 0.22567 0.36878 0.06170 0.25214 0.00000 0.04784 0.00000
5 0.37045 0.00000 0.35960 0.01121 0.36114 0.02603 0.33708 0.02568 0.33460 0.04182 0.37860 0.06320 0.42015 0.04884 0.41961 0.03771 0.39691 0.02312 0.39751 0.00000 0.37045 0.00000
6 0.04784 0.00000 0.01421 0.31876 0.15788 0.51371 0.21898 0.59331 0.23704 0.67748 0.20765 0.76791 0.05366 0.92136 0.47375 1.00000 0.95216 1.00000 1.00000 0.54657 1.00000 0.44368 0.85335 0.32076 0.81067 0.29510 0.66907 0.22567 0.36878 0.06170 0.25214 0.00000 0.04784 0.00000
5 0.37045 0.00000 0.35960 0.01121 0.36114 0.02603 0.33708 0.02568 0.33460 0.04182 0.37860 0.06320 0.42015 0.04884 0.41961 0.03771 0.39691 0.02312 0.39751 0.00000 0.37045 0.00000
6 0.04784 0.00000 0.01421 0.31876 0.15788 0.51371 0.21898 0.59331 0.23704 0.67748 0.20765 0.76791 0.05366 0.92136 0.47375 1.00000 0.95216 1.00000 1.00000 0.54657 1.00000 0.44368 0.85335 0.32076 0.81067 0.29510 0.66907 0.22567 0.36878 0.06170 0.25214 0.00000 0.04784 0.00000
5 0.37045 0.00000 0.35960 0.01121 0.36114 0.02603 0.33708 0.02568 0.33460 0.04182 0.37860 0.06320 0.42015 0.04884 0.41961 0.03771 0.39691 0.02312 0.39751 0.00000 0.37045 0.00000
6 0.04784 0.00000 0.01421 0.31876 0.15788 0.51371 0.21898 0.59331 0.23704 0.67748 0.20765 0.76791 0.05366 0.92136 0.47375 1.00000 0.95216 1.00000 1.00000 0.54657 1.00000 0.44368 0.85335 0.32076 0.81067 0.29510 0.66907 0.22567 0.36878 0.06170 0.25214 0.00000 0.04784 0.00000
5 0.37045 0.00000 0.35960 0.01121 0.36114 0.02603 0.33708 0.02568 0.33460 0.04182 0.37860 0.06320 0.42015 0.04884 0.41961 0.03771 0.39691 0.02312 0.39751 0.00000 0.37045 0.00000
6 0.04784 0.00000 0.01421 0.31876 0.15788 0.51371 0.21898 0.59331 0.23704 0.67748 0.20765 0.76791 0.05366 0.92136 0.47375 1.00000 0.95216 1.00000 1.00000 0.54657 1.00000 0.44368 0.85335 0.32076 0.81067 0.29510 0.66907 0.22567 0.36878 0.06170 0.25214 0.00000 0.04784 0.00000
5 0.37045 0.00000 0.35960 0.01121 0.36114 0.02603 0.33708 0.02568 0.33460 0.04182 0.37860 0.06320 0.42015 0.04884 0.41961 0.03771 0.39691 0.02312 0.39751 0.00000 0.37045 0.00000
6 0.04784 0.00000 0.01421 0.31876 0.15788 0.51371 0.21898 0.59331 0.23704 0.67748 0.20765 0.76791 0.05366 0.92136 0.47375 1.00000 0.95216 1.00000 1.00000 0.54657 1.00000 0.44368 0.85335 0.32076 0.81067 0.29510 0.66907 0.22567 0.36878 0.06170 0.25214 0.00000 0.04784 0.00000
5 0.37045 0.00000 0.35960 0.01121 0.36114 0.02603 0.33708 0.02568 0.33460 0.04182 0.37860 0.06320 0.42015 0.04884 0.41961 0.03771 0.39691 0.02312 0.39751 0.00000 0.37045 0.00000
