6 1.00000 0.92538 0.99465 0.92236 0.99255 0.91524 0.98439 0.90826 0.98125 0.89937 0.98218 0.89396 0.97820 0.89764 0.97201 0.88703 0.96798 0.88713 0.94027 0.85012 0.94219 0.84290 0.94009 0.83578 0.95002 0.82479 0.94693 0.81949 0.92475 0.82000 0.92077 0.82368 0.91665 0.81661 0.91261 0.81670 0.90849 0.80963 0.90239 0.80618 0.86339 0.75330 0.84707 0.73934 0.83470 0.71811 0.83067 0.71821 0.82241 0.70405 0.81426 0.69707 0.81111 0.68818 0.79982 0.67231 0.79367 0.66528 0.78964 0.66538 0.78552 0.65830 0.77942 0.65486 0.77731 0.64773 0.75486 0.62674 0.72818 0.59151 0.72209 0.58806 0.71585 0.57386 0.70971 0.56684 0.70568 0.56693 0.69748 0.55636 0.69330 0.54570 0.67277 0.51750 0.66874 0.51759 0.66564 0.51229 0.66761 0.50865 0.66545 0.49795 0.67145 0.49422 0.67131 0.48347 0.66419 0.47825 0.65613 0.47844 0.65219 0.48570 0.65017 0.48575 0.64806 0.47863 0.45061 0.49039 0.44264 0.49775 0.43973 0.50678 0.43378 0.51409 0.42989 0.52494 0.42998 0.53211 0.41625 0.56111 0.41437 0.57191 0.39862 0.60096 0.39674 0.61176 0.36524 0.66986 0.34180 0.72778 0.33196 0.74594 0.32615 0.76400 0.29666 0.82205 0.28302 0.85823 0.26924 0.88365 0.26540 0.89808 0.25358 0.91987 0.23797 0.95968 0.23202 0.96698 0.22818 0.98142 0.22030 0.99594 0.22081 1.00000 0.27781 1.00000 0.27782 0.99998 0.27785 1.00000 0.41755 1.00000 1.00000 0.98506 1.00000 0.92538
6 0.67282 0.52108 0.68501 0.52797 0.68801 0.52611 0.69499 0.52057 0.70104 0.52043 0.70193 0.51144 0.69987 0.50790 0.70690 0.50595 0.70985 0.50050 0.70971 0.48975 0.69850 0.48104 0.64914 0.48398 0.65847 0.50349 0.66457 0.50693 0.67282 0.52108
6 1.00000 0.49419 0.99960 0.46329 0.99267 0.46345 0.99070 0.46708 0.97861 0.46736 0.97655 0.46382 0.97256 0.46750 0.96848 0.46401 0.96450 0.46769 0.96042 0.46420 0.95644 0.46787 0.95236 0.46438 0.94636 0.46811 0.94026 0.46466 0.93431 0.47197 0.76906 0.47940 0.76709 0.48303 0.73484 0.48378 0.72987 0.48928 0.73001 0.50003 0.73413 0.50711 0.73629 0.51781 0.74140 0.52307 0.82100 0.51943 0.87037 0.51649 0.87233 0.51286 0.88040 0.51267 0.88246 0.51621 0.88443 0.51257 0.89652 0.51229 0.89859 0.51583 0.90056 0.51220 1.00000 0.50989 1.00000 0.49419
6 0.16713 0.55435 0.16910 0.55072 0.21546 0.54964 0.21841 0.54420 0.21827 0.53344 0.22404 0.51179 0.19882 0.51059 0.19685 0.51422 0.15048 0.51530 0.14851 0.51893 0.14645 0.51539 0.14448 0.51902 0.02353 0.52184 0.02157 0.52546 0.00028 0.52736 0.00082 0.56874 0.03319 0.56643 0.08659 0.56340 0.08856 0.55977 0.09465 0.56321 0.09662 0.55958 0.16713 0.55435
4 0.74510 0.42080 0.73376 0.40134 0.71754 0.39454 0.70160 0.40926 0.69480 0.42914 0.69518 0.45781 0.69940 0.47206 0.71379 0.49324 0.71093 0.50585 0.70390 0.50781 0.70404 0.51856 0.70109 0.52401 0.69504 0.52415 0.69209 0.52960 0.69218 0.53677 0.69738 0.54920 0.71173 0.56679 0.73489 0.56446 0.74393 0.56246 0.74689 0.55701 0.74656 0.53192 0.74140 0.52307 0.73428 0.51786 0.73418 0.51069 0.72593 0.49654 0.72584 0.48937 0.73484 0.48378 0.74567 0.46381 0.74726 0.43150 0.74510 0.42080
7 0.41029 0.41424 0.40823 0.41070 0.40794 0.38919 0.39280 0.38775 0.39271 0.45768 0.39477 0.46121 0.39524 0.49706 0.39833 0.50236 0.40537 0.50041 0.41137 0.49668 0.41029 0.41424
7 0.41484 0.45357 0.41896 0.46065 0.41704 0.46787 0.41732 0.48937 0.43546 0.48895 0.43846 0.48709 0.43940 0.48169 0.43106 0.46037 0.43279 0.43881 0.43073 0.43528 0.43012 0.38868 0.42805 0.38514 0.42791 0.37439 0.42482 0.36908 0.41277 0.37295 0.41268 0.44287 0.41484 0.45357
6 1.00000 0.92538 0.99465 0.92236 0.99255 0.91524 0.98439 0.90826 0.98125 0.89937 0.98218 0.89396 0.97820 0.89764 0.97201 0.88703 0.96798 0.88713 0.94027 0.85012 0.94219 0.84290 0.94009 0.83578 0.95002 0.82479 0.94693 0.81949 0.92475 0.82000 0.92077 0.82368 0.91665 0.81661 0.91261 0.81670 0.90849 0.80963 0.90239 0.80618 0.86339 0.75330 0.84707 0.73934 0.83470 0.71811 0.83067 0.71821 0.82241 0.70405 0.81426 0.69707 0.81111 0.68818 0.79982 0.67231 0.79367 0.66528 0.78964 0.66538 0.78552 0.65830 0.77942 0.65486 0.77731 0.64773 0.75486 0.62674 0.72818 0.59151 0.72209 0.58806 0.71585 0.57386 0.70971 0.56684 0.70568 0.56693 0.69748 0.55636 0.69330 0.54570 0.67277 0.51750 0.66874 0.51759 0.66564 0.51229 0.66761 0.50865 0.66545 0.49795 0.67145 0.49422 0.67131 0.48347 0.66419 0.47825 0.65613 0.47844 0.65219 0.48570 0.65017 0.48575 0.64806 0.47863 0.45061 0.49039 0.44264 0.49775 0.43973 0.50678 0.43378 0.51409 0.42989 0.52494 0.42998 0.53211 0.41625 0.56111 0.41437 0.57191 0.39862 0.60096 0.39674 0.61176 0.36524 0.66986 0.34180 0.72778 0.33196 0.74594 0.32615 0.76400 0.29666 0.82205 0.28302 0.85823 0.26924 0.88365 0.26540 0.89808 0.25358 0.91987 0.23797 0.95968 0.23202 0.96698 0.22818 0.98142 0.22030 0.99594 0.22081 1.00000 0.27781 1.00000 0.27782 0.99998 0.27785 1.00000 0.41755 1.00000 1.00000 0.98506 1.00000 0.92538
6 0.67282 0.52108 0.68501 0.52797 0.68801 0.52611 0.69499 0.52057 0.70104 0.52043 0.70193 0.51144 0.69987 0.50790 0.70690 0.50595 0.70985 0.50050 0.70971 0.48975 0.69850 0.48104 0.64914 0.48398 0.65847 0.50349 0.66457 0.50693 0.67282 0.52108
6 1.00000 0.49419 0.99960 0.46329 0.99267 0.46345 0.99070 0.46708 0.97861 0.46736 0.97655 0.46382 0.97256 0.46750 0.96848 0.46401 0.96450 0.46769 0.96042 0.46420 0.95644 0.46787 0.95236 0.46438 0.94636 0.46811 0.94026 0.46466 0.93431 0.47197 0.76906 0.47940 0.76709 0.48303 0.73484 0.48378 0.72987 0.48928 0.73001 0.50003 0.73413 0.50711 0.73629 0.51781 0.74140 0.52307 0.82100 0.51943 0.87037 0.51649 0.87233 0.51286 0.88040 0.51267 0.88246 0.51621 0.88443 0.51257 0.89652 0.51229 0.89859 0.51583 0.90056 0.51220 1.00000 0.50989 1.00000 0.49419
6 0.16713 0.55435 0.16910 0.55072 0.21546 0.54964 0.21841 0.54420 0.21827 0.53344 0.22404 0.51179 0.19882 0.51059 0.19685 0.51422 0.15048 0.51530 0.14851 0.51893 0.14645 0.51539 0.14448 0.51902 0.02353 0.52184 0.02157 0.52546 0.00028 0.52736 0.00082 0.56874 0.03319 0.56643 0.08659 0.56340 0.08856 0.55977 0.09465 0.56321 0.09662 0.55958 0.16713 0.55435
4 0.74510 0.42080 0.73376 0.40134 0.71754 0.39454 0.70160 0.40926 0.69480 0.42914 0.69518 0.45781 0.69940 0.47206 0.71379 0.49324 0.71093 0.50585 0.70390 0.50781 0.70404 0.51856 0.70109 0.52401 0.69504 0.52415 0.69209 0.52960 0.69218 0.53677 0.69738 0.54920 0.71173 0.56679 0.73489 0.56446 0.74393 0.56246 0.74689 0.55701 0.74656 0.53192 0.74140 0.52307 0.73428 0.51786 0.73418 0.51069 0.72593 0.49654 0.72584 0.48937 0.73484 0.48378 0.74567 0.46381 0.74726 0.43150 0.74510 0.42080
7 0.41029 0.41424 0.40823 0.41070 0.40794 0.38919 0.39280 0.38775 0.39271 0.45768 0.39477 0.46121 0.39524 0.49706 0.39833 0.50236 0.40537 0.50041 0.41137 0.49668 0.41029 0.41424
7 0.41484 0.45357 0.41896 0.46065 0.41704 0.46787 0.41732 0.48937 0.43546 0.48895 0.43846 0.48709 0.43940 0.48169 0.43106 0.46037 0.43279 0.43881 0.43073 0.43528 0.43012 0.38868 0.42805 0.38514 0.42791 0.37439 0.42482 0.36908 0.41277 0.37295 0.41268 0.44287 0.41484 0.45357
6 1.00000 0.92538 0.99465 0.92236 0.99255 0.91524 0.98439 0.90826 0.98125 0.89937 0.98218 0.89396 0.97820 0.89764 0.97201 0.88703 0.96798 0.88713 0.94027 0.85012 0.94219 0.84290 0.94009 0.83578 0.95002 0.82479 0.94693 0.81949 0.92475 0.82000 0.92077 0.82368 0.91665 0.81661 0.91261 0.81670 0.90849 0.80963 0.90239 0.80618 0.86339 0.75330 0.84707 0.73934 0.83470 0.71811 0.83067 0.71821 0.82241 0.70405 0.81426 0.69707 0.81111 0.68818 0.79982 0.67231 0.79367 0.66528 0.78964 0.66538 0.78552 0.65830 0.77942 0.65486 0.77731 0.64773 0.75486 0.62674 0.72818 0.59151 0.72209 0.58806 0.71585 0.57386 0.70971 0.56684 0.70568 0.56693 0.69748 0.55636 0.69330 0.54570 0.67277 0.51750 0.66874 0.51759 0.66564 0.51229 0.66761 0.50865 0.66545 0.49795 0.67145 0.49422 0.67131 0.48347 0.66419 0.47825 0.65613 0.47844 0.65219 0.48570 0.65017 0.48575 0.64806 0.47863 0.45061 0.49039 0.44264 0.49775 0.43973 0.50678 0.43378 0.51409 0.42989 0.52494 0.42998 0.53211 0.41625 0.56111 0.41437 0.57191 0.39862 0.60096 0.39674 0.61176 0.36524 0.66986 0.34180 0.72778 0.33196 0.74594 0.32615 0.76400 0.29666 0.82205 0.28302 0.85823 0.26924 0.88365 0.26540 0.89808 0.25358 0.91987 0.23797 0.95968 0.23202 0.96698 0.22818 0.98142 0.22030 0.99594 0.22081 1.00000 0.27781 1.00000 0.27782 0.99998 0.27785 1.00000 0.41755 1.00000 1.00000 0.98506 1.00000 0.92538
6 0.67282 0.52108 0.68501 0.52797 0.68801 0.52611 0.69499 0.52057 0.70104 0.52043 0.70193 0.51144 0.69987 0.50790 0.70690 0.50595 0.70985 0.50050 0.70971 0.48975 0.69850 0.48104 0.64914 0.48398 0.65847 0.50349 0.66457 0.50693 0.67282 0.52108
6 1.00000 0.49419 0.99960 0.46329 0.99267 0.46345 0.99070 0.46708 0.97861 0.46736 0.97655 0.46382 0.97256 0.46750 0.96848 0.46401 0.96450 0.46769 0.96042 0.46420 0.95644 0.46787 0.95236 0.46438 0.94636 0.46811 0.94026 0.46466 0.93431 0.47197 0.76906 0.47940 0.76709 0.48303 0.73484 0.48378 0.72987 0.48928 0.73001 0.50003 0.73413 0.50711 0.73629 0.51781 0.74140 0.52307 0.82100 0.51943 0.87037 0.51649 0.87233 0.51286 0.88040 0.51267 0.88246 0.51621 0.88443 0.51257 0.89652 0.51229 0.89859 0.51583 0.90056 0.51220 1.00000 0.50989 1.00000 0.49419
6 0.16713 0.55435 0.16910 0.55072 0.21546 0.54964 0.21841 0.54420 0.21827 0.53344 0.22404 0.51179 0.19882 0.51059 0.19685 0.51422 0.15048 0.51530 0.14851 0.51893 0.14645 0.51539 0.14448 0.51902 0.02353 0.52184 0.02157 0.52546 0.00028 0.52736 0.00082 0.56874 0.03319 0.56643 0.08659 0.56340 0.08856 0.55977 0.09465 0.56321 0.09662 0.55958 0.16713 0.55435
4 0.74510 0.42080 0.73376 0.40134 0.71754 0.39454 0.70160 0.40926 0.69480 0.42914 0.69518 0.45781 0.69940 0.47206 0.71379 0.49324 0.71093 0.50585 0.70390 0.50781 0.70404 0.51856 0.70109 0.52401 0.69504 0.52415 0.69209 0.52960 0.69218 0.53677 0.69738 0.54920 0.71173 0.56679 0.73489 0.56446 0.74393 0.56246 0.74689 0.55701 0.74656 0.53192 0.74140 0.52307 0.73428 0.51786 0.73418 0.51069 0.72593 0.49654 0.72584 0.48937 0.73484 0.48378 0.74567 0.46381 0.74726 0.43150 0.74510 0.42080
7 0.41029 0.41424 0.40823 0.41070 0.40794 0.38919 0.39280 0.38775 0.39271 0.45768 0.39477 0.46121 0.39524 0.49706 0.39833 0.50236 0.40537 0.50041 0.41137 0.49668 0.41029 0.41424
7 0.41484 0.45357 0.41896 0.46065 0.41704 0.46787 0.41732 0.48937 0.43546 0.48895 0.43846 0.48709 0.43940 0.48169 0.43106 0.46037 0.43279 0.43881 0.43073 0.43528 0.43012 0.38868 0.42805 0.38514 0.42791 0.37439 0.42482 0.36908 0.41277 0.37295 0.41268 0.44287 0.41484 0.45357
