6 0.26494 1.00000 0.24864 0.99094 0.23609 0.98961 0.22924 0.98354 0.18637 0.96951 0.17952 0.96344 0.14312 0.95187 0.13628 0.94580 0.13019 0.94693 0.12334 0.94086 0.11281 0.93916 0.10799 0.93271 0.07565 0.92038 0.06843 0.91070 0.06234 0.91184 0.03749 0.90191 0.04784 1.00000 0.26494 1.00000
5 0.17474 0.85762 0.17378 0.84847 0.16408 0.84455 0.15156 0.81389 0.16227 0.79682 0.18197 0.75009 0.17289 0.67934 0.15121 0.64609 0.11699 0.65465 0.09783 0.70271 0.10545 0.76729 0.13691 0.81664 0.14225 0.85581 0.12740 0.86433 0.12379 0.88366 0.10095 0.89295 0.09545 0.90977 0.13379 0.93630 0.20981 0.88764 0.20713 0.87379 0.17474 0.85762
6 0.26494 1.00000 0.24864 0.99094 0.23609 0.98961 0.22924 0.98354 0.18637 0.96951 0.17952 0.96344 0.14312 0.95187 0.13628 0.94580 0.13019 0.94693 0.12334 0.94086 0.11281 0.93916 0.10799 0.93271 0.07565 0.92038 0.06843 0.91070 0.06234 0.91184 0.03749 0.90191 0.04784 1.00000 0.26494 1.00000
5 0.17474 0.85762 0.17378 0.84847 0.16408 0.84455 0.15156 0.81389 0.16227 0.79682 0.18197 0.75009 0.17289 0.67934 0.15121 0.64609 0.11699 0.65465 0.09783 0.70271 0.10545 0.76729 0.13691 0.81664 0.14225 0.85581 0.12740 0.86433 0.12379 0.88366 0.10095 0.89295 0.09545 0.90977 0.13379 0.93630 0.20981 0.88764 0.20713 0.87379 0.17474 0.85762
6 0.26494 1.00000 0.24864 0.99094 0.23609 0.98961 0.22924 0.98354 0.18637 0.96951 0.17952 0.96344 0.14312 0.95187 0.13628 0.94580 0.13019 0.94693 0.12334 0.94086 0.11281 0.93916 0.10799 0.93271 0.07565 0.92038 0.06843 0.91070 0.06234 0.91184 0.03749 0.90191 0.04784 1.00000 0.26494 1.00000
5 0.17474 0.85762 0.17378 0.84847 0.16408 0.84455 0.15156 0.81389 0.16227 0.79682 0.18197 0.75009 0.17289 0.67934 0.15121 0.64609 0.11699 0.65465 0.09783 0.70271 0.10545 0.76729 0.13691 0.81664 0.14225 0.85581 0.12740 0.86433 0.12379 0.88366 0.10095 0.89295 0.09545 0.90977 0.13379 0.93630 0.20981 0.88764 0.20713 0.87379 0.17474 0.85762
6 0.26494 1.00000 0.24864 0.99094 0.23609 0.98961 0.22924 0.98354 0.18637 0.96951 0.17952 0.96344 0.14312 0.95187 0.13628 0.94580 0.13019 0.94693 0.12334 0.94086 0.11281 0.93916 0.10799 0.93271 0.07565 0.92038 0.06843 0.91070 0.06234 0.91184 0.03749 0.90191 0.04784 1.00000 0.26494 1.00000
5 0.17474 0.85762 0.17378 0.84847 0.16408 0.84455 0.15156 0.81389 0.16227 0.79682 0.18197 0.75009 0.17289 0.67934 0.15121 0.64609 0.11699 0.65465 0.09783 0.70271 0.10545 0.76729 0.13691 0.81664 0.14225 0.85581 0.12740 0.86433 0.12379 0.88366 0.10095 0.89295 0.09545 0.90977 0.13379 0.93630 0.20981 0.88764 0.20713 0.87379 0.17474 0.85762
6 0.26494 1.00000 0.24864 0.99094 0.23609 0.98961 0.22924 0.98354 0.18637 0.96951 0.17952 0.96344 0.14312 0.95187 0.13628 0.94580 0.13019 0.94693 0.12334 0.94086 0.11281 0.93916 0.10799 0.93271 0.07565 0.92038 0.06843 0.91070 0.06234 0.91184 0.03749 0.90191 0.04784 1.00000 0.26494 1.00000
5 0.17474 0.85762 0.17378 0.84847 0.16408 0.84455 0.15156 0.81389 0.16227 0.79682 0.18197 0.75009 0.17289 0.67934 0.15121 0.64609 0.11699 0.65465 0.09783 0.70271 0.10545 0.76729 0.13691 0.81664 0.14225 0.85581 0.12740 0.86433 0.12379 0.88366 0.10095 0.89295 0.09545 0.90977 0.13379 0.93630 0.20981 0.88764 0.20713 0.87379 0.17474 0.85762
6 0.26494 1.00000 0.24864 0.99094 0.23609 0.98961 0.22924 0.98354 0.18637 0.96951 0.17952 0.96344 0.14312 0.95187 0.13628 0.94580 0.13019 0.94693 0.12334 0.94086 0.11281 0.93916 0.10799 0.93271 0.07565 0.92038 0.06843 0.91070 0.06234 0.91184 0.03749 0.90191 0.04784 1.00000 0.26494 1.00000
5 0.17474 0.85762 0.17378 0.84847 0.16408 0.84455 0.15156 0.81389 0.16227 0.79682 0.18197 0.75009 0.17289 0.67934 0.15121 0.64609 0.11699 0.65465 0.09783 0.70271 0.10545 0.76729 0.13691 0.81664 0.14225 0.85581 0.12740 0.86433 0.12379 0.88366 0.10095 0.89295 0.09545 0.90977 0.13379 0.93630 0.20981 0.88764 0.20713 0.87379 0.17474 0.85762
