6 0.98101 1.00000 0.98823 0.81672 0.59478 0.26198 0.51865 0.22336 0.43100 0.20534 0.28368 0.20695 0.13226 0.21066 0.07577 0.28525 0.14852 0.27366 0.23635 0.28694 0.26554 0.29373 0.26526 0.30085 0.23271 0.37949 0.00308 0.96600 0.49017 1.00000 0.98101 1.00000
2 0.80759 0.40772 0.79958 0.40716 0.79185 0.39948 0.78584 0.39907 0.78305 0.39352 0.78082 0.37373 0.77695 0.36989 0.76694 0.36919 0.76298 0.34214 0.76568 0.32448 0.78851 0.25469 0.79578 0.22307 0.80118 0.18775 0.79653 0.17850 0.77450 0.17696 0.77235 0.18038 0.75633 0.17927 0.75419 0.18268 0.71600 0.18359 0.70650 0.19542 0.70622 0.20254 0.72070 0.24281 0.72773 0.26829 0.72745 0.27541 0.74207 0.31212 0.74538 0.33020 0.74370 0.37292 0.74048 0.37805 0.73448 0.37763 0.72926 0.38262 0.72721 0.40925 0.71319 0.40827 0.70704 0.41141 0.70541 0.42736 0.71207 0.43675 0.73554 0.45267 0.73861 0.45110 0.74811 0.43927 0.76413 0.44039 0.76628 0.43696 0.77829 0.43780 0.79059 0.43152 0.80233 0.43948 0.80405 0.44674 0.80540 0.43791 0.80954 0.43463 0.81196 0.42409 0.81225 0.41697 0.80759 0.40772
6 0.98101 1.00000 0.98823 0.81672 0.59478 0.26198 0.51865 0.22336 0.43100 0.20534 0.28368 0.20695 0.13226 0.21066 0.07577 0.28525 0.14852 0.27366 0.23635 0.28694 0.26554 0.29373 0.26526 0.30085 0.23271 0.37949 0.00308 0.96600 0.49017 1.00000 0.98101 1.00000
2 0.80759 0.40772 0.79958 0.40716 0.79185 0.39948 0.78584 0.39907 0.78305 0.39352 0.78082 0.37373 0.77695 0.36989 0.76694 0.36919 0.76298 0.34214 0.76568 0.32448 0.78851 0.25469 0.79578 0.22307 0.80118 0.18775 0.79653 0.17850 0.77450 0.17696 0.77235 0.18038 0.75633 0.17927 0.75419 0.18268 0.71600 0.18359 0.70650 0.19542 0.70622 0.20254 0.72070 0.24281 0.72773 0.26829 0.72745 0.27541 0.74207 0.31212 0.74538 0.33020 0.74370 0.37292 0.74048 0.37805 0.73448 0.37763 0.72926 0.38262 0.72721 0.40925 0.71319 0.40827 0.70704 0.41141 0.70541 0.42736 0.71207 0.43675 0.73554 0.45267 0.73861 0.45110 0.74811 0.43927 0.76413 0.44039 0.76628 0.43696 0.77829 0.43780 0.79059 0.43152 0.80233 0.43948 0.80405 0.44674 0.80540 0.43791 0.80954 0.43463 0.81196 0.42409 0.81225 0.41697 0.80759 0.40772
6 0.98101 1.00000 0.98823 0.81672 0.59478 0.26198 0.51865 0.22336 0.43100 0.20534 0.28368 0.20695 0.13226 0.21066 0.07577 0.28525 0.14852 0.27366 0.23635 0.28694 0.26554 0.29373 0.26526 0.30085 0.23271 0.37949 0.00308 0.96600 0.49017 1.00000 0.98101 1.00000
2 0.80759 0.40772 0.79958 0.40716 0.79185 0.39948 0.78584 0.39907 0.78305 0.39352 0.78082 0.37373 0.77695 0.36989 0.76694 0.36919 0.76298 0.34214 0.76568 0.32448 0.78851 0.25469 0.79578 0.22307 0.80118 0.18775 0.79653 0.17850 0.77450 0.17696 0.77235 0.18038 0.75633 0.17927 0.75419 0.18268 0.71600 0.18359 0.70650 0.19542 0.70622 0.20254 0.72070 0.24281 0.72773 0.26829 0.72745 0.27541 0.74207 0.31212 0.74538 0.33020 0.74370 0.37292 0.74048 0.37805 0.73448 0.37763 0.72926 0.38262 0.72721 0.40925 0.71319 0.40827 0.70704 0.41141 0.70541 0.42736 0.71207 0.43675 0.73554 0.45267 0.73861 0.45110 0.74811 0.43927 0.76413 0.44039 0.76628 0.43696 0.77829 0.43780 0.79059 0.43152 0.80233 0.43948 0.80405 0.44674 0.80540 0.43791 0.80954 0.43463 0.81196 0.42409 0.81225 0.41697 0.80759 0.40772
6 0.98101 1.00000 0.98823 0.81672 0.59478 0.26198 0.51865 0.22336 0.43100 0.20534 0.28368 0.20695 0.13226 0.21066 0.07577 0.28525 0.14852 0.27366 0.23635 0.28694 0.26554 0.29373 0.26526 0.30085 0.23271 0.37949 0.00308 0.96600 0.49017 1.00000 0.98101 1.00000
2 0.80759 0.40772 0.79958 0.40716 0.79185 0.39948 0.78584 0.39907 0.78305 0.39352 0.78082 0.37373 0.77695 0.36989 0.76694 0.36919 0.76298 0.34214 0.76568 0.32448 0.78851 0.25469 0.79578 0.22307 0.80118 0.18775 0.79653 0.17850 0.77450 0.17696 0.77235 0.18038 0.75633 0.17927 0.75419 0.18268 0.71600 0.18359 0.70650 0.19542 0.70622 0.20254 0.72070 0.24281 0.72773 0.26829 0.72745 0.27541 0.74207 0.31212 0.74538 0.33020 0.74370 0.37292 0.74048 0.37805 0.73448 0.37763 0.72926 0.38262 0.72721 0.40925 0.71319 0.40827 0.70704 0.41141 0.70541 0.42736 0.71207 0.43675 0.73554 0.45267 0.73861 0.45110 0.74811 0.43927 0.76413 0.44039 0.76628 0.43696 0.77829 0.43780 0.79059 0.43152 0.80233 0.43948 0.80405 0.44674 0.80540 0.43791 0.80954 0.43463 0.81196 0.42409 0.81225 0.41697 0.80759 0.40772
6 0.98101 1.00000 0.98823 0.81672 0.59478 0.26198 0.51865 0.22336 0.43100 0.20534 0.28368 0.20695 0.13226 0.21066 0.07577 0.28525 0.14852 0.27366 0.23635 0.28694 0.26554 0.29373 0.26526 0.30085 0.23271 0.37949 0.00308 0.96600 0.49017 1.00000 0.98101 1.00000
2 0.80759 0.40772 0.79958 0.40716 0.79185 0.39948 0.78584 0.39907 0.78305 0.39352 0.78082 0.37373 0.77695 0.36989 0.76694 0.36919 0.76298 0.34214 0.76568 0.32448 0.78851 0.25469 0.79578 0.22307 0.80118 0.18775 0.79653 0.17850 0.77450 0.17696 0.77235 0.18038 0.75633 0.17927 0.75419 0.18268 0.71600 0.18359 0.70650 0.19542 0.70622 0.20254 0.72070 0.24281 0.72773 0.26829 0.72745 0.27541 0.74207 0.31212 0.74538 0.33020 0.74370 0.37292 0.74048 0.37805 0.73448 0.37763 0.72926 0.38262 0.72721 0.40925 0.71319 0.40827 0.70704 0.41141 0.70541 0.42736 0.71207 0.43675 0.73554 0.45267 0.73861 0.45110 0.74811 0.43927 0.76413 0.44039 0.76628 0.43696 0.77829 0.43780 0.79059 0.43152 0.80233 0.43948 0.80405 0.44674 0.80540 0.43791 0.80954 0.43463 0.81196 0.42409 0.81225 0.41697 0.80759 0.40772
6 0.98101 1.00000 0.98823 0.81672 0.59478 0.26198 0.51865 0.22336 0.43100 0.20534 0.28368 0.20695 0.13226 0.21066 0.07577 0.28525 0.14852 0.27366 0.23635 0.28694 0.26554 0.29373 0.26526 0.30085 0.23271 0.37949 0.00308 0.96600 0.49017 1.00000 0.98101 1.00000
2 0.80759 0.40772 0.79958 0.40716 0.79185 0.39948 0.78584 0.39907 0.78305 0.39352 0.78082 0.37373 0.77695 0.36989 0.76694 0.36919 0.76298 0.34214 0.76568 0.32448 0.78851 0.25469 0.79578 0.22307 0.80118 0.18775 0.79653 0.17850 0.77450 0.17696 0.77235 0.18038 0.75633 0.17927 0.75419 0.18268 0.71600 0.18359 0.70650 0.19542 0.70622 0.20254 0.72070 0.24281 0.72773 0.26829 0.72745 0.27541 0.74207 0.31212 0.74538 0.33020 0.74370 0.37292 0.74048 0.37805 0.73448 0.37763 0.72926 0.38262 0.72721 0.40925 0.71319 0.40827 0.70704 0.41141 0.70541 0.42736 0.71207 0.43675 0.73554 0.45267 0.73861 0.45110 0.74811 0.43927 0.76413 0.44039 0.76628 0.43696 0.77829 0.43780 0.79059 0.43152 0.80233 0.43948 0.80405 0.44674 0.80540 0.43791 0.80954 0.43463 0.81196 0.42409 0.81225 0.41697 0.80759 0.40772
