6 0.00000 0.94364 0.23407 0.97092 0.22413 0.96359 0.21817 0.96290 0.19748 0.94270 0.18006 0.93355 0.14591 0.90467 0.12650 0.89529 0.12101 0.88753 0.08266 0.86171 0.07342 0.84996 0.06745 0.84927 0.05997 0.84128 0.05202 0.84036 0.04652 0.83260 0.00397 0.80985 0.00000 0.80561 0.00000 0.94364
2 0.09968 0.78543 0.09705 0.77978 0.09774 0.76919 0.09511 0.76354 0.08541 0.75886 0.08125 0.74592 0.08241 0.72826 0.09198 0.70447 0.09245 0.69741 0.10470 0.66326 0.10808 0.64230 0.11030 0.63901 0.11216 0.61076 0.10952 0.60511 0.05564 0.60239 0.05342 0.60569 0.03951 0.60407 0.02999 0.61186 0.03128 0.62268 0.04684 0.66007 0.05141 0.68196 0.06476 0.72265 0.06198 0.76502 0.05689 0.76621 0.04936 0.77422 0.04774 0.79894 0.04242 0.80366 0.02828 0.80557 0.02495 0.81052 0.03308 0.82392 0.04810 0.82389 0.05540 0.81940 0.06534 0.82056 0.06709 0.82432 0.06931 0.82102 0.07726 0.82195 0.07948 0.81865 0.09783 0.81367 0.10226 0.80707 0.12149 0.80398 0.12218 0.79338 0.11955 0.78774 0.09968 0.78543
6 0.00000 0.94364 0.23407 0.97092 0.22413 0.96359 0.21817 0.96290 0.19748 0.94270 0.18006 0.93355 0.14591 0.90467 0.12650 0.89529 0.12101 0.88753 0.08266 0.86171 0.07342 0.84996 0.06745 0.84927 0.05997 0.84128 0.05202 0.84036 0.04652 0.83260 0.00397 0.80985 0.00000 0.80561 0.00000 0.94364
2 0.09968 0.78543 0.09705 0.77978 0.09774 0.76919 0.09511 0.76354 0.08541 0.75886 0.08125 0.74592 0.08241 0.72826 0.09198 0.70447 0.09245 0.69741 0.10470 0.66326 0.10808 0.64230 0.11030 0.63901 0.11216 0.61076 0.10952 0.60511 0.05564 0.60239 0.05342 0.60569 0.03951 0.60407 0.02999 0.61186 0.03128 0.62268 0.04684 0.66007 0.05141 0.68196 0.06476 0.72265 0.06198 0.76502 0.05689 0.76621 0.04936 0.77422 0.04774 0.79894 0.04242 0.80366 0.02828 0.80557 0.02495 0.81052 0.03308 0.82392 0.04810 0.82389 0.05540 0.81940 0.06534 0.82056 0.06709 0.82432 0.06931 0.82102 0.07726 0.82195 0.07948 0.81865 0.09783 0.81367 0.10226 0.80707 0.12149 0.80398 0.12218 0.79338 0.11955 0.78774 0.09968 0.78543
6 0.00000 0.94364 0.23407 0.97092 0.22413 0.96359 0.21817 0.96290 0.19748 0.94270 0.18006 0.93355 0.14591 0.90467 0.12650 0.89529 0.12101 0.88753 0.08266 0.86171 0.07342 0.84996 0.06745 0.84927 0.05997 0.84128 0.05202 0.84036 0.04652 0.83260 0.00397 0.80985 0.00000 0.80561 0.00000 0.94364
2 0.09968 0.78543 0.09705 0.77978 0.09774 0.76919 0.09511 0.76354 0.08541 0.75886 0.08125 0.74592 0.08241 0.72826 0.09198 0.70447 0.09245 0.69741 0.10470 0.66326 0.10808 0.64230 0.11030 0.63901 0.11216 0.61076 0.10952 0.60511 0.05564 0.60239 0.05342 0.60569 0.03951 0.60407 0.02999 0.61186 0.03128 0.62268 0.04684 0.66007 0.05141 0.68196 0.06476 0.72265 0.06198 0.76502 0.05689 0.76621 0.04936 0.77422 0.04774 0.79894 0.04242 0.80366 0.02828 0.80557 0.02495 0.81052 0.03308 0.82392 0.04810 0.82389 0.05540 0.81940 0.06534 0.82056 0.06709 0.82432 0.06931 0.82102 0.07726 0.82195 0.07948 0.81865 0.09783 0.81367 0.10226 0.80707 0.12149 0.80398 0.12218 0.79338 0.11955 0.78774 0.09968 0.78543
6 0.00000 0.94364 0.23407 0.97092 0.22413 0.96359 0.21817 0.96290 0.19748 0.94270 0.18006 0.93355 0.14591 0.90467 0.12650 0.89529 0.12101 0.88753 0.08266 0.86171 0.07342 0.84996 0.06745 0.84927 0.05997 0.84128 0.05202 0.84036 0.04652 0.83260 0.00397 0.80985 0.00000 0.80561 0.00000 0.94364
2 0.09968 0.78543 0.09705 0.77978 0.09774 0.76919 0.09511 0.76354 0.08541 0.75886 0.08125 0.74592 0.08241 0.72826 0.09198 0.70447 0.09245 0.69741 0.10470 0.66326 0.10808 0.64230 0.11030 0.63901 0.11216 0.61076 0.10952 0.60511 0.05564 0.60239 0.05342 0.60569 0.03951 0.60407 0.02999 0.61186 0.03128 0.62268 0.04684 0.66007 0.05141 0.68196 0.06476 0.72265 0.06198 0.76502 0.05689 0.76621 0.04936 0.77422 0.04774 0.79894 0.04242 0.80366 0.02828 0.80557 0.02495 0.81052 0.03308 0.82392 0.04810 0.82389 0.05540 0.81940 0.06534 0.82056 0.06709 0.82432 0.06931 0.82102 0.07726 0.82195 0.07948 0.81865 0.09783 0.81367 0.10226 0.80707 0.12149 0.80398 0.12218 0.79338 0.11955 0.78774 0.09968 0.78543
6 0.00000 0.94364 0.23407 0.97092 0.22413 0.96359 0.21817 0.96290 0.19748 0.94270 0.18006 0.93355 0.14591 0.90467 0.12650 0.89529 0.12101 0.88753 0.08266 0.86171 0.07342 0.84996 0.06745 0.84927 0.05997 0.84128 0.05202 0.84036 0.04652 0.83260 0.00397 0.80985 0.00000 0.80561 0.00000 0.94364
2 0.09968 0.78543 0.09705 0.77978 0.09774 0.76919 0.09511 0.76354 0.08541 0.75886 0.08125 0.74592 0.08241 0.72826 0.09198 0.70447 0.09245 0.69741 0.10470 0.66326 0.10808 0.64230 0.11030 0.63901 0.11216 0.61076 0.10952 0.60511 0.05564 0.60239 0.05342 0.60569 0.03951 0.60407 0.02999 0.61186 0.03128 0.62268 0.04684 0.66007 0.05141 0.68196 0.06476 0.72265 0.06198 0.76502 0.05689 0.76621 0.04936 0.77422 0.04774 0.79894 0.04242 0.80366 0.02828 0.80557 0.02495 0.81052 0.03308 0.82392 0.04810 0.82389 0.05540 0.81940 0.06534 0.82056 0.06709 0.82432 0.06931 0.82102 0.07726 0.82195 0.07948 0.81865 0.09783 0.81367 0.10226 0.80707 0.12149 0.80398 0.12218 0.79338 0.11955 0.78774 0.09968 0.78543
6 0.00000 0.94364 0.23407 0.97092 0.22413 0.96359 0.21817 0.96290 0.19748 0.94270 0.18006 0.93355 0.14591 0.90467 0.12650 0.89529 0.12101 0.88753 0.08266 0.86171 0.07342 0.84996 0.06745 0.84927 0.05997 0.84128 0.05202 0.84036 0.04652 0.83260 0.00397 0.80985 0.00000 0.80561 0.00000 0.94364
2 0.09968 0.78543 0.09705 0.77978 0.09774 0.76919 0.09511 0.76354 0.08541 0.75886 0.08125 0.74592 0.08241 0.72826 0.09198 0.70447 0.09245 0.69741 0.10470 0.66326 0.10808 0.64230 0.11030 0.63901 0.11216 0.61076 0.10952 0.60511 0.05564 0.60239 0.05342 0.60569 0.03951 0.60407 0.02999 0.61186 0.03128 0.62268 0.04684 0.66007 0.05141 0.68196 0.06476 0.72265 0.06198 0.76502 0.05689 0.76621 0.04936 0.77422 0.04774 0.79894 0.04242 0.80366 0.02828 0.80557 0.02495 0.81052 0.03308 0.82392 0.04810 0.82389 0.05540 0.81940 0.06534 0.82056 0.06709 0.82432 0.06931 0.82102 0.07726 0.82195 0.07948 0.81865 0.09783 0.81367 0.10226 0.80707 0.12149 0.80398 0.12218 0.79338 0.11955 0.78774 0.09968 0.78543
