7 0.32532 0.50374 0.32723 0.50727 0.32618 0.58757 0.32810 0.59111 0.32782 0.61205 0.32974 0.61559 0.32773 0.61904 0.32746 0.63998 0.33513 0.65413 0.33782 0.67340 0.34362 0.68052 0.35051 0.67893 0.36252 0.66175 0.36462 0.65132 0.36512 0.61292 0.36033 0.60408 0.35047 0.60734 0.34759 0.60204 0.35161 0.59514 0.35157 0.44847 0.34869 0.44317 0.32906 0.44271 0.32605 0.44788 0.32532 0.50374
7 0.39467 0.45646 0.39517 0.41806 0.39038 0.40921 0.38640 0.41262 0.37462 0.41234 0.37161 0.41751 0.37148 0.42798 0.37339 0.43152 0.37298 0.46294 0.37490 0.46648 0.37439 0.50488 0.37631 0.50841 0.37800 0.52941 0.36522 0.53086 0.36394 0.55353 0.36576 0.56404 0.37161 0.56767 0.39813 0.56654 0.41306 0.55118 0.41338 0.52674 0.41050 0.52143 0.40452 0.52828 0.39375 0.52628 0.39384 0.51930 0.39790 0.50892 0.39809 0.49495 0.39617 0.49142 0.39658 0.46000 0.39467 0.45646
4 0.80485 0.62314 0.81767 0.61820 0.83667 0.59245 0.84279 0.57514 0.84292 0.56466 0.84493 0.56122 0.84338 0.52975 0.83580 0.50862 0.82133 0.48908 0.81549 0.48545 0.79389 0.48495 0.78791 0.49179 0.78399 0.49170 0.77093 0.51410 0.76477 0.53491 0.76435 0.56633 0.76618 0.57685 0.77179 0.59793 0.78234 0.61738 0.78627 0.61747 0.78914 0.62278 0.78887 0.64373 0.77604 0.64866 0.77490 0.66086 0.77189 0.66603 0.76800 0.66245 0.76599 0.66589 0.75618 0.66566 0.75317 0.67083 0.75303 0.68130 0.75687 0.68838 0.75677 0.69536 0.76540 0.71128 0.78663 0.73971 0.83082 0.73899 0.83575 0.73736 0.84082 0.72525 0.83516 0.70766 0.84114 0.70082 0.84128 0.69034 0.82877 0.67084 0.82096 0.66717 0.82014 0.65493 0.81535 0.64609 0.80749 0.64590 0.80471 0.63362 0.80485 0.62314
6 0.25501 0.62433 0.25492 0.63131 0.25779 0.63662 0.27058 0.63517 0.27957 0.62315 0.29331 0.62347 0.30929 0.60289 0.32308 0.59972 0.32609 0.59455 0.32632 0.57710 0.32344 0.57179 0.26259 0.57037 0.26058 0.57382 0.25077 0.57359 0.24940 0.60325 0.25501 0.62433
6 0.00000 0.64808 0.10248 0.65046 0.10449 0.64702 0.20360 0.65107 0.22638 0.63589 0.23227 0.63602 0.23743 0.61693 0.23584 0.58896 0.23100 0.58361 0.22337 0.56597 0.20767 0.56561 0.20566 0.56905 0.19785 0.56538 0.19584 0.56882 0.17229 0.56828 0.17028 0.57172 0.10157 0.57012 0.09970 0.56310 0.06044 0.56218 0.05843 0.56563 0.04866 0.56191 0.04665 0.56536 0.00000 0.56596 0.00000 0.64808
6 0.90273 0.57129 0.88899 0.57097 0.88707 0.56743 0.84781 0.56652 0.84667 0.57872 0.83064 0.60279 0.82854 0.61322 0.81567 0.62165 0.81261 0.63031 0.81539 0.64260 0.81927 0.64618 0.82909 0.64641 0.83101 0.64994 0.89483 0.64968 0.92724 0.64869 0.92925 0.64524 0.93509 0.64887 0.99811 0.65034 0.99896 0.58511 0.99093 0.58382 0.98901 0.58028 0.97527 0.57996 0.97335 0.57643 0.90465 0.57483 0.90273 0.57129
6 0.96255 1.00000 0.95421 0.98805 0.94850 0.97395 0.89254 0.89932 0.88583 0.88694 0.88688 0.88172 0.87907 0.87805 0.87140 0.86390 0.86652 0.86204 0.86757 0.85683 0.87446 0.85525 0.87478 0.83081 0.87190 0.82550 0.86989 0.82895 0.86506 0.82360 0.86428 0.80786 0.86309 0.82355 0.86013 0.82523 0.85625 0.82164 0.85520 0.82686 0.85707 0.83389 0.85405 0.83905 0.84625 0.83538 0.84342 0.82659 0.84269 0.80736 0.83086 0.81058 0.82799 0.80527 0.82717 0.79303 0.82324 0.79294 0.80968 0.77866 0.80005 0.76446 0.79434 0.75036 0.78462 0.74315 0.76531 0.71826 0.75285 0.69527 0.75097 0.68824 0.75116 0.67428 0.75518 0.66739 0.75531 0.65691 0.75340 0.65338 0.75641 0.64821 0.77412 0.64513 0.78206 0.63833 0.78512 0.62967 0.78517 0.62618 0.77170 0.60491 0.76805 0.58388 0.76139 0.56800 0.75550 0.56787 0.75358 0.56433 0.72806 0.56374 0.72605 0.56718 0.72016 0.56705 0.71825 0.56351 0.70647 0.56323 0.69674 0.55603 0.67515 0.55552 0.67314 0.55897 0.56910 0.55655 0.56709 0.56000 0.45520 0.55739 0.45319 0.56084 0.42178 0.56011 0.41977 0.56355 0.41192 0.56337 0.40393 0.57366 0.39211 0.57688 0.39010 0.58032 0.37635 0.58000 0.37444 0.57647 0.36065 0.57964 0.35946 0.59533 0.36133 0.60236 0.36905 0.61301 0.36891 0.62348 0.37476 0.62711 0.37457 0.64108 0.36640 0.66533 0.33408 0.73442 0.32609 0.74471 0.31796 0.76548 0.30791 0.78271 0.30381 0.79658 0.29582 0.80687 0.28970 0.82419 0.27559 0.85180 0.26760 0.86209 0.24939 0.90357 0.24642 0.90525 0.22930 0.93802 0.20706 0.98640 0.20798 0.99166 0.60646 1.00000 0.96255 1.00000
7 0.32532 0.50374 0.32723 0.50727 0.32618 0.58757 0.32810 0.59111 0.32782 0.61205 0.32974 0.61559 0.32773 0.61904 0.32746 0.63998 0.33513 0.65413 0.33782 0.67340 0.34362 0.68052 0.35051 0.67893 0.36252 0.66175 0.36462 0.65132 0.36512 0.61292 0.36033 0.60408 0.35047 0.60734 0.34759 0.60204 0.35161 0.59514 0.35157 0.44847 0.34869 0.44317 0.32906 0.44271 0.32605 0.44788 0.32532 0.50374
7 0.39467 0.45646 0.39517 0.41806 0.39038 0.40921 0.38640 0.41262 0.37462 0.41234 0.37161 0.41751 0.37148 0.42798 0.37339 0.43152 0.37298 0.46294 0.37490 0.46648 0.37439 0.50488 0.37631 0.50841 0.37800 0.52941 0.36522 0.53086 0.36394 0.55353 0.36576 0.56404 0.37161 0.56767 0.39813 0.56654 0.41306 0.55118 0.41338 0.52674 0.41050 0.52143 0.40452 0.52828 0.39375 0.52628 0.39384 0.51930 0.39790 0.50892 0.39809 0.49495 0.39617 0.49142 0.39658 0.46000 0.39467 0.45646
4 0.80485 0.62314 0.81767 0.61820 0.83667 0.59245 0.84279 0.57514 0.84292 0.56466 0.84493 0.56122 0.84338 0.52975 0.83580 0.50862 0.82133 0.48908 0.81549 0.48545 0.79389 0.48495 0.78791 0.49179 0.78399 0.49170 0.77093 0.51410 0.76477 0.53491 0.76435 0.56633 0.76618 0.57685 0.77179 0.59793 0.78234 0.61738 0.78627 0.61747 0.78914 0.62278 0.78887 0.64373 0.77604 0.64866 0.77490 0.66086 0.77189 0.66603 0.76800 0.66245 0.76599 0.66589 0.75618 0.66566 0.75317 0.67083 0.75303 0.68130 0.75687 0.68838 0.75677 0.69536 0.76540 0.71128 0.78663 0.73971 0.83082 0.73899 0.83575 0.73736 0.84082 0.72525 0.83516 0.70766 0.84114 0.70082 0.84128 0.69034 0.82877 0.67084 0.82096 0.66717 0.82014 0.65493 0.81535 0.64609 0.80749 0.64590 0.80471 0.63362 0.80485 0.62314
6 0.25501 0.62433 0.25492 0.63131 0.25779 0.63662 0.27058 0.63517 0.27957 0.62315 0.29331 0.62347 0.30929 0.60289 0.32308 0.59972 0.32609 0.59455 0.32632 0.57710 0.32344 0.57179 0.26259 0.57037 0.26058 0.57382 0.25077 0.57359 0.24940 0.60325 0.25501 0.62433
6 0.00000 0.64808 0.10248 0.65046 0.10449 0.64702 0.20360 0.65107 0.22638 0.63589 0.23227 0.63602 0.23743 0.61693 0.23584 0.58896 0.23100 0.58361 0.22337 0.56597 0.20767 0.56561 0.20566 0.56905 0.19785 0.56538 0.19584 0.56882 0.17229 0.56828 0.17028 0.57172 0.10157 0.57012 0.09970 0.56310 0.06044 0.56218 0.05843 0.56563 0.04866 0.56191 0.04665 0.56536 0.00000 0.56596 0.00000 0.64808
6 0.90273 0.57129 0.88899 0.57097 0.88707 0.56743 0.84781 0.56652 0.84667 0.57872 0.83064 0.60279 0.82854 0.61322 0.81567 0.62165 0.81261 0.63031 0.81539 0.64260 0.81927 0.64618 0.82909 0.64641 0.83101 0.64994 0.89483 0.64968 0.92724 0.64869 0.92925 0.64524 0.93509 0.64887 0.99811 0.65034 0.99896 0.58511 0.99093 0.58382 0.98901 0.58028 0.97527 0.57996 0.97335 0.57643 0.90465 0.57483 0.90273 0.57129
6 0.96255 1.00000 0.95421 0.98805 0.94850 0.97395 0.89254 0.89932 0.88583 0.88694 0.88688 0.88172 0.87907 0.87805 0.87140 0.86390 0.86652 0.86204 0.86757 0.85683 0.87446 0.85525 0.87478 0.83081 0.87190 0.82550 0.86989 0.82895 0.86506 0.82360 0.86428 0.80786 0.86309 0.82355 0.86013 0.82523 0.85625 0.82164 0.85520 0.82686 0.85707 0.83389 0.85405 0.83905 0.84625 0.83538 0.84342 0.82659 0.84269 0.80736 0.83086 0.81058 0.82799 0.80527 0.82717 0.79303 0.82324 0.79294 0.80968 0.77866 0.80005 0.76446 0.79434 0.75036 0.78462 0.74315 0.76531 0.71826 0.75285 0.69527 0.75097 0.68824 0.75116 0.67428 0.75518 0.66739 0.75531 0.65691 0.75340 0.65338 0.75641 0.64821 0.77412 0.64513 0.78206 0.63833 0.78512 0.62967 0.78517 0.62618 0.77170 0.60491 0.76805 0.58388 0.76139 0.56800 0.75550 0.56787 0.75358 0.56433 0.72806 0.56374 0.72605 0.56718 0.72016 0.56705 0.71825 0.56351 0.70647 0.56323 0.69674 0.55603 0.67515 0.55552 0.67314 0.55897 0.56910 0.55655 0.56709 0.56000 0.45520 0.55739 0.45319 0.56084 0.42178 0.56011 0.41977 0.56355 0.41192 0.56337 0.40393 0.57366 0.39211 0.57688 0.39010 0.58032 0.37635 0.58000 0.37444 0.57647 0.36065 0.57964 0.35946 0.59533 0.36133 0.60236 0.36905 0.61301 0.36891 0.62348 0.37476 0.62711 0.37457 0.64108 0.36640 0.66533 0.33408 0.73442 0.32609 0.74471 0.31796 0.76548 0.30791 0.78271 0.30381 0.79658 0.29582 0.80687 0.28970 0.82419 0.27559 0.85180 0.26760 0.86209 0.24939 0.90357 0.24642 0.90525 0.22930 0.93802 0.20706 0.98640 0.20798 0.99166 0.60646 1.00000 0.96255 1.00000
7 0.32532 0.50374 0.32723 0.50727 0.32618 0.58757 0.32810 0.59111 0.32782 0.61205 0.32974 0.61559 0.32773 0.61904 0.32746 0.63998 0.33513 0.65413 0.33782 0.67340 0.34362 0.68052 0.35051 0.67893 0.36252 0.66175 0.36462 0.65132 0.36512 0.61292 0.36033 0.60408 0.35047 0.60734 0.34759 0.60204 0.35161 0.59514 0.35157 0.44847 0.34869 0.44317 0.32906 0.44271 0.32605 0.44788 0.32532 0.50374
7 0.39467 0.45646 0.39517 0.41806 0.39038 0.40921 0.38640 0.41262 0.37462 0.41234 0.37161 0.41751 0.37148 0.42798 0.37339 0.43152 0.37298 0.46294 0.37490 0.46648 0.37439 0.50488 0.37631 0.50841 0.37800 0.52941 0.36522 0.53086 0.36394 0.55353 0.36576 0.56404 0.37161 0.56767 0.39813 0.56654 0.41306 0.55118 0.41338 0.52674 0.41050 0.52143 0.40452 0.52828 0.39375 0.52628 0.39384 0.51930 0.39790 0.50892 0.39809 0.49495 0.39617 0.49142 0.39658 0.46000 0.39467 0.45646
4 0.80485 0.62314 0.81767 0.61820 0.83667 0.59245 0.84279 0.57514 0.84292 0.56466 0.84493 0.56122 0.84338 0.52975 0.83580 0.50862 0.82133 0.48908 0.81549 0.48545 0.79389 0.48495 0.78791 0.49179 0.78399 0.49170 0.77093 0.51410 0.76477 0.53491 0.76435 0.56633 0.76618 0.57685 0.77179 0.59793 0.78234 0.61738 0.78627 0.61747 0.78914 0.62278 0.78887 0.64373 0.77604 0.64866 0.77490 0.66086 0.77189 0.66603 0.76800 0.66245 0.76599 0.66589 0.75618 0.66566 0.75317 0.67083 0.75303 0.68130 0.75687 0.68838 0.75677 0.69536 0.76540 0.71128 0.78663 0.73971 0.83082 0.73899 0.83575 0.73736 0.84082 0.72525 0.83516 0.70766 0.84114 0.70082 0.84128 0.69034 0.82877 0.67084 0.82096 0.66717 0.82014 0.65493 0.81535 0.64609 0.80749 0.64590 0.80471 0.63362 0.80485 0.62314
6 0.25501 0.62433 0.25492 0.63131 0.25779 0.63662 0.27058 0.63517 0.27957 0.62315 0.29331 0.62347 0.30929 0.60289 0.32308 0.59972 0.32609 0.59455 0.32632 0.57710 0.32344 0.57179 0.26259 0.57037 0.26058 0.57382 0.25077 0.57359 0.24940 0.60325 0.25501 0.62433
6 0.00000 0.64808 0.10248 0.65046 0.10449 0.64702 0.20360 0.65107 0.22638 0.63589 0.23227 0.63602 0.23743 0.61693 0.23584 0.58896 0.23100 0.58361 0.22337 0.56597 0.20767 0.56561 0.20566 0.56905 0.19785 0.56538 0.19584 0.56882 0.17229 0.56828 0.17028 0.57172 0.10157 0.57012 0.09970 0.56310 0.06044 0.56218 0.05843 0.56563 0.04866 0.56191 0.04665 0.56536 0.00000 0.56596 0.00000 0.64808
6 0.90273 0.57129 0.88899 0.57097 0.88707 0.56743 0.84781 0.56652 0.84667 0.57872 0.83064 0.60279 0.82854 0.61322 0.81567 0.62165 0.81261 0.63031 0.81539 0.64260 0.81927 0.64618 0.82909 0.64641 0.83101 0.64994 0.89483 0.64968 0.92724 0.64869 0.92925 0.64524 0.93509 0.64887 0.99811 0.65034 0.99896 0.58511 0.99093 0.58382 0.98901 0.58028 0.97527 0.57996 0.97335 0.57643 0.90465 0.57483 0.90273 0.57129
6 0.96255 1.00000 0.95421 0.98805 0.94850 0.97395 0.89254 0.89932 0.88583 0.88694 0.88688 0.88172 0.87907 0.87805 0.87140 0.86390 0.86652 0.86204 0.86757 0.85683 0.87446 0.85525 0.87478 0.83081 0.87190 0.82550 0.86989 0.82895 0.86506 0.82360 0.86428 0.80786 0.86309 0.82355 0.86013 0.82523 0.85625 0.82164 0.85520 0.82686 0.85707 0.83389 0.85405 0.83905 0.84625 0.83538 0.84342 0.82659 0.84269 0.80736 0.83086 0.81058 0.82799 0.80527 0.82717 0.79303 0.82324 0.79294 0.80968 0.77866 0.80005 0.76446 0.79434 0.75036 0.78462 0.74315 0.76531 0.71826 0.75285 0.69527 0.75097 0.68824 0.75116 0.67428 0.75518 0.66739 0.75531 0.65691 0.75340 0.65338 0.75641 0.64821 0.77412 0.64513 0.78206 0.63833 0.78512 0.62967 0.78517 0.62618 0.77170 0.60491 0.76805 0.58388 0.76139 0.56800 0.75550 0.56787 0.75358 0.56433 0.72806 0.56374 0.72605 0.56718 0.72016 0.56705 0.71825 0.56351 0.70647 0.56323 0.69674 0.55603 0.67515 0.55552 0.67314 0.55897 0.56910 0.55655 0.56709 0.56000 0.45520 0.55739 0.45319 0.56084 0.42178 0.56011 0.41977 0.56355 0.41192 0.56337 0.40393 0.57366 0.39211 0.57688 0.39010 0.58032 0.37635 0.58000 0.37444 0.57647 0.36065 0.57964 0.35946 0.59533 0.36133 0.60236 0.36905 0.61301 0.36891 0.62348 0.37476 0.62711 0.37457 0.64108 0.36640 0.66533 0.33408 0.73442 0.32609 0.74471 0.31796 0.76548 0.30791 0.78271 0.30381 0.79658 0.29582 0.80687 0.28970 0.82419 0.27559 0.85180 0.26760 0.86209 0.24939 0.90357 0.24642 0.90525 0.22930 0.93802 0.20706 0.98640 0.20798 0.99166 0.60646 1.00000 0.96255 1.00000
7 0.32532 0.50374 0.32723 0.50727 0.32618 0.58757 0.32810 0.59111 0.32782 0.61205 0.32974 0.61559 0.32773 0.61904 0.32746 0.63998 0.33513 0.65413 0.33782 0.67340 0.34362 0.68052 0.35051 0.67893 0.36252 0.66175 0.36462 0.65132 0.36512 0.61292 0.36033 0.60408 0.35047 0.60734 0.34759 0.60204 0.35161 0.59514 0.35157 0.44847 0.34869 0.44317 0.32906 0.44271 0.32605 0.44788 0.32532 0.50374
7 0.39467 0.45646 0.39517 0.41806 0.39038 0.40921 0.38640 0.41262 0.37462 0.41234 0.37161 0.41751 0.37148 0.42798 0.37339 0.43152 0.37298 0.46294 0.37490 0.46648 0.37439 0.50488 0.37631 0.50841 0.37800 0.52941 0.36522 0.53086 0.36394 0.55353 0.36576 0.56404 0.37161 0.56767 0.39813 0.56654 0.41306 0.55118 0.41338 0.52674 0.41050 0.52143 0.40452 0.52828 0.39375 0.52628 0.39384 0.51930 0.39790 0.50892 0.39809 0.49495 0.39617 0.49142 0.39658 0.46000 0.39467 0.45646
4 0.80485 0.62314 0.81767 0.61820 0.83667 0.59245 0.84279 0.57514 0.84292 0.56466 0.84493 0.56122 0.84338 0.52975 0.83580 0.50862 0.82133 0.48908 0.81549 0.48545 0.79389 0.48495 0.78791 0.49179 0.78399 0.49170 0.77093 0.51410 0.76477 0.53491 0.76435 0.56633 0.76618 0.57685 0.77179 0.59793 0.78234 0.61738 0.78627 0.61747 0.78914 0.62278 0.78887 0.64373 0.77604 0.64866 0.77490 0.66086 0.77189 0.66603 0.76800 0.66245 0.76599 0.66589 0.75618 0.66566 0.75317 0.67083 0.75303 0.68130 0.75687 0.68838 0.75677 0.69536 0.76540 0.71128 0.78663 0.73971 0.83082 0.73899 0.83575 0.73736 0.84082 0.72525 0.83516 0.70766 0.84114 0.70082 0.84128 0.69034 0.82877 0.67084 0.82096 0.66717 0.82014 0.65493 0.81535 0.64609 0.80749 0.64590 0.80471 0.63362 0.80485 0.62314
6 0.25501 0.62433 0.25492 0.63131 0.25779 0.63662 0.27058 0.63517 0.27957 0.62315 0.29331 0.62347 0.30929 0.60289 0.32308 0.59972 0.32609 0.59455 0.32632 0.57710 0.32344 0.57179 0.26259 0.57037 0.26058 0.57382 0.25077 0.57359 0.24940 0.60325 0.25501 0.62433
6 0.00000 0.64808 0.10248 0.65046 0.10449 0.64702 0.20360 0.65107 0.22638 0.63589 0.23227 0.63602 0.23743 0.61693 0.23584 0.58896 0.23100 0.58361 0.22337 0.56597 0.20767 0.56561 0.20566 0.56905 0.19785 0.56538 0.19584 0.56882 0.17229 0.56828 0.17028 0.57172 0.10157 0.57012 0.09970 0.56310 0.06044 0.56218 0.05843 0.56563 0.04866 0.56191 0.04665 0.56536 0.00000 0.56596 0.00000 0.64808
6 0.90273 0.57129 0.88899 0.57097 0.88707 0.56743 0.84781 0.56652 0.84667 0.57872 0.83064 0.60279 0.82854 0.61322 0.81567 0.62165 0.81261 0.63031 0.81539 0.64260 0.81927 0.64618 0.82909 0.64641 0.83101 0.64994 0.89483 0.64968 0.92724 0.64869 0.92925 0.64524 0.93509 0.64887 0.99811 0.65034 0.99896 0.58511 0.99093 0.58382 0.98901 0.58028 0.97527 0.57996 0.97335 0.57643 0.90465 0.57483 0.90273 0.57129
6 0.96255 1.00000 0.95421 0.98805 0.94850 0.97395 0.89254 0.89932 0.88583 0.88694 0.88688 0.88172 0.87907 0.87805 0.87140 0.86390 0.86652 0.86204 0.86757 0.85683 0.87446 0.85525 0.87478 0.83081 0.87190 0.82550 0.86989 0.82895 0.86506 0.82360 0.86428 0.80786 0.86309 0.82355 0.86013 0.82523 0.85625 0.82164 0.85520 0.82686 0.85707 0.83389 0.85405 0.83905 0.84625 0.83538 0.84342 0.82659 0.84269 0.80736 0.83086 0.81058 0.82799 0.80527 0.82717 0.79303 0.82324 0.79294 0.80968 0.77866 0.80005 0.76446 0.79434 0.75036 0.78462 0.74315 0.76531 0.71826 0.75285 0.69527 0.75097 0.68824 0.75116 0.67428 0.75518 0.66739 0.75531 0.65691 0.75340 0.65338 0.75641 0.64821 0.77412 0.64513 0.78206 0.63833 0.78512 0.62967 0.78517 0.62618 0.77170 0.60491 0.76805 0.58388 0.76139 0.56800 0.75550 0.56787 0.75358 0.56433 0.72806 0.56374 0.72605 0.56718 0.72016 0.56705 0.71825 0.56351 0.70647 0.56323 0.69674 0.55603 0.67515 0.55552 0.67314 0.55897 0.56910 0.55655 0.56709 0.56000 0.45520 0.55739 0.45319 0.56084 0.42178 0.56011 0.41977 0.56355 0.41192 0.56337 0.40393 0.57366 0.39211 0.57688 0.39010 0.58032 0.37635 0.58000 0.37444 0.57647 0.36065 0.57964 0.35946 0.59533 0.36133 0.60236 0.36905 0.61301 0.36891 0.62348 0.37476 0.62711 0.37457 0.64108 0.36640 0.66533 0.33408 0.73442 0.32609 0.74471 0.31796 0.76548 0.30791 0.78271 0.30381 0.79658 0.29582 0.80687 0.28970 0.82419 0.27559 0.85180 0.26760 0.86209 0.24939 0.90357 0.24642 0.90525 0.22930 0.93802 0.20706 0.98640 0.20798 0.99166 0.60646 1.00000 0.96255 1.00000
7 0.32532 0.50374 0.32723 0.50727 0.32618 0.58757 0.32810 0.59111 0.32782 0.61205 0.32974 0.61559 0.32773 0.61904 0.32746 0.63998 0.33513 0.65413 0.33782 0.67340 0.34362 0.68052 0.35051 0.67893 0.36252 0.66175 0.36462 0.65132 0.36512 0.61292 0.36033 0.60408 0.35047 0.60734 0.34759 0.60204 0.35161 0.59514 0.35157 0.44847 0.34869 0.44317 0.32906 0.44271 0.32605 0.44788 0.32532 0.50374
7 0.39467 0.45646 0.39517 0.41806 0.39038 0.40921 0.38640 0.41262 0.37462 0.41234 0.37161 0.41751 0.37148 0.42798 0.37339 0.43152 0.37298 0.46294 0.37490 0.46648 0.37439 0.50488 0.37631 0.50841 0.37800 0.52941 0.36522 0.53086 0.36394 0.55353 0.36576 0.56404 0.37161 0.56767 0.39813 0.56654 0.41306 0.55118 0.41338 0.52674 0.41050 0.52143 0.40452 0.52828 0.39375 0.52628 0.39384 0.51930 0.39790 0.50892 0.39809 0.49495 0.39617 0.49142 0.39658 0.46000 0.39467 0.45646
4 0.80485 0.62314 0.81767 0.61820 0.83667 0.59245 0.84279 0.57514 0.84292 0.56466 0.84493 0.56122 0.84338 0.52975 0.83580 0.50862 0.82133 0.48908 0.81549 0.48545 0.79389 0.48495 0.78791 0.49179 0.78399 0.49170 0.77093 0.51410 0.76477 0.53491 0.76435 0.56633 0.76618 0.57685 0.77179 0.59793 0.78234 0.61738 0.78627 0.61747 0.78914 0.62278 0.78887 0.64373 0.77604 0.64866 0.77490 0.66086 0.77189 0.66603 0.76800 0.66245 0.76599 0.66589 0.75618 0.66566 0.75317 0.67083 0.75303 0.68130 0.75687 0.68838 0.75677 0.69536 0.76540 0.71128 0.78663 0.73971 0.83082 0.73899 0.83575 0.73736 0.84082 0.72525 0.83516 0.70766 0.84114 0.70082 0.84128 0.69034 0.82877 0.67084 0.82096 0.66717 0.82014 0.65493 0.81535 0.64609 0.80749 0.64590 0.80471 0.63362 0.80485 0.62314
6 0.25501 0.62433 0.25492 0.63131 0.25779 0.63662 0.27058 0.63517 0.27957 0.62315 0.29331 0.62347 0.30929 0.60289 0.32308 0.59972 0.32609 0.59455 0.32632 0.57710 0.32344 0.57179 0.26259 0.57037 0.26058 0.57382 0.25077 0.57359 0.24940 0.60325 0.25501 0.62433
6 0.00000 0.64808 0.10248 0.65046 0.10449 0.64702 0.20360 0.65107 0.22638 0.63589 0.23227 0.63602 0.23743 0.61693 0.23584 0.58896 0.23100 0.58361 0.22337 0.56597 0.20767 0.56561 0.20566 0.56905 0.19785 0.56538 0.19584 0.56882 0.17229 0.56828 0.17028 0.57172 0.10157 0.57012 0.09970 0.56310 0.06044 0.56218 0.05843 0.56563 0.04866 0.56191 0.04665 0.56536 0.00000 0.56596 0.00000 0.64808
6 0.90273 0.57129 0.88899 0.57097 0.88707 0.56743 0.84781 0.56652 0.84667 0.57872 0.83064 0.60279 0.82854 0.61322 0.81567 0.62165 0.81261 0.63031 0.81539 0.64260 0.81927 0.64618 0.82909 0.64641 0.83101 0.64994 0.89483 0.64968 0.92724 0.64869 0.92925 0.64524 0.93509 0.64887 0.99811 0.65034 0.99896 0.58511 0.99093 0.58382 0.98901 0.58028 0.97527 0.57996 0.97335 0.57643 0.90465 0.57483 0.90273 0.57129
6 0.96255 1.00000 0.95421 0.98805 0.94850 0.97395 0.89254 0.89932 0.88583 0.88694 0.88688 0.88172 0.87907 0.87805 0.87140 0.86390 0.86652 0.86204 0.86757 0.85683 0.87446 0.85525 0.87478 0.83081 0.87190 0.82550 0.86989 0.82895 0.86506 0.82360 0.86428 0.80786 0.86309 0.82355 0.86013 0.82523 0.85625 0.82164 0.85520 0.82686 0.85707 0.83389 0.85405 0.83905 0.84625 0.83538 0.84342 0.82659 0.84269 0.80736 0.83086 0.81058 0.82799 0.80527 0.82717 0.79303 0.82324 0.79294 0.80968 0.77866 0.80005 0.76446 0.79434 0.75036 0.78462 0.74315 0.76531 0.71826 0.75285 0.69527 0.75097 0.68824 0.75116 0.67428 0.75518 0.66739 0.75531 0.65691 0.75340 0.65338 0.75641 0.64821 0.77412 0.64513 0.78206 0.63833 0.78512 0.62967 0.78517 0.62618 0.77170 0.60491 0.76805 0.58388 0.76139 0.56800 0.75550 0.56787 0.75358 0.56433 0.72806 0.56374 0.72605 0.56718 0.72016 0.56705 0.71825 0.56351 0.70647 0.56323 0.69674 0.55603 0.67515 0.55552 0.67314 0.55897 0.56910 0.55655 0.56709 0.56000 0.45520 0.55739 0.45319 0.56084 0.42178 0.56011 0.41977 0.56355 0.41192 0.56337 0.40393 0.57366 0.39211 0.57688 0.39010 0.58032 0.37635 0.58000 0.37444 0.57647 0.36065 0.57964 0.35946 0.59533 0.36133 0.60236 0.36905 0.61301 0.36891 0.62348 0.37476 0.62711 0.37457 0.64108 0.36640 0.66533 0.33408 0.73442 0.32609 0.74471 0.31796 0.76548 0.30791 0.78271 0.30381 0.79658 0.29582 0.80687 0.28970 0.82419 0.27559 0.85180 0.26760 0.86209 0.24939 0.90357 0.24642 0.90525 0.22930 0.93802 0.20706 0.98640 0.20798 0.99166 0.60646 1.00000 0.96255 1.00000
7 0.32532 0.50374 0.32723 0.50727 0.32618 0.58757 0.32810 0.59111 0.32782 0.61205 0.32974 0.61559 0.32773 0.61904 0.32746 0.63998 0.33513 0.65413 0.33782 0.67340 0.34362 0.68052 0.35051 0.67893 0.36252 0.66175 0.36462 0.65132 0.36512 0.61292 0.36033 0.60408 0.35047 0.60734 0.34759 0.60204 0.35161 0.59514 0.35157 0.44847 0.34869 0.44317 0.32906 0.44271 0.32605 0.44788 0.32532 0.50374
7 0.39467 0.45646 0.39517 0.41806 0.39038 0.40921 0.38640 0.41262 0.37462 0.41234 0.37161 0.41751 0.37148 0.42798 0.37339 0.43152 0.37298 0.46294 0.37490 0.46648 0.37439 0.50488 0.37631 0.50841 0.37800 0.52941 0.36522 0.53086 0.36394 0.55353 0.36576 0.56404 0.37161 0.56767 0.39813 0.56654 0.41306 0.55118 0.41338 0.52674 0.41050 0.52143 0.40452 0.52828 0.39375 0.52628 0.39384 0.51930 0.39790 0.50892 0.39809 0.49495 0.39617 0.49142 0.39658 0.46000 0.39467 0.45646
4 0.80485 0.62314 0.81767 0.61820 0.83667 0.59245 0.84279 0.57514 0.84292 0.56466 0.84493 0.56122 0.84338 0.52975 0.83580 0.50862 0.82133 0.48908 0.81549 0.48545 0.79389 0.48495 0.78791 0.49179 0.78399 0.49170 0.77093 0.51410 0.76477 0.53491 0.76435 0.56633 0.76618 0.57685 0.77179 0.59793 0.78234 0.61738 0.78627 0.61747 0.78914 0.62278 0.78887 0.64373 0.77604 0.64866 0.77490 0.66086 0.77189 0.66603 0.76800 0.66245 0.76599 0.66589 0.75618 0.66566 0.75317 0.67083 0.75303 0.68130 0.75687 0.68838 0.75677 0.69536 0.76540 0.71128 0.78663 0.73971 0.83082 0.73899 0.83575 0.73736 0.84082 0.72525 0.83516 0.70766 0.84114 0.70082 0.84128 0.69034 0.82877 0.67084 0.82096 0.66717 0.82014 0.65493 0.81535 0.64609 0.80749 0.64590 0.80471 0.63362 0.80485 0.62314
6 0.25501 0.62433 0.25492 0.63131 0.25779 0.63662 0.27058 0.63517 0.27957 0.62315 0.29331 0.62347 0.30929 0.60289 0.32308 0.59972 0.32609 0.59455 0.32632 0.57710 0.32344 0.57179 0.26259 0.57037 0.26058 0.57382 0.25077 0.57359 0.24940 0.60325 0.25501 0.62433
6 0.00000 0.64808 0.10248 0.65046 0.10449 0.64702 0.20360 0.65107 0.22638 0.63589 0.23227 0.63602 0.23743 0.61693 0.23584 0.58896 0.23100 0.58361 0.22337 0.56597 0.20767 0.56561 0.20566 0.56905 0.19785 0.56538 0.19584 0.56882 0.17229 0.56828 0.17028 0.57172 0.10157 0.57012 0.09970 0.56310 0.06044 0.56218 0.05843 0.56563 0.04866 0.56191 0.04665 0.56536 0.00000 0.56596 0.00000 0.64808
6 0.90273 0.57129 0.88899 0.57097 0.88707 0.56743 0.84781 0.56652 0.84667 0.57872 0.83064 0.60279 0.82854 0.61322 0.81567 0.62165 0.81261 0.63031 0.81539 0.64260 0.81927 0.64618 0.82909 0.64641 0.83101 0.64994 0.89483 0.64968 0.92724 0.64869 0.92925 0.64524 0.93509 0.64887 0.99811 0.65034 0.99896 0.58511 0.99093 0.58382 0.98901 0.58028 0.97527 0.57996 0.97335 0.57643 0.90465 0.57483 0.90273 0.57129
6 0.96255 1.00000 0.95421 0.98805 0.94850 0.97395 0.89254 0.89932 0.88583 0.88694 0.88688 0.88172 0.87907 0.87805 0.87140 0.86390 0.86652 0.86204 0.86757 0.85683 0.87446 0.85525 0.87478 0.83081 0.87190 0.82550 0.86989 0.82895 0.86506 0.82360 0.86428 0.80786 0.86309 0.82355 0.86013 0.82523 0.85625 0.82164 0.85520 0.82686 0.85707 0.83389 0.85405 0.83905 0.84625 0.83538 0.84342 0.82659 0.84269 0.80736 0.83086 0.81058 0.82799 0.80527 0.82717 0.79303 0.82324 0.79294 0.80968 0.77866 0.80005 0.76446 0.79434 0.75036 0.78462 0.74315 0.76531 0.71826 0.75285 0.69527 0.75097 0.68824 0.75116 0.67428 0.75518 0.66739 0.75531 0.65691 0.75340 0.65338 0.75641 0.64821 0.77412 0.64513 0.78206 0.63833 0.78512 0.62967 0.78517 0.62618 0.77170 0.60491 0.76805 0.58388 0.76139 0.56800 0.75550 0.56787 0.75358 0.56433 0.72806 0.56374 0.72605 0.56718 0.72016 0.56705 0.71825 0.56351 0.70647 0.56323 0.69674 0.55603 0.67515 0.55552 0.67314 0.55897 0.56910 0.55655 0.56709 0.56000 0.45520 0.55739 0.45319 0.56084 0.42178 0.56011 0.41977 0.56355 0.41192 0.56337 0.40393 0.57366 0.39211 0.57688 0.39010 0.58032 0.37635 0.58000 0.37444 0.57647 0.36065 0.57964 0.35946 0.59533 0.36133 0.60236 0.36905 0.61301 0.36891 0.62348 0.37476 0.62711 0.37457 0.64108 0.36640 0.66533 0.33408 0.73442 0.32609 0.74471 0.31796 0.76548 0.30791 0.78271 0.30381 0.79658 0.29582 0.80687 0.28970 0.82419 0.27559 0.85180 0.26760 0.86209 0.24939 0.90357 0.24642 0.90525 0.22930 0.93802 0.20706 0.98640 0.20798 0.99166 0.60646 1.00000 0.96255 1.00000
