6 0.51265 1.00000 0.48140 0.96732 0.47739 0.95935 0.45860 0.94265 0.43395 0.91015 0.41101 0.88931 0.39052 0.86095 0.30118 0.77007 0.28686 0.74983 0.26606 0.72914 0.26176 0.72884 0.24943 0.71259 0.24372 0.69295 0.22909 0.68039 0.22308 0.66843 0.20645 0.65187 0.20214 0.65157 0.17318 0.61877 0.16456 0.61817 0.15624 0.60989 0.14407 0.58981 0.12944 0.57725 0.10679 0.54873 0.09187 0.54384 0.08986 0.53986 0.04045 0.53256 0.03845 0.52857 0.02767 0.52782 0.02537 0.53150 0.02337 0.52752 0.00000 0.52743 0.00000 0.96578 0.49017 1.00000 0.51265 1.00000
1 0.46707 0.64506 0.46367 0.62174 0.45695 0.60011 0.44248 0.58371 0.42970 0.57897 0.41201 0.58927 0.39702 0.61324 0.38719 0.64333 0.38553 0.68554 0.38924 0.70119 0.40226 0.72711 0.41158 0.73738 0.41052 0.76423 0.40461 0.77729 0.39815 0.77684 0.39469 0.78236 0.39439 0.79004 0.38862 0.79925 0.37354 0.79820 0.36762 0.81125 0.37248 0.82506 0.37679 0.82536 0.38080 0.83334 0.39543 0.84590 0.42244 0.84586 0.46052 0.83890 0.46228 0.82171 0.45096 0.80745 0.44249 0.80302 0.44009 0.78169 0.43062 0.77525 0.42761 0.76927 0.42882 0.73858 0.45228 0.71905 0.46050 0.70231 0.46571 0.67959 0.46707 0.64506
7 0.17354 0.58225 0.16346 0.59116 0.15154 0.59225 0.15138 0.59609 0.16055 0.61020 0.17102 0.61862 0.17649 0.61708 0.20134 0.61689 0.20741 0.60000 0.20486 0.58251 0.20040 0.58605 0.18862 0.58330 0.19179 0.50272 0.19409 0.49904 0.19485 0.47985 0.19184 0.47387 0.18107 0.47312 0.17761 0.47865 0.17354 0.58225
6 0.51265 1.00000 0.48140 0.96732 0.47739 0.95935 0.45860 0.94265 0.43395 0.91015 0.41101 0.88931 0.39052 0.86095 0.30118 0.77007 0.28686 0.74983 0.26606 0.72914 0.26176 0.72884 0.24943 0.71259 0.24372 0.69295 0.22909 0.68039 0.22308 0.66843 0.20645 0.65187 0.20214 0.65157 0.17318 0.61877 0.16456 0.61817 0.15624 0.60989 0.14407 0.58981 0.12944 0.57725 0.10679 0.54873 0.09187 0.54384 0.08986 0.53986 0.04045 0.53256 0.03845 0.52857 0.02767 0.52782 0.02537 0.53150 0.02337 0.52752 0.00000 0.52743 0.00000 0.96578 0.49017 1.00000 0.51265 1.00000
1 0.46707 0.64506 0.46367 0.62174 0.45695 0.60011 0.44248 0.58371 0.42970 0.57897 0.41201 0.58927 0.39702 0.61324 0.38719 0.64333 0.38553 0.68554 0.38924 0.70119 0.40226 0.72711 0.41158 0.73738 0.41052 0.76423 0.40461 0.77729 0.39815 0.77684 0.39469 0.78236 0.39439 0.79004 0.38862 0.79925 0.37354 0.79820 0.36762 0.81125 0.37248 0.82506 0.37679 0.82536 0.38080 0.83334 0.39543 0.84590 0.42244 0.84586 0.46052 0.83890 0.46228 0.82171 0.45096 0.80745 0.44249 0.80302 0.44009 0.78169 0.43062 0.77525 0.42761 0.76927 0.42882 0.73858 0.45228 0.71905 0.46050 0.70231 0.46571 0.67959 0.46707 0.64506
7 0.17354 0.58225 0.16346 0.59116 0.15154 0.59225 0.15138 0.59609 0.16055 0.61020 0.17102 0.61862 0.17649 0.61708 0.20134 0.61689 0.20741 0.60000 0.20486 0.58251 0.20040 0.58605 0.18862 0.58330 0.19179 0.50272 0.19409 0.49904 0.19485 0.47985 0.19184 0.47387 0.18107 0.47312 0.17761 0.47865 0.17354 0.58225
6 0.51265 1.00000 0.48140 0.96732 0.47739 0.95935 0.45860 0.94265 0.43395 0.91015 0.41101 0.88931 0.39052 0.86095 0.30118 0.77007 0.28686 0.74983 0.26606 0.72914 0.26176 0.72884 0.24943 0.71259 0.24372 0.69295 0.22909 0.68039 0.22308 0.66843 0.20645 0.65187 0.20214 0.65157 0.17318 0.61877 0.16456 0.61817 0.15624 0.60989 0.14407 0.58981 0.12944 0.57725 0.10679 0.54873 0.09187 0.54384 0.08986 0.53986 0.04045 0.53256 0.03845 0.52857 0.02767 0.52782 0.02537 0.53150 0.02337 0.52752 0.00000 0.52743 0.00000 0.96578 0.49017 1.00000 0.51265 1.00000
1 0.46707 0.64506 0.46367 0.62174 0.45695 0.60011 0.44248 0.58371 0.42970 0.57897 0.41201 0.58927 0.39702 0.61324 0.38719 0.64333 0.38553 0.68554 0.38924 0.70119 0.40226 0.72711 0.41158 0.73738 0.41052 0.76423 0.40461 0.77729 0.39815 0.77684 0.39469 0.78236 0.39439 0.79004 0.38862 0.79925 0.37354 0.79820 0.36762 0.81125 0.37248 0.82506 0.37679 0.82536 0.38080 0.83334 0.39543 0.84590 0.42244 0.84586 0.46052 0.83890 0.46228 0.82171 0.45096 0.80745 0.44249 0.80302 0.44009 0.78169 0.43062 0.77525 0.42761 0.76927 0.42882 0.73858 0.45228 0.71905 0.46050 0.70231 0.46571 0.67959 0.46707 0.64506
7 0.17354 0.58225 0.16346 0.59116 0.15154 0.59225 0.15138 0.59609 0.16055 0.61020 0.17102 0.61862 0.17649 0.61708 0.20134 0.61689 0.20741 0.60000 0.20486 0.58251 0.20040 0.58605 0.18862 0.58330 0.19179 0.50272 0.19409 0.49904 0.19485 0.47985 0.19184 0.47387 0.18107 0.47312 0.17761 0.47865 0.17354 0.58225
6 0.51265 1.00000 0.48140 0.96732 0.47739 0.95935 0.45860 0.94265 0.43395 0.91015 0.41101 0.88931 0.39052 0.86095 0.30118 0.77007 0.28686 0.74983 0.26606 0.72914 0.26176 0.72884 0.24943 0.71259 0.24372 0.69295 0.22909 0.68039 0.22308 0.66843 0.20645 0.65187 0.20214 0.65157 0.17318 0.61877 0.16456 0.61817 0.15624 0.60989 0.14407 0.58981 0.12944 0.57725 0.10679 0.54873 0.09187 0.54384 0.08986 0.53986 0.04045 0.53256 0.03845 0.52857 0.02767 0.52782 0.02537 0.53150 0.02337 0.52752 0.00000 0.52743 0.00000 0.96578 0.49017 1.00000 0.51265 1.00000
1 0.46707 0.64506 0.46367 0.62174 0.45695 0.60011 0.44248 0.58371 0.42970 0.57897 0.41201 0.58927 0.39702 0.61324 0.38719 0.64333 0.38553 0.68554 0.38924 0.70119 0.40226 0.72711 0.41158 0.73738 0.41052 0.76423 0.40461 0.77729 0.39815 0.77684 0.39469 0.78236 0.39439 0.79004 0.38862 0.79925 0.37354 0.79820 0.36762 0.81125 0.37248 0.82506 0.37679 0.82536 0.38080 0.83334 0.39543 0.84590 0.42244 0.84586 0.46052 0.83890 0.46228 0.82171 0.45096 0.80745 0.44249 0.80302 0.44009 0.78169 0.43062 0.77525 0.42761 0.76927 0.42882 0.73858 0.45228 0.71905 0.46050 0.70231 0.46571 0.67959 0.46707 0.64506
7 0.17354 0.58225 0.16346 0.59116 0.15154 0.59225 0.15138 0.59609 0.16055 0.61020 0.17102 0.61862 0.17649 0.61708 0.20134 0.61689 0.20741 0.60000 0.20486 0.58251 0.20040 0.58605 0.18862 0.58330 0.19179 0.50272 0.19409 0.49904 0.19485 0.47985 0.19184 0.47387 0.18107 0.47312 0.17761 0.47865 0.17354 0.58225
6 0.51265 1.00000 0.48140 0.96732 0.47739 0.95935 0.45860 0.94265 0.43395 0.91015 0.41101 0.88931 0.39052 0.86095 0.30118 0.77007 0.28686 0.74983 0.26606 0.72914 0.26176 0.72884 0.24943 0.71259 0.24372 0.69295 0.22909 0.68039 0.22308 0.66843 0.20645 0.65187 0.20214 0.65157 0.17318 0.61877 0.16456 0.61817 0.15624 0.60989 0.14407 0.58981 0.12944 0.57725 0.10679 0.54873 0.09187 0.54384 0.08986 0.53986 0.04045 0.53256 0.03845 0.52857 0.02767 0.52782 0.02537 0.53150 0.02337 0.52752 0.00000 0.52743 0.00000 0.96578 0.49017 1.00000 0.51265 1.00000
1 0.46707 0.64506 0.46367 0.62174 0.45695 0.60011 0.44248 0.58371 0.42970 0.57897 0.41201 0.58927 0.39702 0.61324 0.38719 0.64333 0.38553 0.68554 0.38924 0.70119 0.40226 0.72711 0.41158 0.73738 0.41052 0.76423 0.40461 0.77729 0.39815 0.77684 0.39469 0.78236 0.39439 0.79004 0.38862 0.79925 0.37354 0.79820 0.36762 0.81125 0.37248 0.82506 0.37679 0.82536 0.38080 0.83334 0.39543 0.84590 0.42244 0.84586 0.46052 0.83890 0.46228 0.82171 0.45096 0.80745 0.44249 0.80302 0.44009 0.78169 0.43062 0.77525 0.42761 0.76927 0.42882 0.73858 0.45228 0.71905 0.46050 0.70231 0.46571 0.67959 0.46707 0.64506
7 0.17354 0.58225 0.16346 0.59116 0.15154 0.59225 0.15138 0.59609 0.16055 0.61020 0.17102 0.61862 0.17649 0.61708 0.20134 0.61689 0.20741 0.60000 0.20486 0.58251 0.20040 0.58605 0.18862 0.58330 0.19179 0.50272 0.19409 0.49904 0.19485 0.47985 0.19184 0.47387 0.18107 0.47312 0.17761 0.47865 0.17354 0.58225
6 0.51265 1.00000 0.48140 0.96732 0.47739 0.95935 0.45860 0.94265 0.43395 0.91015 0.41101 0.88931 0.39052 0.86095 0.30118 0.77007 0.28686 0.74983 0.26606 0.72914 0.26176 0.72884 0.24943 0.71259 0.24372 0.69295 0.22909 0.68039 0.22308 0.66843 0.20645 0.65187 0.20214 0.65157 0.17318 0.61877 0.16456 0.61817 0.15624 0.60989 0.14407 0.58981 0.12944 0.57725 0.10679 0.54873 0.09187 0.54384 0.08986 0.53986 0.04045 0.53256 0.03845 0.52857 0.02767 0.52782 0.02537 0.53150 0.02337 0.52752 0.00000 0.52743 0.00000 0.96578 0.49017 1.00000 0.51265 1.00000
1 0.46707 0.64506 0.46367 0.62174 0.45695 0.60011 0.44248 0.58371 0.42970 0.57897 0.41201 0.58927 0.39702 0.61324 0.38719 0.64333 0.38553 0.68554 0.38924 0.70119 0.40226 0.72711 0.41158 0.73738 0.41052 0.76423 0.40461 0.77729 0.39815 0.77684 0.39469 0.78236 0.39439 0.79004 0.38862 0.79925 0.37354 0.79820 0.36762 0.81125 0.37248 0.82506 0.37679 0.82536 0.38080 0.83334 0.39543 0.84590 0.42244 0.84586 0.46052 0.83890 0.46228 0.82171 0.45096 0.80745 0.44249 0.80302 0.44009 0.78169 0.43062 0.77525 0.42761 0.76927 0.42882 0.73858 0.45228 0.71905 0.46050 0.70231 0.46571 0.67959 0.46707 0.64506
7 0.17354 0.58225 0.16346 0.59116 0.15154 0.59225 0.15138 0.59609 0.16055 0.61020 0.17102 0.61862 0.17649 0.61708 0.20134 0.61689 0.20741 0.60000 0.20486 0.58251 0.20040 0.58605 0.18862 0.58330 0.19179 0.50272 0.19409 0.49904 0.19485 0.47985 0.19184 0.47387 0.18107 0.47312 0.17761 0.47865 0.17354 0.58225
