6 0.51967 1.00000 0.54961 0.99581 0.54079 0.98964 0.53667 0.99021 0.52962 0.98009 0.52550 0.98066 0.49904 0.96214 0.49434 0.95539 0.45259 0.92791 0.44789 0.92115 0.44377 0.92173 0.43025 0.90881 0.39732 0.88749 0.39262 0.88074 0.37733 0.87177 0.35235 0.84563 0.34823 0.84621 0.34118 0.83609 0.32618 0.83078 0.31501 0.82123 0.31089 0.82181 0.30619 0.81506 0.30207 0.81563 0.28002 0.80020 0.27590 0.80078 0.25797 0.78477 0.21828 0.75699 0.21416 0.75757 0.18506 0.73201 0.17241 0.73007 0.17006 0.72670 0.16182 0.72786 0.15947 0.72448 0.14504 0.72650 0.14269 0.72313 0.13239 0.72457 0.13004 0.72119 0.10738 0.72436 0.10503 0.72099 0.05145 0.72849 0.04911 0.72511 0.01549 0.73117 0.03670 1.00000 0.51967 1.00000
5 0.45887 0.81666 0.45555 0.79261 0.44634 0.79051 0.44209 0.76066 0.44653 0.75074 0.46711 0.69204 0.46169 0.62938 0.43743 0.58711 0.40550 0.59834 0.38412 0.65884 0.38433 0.70363 0.42288 0.75828 0.42382 0.80635 0.40801 0.81702 0.39826 0.83191 0.38018 0.83783 0.38209 0.86209 0.41772 0.89177 0.48945 0.85466 0.48263 0.82856 0.45887 0.81666
6 0.51967 1.00000 0.54961 0.99581 0.54079 0.98964 0.53667 0.99021 0.52962 0.98009 0.52550 0.98066 0.49904 0.96214 0.49434 0.95539 0.45259 0.92791 0.44789 0.92115 0.44377 0.92173 0.43025 0.90881 0.39732 0.88749 0.39262 0.88074 0.37733 0.87177 0.35235 0.84563 0.34823 0.84621 0.34118 0.83609 0.32618 0.83078 0.31501 0.82123 0.31089 0.82181 0.30619 0.81506 0.30207 0.81563 0.28002 0.80020 0.27590 0.80078 0.25797 0.78477 0.21828 0.75699 0.21416 0.75757 0.18506 0.73201 0.17241 0.73007 0.17006 0.72670 0.16182 0.72786 0.15947 0.72448 0.14504 0.72650 0.14269 0.72313 0.13239 0.72457 0.13004 0.72119 0.10738 0.72436 0.10503 0.72099 0.05145 0.72849 0.04911 0.72511 0.01549 0.73117 0.03670 1.00000 0.51967 1.00000
5 0.45887 0.81666 0.45555 0.79261 0.44634 0.79051 0.44209 0.76066 0.44653 0.75074 0.46711 0.69204 0.46169 0.62938 0.43743 0.58711 0.40550 0.59834 0.38412 0.65884 0.38433 0.70363 0.42288 0.75828 0.42382 0.80635 0.40801 0.81702 0.39826 0.83191 0.38018 0.83783 0.38209 0.86209 0.41772 0.89177 0.48945 0.85466 0.48263 0.82856 0.45887 0.81666
6 0.51967 1.00000 0.54961 0.99581 0.54079 0.98964 0.53667 0.99021 0.52962 0.98009 0.52550 0.98066 0.49904 0.96214 0.49434 0.95539 0.45259 0.92791 0.44789 0.92115 0.44377 0.92173 0.43025 0.90881 0.39732 0.88749 0.39262 0.88074 0.37733 0.87177 0.35235 0.84563 0.34823 0.84621 0.34118 0.83609 0.32618 0.83078 0.31501 0.82123 0.31089 0.82181 0.30619 0.81506 0.30207 0.81563 0.28002 0.80020 0.27590 0.80078 0.25797 0.78477 0.21828 0.75699 0.21416 0.75757 0.18506 0.73201 0.17241 0.73007 0.17006 0.72670 0.16182 0.72786 0.15947 0.72448 0.14504 0.72650 0.14269 0.72313 0.13239 0.72457 0.13004 0.72119 0.10738 0.72436 0.10503 0.72099 0.05145 0.72849 0.04911 0.72511 0.01549 0.73117 0.03670 1.00000 0.51967 1.00000
5 0.45887 0.81666 0.45555 0.79261 0.44634 0.79051 0.44209 0.76066 0.44653 0.75074 0.46711 0.69204 0.46169 0.62938 0.43743 0.58711 0.40550 0.59834 0.38412 0.65884 0.38433 0.70363 0.42288 0.75828 0.42382 0.80635 0.40801 0.81702 0.39826 0.83191 0.38018 0.83783 0.38209 0.86209 0.41772 0.89177 0.48945 0.85466 0.48263 0.82856 0.45887 0.81666
6 0.51967 1.00000 0.54961 0.99581 0.54079 0.98964 0.53667 0.99021 0.52962 0.98009 0.52550 0.98066 0.49904 0.96214 0.49434 0.95539 0.45259 0.92791 0.44789 0.92115 0.44377 0.92173 0.43025 0.90881 0.39732 0.88749 0.39262 0.88074 0.37733 0.87177 0.35235 0.84563 0.34823 0.84621 0.34118 0.83609 0.32618 0.83078 0.31501 0.82123 0.31089 0.82181 0.30619 0.81506 0.30207 0.81563 0.28002 0.80020 0.27590 0.80078 0.25797 0.78477 0.21828 0.75699 0.21416 0.75757 0.18506 0.73201 0.17241 0.73007 0.17006 0.72670 0.16182 0.72786 0.15947 0.72448 0.14504 0.72650 0.14269 0.72313 0.13239 0.72457 0.13004 0.72119 0.10738 0.72436 0.10503 0.72099 0.05145 0.72849 0.04911 0.72511 0.01549 0.73117 0.03670 1.00000 0.51967 1.00000
5 0.45887 0.81666 0.45555 0.79261 0.44634 0.79051 0.44209 0.76066 0.44653 0.75074 0.46711 0.69204 0.46169 0.62938 0.43743 0.58711 0.40550 0.59834 0.38412 0.65884 0.38433 0.70363 0.42288 0.75828 0.42382 0.80635 0.40801 0.81702 0.39826 0.83191 0.38018 0.83783 0.38209 0.86209 0.41772 0.89177 0.48945 0.85466 0.48263 0.82856 0.45887 0.81666
6 0.51967 1.00000 0.54961 0.99581 0.54079 0.98964 0.53667 0.99021 0.52962 0.98009 0.52550 0.98066 0.49904 0.96214 0.49434 0.95539 0.45259 0.92791 0.44789 0.92115 0.44377 0.92173 0.43025 0.90881 0.39732 0.88749 0.39262 0.88074 0.37733 0.87177 0.35235 0.84563 0.34823 0.84621 0.34118 0.83609 0.32618 0.83078 0.31501 0.82123 0.31089 0.82181 0.30619 0.81506 0.30207 0.81563 0.28002 0.80020 0.27590 0.80078 0.25797 0.78477 0.21828 0.75699 0.21416 0.75757 0.18506 0.73201 0.17241 0.73007 0.17006 0.72670 0.16182 0.72786 0.15947 0.72448 0.14504 0.72650 0.14269 0.72313 0.13239 0.72457 0.13004 0.72119 0.10738 0.72436 0.10503 0.72099 0.05145 0.72849 0.04911 0.72511 0.01549 0.73117 0.03670 1.00000 0.51967 1.00000
5 0.45887 0.81666 0.45555 0.79261 0.44634 0.79051 0.44209 0.76066 0.44653 0.75074 0.46711 0.69204 0.46169 0.62938 0.43743 0.58711 0.40550 0.59834 0.38412 0.65884 0.38433 0.70363 0.42288 0.75828 0.42382 0.80635 0.40801 0.81702 0.39826 0.83191 0.38018 0.83783 0.38209 0.86209 0.41772 0.89177 0.48945 0.85466 0.48263 0.82856 0.45887 0.81666
6 0.51967 1.00000 0.54961 0.99581 0.54079 0.98964 0.53667 0.99021 0.52962 0.98009 0.52550 0.98066 0.49904 0.96214 0.49434 0.95539 0.45259 0.92791 0.44789 0.92115 0.44377 0.92173 0.43025 0.90881 0.39732 0.88749 0.39262 0.88074 0.37733 0.87177 0.35235 0.84563 0.34823 0.84621 0.34118 0.83609 0.32618 0.83078 0.31501 0.82123 0.31089 0.82181 0.30619 0.81506 0.30207 0.81563 0.28002 0.80020 0.27590 0.80078 0.25797 0.78477 0.21828 0.75699 0.21416 0.75757 0.18506 0.73201 0.17241 0.73007 0.17006 0.72670 0.16182 0.72786 0.15947 0.72448 0.14504 0.72650 0.14269 0.72313 0.13239 0.72457 0.13004 0.72119 0.10738 0.72436 0.10503 0.72099 0.05145 0.72849 0.04911 0.72511 0.01549 0.73117 0.03670 1.00000 0.51967 1.00000
5 0.45887 0.81666 0.45555 0.79261 0.44634 0.79051 0.44209 0.76066 0.44653 0.75074 0.46711 0.69204 0.46169 0.62938 0.43743 0.58711 0.40550 0.59834 0.38412 0.65884 0.38433 0.70363 0.42288 0.75828 0.42382 0.80635 0.40801 0.81702 0.39826 0.83191 0.38018 0.83783 0.38209 0.86209 0.41772 0.89177 0.48945 0.85466 0.48263 0.82856 0.45887 0.81666
