6 0.91497 1.00000 0.91483 0.99975 0.90921 0.99489 0.90170 0.97128 0.89768 0.97043 0.88614 0.94596 0.88053 0.94111 0.87058 0.92065 0.86942 0.91306 0.86021 0.90377 0.85905 0.89618 0.85502 0.89534 0.84709 0.87530 0.84147 0.87045 0.82316 0.83354 0.81914 0.83268 0.81120 0.81265 0.80040 0.79936 0.79765 0.78776 0.79204 0.78291 0.78728 0.77089 0.78008 0.76202 0.76696 0.73355 0.75457 0.71625 0.73944 0.68736 0.73382 0.68250 0.72906 0.67048 0.71308 0.64875 0.69995 0.62027 0.68915 0.60698 0.67445 0.57450 0.67042 0.57365 0.66566 0.56163 0.66004 0.55678 0.65491 0.53917 0.65948 0.51810 0.65552 0.50809 0.65308 0.51124 0.64948 0.50681 0.64503 0.50954 0.64344 0.50554 0.62130 0.50087 0.61886 0.50402 0.61324 0.49917 0.60434 0.50463 0.48155 0.47873 0.47911 0.48189 0.43843 0.47697 0.43233 0.48487 0.42861 0.49877 0.40825 0.53119 0.40453 0.54510 0.39277 0.55730 0.38704 0.57078 0.36667 0.60320 0.36344 0.60436 0.34228 0.63478 0.30558 0.70047 0.27059 0.75184 0.24937 0.79143 0.24248 0.79732 0.23389 0.81754 0.21926 0.83648 0.16018 0.93417 0.16021 0.93454 0.47046 1.00000 0.91497 1.00000
6 0.67371 0.56333 0.67896 0.56260 0.69188 0.55798 0.69274 0.55082 0.70206 0.54177 0.70255 0.52902 0.69090 0.52289 0.68931 0.51889 0.64381 0.51112 0.65052 0.53273 0.66132 0.54603 0.66608 0.55805 0.67212 0.55932 0.67371 0.56333
6 0.88097 0.55565 0.83266 0.54546 0.83022 0.54861 0.79197 0.54055 0.78953 0.54370 0.78593 0.53927 0.78148 0.54200 0.77989 0.53800 0.75171 0.53205 0.74927 0.53521 0.72914 0.53096 0.72347 0.53527 0.72220 0.54602 0.72494 0.55762 0.72409 0.56478 0.73050 0.57164 0.85048 0.59512 0.88793 0.60118 0.89037 0.59802 0.89397 0.60246 0.90605 0.60500 0.90849 0.60185 0.91654 0.60355 0.91813 0.60755 0.99195 0.62008 0.99739 0.57435 0.93013 0.55868 0.92769 0.56184 0.91561 0.55929 0.91318 0.56245 0.88341 0.55249 0.88097 0.55565
6 0.21390 0.47367 0.22397 0.47579 0.23463 0.44683 0.23226 0.44082 0.22579 0.44313 0.20609 0.43530 0.20365 0.43846 0.14728 0.42657 0.14484 0.42972 0.00526 0.40337 0.00002 0.44745 0.08136 0.46039 0.08380 0.45723 0.16474 0.47064 0.16718 0.46748 0.21147 0.47682 0.21390 0.47367
4 0.74291 0.45859 0.73693 0.44815 0.71924 0.44075 0.71033 0.44621 0.69649 0.46716 0.69266 0.49940 0.69583 0.50741 0.69498 0.51457 0.70694 0.53546 0.69067 0.55956 0.68219 0.56145 0.68011 0.57019 0.68128 0.57778 0.68884 0.59223 0.72788 0.60230 0.73447 0.58166 0.72647 0.57079 0.72250 0.56077 0.72335 0.55361 0.71616 0.54475 0.71701 0.53758 0.72067 0.53285 0.72469 0.53370 0.73768 0.51991 0.74341 0.50643 0.74682 0.47778 0.74291 0.45859
7 0.39548 0.44771 0.39706 0.45172 0.39451 0.47321 0.39567 0.48080 0.39768 0.48123 0.40177 0.47291 0.40579 0.47376 0.41189 0.46587 0.41913 0.40497 0.41755 0.40096 0.42138 0.36873 0.41900 0.36272 0.40692 0.36017 0.40326 0.36491 0.40198 0.37565 0.40357 0.37966 0.39548 0.44771
7 0.41433 0.46271 0.41671 0.46872 0.43403 0.47054 0.44336 0.46149 0.44592 0.44000 0.43909 0.43672 0.43665 0.43988 0.43427 0.43387 0.44162 0.35464 0.43924 0.34863 0.42918 0.34650 0.42351 0.35082 0.41669 0.40813 0.41828 0.41214 0.41433 0.46271
6 0.91497 1.00000 0.91483 0.99975 0.90921 0.99489 0.90170 0.97128 0.89768 0.97043 0.88614 0.94596 0.88053 0.94111 0.87058 0.92065 0.86942 0.91306 0.86021 0.90377 0.85905 0.89618 0.85502 0.89534 0.84709 0.87530 0.84147 0.87045 0.82316 0.83354 0.81914 0.83268 0.81120 0.81265 0.80040 0.79936 0.79765 0.78776 0.79204 0.78291 0.78728 0.77089 0.78008 0.76202 0.76696 0.73355 0.75457 0.71625 0.73944 0.68736 0.73382 0.68250 0.72906 0.67048 0.71308 0.64875 0.69995 0.62027 0.68915 0.60698 0.67445 0.57450 0.67042 0.57365 0.66566 0.56163 0.66004 0.55678 0.65491 0.53917 0.65948 0.51810 0.65552 0.50809 0.65308 0.51124 0.64948 0.50681 0.64503 0.50954 0.64344 0.50554 0.62130 0.50087 0.61886 0.50402 0.61324 0.49917 0.60434 0.50463 0.48155 0.47873 0.47911 0.48189 0.43843 0.47697 0.43233 0.48487 0.42861 0.49877 0.40825 0.53119 0.40453 0.54510 0.39277 0.55730 0.38704 0.57078 0.36667 0.60320 0.36344 0.60436 0.34228 0.63478 0.30558 0.70047 0.27059 0.75184 0.24937 0.79143 0.24248 0.79732 0.23389 0.81754 0.21926 0.83648 0.16018 0.93417 0.16021 0.93454 0.47046 1.00000 0.91497 1.00000
6 0.67371 0.56333 0.67896 0.56260 0.69188 0.55798 0.69274 0.55082 0.70206 0.54177 0.70255 0.52902 0.69090 0.52289 0.68931 0.51889 0.64381 0.51112 0.65052 0.53273 0.66132 0.54603 0.66608 0.55805 0.67212 0.55932 0.67371 0.56333
6 0.88097 0.55565 0.83266 0.54546 0.83022 0.54861 0.79197 0.54055 0.78953 0.54370 0.78593 0.53927 0.78148 0.54200 0.77989 0.53800 0.75171 0.53205 0.74927 0.53521 0.72914 0.53096 0.72347 0.53527 0.72220 0.54602 0.72494 0.55762 0.72409 0.56478 0.73050 0.57164 0.85048 0.59512 0.88793 0.60118 0.89037 0.59802 0.89397 0.60246 0.90605 0.60500 0.90849 0.60185 0.91654 0.60355 0.91813 0.60755 0.99195 0.62008 0.99739 0.57435 0.93013 0.55868 0.92769 0.56184 0.91561 0.55929 0.91318 0.56245 0.88341 0.55249 0.88097 0.55565
6 0.21390 0.47367 0.22397 0.47579 0.23463 0.44683 0.23226 0.44082 0.22579 0.44313 0.20609 0.43530 0.20365 0.43846 0.14728 0.42657 0.14484 0.42972 0.00526 0.40337 0.00002 0.44745 0.08136 0.46039 0.08380 0.45723 0.16474 0.47064 0.16718 0.46748 0.21147 0.47682 0.21390 0.47367
4 0.74291 0.45859 0.73693 0.44815 0.71924 0.44075 0.71033 0.44621 0.69649 0.46716 0.69266 0.49940 0.69583 0.50741 0.69498 0.51457 0.70694 0.53546 0.69067 0.55956 0.68219 0.56145 0.68011 0.57019 0.68128 0.57778 0.68884 0.59223 0.72788 0.60230 0.73447 0.58166 0.72647 0.57079 0.72250 0.56077 0.72335 0.55361 0.71616 0.54475 0.71701 0.53758 0.72067 0.53285 0.72469 0.53370 0.73768 0.51991 0.74341 0.50643 0.74682 0.47778 0.74291 0.45859
7 0.39548 0.44771 0.39706 0.45172 0.39451 0.47321 0.39567 0.48080 0.39768 0.48123 0.40177 0.47291 0.40579 0.47376 0.41189 0.46587 0.41913 0.40497 0.41755 0.40096 0.42138 0.36873 0.41900 0.36272 0.40692 0.36017 0.40326 0.36491 0.40198 0.37565 0.40357 0.37966 0.39548 0.44771
7 0.41433 0.46271 0.41671 0.46872 0.43403 0.47054 0.44336 0.46149 0.44592 0.44000 0.43909 0.43672 0.43665 0.43988 0.43427 0.43387 0.44162 0.35464 0.43924 0.34863 0.42918 0.34650 0.42351 0.35082 0.41669 0.40813 0.41828 0.41214 0.41433 0.46271
6 0.91497 1.00000 0.91483 0.99975 0.90921 0.99489 0.90170 0.97128 0.89768 0.97043 0.88614 0.94596 0.88053 0.94111 0.87058 0.92065 0.86942 0.91306 0.86021 0.90377 0.85905 0.89618 0.85502 0.89534 0.84709 0.87530 0.84147 0.87045 0.82316 0.83354 0.81914 0.83268 0.81120 0.81265 0.80040 0.79936 0.79765 0.78776 0.79204 0.78291 0.78728 0.77089 0.78008 0.76202 0.76696 0.73355 0.75457 0.71625 0.73944 0.68736 0.73382 0.68250 0.72906 0.67048 0.71308 0.64875 0.69995 0.62027 0.68915 0.60698 0.67445 0.57450 0.67042 0.57365 0.66566 0.56163 0.66004 0.55678 0.65491 0.53917 0.65948 0.51810 0.65552 0.50809 0.65308 0.51124 0.64948 0.50681 0.64503 0.50954 0.64344 0.50554 0.62130 0.50087 0.61886 0.50402 0.61324 0.49917 0.60434 0.50463 0.48155 0.47873 0.47911 0.48189 0.43843 0.47697 0.43233 0.48487 0.42861 0.49877 0.40825 0.53119 0.40453 0.54510 0.39277 0.55730 0.38704 0.57078 0.36667 0.60320 0.36344 0.60436 0.34228 0.63478 0.30558 0.70047 0.27059 0.75184 0.24937 0.79143 0.24248 0.79732 0.23389 0.81754 0.21926 0.83648 0.16018 0.93417 0.16021 0.93454 0.47046 1.00000 0.91497 1.00000
6 0.67371 0.56333 0.67896 0.56260 0.69188 0.55798 0.69274 0.55082 0.70206 0.54177 0.70255 0.52902 0.69090 0.52289 0.68931 0.51889 0.64381 0.51112 0.65052 0.53273 0.66132 0.54603 0.66608 0.55805 0.67212 0.55932 0.67371 0.56333
6 0.88097 0.55565 0.83266 0.54546 0.83022 0.54861 0.79197 0.54055 0.78953 0.54370 0.78593 0.53927 0.78148 0.54200 0.77989 0.53800 0.75171 0.53205 0.74927 0.53521 0.72914 0.53096 0.72347 0.53527 0.72220 0.54602 0.72494 0.55762 0.72409 0.56478 0.73050 0.57164 0.85048 0.59512 0.88793 0.60118 0.89037 0.59802 0.89397 0.60246 0.90605 0.60500 0.90849 0.60185 0.91654 0.60355 0.91813 0.60755 0.99195 0.62008 0.99739 0.57435 0.93013 0.55868 0.92769 0.56184 0.91561 0.55929 0.91318 0.56245 0.88341 0.55249 0.88097 0.55565
6 0.21390 0.47367 0.22397 0.47579 0.23463 0.44683 0.23226 0.44082 0.22579 0.44313 0.20609 0.43530 0.20365 0.43846 0.14728 0.42657 0.14484 0.42972 0.00526 0.40337 0.00002 0.44745 0.08136 0.46039 0.08380 0.45723 0.16474 0.47064 0.16718 0.46748 0.21147 0.47682 0.21390 0.47367
4 0.74291 0.45859 0.73693 0.44815 0.71924 0.44075 0.71033 0.44621 0.69649 0.46716 0.69266 0.49940 0.69583 0.50741 0.69498 0.51457 0.70694 0.53546 0.69067 0.55956 0.68219 0.56145 0.68011 0.57019 0.68128 0.57778 0.68884 0.59223 0.72788 0.60230 0.73447 0.58166 0.72647 0.57079 0.72250 0.56077 0.72335 0.55361 0.71616 0.54475 0.71701 0.53758 0.72067 0.53285 0.72469 0.53370 0.73768 0.51991 0.74341 0.50643 0.74682 0.47778 0.74291 0.45859
7 0.39548 0.44771 0.39706 0.45172 0.39451 0.47321 0.39567 0.48080 0.39768 0.48123 0.40177 0.47291 0.40579 0.47376 0.41189 0.46587 0.41913 0.40497 0.41755 0.40096 0.42138 0.36873 0.41900 0.36272 0.40692 0.36017 0.40326 0.36491 0.40198 0.37565 0.40357 0.37966 0.39548 0.44771
7 0.41433 0.46271 0.41671 0.46872 0.43403 0.47054 0.44336 0.46149 0.44592 0.44000 0.43909 0.43672 0.43665 0.43988 0.43427 0.43387 0.44162 0.35464 0.43924 0.34863 0.42918 0.34650 0.42351 0.35082 0.41669 0.40813 0.41828 0.41214 0.41433 0.46271
6 0.91497 1.00000 0.91483 0.99975 0.90921 0.99489 0.90170 0.97128 0.89768 0.97043 0.88614 0.94596 0.88053 0.94111 0.87058 0.92065 0.86942 0.91306 0.86021 0.90377 0.85905 0.89618 0.85502 0.89534 0.84709 0.87530 0.84147 0.87045 0.82316 0.83354 0.81914 0.83268 0.81120 0.81265 0.80040 0.79936 0.79765 0.78776 0.79204 0.78291 0.78728 0.77089 0.78008 0.76202 0.76696 0.73355 0.75457 0.71625 0.73944 0.68736 0.73382 0.68250 0.72906 0.67048 0.71308 0.64875 0.69995 0.62027 0.68915 0.60698 0.67445 0.57450 0.67042 0.57365 0.66566 0.56163 0.66004 0.55678 0.65491 0.53917 0.65948 0.51810 0.65552 0.50809 0.65308 0.51124 0.64948 0.50681 0.64503 0.50954 0.64344 0.50554 0.62130 0.50087 0.61886 0.50402 0.61324 0.49917 0.60434 0.50463 0.48155 0.47873 0.47911 0.48189 0.43843 0.47697 0.43233 0.48487 0.42861 0.49877 0.40825 0.53119 0.40453 0.54510 0.39277 0.55730 0.38704 0.57078 0.36667 0.60320 0.36344 0.60436 0.34228 0.63478 0.30558 0.70047 0.27059 0.75184 0.24937 0.79143 0.24248 0.79732 0.23389 0.81754 0.21926 0.83648 0.16018 0.93417 0.16021 0.93454 0.47046 1.00000 0.91497 1.00000
6 0.67371 0.56333 0.67896 0.56260 0.69188 0.55798 0.69274 0.55082 0.70206 0.54177 0.70255 0.52902 0.69090 0.52289 0.68931 0.51889 0.64381 0.51112 0.65052 0.53273 0.66132 0.54603 0.66608 0.55805 0.67212 0.55932 0.67371 0.56333
6 0.88097 0.55565 0.83266 0.54546 0.83022 0.54861 0.79197 0.54055 0.78953 0.54370 0.78593 0.53927 0.78148 0.54200 0.77989 0.53800 0.75171 0.53205 0.74927 0.53521 0.72914 0.53096 0.72347 0.53527 0.72220 0.54602 0.72494 0.55762 0.72409 0.56478 0.73050 0.57164 0.85048 0.59512 0.88793 0.60118 0.89037 0.59802 0.89397 0.60246 0.90605 0.60500 0.90849 0.60185 0.91654 0.60355 0.91813 0.60755 0.99195 0.62008 0.99739 0.57435 0.93013 0.55868 0.92769 0.56184 0.91561 0.55929 0.91318 0.56245 0.88341 0.55249 0.88097 0.55565
6 0.21390 0.47367 0.22397 0.47579 0.23463 0.44683 0.23226 0.44082 0.22579 0.44313 0.20609 0.43530 0.20365 0.43846 0.14728 0.42657 0.14484 0.42972 0.00526 0.40337 0.00002 0.44745 0.08136 0.46039 0.08380 0.45723 0.16474 0.47064 0.16718 0.46748 0.21147 0.47682 0.21390 0.47367
4 0.74291 0.45859 0.73693 0.44815 0.71924 0.44075 0.71033 0.44621 0.69649 0.46716 0.69266 0.49940 0.69583 0.50741 0.69498 0.51457 0.70694 0.53546 0.69067 0.55956 0.68219 0.56145 0.68011 0.57019 0.68128 0.57778 0.68884 0.59223 0.72788 0.60230 0.73447 0.58166 0.72647 0.57079 0.72250 0.56077 0.72335 0.55361 0.71616 0.54475 0.71701 0.53758 0.72067 0.53285 0.72469 0.53370 0.73768 0.51991 0.74341 0.50643 0.74682 0.47778 0.74291 0.45859
7 0.39548 0.44771 0.39706 0.45172 0.39451 0.47321 0.39567 0.48080 0.39768 0.48123 0.40177 0.47291 0.40579 0.47376 0.41189 0.46587 0.41913 0.40497 0.41755 0.40096 0.42138 0.36873 0.41900 0.36272 0.40692 0.36017 0.40326 0.36491 0.40198 0.37565 0.40357 0.37966 0.39548 0.44771
7 0.41433 0.46271 0.41671 0.46872 0.43403 0.47054 0.44336 0.46149 0.44592 0.44000 0.43909 0.43672 0.43665 0.43988 0.43427 0.43387 0.44162 0.35464 0.43924 0.34863 0.42918 0.34650 0.42351 0.35082 0.41669 0.40813 0.41828 0.41214 0.41433 0.46271
6 0.91497 1.00000 0.91483 0.99975 0.90921 0.99489 0.90170 0.97128 0.89768 0.97043 0.88614 0.94596 0.88053 0.94111 0.87058 0.92065 0.86942 0.91306 0.86021 0.90377 0.85905 0.89618 0.85502 0.89534 0.84709 0.87530 0.84147 0.87045 0.82316 0.83354 0.81914 0.83268 0.81120 0.81265 0.80040 0.79936 0.79765 0.78776 0.79204 0.78291 0.78728 0.77089 0.78008 0.76202 0.76696 0.73355 0.75457 0.71625 0.73944 0.68736 0.73382 0.68250 0.72906 0.67048 0.71308 0.64875 0.69995 0.62027 0.68915 0.60698 0.67445 0.57450 0.67042 0.57365 0.66566 0.56163 0.66004 0.55678 0.65491 0.53917 0.65948 0.51810 0.65552 0.50809 0.65308 0.51124 0.64948 0.50681 0.64503 0.50954 0.64344 0.50554 0.62130 0.50087 0.61886 0.50402 0.61324 0.49917 0.60434 0.50463 0.48155 0.47873 0.47911 0.48189 0.43843 0.47697 0.43233 0.48487 0.42861 0.49877 0.40825 0.53119 0.40453 0.54510 0.39277 0.55730 0.38704 0.57078 0.36667 0.60320 0.36344 0.60436 0.34228 0.63478 0.30558 0.70047 0.27059 0.75184 0.24937 0.79143 0.24248 0.79732 0.23389 0.81754 0.21926 0.83648 0.16018 0.93417 0.16021 0.93454 0.47046 1.00000 0.91497 1.00000
6 0.67371 0.56333 0.67896 0.56260 0.69188 0.55798 0.69274 0.55082 0.70206 0.54177 0.70255 0.52902 0.69090 0.52289 0.68931 0.51889 0.64381 0.51112 0.65052 0.53273 0.66132 0.54603 0.66608 0.55805 0.67212 0.55932 0.67371 0.56333
6 0.88097 0.55565 0.83266 0.54546 0.83022 0.54861 0.79197 0.54055 0.78953 0.54370 0.78593 0.53927 0.78148 0.54200 0.77989 0.53800 0.75171 0.53205 0.74927 0.53521 0.72914 0.53096 0.72347 0.53527 0.72220 0.54602 0.72494 0.55762 0.72409 0.56478 0.73050 0.57164 0.85048 0.59512 0.88793 0.60118 0.89037 0.59802 0.89397 0.60246 0.90605 0.60500 0.90849 0.60185 0.91654 0.60355 0.91813 0.60755 0.99195 0.62008 0.99739 0.57435 0.93013 0.55868 0.92769 0.56184 0.91561 0.55929 0.91318 0.56245 0.88341 0.55249 0.88097 0.55565
6 0.21390 0.47367 0.22397 0.47579 0.23463 0.44683 0.23226 0.44082 0.22579 0.44313 0.20609 0.43530 0.20365 0.43846 0.14728 0.42657 0.14484 0.42972 0.00526 0.40337 0.00002 0.44745 0.08136 0.46039 0.08380 0.45723 0.16474 0.47064 0.16718 0.46748 0.21147 0.47682 0.21390 0.47367
4 0.74291 0.45859 0.73693 0.44815 0.71924 0.44075 0.71033 0.44621 0.69649 0.46716 0.69266 0.49940 0.69583 0.50741 0.69498 0.51457 0.70694 0.53546 0.69067 0.55956 0.68219 0.56145 0.68011 0.57019 0.68128 0.57778 0.68884 0.59223 0.72788 0.60230 0.73447 0.58166 0.72647 0.57079 0.72250 0.56077 0.72335 0.55361 0.71616 0.54475 0.71701 0.53758 0.72067 0.53285 0.72469 0.53370 0.73768 0.51991 0.74341 0.50643 0.74682 0.47778 0.74291 0.45859
7 0.39548 0.44771 0.39706 0.45172 0.39451 0.47321 0.39567 0.48080 0.39768 0.48123 0.40177 0.47291 0.40579 0.47376 0.41189 0.46587 0.41913 0.40497 0.41755 0.40096 0.42138 0.36873 0.41900 0.36272 0.40692 0.36017 0.40326 0.36491 0.40198 0.37565 0.40357 0.37966 0.39548 0.44771
7 0.41433 0.46271 0.41671 0.46872 0.43403 0.47054 0.44336 0.46149 0.44592 0.44000 0.43909 0.43672 0.43665 0.43988 0.43427 0.43387 0.44162 0.35464 0.43924 0.34863 0.42918 0.34650 0.42351 0.35082 0.41669 0.40813 0.41828 0.41214 0.41433 0.46271
6 0.91497 1.00000 0.91483 0.99975 0.90921 0.99489 0.90170 0.97128 0.89768 0.97043 0.88614 0.94596 0.88053 0.94111 0.87058 0.92065 0.86942 0.91306 0.86021 0.90377 0.85905 0.89618 0.85502 0.89534 0.84709 0.87530 0.84147 0.87045 0.82316 0.83354 0.81914 0.83268 0.81120 0.81265 0.80040 0.79936 0.79765 0.78776 0.79204 0.78291 0.78728 0.77089 0.78008 0.76202 0.76696 0.73355 0.75457 0.71625 0.73944 0.68736 0.73382 0.68250 0.72906 0.67048 0.71308 0.64875 0.69995 0.62027 0.68915 0.60698 0.67445 0.57450 0.67042 0.57365 0.66566 0.56163 0.66004 0.55678 0.65491 0.53917 0.65948 0.51810 0.65552 0.50809 0.65308 0.51124 0.64948 0.50681 0.64503 0.50954 0.64344 0.50554 0.62130 0.50087 0.61886 0.50402 0.61324 0.49917 0.60434 0.50463 0.48155 0.47873 0.47911 0.48189 0.43843 0.47697 0.43233 0.48487 0.42861 0.49877 0.40825 0.53119 0.40453 0.54510 0.39277 0.55730 0.38704 0.57078 0.36667 0.60320 0.36344 0.60436 0.34228 0.63478 0.30558 0.70047 0.27059 0.75184 0.24937 0.79143 0.24248 0.79732 0.23389 0.81754 0.21926 0.83648 0.16018 0.93417 0.16021 0.93454 0.47046 1.00000 0.91497 1.00000
6 0.67371 0.56333 0.67896 0.56260 0.69188 0.55798 0.69274 0.55082 0.70206 0.54177 0.70255 0.52902 0.69090 0.52289 0.68931 0.51889 0.64381 0.51112 0.65052 0.53273 0.66132 0.54603 0.66608 0.55805 0.67212 0.55932 0.67371 0.56333
6 0.88097 0.55565 0.83266 0.54546 0.83022 0.54861 0.79197 0.54055 0.78953 0.54370 0.78593 0.53927 0.78148 0.54200 0.77989 0.53800 0.75171 0.53205 0.74927 0.53521 0.72914 0.53096 0.72347 0.53527 0.72220 0.54602 0.72494 0.55762 0.72409 0.56478 0.73050 0.57164 0.85048 0.59512 0.88793 0.60118 0.89037 0.59802 0.89397 0.60246 0.90605 0.60500 0.90849 0.60185 0.91654 0.60355 0.91813 0.60755 0.99195 0.62008 0.99739 0.57435 0.93013 0.55868 0.92769 0.56184 0.91561 0.55929 0.91318 0.56245 0.88341 0.55249 0.88097 0.55565
6 0.21390 0.47367 0.22397 0.47579 0.23463 0.44683 0.23226 0.44082 0.22579 0.44313 0.20609 0.43530 0.20365 0.43846 0.14728 0.42657 0.14484 0.42972 0.00526 0.40337 0.00002 0.44745 0.08136 0.46039 0.08380 0.45723 0.16474 0.47064 0.16718 0.46748 0.21147 0.47682 0.21390 0.47367
4 0.74291 0.45859 0.73693 0.44815 0.71924 0.44075 0.71033 0.44621 0.69649 0.46716 0.69266 0.49940 0.69583 0.50741 0.69498 0.51457 0.70694 0.53546 0.69067 0.55956 0.68219 0.56145 0.68011 0.57019 0.68128 0.57778 0.68884 0.59223 0.72788 0.60230 0.73447 0.58166 0.72647 0.57079 0.72250 0.56077 0.72335 0.55361 0.71616 0.54475 0.71701 0.53758 0.72067 0.53285 0.72469 0.53370 0.73768 0.51991 0.74341 0.50643 0.74682 0.47778 0.74291 0.45859
7 0.39548 0.44771 0.39706 0.45172 0.39451 0.47321 0.39567 0.48080 0.39768 0.48123 0.40177 0.47291 0.40579 0.47376 0.41189 0.46587 0.41913 0.40497 0.41755 0.40096 0.42138 0.36873 0.41900 0.36272 0.40692 0.36017 0.40326 0.36491 0.40198 0.37565 0.40357 0.37966 0.39548 0.44771
7 0.41433 0.46271 0.41671 0.46872 0.43403 0.47054 0.44336 0.46149 0.44592 0.44000 0.43909 0.43672 0.43665 0.43988 0.43427 0.43387 0.44162 0.35464 0.43924 0.34863 0.42918 0.34650 0.42351 0.35082 0.41669 0.40813 0.41828 0.41214 0.41433 0.46271
