2 0.63965 0.35417 0.66113 0.35070 0.66309 0.34722 0.67676 0.34722 0.68066 0.35070 0.68555 0.33507 0.68457 0.31597 0.67285 0.30903 0.66504 0.30903 0.65527 0.28472 0.64941 0.28472 0.64648 0.27952 0.64258 0.26215 0.64453 0.24132 0.64844 0.23438 0.64844 0.22743 0.66406 0.16493 0.66406 0.15452 0.66797 0.13715 0.66797 0.12327 0.66504 0.11458 0.60645 0.12153 0.60449 0.12500 0.59277 0.12500 0.58789 0.13368 0.58984 0.14757 0.60547 0.18229 0.60742 0.19618 0.62305 0.23438 0.62695 0.25173 0.62695 0.28993 0.62207 0.29167 0.61523 0.30035 0.61426 0.32292 0.60059 0.32639 0.59766 0.33160 0.59766 0.33854 0.60254 0.34722 0.61621 0.35417 0.62012 0.36111 0.62695 0.35938 0.63184 0.35070 0.63379 0.35417 0.63770 0.35070 0.63965 0.35417
6 1.00000 0.82407 0.81771 0.60880 0.52344 0.22917 0.44922 0.18750 0.37109 0.17824 0.25911 0.17593 0.14844 0.18055 0.00000 0.20370 0.00000 0.27546 0.11849 0.25695 0.16667 0.25232 0.18880 0.25463 0.17969 0.28472 0.14062 0.42593 0.00000 0.90972 0.00000 1.00000 1.00000 1.00000 1.00000 0.82407
2 0.63965 0.35417 0.66113 0.35070 0.66309 0.34722 0.67676 0.34722 0.68066 0.35070 0.68555 0.33507 0.68457 0.31597 0.67285 0.30903 0.66504 0.30903 0.65527 0.28472 0.64941 0.28472 0.64648 0.27952 0.64258 0.26215 0.64453 0.24132 0.64844 0.23438 0.64844 0.22743 0.66406 0.16493 0.66406 0.15452 0.66797 0.13715 0.66797 0.12327 0.66504 0.11458 0.60645 0.12153 0.60449 0.12500 0.59277 0.12500 0.58789 0.13368 0.58984 0.14757 0.60547 0.18229 0.60742 0.19618 0.62305 0.23438 0.62695 0.25173 0.62695 0.28993 0.62207 0.29167 0.61523 0.30035 0.61426 0.32292 0.60059 0.32639 0.59766 0.33160 0.59766 0.33854 0.60254 0.34722 0.61621 0.35417 0.62012 0.36111 0.62695 0.35938 0.63184 0.35070 0.63379 0.35417 0.63770 0.35070 0.63965 0.35417
6 1.00000 0.82407 0.81771 0.60880 0.52344 0.22917 0.44922 0.18750 0.37109 0.17824 0.25911 0.17593 0.14844 0.18055 0.00000 0.20370 0.00000 0.27546 0.11849 0.25695 0.16667 0.25232 0.18880 0.25463 0.17969 0.28472 0.14062 0.42593 0.00000 0.90972 0.00000 1.00000 1.00000 1.00000 1.00000 0.82407
2 0.63965 0.35417 0.66113 0.35070 0.66309 0.34722 0.67676 0.34722 0.68066 0.35070 0.68555 0.33507 0.68457 0.31597 0.67285 0.30903 0.66504 0.30903 0.65527 0.28472 0.64941 0.28472 0.64648 0.27952 0.64258 0.26215 0.64453 0.24132 0.64844 0.23438 0.64844 0.22743 0.66406 0.16493 0.66406 0.15452 0.66797 0.13715 0.66797 0.12327 0.66504 0.11458 0.60645 0.12153 0.60449 0.12500 0.59277 0.12500 0.58789 0.13368 0.58984 0.14757 0.60547 0.18229 0.60742 0.19618 0.62305 0.23438 0.62695 0.25173 0.62695 0.28993 0.62207 0.29167 0.61523 0.30035 0.61426 0.32292 0.60059 0.32639 0.59766 0.33160 0.59766 0.33854 0.60254 0.34722 0.61621 0.35417 0.62012 0.36111 0.62695 0.35938 0.63184 0.35070 0.63379 0.35417 0.63770 0.35070 0.63965 0.35417
6 1.00000 0.82407 0.81771 0.60880 0.52344 0.22917 0.44922 0.18750 0.37109 0.17824 0.25911 0.17593 0.14844 0.18055 0.00000 0.20370 0.00000 0.27546 0.11849 0.25695 0.16667 0.25232 0.18880 0.25463 0.17969 0.28472 0.14062 0.42593 0.00000 0.90972 0.00000 1.00000 1.00000 1.00000 1.00000 0.82407
2 0.63965 0.35417 0.66113 0.35070 0.66309 0.34722 0.67676 0.34722 0.68066 0.35070 0.68555 0.33507 0.68457 0.31597 0.67285 0.30903 0.66504 0.30903 0.65527 0.28472 0.64941 0.28472 0.64648 0.27952 0.64258 0.26215 0.64453 0.24132 0.64844 0.23438 0.64844 0.22743 0.66406 0.16493 0.66406 0.15452 0.66797 0.13715 0.66797 0.12327 0.66504 0.11458 0.60645 0.12153 0.60449 0.12500 0.59277 0.12500 0.58789 0.13368 0.58984 0.14757 0.60547 0.18229 0.60742 0.19618 0.62305 0.23438 0.62695 0.25173 0.62695 0.28993 0.62207 0.29167 0.61523 0.30035 0.61426 0.32292 0.60059 0.32639 0.59766 0.33160 0.59766 0.33854 0.60254 0.34722 0.61621 0.35417 0.62012 0.36111 0.62695 0.35938 0.63184 0.35070 0.63379 0.35417 0.63770 0.35070 0.63965 0.35417
6 1.00000 0.82407 0.81771 0.60880 0.52344 0.22917 0.44922 0.18750 0.37109 0.17824 0.25911 0.17593 0.14844 0.18055 0.00000 0.20370 0.00000 0.27546 0.11849 0.25695 0.16667 0.25232 0.18880 0.25463 0.17969 0.28472 0.14062 0.42593 0.00000 0.90972 0.00000 1.00000 1.00000 1.00000 1.00000 0.82407
2 0.63965 0.35417 0.66113 0.35070 0.66309 0.34722 0.67676 0.34722 0.68066 0.35070 0.68555 0.33507 0.68457 0.31597 0.67285 0.30903 0.66504 0.30903 0.65527 0.28472 0.64941 0.28472 0.64648 0.27952 0.64258 0.26215 0.64453 0.24132 0.64844 0.23438 0.64844 0.22743 0.66406 0.16493 0.66406 0.15452 0.66797 0.13715 0.66797 0.12327 0.66504 0.11458 0.60645 0.12153 0.60449 0.12500 0.59277 0.12500 0.58789 0.13368 0.58984 0.14757 0.60547 0.18229 0.60742 0.19618 0.62305 0.23438 0.62695 0.25173 0.62695 0.28993 0.62207 0.29167 0.61523 0.30035 0.61426 0.32292 0.60059 0.32639 0.59766 0.33160 0.59766 0.33854 0.60254 0.34722 0.61621 0.35417 0.62012 0.36111 0.62695 0.35938 0.63184 0.35070 0.63379 0.35417 0.63770 0.35070 0.63965 0.35417
6 1.00000 0.82407 0.81771 0.60880 0.52344 0.22917 0.44922 0.18750 0.37109 0.17824 0.25911 0.17593 0.14844 0.18055 0.00000 0.20370 0.00000 0.27546 0.11849 0.25695 0.16667 0.25232 0.18880 0.25463 0.17969 0.28472 0.14062 0.42593 0.00000 0.90972 0.00000 1.00000 1.00000 1.00000 1.00000 0.82407
2 0.63965 0.35417 0.66113 0.35070 0.66309 0.34722 0.67676 0.34722 0.68066 0.35070 0.68555 0.33507 0.68457 0.31597 0.67285 0.30903 0.66504 0.30903 0.65527 0.28472 0.64941 0.28472 0.64648 0.27952 0.64258 0.26215 0.64453 0.24132 0.64844 0.23438 0.64844 0.22743 0.66406 0.16493 0.66406 0.15452 0.66797 0.13715 0.66797 0.12327 0.66504 0.11458 0.60645 0.12153 0.60449 0.12500 0.59277 0.12500 0.58789 0.13368 0.58984 0.14757 0.60547 0.18229 0.60742 0.19618 0.62305 0.23438 0.62695 0.25173 0.62695 0.28993 0.62207 0.29167 0.61523 0.30035 0.61426 0.32292 0.60059 0.32639 0.59766 0.33160 0.59766 0.33854 0.60254 0.34722 0.61621 0.35417 0.62012 0.36111 0.62695 0.35938 0.63184 0.35070 0.63379 0.35417 0.63770 0.35070 0.63965 0.35417
6 1.00000 0.82407 0.81771 0.60880 0.52344 0.22917 0.44922 0.18750 0.37109 0.17824 0.25911 0.17593 0.14844 0.18055 0.00000 0.20370 0.00000 0.27546 0.11849 0.25695 0.16667 0.25232 0.18880 0.25463 0.17969 0.28472 0.14062 0.42593 0.00000 0.90972 0.00000 1.00000 1.00000 1.00000 1.00000 0.82407
