6 1.00000 0.40770 0.92921 0.24205 0.82203 0.13903 0.70489 0.07588 0.59077 0.04684 0.40945 0.02880 0.02348 0.02945 0.01392 0.21156 0.28005 0.21839 0.31739 0.22552 0.33690 0.27635 0.00000 0.92385 0.00000 0.95465 0.48689 1.00000 0.97497 1.00000 1.00000 0.52326 1.00000 0.40770
5 0.02503 0.00000 0.02390 0.02154 0.03436 0.02190 0.05491 0.00851 0.05363 0.00000 0.02503 0.00000
6 1.00000 0.40770 0.92921 0.24205 0.82203 0.13903 0.70489 0.07588 0.59077 0.04684 0.40945 0.02880 0.02348 0.02945 0.01392 0.21156 0.28005 0.21839 0.31739 0.22552 0.33690 0.27635 0.00000 0.92385 0.00000 0.95465 0.48689 1.00000 0.97497 1.00000 1.00000 0.52326 1.00000 0.40770
5 0.02503 0.00000 0.02390 0.02154 0.03436 0.02190 0.05491 0.00851 0.05363 0.00000 0.02503 0.00000
6 1.00000 0.40770 0.92921 0.24205 0.82203 0.13903 0.70489 0.07588 0.59077 0.04684 0.40945 0.02880 0.02348 0.02945 0.01392 0.21156 0.28005 0.21839 0.31739 0.22552 0.33690 0.27635 0.00000 0.92385 0.00000 0.95465 0.48689 1.00000 0.97497 1.00000 1.00000 0.52326 1.00000 0.40770
5 0.02503 0.00000 0.02390 0.02154 0.03436 0.02190 0.05491 0.00851 0.05363 0.00000 0.02503 0.00000
6 1.00000 0.40770 0.92921 0.24205 0.82203 0.13903 0.70489 0.07588 0.59077 0.04684 0.40945 0.02880 0.02348 0.02945 0.01392 0.21156 0.28005 0.21839 0.31739 0.22552 0.33690 0.27635 0.00000 0.92385 0.00000 0.95465 0.48689 1.00000 0.97497 1.00000 1.00000 0.52326 1.00000 0.40770
5 0.02503 0.00000 0.02390 0.02154 0.03436 0.02190 0.05491 0.00851 0.05363 0.00000 0.02503 0.00000
6 1.00000 0.40770 0.92921 0.24205 0.82203 0.13903 0.70489 0.07588 0.59077 0.04684 0.40945 0.02880 0.02348 0.02945 0.01392 0.21156 0.28005 0.21839 0.31739 0.22552 0.33690 0.27635 0.00000 0.92385 0.00000 0.95465 0.48689 1.00000 0.97497 1.00000 1.00000 0.52326 1.00000 0.40770
5 0.02503 0.00000 0.02390 0.02154 0.03436 0.02190 0.05491 0.00851 0.05363 0.00000 0.02503 0.00000
6 1.00000 0.40770 0.92921 0.24205 0.82203 0.13903 0.70489 0.07588 0.59077 0.04684 0.40945 0.02880 0.02348 0.02945 0.01392 0.21156 0.28005 0.21839 0.31739 0.22552 0.33690 0.27635 0.00000 0.92385 0.00000 0.95465 0.48689 1.00000 0.97497 1.00000 1.00000 0.52326 1.00000 0.40770
5 0.02503 0.00000 0.02390 0.02154 0.03436 0.02190 0.05491 0.00851 0.05363 0.00000 0.02503 0.00000
