6 1.00000 0.45747 0.86329 0.36087 0.69594 0.26536 0.53515 0.16731 0.41996 0.07787 0.30540 0.01306 0.16741 0.00612 0.03538 0.02647 0.00272 0.04375 0.00000 0.12555 0.04167 0.10185 0.08594 0.10417 0.25651 0.58565 0.32292 0.79167 0.33073 0.86111 0.30859 0.92824 0.26693 1.00000 1.00000 0.99305 1.00000 0.45747
5 0.57594 0.10145 0.57237 0.07418 0.58129 0.06039 0.59067 0.03622 0.59067 0.00012 0.54047 0.00000 0.54064 0.03254 0.54220 0.04877 0.55706 0.08064 0.55828 0.10130 0.54830 0.10747 0.54612 0.12214 0.53006 0.12137 0.52659 0.14530 0.55741 0.16614 0.60256 0.14607 0.60213 0.12059 0.58851 0.12500 0.58664 0.10145 0.57594 0.10145
6 1.00000 0.45747 0.86329 0.36087 0.69594 0.26536 0.53515 0.16731 0.41996 0.07787 0.30540 0.01306 0.16741 0.00612 0.03538 0.02647 0.00272 0.04375 0.00000 0.12555 0.04167 0.10185 0.08594 0.10417 0.25651 0.58565 0.32292 0.79167 0.33073 0.86111 0.30859 0.92824 0.26693 1.00000 1.00000 0.99305 1.00000 0.45747
5 0.57594 0.10145 0.57237 0.07418 0.58129 0.06039 0.59067 0.03622 0.59067 0.00012 0.54047 0.00000 0.54064 0.03254 0.54220 0.04877 0.55706 0.08064 0.55828 0.10130 0.54830 0.10747 0.54612 0.12214 0.53006 0.12137 0.52659 0.14530 0.55741 0.16614 0.60256 0.14607 0.60213 0.12059 0.58851 0.12500 0.58664 0.10145 0.57594 0.10145
6 1.00000 0.45747 0.86329 0.36087 0.69594 0.26536 0.53515 0.16731 0.41996 0.07787 0.30540 0.01306 0.16741 0.00612 0.03538 0.02647 0.00272 0.04375 0.00000 0.12555 0.04167 0.10185 0.08594 0.10417 0.25651 0.58565 0.32292 0.79167 0.33073 0.86111 0.30859 0.92824 0.26693 1.00000 1.00000 0.99305 1.00000 0.45747
5 0.57594 0.10145 0.57237 0.07418 0.58129 0.06039 0.59067 0.03622 0.59067 0.00012 0.54047 0.00000 0.54064 0.03254 0.54220 0.04877 0.55706 0.08064 0.55828 0.10130 0.54830 0.10747 0.54612 0.12214 0.53006 0.12137 0.52659 0.14530 0.55741 0.16614 0.60256 0.14607 0.60213 0.12059 0.58851 0.12500 0.58664 0.10145 0.57594 0.10145
6 1.00000 0.45747 0.86329 0.36087 0.69594 0.26536 0.53515 0.16731 0.41996 0.07787 0.30540 0.01306 0.16741 0.00612 0.03538 0.02647 0.00272 0.04375 0.00000 0.12555 0.04167 0.10185 0.08594 0.10417 0.25651 0.58565 0.32292 0.79167 0.33073 0.86111 0.30859 0.92824 0.26693 1.00000 1.00000 0.99305 1.00000 0.45747
5 0.57594 0.10145 0.57237 0.07418 0.58129 0.06039 0.59067 0.03622 0.59067 0.00012 0.54047 0.00000 0.54064 0.03254 0.54220 0.04877 0.55706 0.08064 0.55828 0.10130 0.54830 0.10747 0.54612 0.12214 0.53006 0.12137 0.52659 0.14530 0.55741 0.16614 0.60256 0.14607 0.60213 0.12059 0.58851 0.12500 0.58664 0.10145 0.57594 0.10145
6 1.00000 0.45747 0.86329 0.36087 0.69594 0.26536 0.53515 0.16731 0.41996 0.07787 0.30540 0.01306 0.16741 0.00612 0.03538 0.02647 0.00272 0.04375 0.00000 0.12555 0.04167 0.10185 0.08594 0.10417 0.25651 0.58565 0.32292 0.79167 0.33073 0.86111 0.30859 0.92824 0.26693 1.00000 1.00000 0.99305 1.00000 0.45747
5 0.57594 0.10145 0.57237 0.07418 0.58129 0.06039 0.59067 0.03622 0.59067 0.00012 0.54047 0.00000 0.54064 0.03254 0.54220 0.04877 0.55706 0.08064 0.55828 0.10130 0.54830 0.10747 0.54612 0.12214 0.53006 0.12137 0.52659 0.14530 0.55741 0.16614 0.60256 0.14607 0.60213 0.12059 0.58851 0.12500 0.58664 0.10145 0.57594 0.10145
6 1.00000 0.45747 0.86329 0.36087 0.69594 0.26536 0.53515 0.16731 0.41996 0.07787 0.30540 0.01306 0.16741 0.00612 0.03538 0.02647 0.00272 0.04375 0.00000 0.12555 0.04167 0.10185 0.08594 0.10417 0.25651 0.58565 0.32292 0.79167 0.33073 0.86111 0.30859 0.92824 0.26693 1.00000 1.00000 0.99305 1.00000 0.45747
5 0.57594 0.10145 0.57237 0.07418 0.58129 0.06039 0.59067 0.03622 0.59067 0.00012 0.54047 0.00000 0.54064 0.03254 0.54220 0.04877 0.55706 0.08064 0.55828 0.10130 0.54830 0.10747 0.54612 0.12214 0.53006 0.12137 0.52659 0.14530 0.55741 0.16614 0.60256 0.14607 0.60213 0.12059 0.58851 0.12500 0.58664 0.10145 0.57594 0.10145
