6 0.34959 1.00000 0.33923 0.99630 0.31041 0.97951 0.27381 0.96787 0.26450 0.95852 0.25634 0.96005 0.24295 0.95146 0.23033 0.95012 0.21247 0.93868 0.20189 0.93696 0.19500 0.93085 0.18888 0.93200 0.17549 0.92341 0.14539 0.91425 0.13851 0.90814 0.11938 0.90433 0.10395 0.89612 0.09783 0.89727 0.06696 0.88086 0.04133 0.87456 0.03381 0.86700 0.04784 1.00000 0.34959 1.00000
1 0.08367 0.82226 0.09151 0.80785 0.09037 0.79697 0.08673 0.79210 0.08061 0.79325 0.06518 0.78504 0.06282 0.77254 0.05676 0.76443 0.05064 0.76557 0.04382 0.75021 0.04356 0.72807 0.06123 0.70812 0.07289 0.67080 0.07174 0.65993 0.07340 0.65592 0.06996 0.62328 0.06396 0.60591 0.04822 0.58482 0.03482 0.57623 0.01646 0.57967 0.00477 0.59174 0.01934 0.72989 0.02112 0.73227 0.02341 0.75403 0.02220 0.75697 0.03152 0.84535 0.03298 0.84469 0.05421 0.83887 0.05587 0.83486 0.06441 0.83696 0.07551 0.82379 0.08367 0.82226
6 0.34959 1.00000 0.33923 0.99630 0.31041 0.97951 0.27381 0.96787 0.26450 0.95852 0.25634 0.96005 0.24295 0.95146 0.23033 0.95012 0.21247 0.93868 0.20189 0.93696 0.19500 0.93085 0.18888 0.93200 0.17549 0.92341 0.14539 0.91425 0.13851 0.90814 0.11938 0.90433 0.10395 0.89612 0.09783 0.89727 0.06696 0.88086 0.04133 0.87456 0.03381 0.86700 0.04784 1.00000 0.34959 1.00000
1 0.08367 0.82226 0.09151 0.80785 0.09037 0.79697 0.08673 0.79210 0.08061 0.79325 0.06518 0.78504 0.06282 0.77254 0.05676 0.76443 0.05064 0.76557 0.04382 0.75021 0.04356 0.72807 0.06123 0.70812 0.07289 0.67080 0.07174 0.65993 0.07340 0.65592 0.06996 0.62328 0.06396 0.60591 0.04822 0.58482 0.03482 0.57623 0.01646 0.57967 0.00477 0.59174 0.01934 0.72989 0.02112 0.73227 0.02341 0.75403 0.02220 0.75697 0.03152 0.84535 0.03298 0.84469 0.05421 0.83887 0.05587 0.83486 0.06441 0.83696 0.07551 0.82379 0.08367 0.82226
6 0.34959 1.00000 0.33923 0.99630 0.31041 0.97951 0.27381 0.96787 0.26450 0.95852 0.25634 0.96005 0.24295 0.95146 0.23033 0.95012 0.21247 0.93868 0.20189 0.93696 0.19500 0.93085 0.18888 0.93200 0.17549 0.92341 0.14539 0.91425 0.13851 0.90814 0.11938 0.90433 0.10395 0.89612 0.09783 0.89727 0.06696 0.88086 0.04133 0.87456 0.03381 0.86700 0.04784 1.00000 0.34959 1.00000
1 0.08367 0.82226 0.09151 0.80785 0.09037 0.79697 0.08673 0.79210 0.08061 0.79325 0.06518 0.78504 0.06282 0.77254 0.05676 0.76443 0.05064 0.76557 0.04382 0.75021 0.04356 0.72807 0.06123 0.70812 0.07289 0.67080 0.07174 0.65993 0.07340 0.65592 0.06996 0.62328 0.06396 0.60591 0.04822 0.58482 0.03482 0.57623 0.01646 0.57967 0.00477 0.59174 0.01934 0.72989 0.02112 0.73227 0.02341 0.75403 0.02220 0.75697 0.03152 0.84535 0.03298 0.84469 0.05421 0.83887 0.05587 0.83486 0.06441 0.83696 0.07551 0.82379 0.08367 0.82226
6 0.34959 1.00000 0.33923 0.99630 0.31041 0.97951 0.27381 0.96787 0.26450 0.95852 0.25634 0.96005 0.24295 0.95146 0.23033 0.95012 0.21247 0.93868 0.20189 0.93696 0.19500 0.93085 0.18888 0.93200 0.17549 0.92341 0.14539 0.91425 0.13851 0.90814 0.11938 0.90433 0.10395 0.89612 0.09783 0.89727 0.06696 0.88086 0.04133 0.87456 0.03381 0.86700 0.04784 1.00000 0.34959 1.00000
1 0.08367 0.82226 0.09151 0.80785 0.09037 0.79697 0.08673 0.79210 0.08061 0.79325 0.06518 0.78504 0.06282 0.77254 0.05676 0.76443 0.05064 0.76557 0.04382 0.75021 0.04356 0.72807 0.06123 0.70812 0.07289 0.67080 0.07174 0.65993 0.07340 0.65592 0.06996 0.62328 0.06396 0.60591 0.04822 0.58482 0.03482 0.57623 0.01646 0.57967 0.00477 0.59174 0.01934 0.72989 0.02112 0.73227 0.02341 0.75403 0.02220 0.75697 0.03152 0.84535 0.03298 0.84469 0.05421 0.83887 0.05587 0.83486 0.06441 0.83696 0.07551 0.82379 0.08367 0.82226
6 0.34959 1.00000 0.33923 0.99630 0.31041 0.97951 0.27381 0.96787 0.26450 0.95852 0.25634 0.96005 0.24295 0.95146 0.23033 0.95012 0.21247 0.93868 0.20189 0.93696 0.19500 0.93085 0.18888 0.93200 0.17549 0.92341 0.14539 0.91425 0.13851 0.90814 0.11938 0.90433 0.10395 0.89612 0.09783 0.89727 0.06696 0.88086 0.04133 0.87456 0.03381 0.86700 0.04784 1.00000 0.34959 1.00000
1 0.08367 0.82226 0.09151 0.80785 0.09037 0.79697 0.08673 0.79210 0.08061 0.79325 0.06518 0.78504 0.06282 0.77254 0.05676 0.76443 0.05064 0.76557 0.04382 0.75021 0.04356 0.72807 0.06123 0.70812 0.07289 0.67080 0.07174 0.65993 0.07340 0.65592 0.06996 0.62328 0.06396 0.60591 0.04822 0.58482 0.03482 0.57623 0.01646 0.57967 0.00477 0.59174 0.01934 0.72989 0.02112 0.73227 0.02341 0.75403 0.02220 0.75697 0.03152 0.84535 0.03298 0.84469 0.05421 0.83887 0.05587 0.83486 0.06441 0.83696 0.07551 0.82379 0.08367 0.82226
6 0.34959 1.00000 0.33923 0.99630 0.31041 0.97951 0.27381 0.96787 0.26450 0.95852 0.25634 0.96005 0.24295 0.95146 0.23033 0.95012 0.21247 0.93868 0.20189 0.93696 0.19500 0.93085 0.18888 0.93200 0.17549 0.92341 0.14539 0.91425 0.13851 0.90814 0.11938 0.90433 0.10395 0.89612 0.09783 0.89727 0.06696 0.88086 0.04133 0.87456 0.03381 0.86700 0.04784 1.00000 0.34959 1.00000
1 0.08367 0.82226 0.09151 0.80785 0.09037 0.79697 0.08673 0.79210 0.08061 0.79325 0.06518 0.78504 0.06282 0.77254 0.05676 0.76443 0.05064 0.76557 0.04382 0.75021 0.04356 0.72807 0.06123 0.70812 0.07289 0.67080 0.07174 0.65993 0.07340 0.65592 0.06996 0.62328 0.06396 0.60591 0.04822 0.58482 0.03482 0.57623 0.01646 0.57967 0.00477 0.59174 0.01934 0.72989 0.02112 0.73227 0.02341 0.75403 0.02220 0.75697 0.03152 0.84535 0.03298 0.84469 0.05421 0.83887 0.05587 0.83486 0.06441 0.83696 0.07551 0.82379 0.08367 0.82226
