2 0.67103 0.27757 0.66119 0.25084 0.65487 0.25055 0.65186 0.24478 0.64814 0.22584 0.65084 0.20346 0.65525 0.19616 0.65544 0.18866 0.67406 0.12198 0.67435 0.11074 0.67905 0.09220 0.67945 0.07721 0.67653 0.06769 0.61317 0.07225 0.61097 0.07590 0.59833 0.07531 0.59283 0.08444 0.59454 0.09953 0.61040 0.13779 0.61211 0.15288 0.62788 0.19488 0.63160 0.21382 0.63051 0.25504 0.62520 0.25667 0.61759 0.26570 0.61589 0.29001 0.60106 0.29307 0.59775 0.29855 0.59756 0.30604 0.60257 0.31566 0.61712 0.32384 0.62113 0.33153 0.62855 0.33000 0.63406 0.32087 0.63606 0.32472 0.64038 0.32117 0.64238 0.32501 0.66564 0.32234 0.66784 0.31869 0.68258 0.31938 0.68670 0.32332 0.69240 0.30670 0.69189 0.28604 0.67945 0.27796 0.67103 0.27757
6 0.98720 1.00000 0.99197 0.81784 0.82713 0.60877 0.52065 0.18427 0.44182 0.13557 0.35786 0.12166 0.23721 0.11355 0.11777 0.11300 0.00953 0.12481 0.00750 0.20225 0.08333 0.19395 0.13539 0.19136 0.15919 0.19497 0.14851 0.22699 0.10241 0.37744 0.00000 0.69661 0.00000 0.97705 0.49345 1.00000 0.98720 1.00000
2 0.67103 0.27757 0.66119 0.25084 0.65487 0.25055 0.65186 0.24478 0.64814 0.22584 0.65084 0.20346 0.65525 0.19616 0.65544 0.18866 0.67406 0.12198 0.67435 0.11074 0.67905 0.09220 0.67945 0.07721 0.67653 0.06769 0.61317 0.07225 0.61097 0.07590 0.59833 0.07531 0.59283 0.08444 0.59454 0.09953 0.61040 0.13779 0.61211 0.15288 0.62788 0.19488 0.63160 0.21382 0.63051 0.25504 0.62520 0.25667 0.61759 0.26570 0.61589 0.29001 0.60106 0.29307 0.59775 0.29855 0.59756 0.30604 0.60257 0.31566 0.61712 0.32384 0.62113 0.33153 0.62855 0.33000 0.63406 0.32087 0.63606 0.32472 0.64038 0.32117 0.64238 0.32501 0.66564 0.32234 0.66784 0.31869 0.68258 0.31938 0.68670 0.32332 0.69240 0.30670 0.69189 0.28604 0.67945 0.27796 0.67103 0.27757
6 0.98720 1.00000 0.99197 0.81784 0.82713 0.60877 0.52065 0.18427 0.44182 0.13557 0.35786 0.12166 0.23721 0.11355 0.11777 0.11300 0.00953 0.12481 0.00750 0.20225 0.08333 0.19395 0.13539 0.19136 0.15919 0.19497 0.14851 0.22699 0.10241 0.37744 0.00000 0.69661 0.00000 0.97705 0.49345 1.00000 0.98720 1.00000
2 0.67103 0.27757 0.66119 0.25084 0.65487 0.25055 0.65186 0.24478 0.64814 0.22584 0.65084 0.20346 0.65525 0.19616 0.65544 0.18866 0.67406 0.12198 0.67435 0.11074 0.67905 0.09220 0.67945 0.07721 0.67653 0.06769 0.61317 0.07225 0.61097 0.07590 0.59833 0.07531 0.59283 0.08444 0.59454 0.09953 0.61040 0.13779 0.61211 0.15288 0.62788 0.19488 0.63160 0.21382 0.63051 0.25504 0.62520 0.25667 0.61759 0.26570 0.61589 0.29001 0.60106 0.29307 0.59775 0.29855 0.59756 0.30604 0.60257 0.31566 0.61712 0.32384 0.62113 0.33153 0.62855 0.33000 0.63406 0.32087 0.63606 0.32472 0.64038 0.32117 0.64238 0.32501 0.66564 0.32234 0.66784 0.31869 0.68258 0.31938 0.68670 0.32332 0.69240 0.30670 0.69189 0.28604 0.67945 0.27796 0.67103 0.27757
6 0.98720 1.00000 0.99197 0.81784 0.82713 0.60877 0.52065 0.18427 0.44182 0.13557 0.35786 0.12166 0.23721 0.11355 0.11777 0.11300 0.00953 0.12481 0.00750 0.20225 0.08333 0.19395 0.13539 0.19136 0.15919 0.19497 0.14851 0.22699 0.10241 0.37744 0.00000 0.69661 0.00000 0.97705 0.49345 1.00000 0.98720 1.00000
2 0.67103 0.27757 0.66119 0.25084 0.65487 0.25055 0.65186 0.24478 0.64814 0.22584 0.65084 0.20346 0.65525 0.19616 0.65544 0.18866 0.67406 0.12198 0.67435 0.11074 0.67905 0.09220 0.67945 0.07721 0.67653 0.06769 0.61317 0.07225 0.61097 0.07590 0.59833 0.07531 0.59283 0.08444 0.59454 0.09953 0.61040 0.13779 0.61211 0.15288 0.62788 0.19488 0.63160 0.21382 0.63051 0.25504 0.62520 0.25667 0.61759 0.26570 0.61589 0.29001 0.60106 0.29307 0.59775 0.29855 0.59756 0.30604 0.60257 0.31566 0.61712 0.32384 0.62113 0.33153 0.62855 0.33000 0.63406 0.32087 0.63606 0.32472 0.64038 0.32117 0.64238 0.32501 0.66564 0.32234 0.66784 0.31869 0.68258 0.31938 0.68670 0.32332 0.69240 0.30670 0.69189 0.28604 0.67945 0.27796 0.67103 0.27757
6 0.98720 1.00000 0.99197 0.81784 0.82713 0.60877 0.52065 0.18427 0.44182 0.13557 0.35786 0.12166 0.23721 0.11355 0.11777 0.11300 0.00953 0.12481 0.00750 0.20225 0.08333 0.19395 0.13539 0.19136 0.15919 0.19497 0.14851 0.22699 0.10241 0.37744 0.00000 0.69661 0.00000 0.97705 0.49345 1.00000 0.98720 1.00000
2 0.67103 0.27757 0.66119 0.25084 0.65487 0.25055 0.65186 0.24478 0.64814 0.22584 0.65084 0.20346 0.65525 0.19616 0.65544 0.18866 0.67406 0.12198 0.67435 0.11074 0.67905 0.09220 0.67945 0.07721 0.67653 0.06769 0.61317 0.07225 0.61097 0.07590 0.59833 0.07531 0.59283 0.08444 0.59454 0.09953 0.61040 0.13779 0.61211 0.15288 0.62788 0.19488 0.63160 0.21382 0.63051 0.25504 0.62520 0.25667 0.61759 0.26570 0.61589 0.29001 0.60106 0.29307 0.59775 0.29855 0.59756 0.30604 0.60257 0.31566 0.61712 0.32384 0.62113 0.33153 0.62855 0.33000 0.63406 0.32087 0.63606 0.32472 0.64038 0.32117 0.64238 0.32501 0.66564 0.32234 0.66784 0.31869 0.68258 0.31938 0.68670 0.32332 0.69240 0.30670 0.69189 0.28604 0.67945 0.27796 0.67103 0.27757
6 0.98720 1.00000 0.99197 0.81784 0.82713 0.60877 0.52065 0.18427 0.44182 0.13557 0.35786 0.12166 0.23721 0.11355 0.11777 0.11300 0.00953 0.12481 0.00750 0.20225 0.08333 0.19395 0.13539 0.19136 0.15919 0.19497 0.14851 0.22699 0.10241 0.37744 0.00000 0.69661 0.00000 0.97705 0.49345 1.00000 0.98720 1.00000
2 0.67103 0.27757 0.66119 0.25084 0.65487 0.25055 0.65186 0.24478 0.64814 0.22584 0.65084 0.20346 0.65525 0.19616 0.65544 0.18866 0.67406 0.12198 0.67435 0.11074 0.67905 0.09220 0.67945 0.07721 0.67653 0.06769 0.61317 0.07225 0.61097 0.07590 0.59833 0.07531 0.59283 0.08444 0.59454 0.09953 0.61040 0.13779 0.61211 0.15288 0.62788 0.19488 0.63160 0.21382 0.63051 0.25504 0.62520 0.25667 0.61759 0.26570 0.61589 0.29001 0.60106 0.29307 0.59775 0.29855 0.59756 0.30604 0.60257 0.31566 0.61712 0.32384 0.62113 0.33153 0.62855 0.33000 0.63406 0.32087 0.63606 0.32472 0.64038 0.32117 0.64238 0.32501 0.66564 0.32234 0.66784 0.31869 0.68258 0.31938 0.68670 0.32332 0.69240 0.30670 0.69189 0.28604 0.67945 0.27796 0.67103 0.27757
6 0.98720 1.00000 0.99197 0.81784 0.82713 0.60877 0.52065 0.18427 0.44182 0.13557 0.35786 0.12166 0.23721 0.11355 0.11777 0.11300 0.00953 0.12481 0.00750 0.20225 0.08333 0.19395 0.13539 0.19136 0.15919 0.19497 0.14851 0.22699 0.10241 0.37744 0.00000 0.69661 0.00000 0.97705 0.49345 1.00000 0.98720 1.00000
