6 0.27565 1.00000 0.25235 0.98367 0.24291 0.97347 0.23408 0.97087 0.20365 0.94057 0.18354 0.93187 0.16284 0.91557 0.15188 0.91326 0.14244 0.90306 0.12021 0.89466 0.06754 0.85595 0.06327 0.85655 0.05841 0.84955 0.05414 0.85015 0.02674 0.83095 0.02293 0.82546 0.03670 1.00000 0.27565 1.00000
5 0.32249 0.90784 0.31865 0.88769 0.31060 0.88548 0.29975 0.84297 0.31560 0.83475 0.32805 0.78364 0.32264 0.71502 0.29443 0.67093 0.26370 0.68057 0.24494 0.73257 0.24903 0.80805 0.27982 0.86111 0.28147 0.89623 0.26520 0.90852 0.26375 0.92340 0.23430 0.93486 0.23866 0.96160 0.28733 0.98948 0.35558 0.94723 0.35127 0.92115 0.32249 0.90784
6 0.27565 1.00000 0.25235 0.98367 0.24291 0.97347 0.23408 0.97087 0.20365 0.94057 0.18354 0.93187 0.16284 0.91557 0.15188 0.91326 0.14244 0.90306 0.12021 0.89466 0.06754 0.85595 0.06327 0.85655 0.05841 0.84955 0.05414 0.85015 0.02674 0.83095 0.02293 0.82546 0.03670 1.00000 0.27565 1.00000
5 0.32249 0.90784 0.31865 0.88769 0.31060 0.88548 0.29975 0.84297 0.31560 0.83475 0.32805 0.78364 0.32264 0.71502 0.29443 0.67093 0.26370 0.68057 0.24494 0.73257 0.24903 0.80805 0.27982 0.86111 0.28147 0.89623 0.26520 0.90852 0.26375 0.92340 0.23430 0.93486 0.23866 0.96160 0.28733 0.98948 0.35558 0.94723 0.35127 0.92115 0.32249 0.90784
6 0.27565 1.00000 0.25235 0.98367 0.24291 0.97347 0.23408 0.97087 0.20365 0.94057 0.18354 0.93187 0.16284 0.91557 0.15188 0.91326 0.14244 0.90306 0.12021 0.89466 0.06754 0.85595 0.06327 0.85655 0.05841 0.84955 0.05414 0.85015 0.02674 0.83095 0.02293 0.82546 0.03670 1.00000 0.27565 1.00000
5 0.32249 0.90784 0.31865 0.88769 0.31060 0.88548 0.29975 0.84297 0.31560 0.83475 0.32805 0.78364 0.32264 0.71502 0.29443 0.67093 0.26370 0.68057 0.24494 0.73257 0.24903 0.80805 0.27982 0.86111 0.28147 0.89623 0.26520 0.90852 0.26375 0.92340 0.23430 0.93486 0.23866 0.96160 0.28733 0.98948 0.35558 0.94723 0.35127 0.92115 0.32249 0.90784
6 0.27565 1.00000 0.25235 0.98367 0.24291 0.97347 0.23408 0.97087 0.20365 0.94057 0.18354 0.93187 0.16284 0.91557 0.15188 0.91326 0.14244 0.90306 0.12021 0.89466 0.06754 0.85595 0.06327 0.85655 0.05841 0.84955 0.05414 0.85015 0.02674 0.83095 0.02293 0.82546 0.03670 1.00000 0.27565 1.00000
5 0.32249 0.90784 0.31865 0.88769 0.31060 0.88548 0.29975 0.84297 0.31560 0.83475 0.32805 0.78364 0.32264 0.71502 0.29443 0.67093 0.26370 0.68057 0.24494 0.73257 0.24903 0.80805 0.27982 0.86111 0.28147 0.89623 0.26520 0.90852 0.26375 0.92340 0.23430 0.93486 0.23866 0.96160 0.28733 0.98948 0.35558 0.94723 0.35127 0.92115 0.32249 0.90784
6 0.27565 1.00000 0.25235 0.98367 0.24291 0.97347 0.23408 0.97087 0.20365 0.94057 0.18354 0.93187 0.16284 0.91557 0.15188 0.91326 0.14244 0.90306 0.12021 0.89466 0.06754 0.85595 0.06327 0.85655 0.05841 0.84955 0.05414 0.85015 0.02674 0.83095 0.02293 0.82546 0.03670 1.00000 0.27565 1.00000
5 0.32249 0.90784 0.31865 0.88769 0.31060 0.88548 0.29975 0.84297 0.31560 0.83475 0.32805 0.78364 0.32264 0.71502 0.29443 0.67093 0.26370 0.68057 0.24494 0.73257 0.24903 0.80805 0.27982 0.86111 0.28147 0.89623 0.26520 0.90852 0.26375 0.92340 0.23430 0.93486 0.23866 0.96160 0.28733 0.98948 0.35558 0.94723 0.35127 0.92115 0.32249 0.90784
6 0.27565 1.00000 0.25235 0.98367 0.24291 0.97347 0.23408 0.97087 0.20365 0.94057 0.18354 0.93187 0.16284 0.91557 0.15188 0.91326 0.14244 0.90306 0.12021 0.89466 0.06754 0.85595 0.06327 0.85655 0.05841 0.84955 0.05414 0.85015 0.02674 0.83095 0.02293 0.82546 0.03670 1.00000 0.27565 1.00000
5 0.32249 0.90784 0.31865 0.88769 0.31060 0.88548 0.29975 0.84297 0.31560 0.83475 0.32805 0.78364 0.32264 0.71502 0.29443 0.67093 0.26370 0.68057 0.24494 0.73257 0.24903 0.80805 0.27982 0.86111 0.28147 0.89623 0.26520 0.90852 0.26375 0.92340 0.23430 0.93486 0.23866 0.96160 0.28733 0.98948 0.35558 0.94723 0.35127 0.92115 0.32249 0.90784
