6 1.00000 0.98611 0.67318 0.53704 0.68880 0.53472 0.69141 0.52315 0.70052 0.50926 0.69011 0.48611 0.42187 0.50000 0.43099 0.51852 0.43229 0.53935 0.23177 1.00000 1.00000 1.00000 1.00000 0.98611
6 1.00000 0.48518 0.73125 0.49445 0.71979 0.51111 0.72604 0.51482 0.72292 0.53704 1.00000 0.52407 1.00000 0.48518
6 0.13750 0.55370 0.24583 0.54815 0.24375 0.53889 0.25313 0.50926 0.00417 0.51482 0.00000 0.56482 0.12396 0.56296 0.13750 0.55370
4 0.72266 0.52952 0.72266 0.52257 0.71484 0.51215 0.71484 0.50521 0.71777 0.50000 0.72168 0.50000 0.73438 0.47743 0.73633 0.47048 0.73633 0.44618 0.73242 0.43229 0.72168 0.41667 0.70606 0.41320 0.69824 0.42014 0.68750 0.43923 0.68750 0.44965 0.68555 0.45312 0.68750 0.47743 0.68945 0.48438 0.70313 0.50521 0.70313 0.51215 0.69824 0.51736 0.69043 0.53472 0.68359 0.53646 0.68359 0.55035 0.69434 0.56945 0.70215 0.57639 0.72852 0.57465 0.73438 0.56771 0.73633 0.55035 0.73145 0.53820 0.72266 0.52952
7 0.39844 0.41493 0.40039 0.41840 0.40234 0.50521 0.40527 0.51389 0.40820 0.51215 0.41797 0.50173 0.41601 0.40452 0.39941 0.40278 0.39844 0.41493
7 0.43555 0.47048 0.43359 0.38715 0.41894 0.38542 0.41601 0.39062 0.41601 0.40798 0.41797 0.41146 0.41992 0.49479 0.42285 0.50000 0.43750 0.49827 0.44043 0.49653 0.44531 0.48438 0.44238 0.47570 0.43555 0.47048
6 1.00000 0.98611 0.67318 0.53704 0.68880 0.53472 0.69141 0.52315 0.70052 0.50926 0.69011 0.48611 0.42187 0.50000 0.43099 0.51852 0.43229 0.53935 0.23177 1.00000 1.00000 1.00000 1.00000 0.98611
6 1.00000 0.48518 0.73125 0.49445 0.71979 0.51111 0.72604 0.51482 0.72292 0.53704 1.00000 0.52407 1.00000 0.48518
6 0.13750 0.55370 0.24583 0.54815 0.24375 0.53889 0.25313 0.50926 0.00417 0.51482 0.00000 0.56482 0.12396 0.56296 0.13750 0.55370
4 0.72266 0.52952 0.72266 0.52257 0.71484 0.51215 0.71484 0.50521 0.71777 0.50000 0.72168 0.50000 0.73438 0.47743 0.73633 0.47048 0.73633 0.44618 0.73242 0.43229 0.72168 0.41667 0.70606 0.41320 0.69824 0.42014 0.68750 0.43923 0.68750 0.44965 0.68555 0.45312 0.68750 0.47743 0.68945 0.48438 0.70313 0.50521 0.70313 0.51215 0.69824 0.51736 0.69043 0.53472 0.68359 0.53646 0.68359 0.55035 0.69434 0.56945 0.70215 0.57639 0.72852 0.57465 0.73438 0.56771 0.73633 0.55035 0.73145 0.53820 0.72266 0.52952
7 0.39844 0.41493 0.40039 0.41840 0.40234 0.50521 0.40527 0.51389 0.40820 0.51215 0.41797 0.50173 0.41601 0.40452 0.39941 0.40278 0.39844 0.41493
7 0.43555 0.47048 0.43359 0.38715 0.41894 0.38542 0.41601 0.39062 0.41601 0.40798 0.41797 0.41146 0.41992 0.49479 0.42285 0.50000 0.43750 0.49827 0.44043 0.49653 0.44531 0.48438 0.44238 0.47570 0.43555 0.47048
6 1.00000 0.98611 0.67318 0.53704 0.68880 0.53472 0.69141 0.52315 0.70052 0.50926 0.69011 0.48611 0.42187 0.50000 0.43099 0.51852 0.43229 0.53935 0.23177 1.00000 1.00000 1.00000 1.00000 0.98611
6 1.00000 0.48518 0.73125 0.49445 0.71979 0.51111 0.72604 0.51482 0.72292 0.53704 1.00000 0.52407 1.00000 0.48518
6 0.13750 0.55370 0.24583 0.54815 0.24375 0.53889 0.25313 0.50926 0.00417 0.51482 0.00000 0.56482 0.12396 0.56296 0.13750 0.55370
4 0.72266 0.52952 0.72266 0.52257 0.71484 0.51215 0.71484 0.50521 0.71777 0.50000 0.72168 0.50000 0.73438 0.47743 0.73633 0.47048 0.73633 0.44618 0.73242 0.43229 0.72168 0.41667 0.70606 0.41320 0.69824 0.42014 0.68750 0.43923 0.68750 0.44965 0.68555 0.45312 0.68750 0.47743 0.68945 0.48438 0.70313 0.50521 0.70313 0.51215 0.69824 0.51736 0.69043 0.53472 0.68359 0.53646 0.68359 0.55035 0.69434 0.56945 0.70215 0.57639 0.72852 0.57465 0.73438 0.56771 0.73633 0.55035 0.73145 0.53820 0.72266 0.52952
7 0.39844 0.41493 0.40039 0.41840 0.40234 0.50521 0.40527 0.51389 0.40820 0.51215 0.41797 0.50173 0.41601 0.40452 0.39941 0.40278 0.39844 0.41493
7 0.43555 0.47048 0.43359 0.38715 0.41894 0.38542 0.41601 0.39062 0.41601 0.40798 0.41797 0.41146 0.41992 0.49479 0.42285 0.50000 0.43750 0.49827 0.44043 0.49653 0.44531 0.48438 0.44238 0.47570 0.43555 0.47048
6 1.00000 0.98611 0.67318 0.53704 0.68880 0.53472 0.69141 0.52315 0.70052 0.50926 0.69011 0.48611 0.42187 0.50000 0.43099 0.51852 0.43229 0.53935 0.23177 1.00000 1.00000 1.00000 1.00000 0.98611
6 1.00000 0.48518 0.73125 0.49445 0.71979 0.51111 0.72604 0.51482 0.72292 0.53704 1.00000 0.52407 1.00000 0.48518
6 0.13750 0.55370 0.24583 0.54815 0.24375 0.53889 0.25313 0.50926 0.00417 0.51482 0.00000 0.56482 0.12396 0.56296 0.13750 0.55370
4 0.72266 0.52952 0.72266 0.52257 0.71484 0.51215 0.71484 0.50521 0.71777 0.50000 0.72168 0.50000 0.73438 0.47743 0.73633 0.47048 0.73633 0.44618 0.73242 0.43229 0.72168 0.41667 0.70606 0.41320 0.69824 0.42014 0.68750 0.43923 0.68750 0.44965 0.68555 0.45312 0.68750 0.47743 0.68945 0.48438 0.70313 0.50521 0.70313 0.51215 0.69824 0.51736 0.69043 0.53472 0.68359 0.53646 0.68359 0.55035 0.69434 0.56945 0.70215 0.57639 0.72852 0.57465 0.73438 0.56771 0.73633 0.55035 0.73145 0.53820 0.72266 0.52952
7 0.39844 0.41493 0.40039 0.41840 0.40234 0.50521 0.40527 0.51389 0.40820 0.51215 0.41797 0.50173 0.41601 0.40452 0.39941 0.40278 0.39844 0.41493
7 0.43555 0.47048 0.43359 0.38715 0.41894 0.38542 0.41601 0.39062 0.41601 0.40798 0.41797 0.41146 0.41992 0.49479 0.42285 0.50000 0.43750 0.49827 0.44043 0.49653 0.44531 0.48438 0.44238 0.47570 0.43555 0.47048
6 1.00000 0.98611 0.67318 0.53704 0.68880 0.53472 0.69141 0.52315 0.70052 0.50926 0.69011 0.48611 0.42187 0.50000 0.43099 0.51852 0.43229 0.53935 0.23177 1.00000 1.00000 1.00000 1.00000 0.98611
6 1.00000 0.48518 0.73125 0.49445 0.71979 0.51111 0.72604 0.51482 0.72292 0.53704 1.00000 0.52407 1.00000 0.48518
6 0.13750 0.55370 0.24583 0.54815 0.24375 0.53889 0.25313 0.50926 0.00417 0.51482 0.00000 0.56482 0.12396 0.56296 0.13750 0.55370
4 0.72266 0.52952 0.72266 0.52257 0.71484 0.51215 0.71484 0.50521 0.71777 0.50000 0.72168 0.50000 0.73438 0.47743 0.73633 0.47048 0.73633 0.44618 0.73242 0.43229 0.72168 0.41667 0.70606 0.41320 0.69824 0.42014 0.68750 0.43923 0.68750 0.44965 0.68555 0.45312 0.68750 0.47743 0.68945 0.48438 0.70313 0.50521 0.70313 0.51215 0.69824 0.51736 0.69043 0.53472 0.68359 0.53646 0.68359 0.55035 0.69434 0.56945 0.70215 0.57639 0.72852 0.57465 0.73438 0.56771 0.73633 0.55035 0.73145 0.53820 0.72266 0.52952
7 0.39844 0.41493 0.40039 0.41840 0.40234 0.50521 0.40527 0.51389 0.40820 0.51215 0.41797 0.50173 0.41601 0.40452 0.39941 0.40278 0.39844 0.41493
7 0.43555 0.47048 0.43359 0.38715 0.41894 0.38542 0.41601 0.39062 0.41601 0.40798 0.41797 0.41146 0.41992 0.49479 0.42285 0.50000 0.43750 0.49827 0.44043 0.49653 0.44531 0.48438 0.44238 0.47570 0.43555 0.47048
