6 0.21729 0.60516 0.21888 0.64695 0.22309 0.65085 0.22300 0.65844 0.22815 0.67184 0.24199 0.67406 0.25385 0.66485 0.26664 0.66515 0.27979 0.63888 0.29263 0.63538 0.29482 0.63164 0.30335 0.63184 0.30484 0.59960 0.30171 0.59384 0.23560 0.59230 0.23341 0.59604 0.22062 0.59575 0.21729 0.60516
6 0.00000 0.68742 0.00501 0.68754 0.17464 0.68579 0.18545 0.67465 0.19185 0.67480 0.19944 0.66548 0.20385 0.65420 0.20216 0.61999 0.18654 0.59116 0.14175 0.59012 0.13957 0.59386 0.11398 0.59327 0.11179 0.59701 0.06487 0.59592 0.05649 0.58434 0.02663 0.58364 0.02445 0.58739 0.00000 0.58682 0.00000 0.68742
6 0.87067 0.64503 0.86953 0.65069 0.86085 0.66188 0.86715 0.66962 0.86913 0.68105 0.87330 0.68874 0.87211 0.69820 0.88490 0.69850 0.88699 0.70235 0.90514 0.70087 0.91799 0.69737 0.90415 0.69515 0.90425 0.68756 0.91278 0.68776 0.91923 0.68412 0.92359 0.67663 0.92567 0.68047 0.92999 0.67677 0.94065 0.67702 0.94274 0.68087 0.94918 0.67722 0.95127 0.68107 0.96406 0.68136 0.96625 0.67762 0.96833 0.68146 0.97899 0.68171 0.98117 0.67796 0.99184 0.67821 0.99605 0.68211 0.99777 0.67632 0.99883 0.59486 0.95881 0.59393 0.94611 0.58604 0.89919 0.58495 0.88475 0.62827 0.88465 0.63586 0.87067 0.64503
6 0.96523 1.00000 0.95369 0.98481 0.94749 0.96948 0.92437 0.94237 0.91396 0.92315 0.90344 0.91152 0.89724 0.89619 0.88673 0.88455 0.85752 0.83453 0.84070 0.81516 0.82399 0.78819 0.81972 0.78809 0.78739 0.73230 0.78332 0.71702 0.78868 0.71525 0.78987 0.70578 0.79314 0.70016 0.79954 0.70031 0.80281 0.69470 0.80401 0.68523 0.80609 0.68908 0.81045 0.68159 0.81472 0.68169 0.82667 0.66488 0.81011 0.62654 0.80817 0.61130 0.80192 0.59977 0.80202 0.59218 0.79890 0.58641 0.78823 0.58617 0.78615 0.58232 0.73918 0.58503 0.73288 0.57729 0.72435 0.57709 0.72227 0.57325 0.70947 0.57295 0.70729 0.57669 0.61984 0.57466 0.61766 0.57841 0.47903 0.57518 0.47685 0.57893 0.47263 0.57503 0.47045 0.57878 0.42566 0.57774 0.41916 0.58518 0.41282 0.58123 0.40845 0.58873 0.39774 0.59227 0.39124 0.59971 0.35711 0.59892 0.35503 0.59507 0.34853 0.60252 0.34427 0.60242 0.34308 0.61188 0.35265 0.61400 0.35781 0.62741 0.35721 0.67295 0.35930 0.67679 0.35493 0.68428 0.35260 0.69941 0.31088 0.78955 0.29784 0.80823 0.29337 0.82331 0.28023 0.84957 0.26718 0.86825 0.26708 0.87584 0.26267 0.88713 0.25617 0.89457 0.24952 0.91339 0.23866 0.92833 0.23201 0.94715 0.20735 0.99327 0.49672 1.00000 0.96523 1.00000
4 0.89368 0.59811 0.89428 0.55257 0.88401 0.52196 0.87038 0.50456 0.85763 0.50047 0.85555 0.49662 0.82985 0.50362 0.81135 0.53166 0.80689 0.54674 0.80460 0.55808 0.80416 0.59223 0.81636 0.63807 0.83004 0.65167 0.83317 0.65744 0.83302 0.66882 0.82965 0.68203 0.81784 0.68745 0.81442 0.70446 0.80589 0.70426 0.79726 0.71165 0.79518 0.70780 0.79394 0.72106 0.80013 0.73639 0.80956 0.74989 0.81387 0.74620 0.81809 0.75009 0.83089 0.75039 0.83307 0.74665 0.88316 0.74971 0.88639 0.74789 0.88971 0.73847 0.88039 0.71738 0.86670 0.70377 0.86372 0.68662 0.85311 0.68258 0.84998 0.67681 0.85023 0.65784 0.85772 0.65611 0.87067 0.64503 0.88922 0.61319 0.89368 0.59811
7 0.30380 0.51606 0.30588 0.51991 0.30479 0.60340 0.30687 0.60724 0.30652 0.63381 0.28619 0.63903 0.27205 0.65958 0.27939 0.66924 0.29000 0.67328 0.30052 0.68491 0.32348 0.72341 0.33737 0.72184 0.34833 0.69931 0.35081 0.67280 0.34873 0.66895 0.34908 0.64239 0.34595 0.63662 0.32998 0.63435 0.33440 0.62307 0.33430 0.46742 0.33128 0.45407 0.30782 0.45352 0.30455 0.45914 0.30380 0.51606
7 0.38777 0.45728 0.38569 0.45343 0.38802 0.43830 0.38594 0.43446 0.38515 0.41356 0.36382 0.41307 0.36054 0.41868 0.36253 0.43012 0.36203 0.46807 0.36411 0.47191 0.36352 0.51745 0.36753 0.53653 0.36634 0.54599 0.35568 0.54574 0.35240 0.55136 0.35206 0.57792 0.35409 0.58556 0.35721 0.59133 0.35830 0.58946 0.39139 0.58833 0.40766 0.56783 0.40796 0.54506 0.40488 0.53550 0.40275 0.53545 0.39833 0.54673 0.38772 0.54269 0.38460 0.53692 0.38896 0.52943 0.38936 0.49907 0.38728 0.49523 0.38777 0.45728
6 0.21729 0.60516 0.21888 0.64695 0.22309 0.65085 0.22300 0.65844 0.22815 0.67184 0.24199 0.67406 0.25385 0.66485 0.26664 0.66515 0.27979 0.63888 0.29263 0.63538 0.29482 0.63164 0.30335 0.63184 0.30484 0.59960 0.30171 0.59384 0.23560 0.59230 0.23341 0.59604 0.22062 0.59575 0.21729 0.60516
6 0.00000 0.68742 0.00501 0.68754 0.17464 0.68579 0.18545 0.67465 0.19185 0.67480 0.19944 0.66548 0.20385 0.65420 0.20216 0.61999 0.18654 0.59116 0.14175 0.59012 0.13957 0.59386 0.11398 0.59327 0.11179 0.59701 0.06487 0.59592 0.05649 0.58434 0.02663 0.58364 0.02445 0.58739 0.00000 0.58682 0.00000 0.68742
6 0.87067 0.64503 0.86953 0.65069 0.86085 0.66188 0.86715 0.66962 0.86913 0.68105 0.87330 0.68874 0.87211 0.69820 0.88490 0.69850 0.88699 0.70235 0.90514 0.70087 0.91799 0.69737 0.90415 0.69515 0.90425 0.68756 0.91278 0.68776 0.91923 0.68412 0.92359 0.67663 0.92567 0.68047 0.92999 0.67677 0.94065 0.67702 0.94274 0.68087 0.94918 0.67722 0.95127 0.68107 0.96406 0.68136 0.96625 0.67762 0.96833 0.68146 0.97899 0.68171 0.98117 0.67796 0.99184 0.67821 0.99605 0.68211 0.99777 0.67632 0.99883 0.59486 0.95881 0.59393 0.94611 0.58604 0.89919 0.58495 0.88475 0.62827 0.88465 0.63586 0.87067 0.64503
6 0.96523 1.00000 0.95369 0.98481 0.94749 0.96948 0.92437 0.94237 0.91396 0.92315 0.90344 0.91152 0.89724 0.89619 0.88673 0.88455 0.85752 0.83453 0.84070 0.81516 0.82399 0.78819 0.81972 0.78809 0.78739 0.73230 0.78332 0.71702 0.78868 0.71525 0.78987 0.70578 0.79314 0.70016 0.79954 0.70031 0.80281 0.69470 0.80401 0.68523 0.80609 0.68908 0.81045 0.68159 0.81472 0.68169 0.82667 0.66488 0.81011 0.62654 0.80817 0.61130 0.80192 0.59977 0.80202 0.59218 0.79890 0.58641 0.78823 0.58617 0.78615 0.58232 0.73918 0.58503 0.73288 0.57729 0.72435 0.57709 0.72227 0.57325 0.70947 0.57295 0.70729 0.57669 0.61984 0.57466 0.61766 0.57841 0.47903 0.57518 0.47685 0.57893 0.47263 0.57503 0.47045 0.57878 0.42566 0.57774 0.41916 0.58518 0.41282 0.58123 0.40845 0.58873 0.39774 0.59227 0.39124 0.59971 0.35711 0.59892 0.35503 0.59507 0.34853 0.60252 0.34427 0.60242 0.34308 0.61188 0.35265 0.61400 0.35781 0.62741 0.35721 0.67295 0.35930 0.67679 0.35493 0.68428 0.35260 0.69941 0.31088 0.78955 0.29784 0.80823 0.29337 0.82331 0.28023 0.84957 0.26718 0.86825 0.26708 0.87584 0.26267 0.88713 0.25617 0.89457 0.24952 0.91339 0.23866 0.92833 0.23201 0.94715 0.20735 0.99327 0.49672 1.00000 0.96523 1.00000
4 0.89368 0.59811 0.89428 0.55257 0.88401 0.52196 0.87038 0.50456 0.85763 0.50047 0.85555 0.49662 0.82985 0.50362 0.81135 0.53166 0.80689 0.54674 0.80460 0.55808 0.80416 0.59223 0.81636 0.63807 0.83004 0.65167 0.83317 0.65744 0.83302 0.66882 0.82965 0.68203 0.81784 0.68745 0.81442 0.70446 0.80589 0.70426 0.79726 0.71165 0.79518 0.70780 0.79394 0.72106 0.80013 0.73639 0.80956 0.74989 0.81387 0.74620 0.81809 0.75009 0.83089 0.75039 0.83307 0.74665 0.88316 0.74971 0.88639 0.74789 0.88971 0.73847 0.88039 0.71738 0.86670 0.70377 0.86372 0.68662 0.85311 0.68258 0.84998 0.67681 0.85023 0.65784 0.85772 0.65611 0.87067 0.64503 0.88922 0.61319 0.89368 0.59811
7 0.30380 0.51606 0.30588 0.51991 0.30479 0.60340 0.30687 0.60724 0.30652 0.63381 0.28619 0.63903 0.27205 0.65958 0.27939 0.66924 0.29000 0.67328 0.30052 0.68491 0.32348 0.72341 0.33737 0.72184 0.34833 0.69931 0.35081 0.67280 0.34873 0.66895 0.34908 0.64239 0.34595 0.63662 0.32998 0.63435 0.33440 0.62307 0.33430 0.46742 0.33128 0.45407 0.30782 0.45352 0.30455 0.45914 0.30380 0.51606
7 0.38777 0.45728 0.38569 0.45343 0.38802 0.43830 0.38594 0.43446 0.38515 0.41356 0.36382 0.41307 0.36054 0.41868 0.36253 0.43012 0.36203 0.46807 0.36411 0.47191 0.36352 0.51745 0.36753 0.53653 0.36634 0.54599 0.35568 0.54574 0.35240 0.55136 0.35206 0.57792 0.35409 0.58556 0.35721 0.59133 0.35830 0.58946 0.39139 0.58833 0.40766 0.56783 0.40796 0.54506 0.40488 0.53550 0.40275 0.53545 0.39833 0.54673 0.38772 0.54269 0.38460 0.53692 0.38896 0.52943 0.38936 0.49907 0.38728 0.49523 0.38777 0.45728
6 0.21729 0.60516 0.21888 0.64695 0.22309 0.65085 0.22300 0.65844 0.22815 0.67184 0.24199 0.67406 0.25385 0.66485 0.26664 0.66515 0.27979 0.63888 0.29263 0.63538 0.29482 0.63164 0.30335 0.63184 0.30484 0.59960 0.30171 0.59384 0.23560 0.59230 0.23341 0.59604 0.22062 0.59575 0.21729 0.60516
6 0.00000 0.68742 0.00501 0.68754 0.17464 0.68579 0.18545 0.67465 0.19185 0.67480 0.19944 0.66548 0.20385 0.65420 0.20216 0.61999 0.18654 0.59116 0.14175 0.59012 0.13957 0.59386 0.11398 0.59327 0.11179 0.59701 0.06487 0.59592 0.05649 0.58434 0.02663 0.58364 0.02445 0.58739 0.00000 0.58682 0.00000 0.68742
6 0.87067 0.64503 0.86953 0.65069 0.86085 0.66188 0.86715 0.66962 0.86913 0.68105 0.87330 0.68874 0.87211 0.69820 0.88490 0.69850 0.88699 0.70235 0.90514 0.70087 0.91799 0.69737 0.90415 0.69515 0.90425 0.68756 0.91278 0.68776 0.91923 0.68412 0.92359 0.67663 0.92567 0.68047 0.92999 0.67677 0.94065 0.67702 0.94274 0.68087 0.94918 0.67722 0.95127 0.68107 0.96406 0.68136 0.96625 0.67762 0.96833 0.68146 0.97899 0.68171 0.98117 0.67796 0.99184 0.67821 0.99605 0.68211 0.99777 0.67632 0.99883 0.59486 0.95881 0.59393 0.94611 0.58604 0.89919 0.58495 0.88475 0.62827 0.88465 0.63586 0.87067 0.64503
6 0.96523 1.00000 0.95369 0.98481 0.94749 0.96948 0.92437 0.94237 0.91396 0.92315 0.90344 0.91152 0.89724 0.89619 0.88673 0.88455 0.85752 0.83453 0.84070 0.81516 0.82399 0.78819 0.81972 0.78809 0.78739 0.73230 0.78332 0.71702 0.78868 0.71525 0.78987 0.70578 0.79314 0.70016 0.79954 0.70031 0.80281 0.69470 0.80401 0.68523 0.80609 0.68908 0.81045 0.68159 0.81472 0.68169 0.82667 0.66488 0.81011 0.62654 0.80817 0.61130 0.80192 0.59977 0.80202 0.59218 0.79890 0.58641 0.78823 0.58617 0.78615 0.58232 0.73918 0.58503 0.73288 0.57729 0.72435 0.57709 0.72227 0.57325 0.70947 0.57295 0.70729 0.57669 0.61984 0.57466 0.61766 0.57841 0.47903 0.57518 0.47685 0.57893 0.47263 0.57503 0.47045 0.57878 0.42566 0.57774 0.41916 0.58518 0.41282 0.58123 0.40845 0.58873 0.39774 0.59227 0.39124 0.59971 0.35711 0.59892 0.35503 0.59507 0.34853 0.60252 0.34427 0.60242 0.34308 0.61188 0.35265 0.61400 0.35781 0.62741 0.35721 0.67295 0.35930 0.67679 0.35493 0.68428 0.35260 0.69941 0.31088 0.78955 0.29784 0.80823 0.29337 0.82331 0.28023 0.84957 0.26718 0.86825 0.26708 0.87584 0.26267 0.88713 0.25617 0.89457 0.24952 0.91339 0.23866 0.92833 0.23201 0.94715 0.20735 0.99327 0.49672 1.00000 0.96523 1.00000
4 0.89368 0.59811 0.89428 0.55257 0.88401 0.52196 0.87038 0.50456 0.85763 0.50047 0.85555 0.49662 0.82985 0.50362 0.81135 0.53166 0.80689 0.54674 0.80460 0.55808 0.80416 0.59223 0.81636 0.63807 0.83004 0.65167 0.83317 0.65744 0.83302 0.66882 0.82965 0.68203 0.81784 0.68745 0.81442 0.70446 0.80589 0.70426 0.79726 0.71165 0.79518 0.70780 0.79394 0.72106 0.80013 0.73639 0.80956 0.74989 0.81387 0.74620 0.81809 0.75009 0.83089 0.75039 0.83307 0.74665 0.88316 0.74971 0.88639 0.74789 0.88971 0.73847 0.88039 0.71738 0.86670 0.70377 0.86372 0.68662 0.85311 0.68258 0.84998 0.67681 0.85023 0.65784 0.85772 0.65611 0.87067 0.64503 0.88922 0.61319 0.89368 0.59811
7 0.30380 0.51606 0.30588 0.51991 0.30479 0.60340 0.30687 0.60724 0.30652 0.63381 0.28619 0.63903 0.27205 0.65958 0.27939 0.66924 0.29000 0.67328 0.30052 0.68491 0.32348 0.72341 0.33737 0.72184 0.34833 0.69931 0.35081 0.67280 0.34873 0.66895 0.34908 0.64239 0.34595 0.63662 0.32998 0.63435 0.33440 0.62307 0.33430 0.46742 0.33128 0.45407 0.30782 0.45352 0.30455 0.45914 0.30380 0.51606
7 0.38777 0.45728 0.38569 0.45343 0.38802 0.43830 0.38594 0.43446 0.38515 0.41356 0.36382 0.41307 0.36054 0.41868 0.36253 0.43012 0.36203 0.46807 0.36411 0.47191 0.36352 0.51745 0.36753 0.53653 0.36634 0.54599 0.35568 0.54574 0.35240 0.55136 0.35206 0.57792 0.35409 0.58556 0.35721 0.59133 0.35830 0.58946 0.39139 0.58833 0.40766 0.56783 0.40796 0.54506 0.40488 0.53550 0.40275 0.53545 0.39833 0.54673 0.38772 0.54269 0.38460 0.53692 0.38896 0.52943 0.38936 0.49907 0.38728 0.49523 0.38777 0.45728
6 0.21729 0.60516 0.21888 0.64695 0.22309 0.65085 0.22300 0.65844 0.22815 0.67184 0.24199 0.67406 0.25385 0.66485 0.26664 0.66515 0.27979 0.63888 0.29263 0.63538 0.29482 0.63164 0.30335 0.63184 0.30484 0.59960 0.30171 0.59384 0.23560 0.59230 0.23341 0.59604 0.22062 0.59575 0.21729 0.60516
6 0.00000 0.68742 0.00501 0.68754 0.17464 0.68579 0.18545 0.67465 0.19185 0.67480 0.19944 0.66548 0.20385 0.65420 0.20216 0.61999 0.18654 0.59116 0.14175 0.59012 0.13957 0.59386 0.11398 0.59327 0.11179 0.59701 0.06487 0.59592 0.05649 0.58434 0.02663 0.58364 0.02445 0.58739 0.00000 0.58682 0.00000 0.68742
6 0.87067 0.64503 0.86953 0.65069 0.86085 0.66188 0.86715 0.66962 0.86913 0.68105 0.87330 0.68874 0.87211 0.69820 0.88490 0.69850 0.88699 0.70235 0.90514 0.70087 0.91799 0.69737 0.90415 0.69515 0.90425 0.68756 0.91278 0.68776 0.91923 0.68412 0.92359 0.67663 0.92567 0.68047 0.92999 0.67677 0.94065 0.67702 0.94274 0.68087 0.94918 0.67722 0.95127 0.68107 0.96406 0.68136 0.96625 0.67762 0.96833 0.68146 0.97899 0.68171 0.98117 0.67796 0.99184 0.67821 0.99605 0.68211 0.99777 0.67632 0.99883 0.59486 0.95881 0.59393 0.94611 0.58604 0.89919 0.58495 0.88475 0.62827 0.88465 0.63586 0.87067 0.64503
6 0.96523 1.00000 0.95369 0.98481 0.94749 0.96948 0.92437 0.94237 0.91396 0.92315 0.90344 0.91152 0.89724 0.89619 0.88673 0.88455 0.85752 0.83453 0.84070 0.81516 0.82399 0.78819 0.81972 0.78809 0.78739 0.73230 0.78332 0.71702 0.78868 0.71525 0.78987 0.70578 0.79314 0.70016 0.79954 0.70031 0.80281 0.69470 0.80401 0.68523 0.80609 0.68908 0.81045 0.68159 0.81472 0.68169 0.82667 0.66488 0.81011 0.62654 0.80817 0.61130 0.80192 0.59977 0.80202 0.59218 0.79890 0.58641 0.78823 0.58617 0.78615 0.58232 0.73918 0.58503 0.73288 0.57729 0.72435 0.57709 0.72227 0.57325 0.70947 0.57295 0.70729 0.57669 0.61984 0.57466 0.61766 0.57841 0.47903 0.57518 0.47685 0.57893 0.47263 0.57503 0.47045 0.57878 0.42566 0.57774 0.41916 0.58518 0.41282 0.58123 0.40845 0.58873 0.39774 0.59227 0.39124 0.59971 0.35711 0.59892 0.35503 0.59507 0.34853 0.60252 0.34427 0.60242 0.34308 0.61188 0.35265 0.61400 0.35781 0.62741 0.35721 0.67295 0.35930 0.67679 0.35493 0.68428 0.35260 0.69941 0.31088 0.78955 0.29784 0.80823 0.29337 0.82331 0.28023 0.84957 0.26718 0.86825 0.26708 0.87584 0.26267 0.88713 0.25617 0.89457 0.24952 0.91339 0.23866 0.92833 0.23201 0.94715 0.20735 0.99327 0.49672 1.00000 0.96523 1.00000
4 0.89368 0.59811 0.89428 0.55257 0.88401 0.52196 0.87038 0.50456 0.85763 0.50047 0.85555 0.49662 0.82985 0.50362 0.81135 0.53166 0.80689 0.54674 0.80460 0.55808 0.80416 0.59223 0.81636 0.63807 0.83004 0.65167 0.83317 0.65744 0.83302 0.66882 0.82965 0.68203 0.81784 0.68745 0.81442 0.70446 0.80589 0.70426 0.79726 0.71165 0.79518 0.70780 0.79394 0.72106 0.80013 0.73639 0.80956 0.74989 0.81387 0.74620 0.81809 0.75009 0.83089 0.75039 0.83307 0.74665 0.88316 0.74971 0.88639 0.74789 0.88971 0.73847 0.88039 0.71738 0.86670 0.70377 0.86372 0.68662 0.85311 0.68258 0.84998 0.67681 0.85023 0.65784 0.85772 0.65611 0.87067 0.64503 0.88922 0.61319 0.89368 0.59811
7 0.30380 0.51606 0.30588 0.51991 0.30479 0.60340 0.30687 0.60724 0.30652 0.63381 0.28619 0.63903 0.27205 0.65958 0.27939 0.66924 0.29000 0.67328 0.30052 0.68491 0.32348 0.72341 0.33737 0.72184 0.34833 0.69931 0.35081 0.67280 0.34873 0.66895 0.34908 0.64239 0.34595 0.63662 0.32998 0.63435 0.33440 0.62307 0.33430 0.46742 0.33128 0.45407 0.30782 0.45352 0.30455 0.45914 0.30380 0.51606
7 0.38777 0.45728 0.38569 0.45343 0.38802 0.43830 0.38594 0.43446 0.38515 0.41356 0.36382 0.41307 0.36054 0.41868 0.36253 0.43012 0.36203 0.46807 0.36411 0.47191 0.36352 0.51745 0.36753 0.53653 0.36634 0.54599 0.35568 0.54574 0.35240 0.55136 0.35206 0.57792 0.35409 0.58556 0.35721 0.59133 0.35830 0.58946 0.39139 0.58833 0.40766 0.56783 0.40796 0.54506 0.40488 0.53550 0.40275 0.53545 0.39833 0.54673 0.38772 0.54269 0.38460 0.53692 0.38896 0.52943 0.38936 0.49907 0.38728 0.49523 0.38777 0.45728
6 0.21729 0.60516 0.21888 0.64695 0.22309 0.65085 0.22300 0.65844 0.22815 0.67184 0.24199 0.67406 0.25385 0.66485 0.26664 0.66515 0.27979 0.63888 0.29263 0.63538 0.29482 0.63164 0.30335 0.63184 0.30484 0.59960 0.30171 0.59384 0.23560 0.59230 0.23341 0.59604 0.22062 0.59575 0.21729 0.60516
6 0.00000 0.68742 0.00501 0.68754 0.17464 0.68579 0.18545 0.67465 0.19185 0.67480 0.19944 0.66548 0.20385 0.65420 0.20216 0.61999 0.18654 0.59116 0.14175 0.59012 0.13957 0.59386 0.11398 0.59327 0.11179 0.59701 0.06487 0.59592 0.05649 0.58434 0.02663 0.58364 0.02445 0.58739 0.00000 0.58682 0.00000 0.68742
6 0.87067 0.64503 0.86953 0.65069 0.86085 0.66188 0.86715 0.66962 0.86913 0.68105 0.87330 0.68874 0.87211 0.69820 0.88490 0.69850 0.88699 0.70235 0.90514 0.70087 0.91799 0.69737 0.90415 0.69515 0.90425 0.68756 0.91278 0.68776 0.91923 0.68412 0.92359 0.67663 0.92567 0.68047 0.92999 0.67677 0.94065 0.67702 0.94274 0.68087 0.94918 0.67722 0.95127 0.68107 0.96406 0.68136 0.96625 0.67762 0.96833 0.68146 0.97899 0.68171 0.98117 0.67796 0.99184 0.67821 0.99605 0.68211 0.99777 0.67632 0.99883 0.59486 0.95881 0.59393 0.94611 0.58604 0.89919 0.58495 0.88475 0.62827 0.88465 0.63586 0.87067 0.64503
6 0.96523 1.00000 0.95369 0.98481 0.94749 0.96948 0.92437 0.94237 0.91396 0.92315 0.90344 0.91152 0.89724 0.89619 0.88673 0.88455 0.85752 0.83453 0.84070 0.81516 0.82399 0.78819 0.81972 0.78809 0.78739 0.73230 0.78332 0.71702 0.78868 0.71525 0.78987 0.70578 0.79314 0.70016 0.79954 0.70031 0.80281 0.69470 0.80401 0.68523 0.80609 0.68908 0.81045 0.68159 0.81472 0.68169 0.82667 0.66488 0.81011 0.62654 0.80817 0.61130 0.80192 0.59977 0.80202 0.59218 0.79890 0.58641 0.78823 0.58617 0.78615 0.58232 0.73918 0.58503 0.73288 0.57729 0.72435 0.57709 0.72227 0.57325 0.70947 0.57295 0.70729 0.57669 0.61984 0.57466 0.61766 0.57841 0.47903 0.57518 0.47685 0.57893 0.47263 0.57503 0.47045 0.57878 0.42566 0.57774 0.41916 0.58518 0.41282 0.58123 0.40845 0.58873 0.39774 0.59227 0.39124 0.59971 0.35711 0.59892 0.35503 0.59507 0.34853 0.60252 0.34427 0.60242 0.34308 0.61188 0.35265 0.61400 0.35781 0.62741 0.35721 0.67295 0.35930 0.67679 0.35493 0.68428 0.35260 0.69941 0.31088 0.78955 0.29784 0.80823 0.29337 0.82331 0.28023 0.84957 0.26718 0.86825 0.26708 0.87584 0.26267 0.88713 0.25617 0.89457 0.24952 0.91339 0.23866 0.92833 0.23201 0.94715 0.20735 0.99327 0.49672 1.00000 0.96523 1.00000
4 0.89368 0.59811 0.89428 0.55257 0.88401 0.52196 0.87038 0.50456 0.85763 0.50047 0.85555 0.49662 0.82985 0.50362 0.81135 0.53166 0.80689 0.54674 0.80460 0.55808 0.80416 0.59223 0.81636 0.63807 0.83004 0.65167 0.83317 0.65744 0.83302 0.66882 0.82965 0.68203 0.81784 0.68745 0.81442 0.70446 0.80589 0.70426 0.79726 0.71165 0.79518 0.70780 0.79394 0.72106 0.80013 0.73639 0.80956 0.74989 0.81387 0.74620 0.81809 0.75009 0.83089 0.75039 0.83307 0.74665 0.88316 0.74971 0.88639 0.74789 0.88971 0.73847 0.88039 0.71738 0.86670 0.70377 0.86372 0.68662 0.85311 0.68258 0.84998 0.67681 0.85023 0.65784 0.85772 0.65611 0.87067 0.64503 0.88922 0.61319 0.89368 0.59811
7 0.30380 0.51606 0.30588 0.51991 0.30479 0.60340 0.30687 0.60724 0.30652 0.63381 0.28619 0.63903 0.27205 0.65958 0.27939 0.66924 0.29000 0.67328 0.30052 0.68491 0.32348 0.72341 0.33737 0.72184 0.34833 0.69931 0.35081 0.67280 0.34873 0.66895 0.34908 0.64239 0.34595 0.63662 0.32998 0.63435 0.33440 0.62307 0.33430 0.46742 0.33128 0.45407 0.30782 0.45352 0.30455 0.45914 0.30380 0.51606
7 0.38777 0.45728 0.38569 0.45343 0.38802 0.43830 0.38594 0.43446 0.38515 0.41356 0.36382 0.41307 0.36054 0.41868 0.36253 0.43012 0.36203 0.46807 0.36411 0.47191 0.36352 0.51745 0.36753 0.53653 0.36634 0.54599 0.35568 0.54574 0.35240 0.55136 0.35206 0.57792 0.35409 0.58556 0.35721 0.59133 0.35830 0.58946 0.39139 0.58833 0.40766 0.56783 0.40796 0.54506 0.40488 0.53550 0.40275 0.53545 0.39833 0.54673 0.38772 0.54269 0.38460 0.53692 0.38896 0.52943 0.38936 0.49907 0.38728 0.49523 0.38777 0.45728
