6 0.00000 0.18209 0.23047 0.20755 0.24219 0.18441 0.25911 0.17515 0.26432 0.16357 0.26042 0.13811 0.25781 0.13117 0.25130 0.11033 0.24609 0.08950 0.00000 0.06635 0.00000 0.18209
6 0.49175 0.00000 0.45958 0.10387 0.31197 0.09358 0.33657 0.21185 0.41472 0.22727 0.12963 1.00000 1.00000 1.00000 1.00000 0.55537 0.81181 0.22702 0.67433 0.00000 0.49175 0.00000
6 0.00000 0.18209 0.23047 0.20755 0.24219 0.18441 0.25911 0.17515 0.26432 0.16357 0.26042 0.13811 0.25781 0.13117 0.25130 0.11033 0.24609 0.08950 0.00000 0.06635 0.00000 0.18209
6 0.49175 0.00000 0.45958 0.10387 0.31197 0.09358 0.33657 0.21185 0.41472 0.22727 0.12963 1.00000 1.00000 1.00000 1.00000 0.55537 0.81181 0.22702 0.67433 0.00000 0.49175 0.00000
6 0.00000 0.18209 0.23047 0.20755 0.24219 0.18441 0.25911 0.17515 0.26432 0.16357 0.26042 0.13811 0.25781 0.13117 0.25130 0.11033 0.24609 0.08950 0.00000 0.06635 0.00000 0.18209
6 0.49175 0.00000 0.45958 0.10387 0.31197 0.09358 0.33657 0.21185 0.41472 0.22727 0.12963 1.00000 1.00000 1.00000 1.00000 0.55537 0.81181 0.22702 0.67433 0.00000 0.49175 0.00000
6 0.00000 0.18209 0.23047 0.20755 0.24219 0.18441 0.25911 0.17515 0.26432 0.16357 0.26042 0.13811 0.25781 0.13117 0.25130 0.11033 0.24609 0.08950 0.00000 0.06635 0.00000 0.18209
6 0.49175 0.00000 0.45958 0.10387 0.31197 0.09358 0.33657 0.21185 0.41472 0.22727 0.12963 1.00000 1.00000 1.00000 1.00000 0.55537 0.81181 0.22702 0.67433 0.00000 0.49175 0.00000
6 0.00000 0.18209 0.23047 0.20755 0.24219 0.18441 0.25911 0.17515 0.26432 0.16357 0.26042 0.13811 0.25781 0.13117 0.25130 0.11033 0.24609 0.08950 0.00000 0.06635 0.00000 0.18209
6 0.49175 0.00000 0.45958 0.10387 0.31197 0.09358 0.33657 0.21185 0.41472 0.22727 0.12963 1.00000 1.00000 1.00000 1.00000 0.55537 0.81181 0.22702 0.67433 0.00000 0.49175 0.00000
6 0.00000 0.18209 0.23047 0.20755 0.24219 0.18441 0.25911 0.17515 0.26432 0.16357 0.26042 0.13811 0.25781 0.13117 0.25130 0.11033 0.24609 0.08950 0.00000 0.06635 0.00000 0.18209
6 0.49175 0.00000 0.45958 0.10387 0.31197 0.09358 0.33657 0.21185 0.41472 0.22727 0.12963 1.00000 1.00000 1.00000 1.00000 0.55537 0.81181 0.22702 0.67433 0.00000 0.49175 0.00000
