6 0.00000 0.39809 0.17690 0.40846 0.18933 0.40038 0.20285 0.37974 0.21101 0.36936 0.22083 0.36890 0.22632 0.36364 0.22599 0.35115 0.22226 0.31630 0.21658 0.31406 0.21231 0.31176 0.20790 0.30446 0.20069 0.29729 0.19582 0.27250 0.19115 0.25521 0.18929 0.23779 0.19138 0.21017 0.00000 0.19863 0.00000 0.39809
6 1.00000 0.48838 0.99996 0.48685 0.70565 0.04616 0.51737 0.04742 0.47690 0.21940 0.24057 0.21038 0.25004 0.24997 0.23640 0.26561 0.25240 0.33991 0.24917 0.37759 0.29562 0.38043 0.28952 0.41573 0.41611 0.41985 0.26901 1.00000 0.50655 1.00000 1.00000 0.97705 1.00000 0.48838
7 0.41586 0.16909 0.41713 0.21780 0.46776 0.21920 0.47178 0.21151 0.47922 0.17364 0.47461 0.15885 0.46690 0.14607 0.45948 0.14454 0.45909 0.12955 0.46281 0.11062 0.47605 0.09312 0.48097 0.07975 0.48239 0.05342 0.48440 0.04957 0.47730 0.01989 0.46738 0.00346 0.45974 0.00157 0.43037 0.00293 0.42304 0.04117 0.42373 0.06741 0.43093 0.10084 0.42902 0.10844 0.43011 0.14966 0.41586 0.16909
7 0.84052 0.00000 0.83752 0.01064 0.83660 0.05571 0.83459 0.05955 0.83508 0.07829 0.83308 0.08214 0.83367 0.10462 0.83166 0.10847 0.83044 0.14230 0.82461 0.16133 0.82368 0.20640 0.83340 0.21533 0.84183 0.21494 0.84623 0.22223 0.84814 0.21464 0.86078 0.21405 0.86298 0.21770 0.86930 0.21741 0.87170 0.22855 0.87481 0.22654 0.87882 0.21884 0.87833 0.20011 0.88195 0.17742 0.87203 0.16100 0.86601 0.17254 0.85338 0.17313 0.85007 0.16765 0.85462 0.09989 0.85663 0.09605 0.85623 0.08106 0.85824 0.07721 0.85765 0.05473 0.85966 0.05088 0.85917 0.03214 0.86118 0.02830 0.86043 0.00000 0.84052 0.00000
6 0.00000 0.39809 0.17690 0.40846 0.18933 0.40038 0.20285 0.37974 0.21101 0.36936 0.22083 0.36890 0.22632 0.36364 0.22599 0.35115 0.22226 0.31630 0.21658 0.31406 0.21231 0.31176 0.20790 0.30446 0.20069 0.29729 0.19582 0.27250 0.19115 0.25521 0.18929 0.23779 0.19138 0.21017 0.00000 0.19863 0.00000 0.39809
6 1.00000 0.48838 0.99996 0.48685 0.70565 0.04616 0.51737 0.04742 0.47690 0.21940 0.24057 0.21038 0.25004 0.24997 0.23640 0.26561 0.25240 0.33991 0.24917 0.37759 0.29562 0.38043 0.28952 0.41573 0.41611 0.41985 0.26901 1.00000 0.50655 1.00000 1.00000 0.97705 1.00000 0.48838
7 0.41586 0.16909 0.41713 0.21780 0.46776 0.21920 0.47178 0.21151 0.47922 0.17364 0.47461 0.15885 0.46690 0.14607 0.45948 0.14454 0.45909 0.12955 0.46281 0.11062 0.47605 0.09312 0.48097 0.07975 0.48239 0.05342 0.48440 0.04957 0.47730 0.01989 0.46738 0.00346 0.45974 0.00157 0.43037 0.00293 0.42304 0.04117 0.42373 0.06741 0.43093 0.10084 0.42902 0.10844 0.43011 0.14966 0.41586 0.16909
7 0.84052 0.00000 0.83752 0.01064 0.83660 0.05571 0.83459 0.05955 0.83508 0.07829 0.83308 0.08214 0.83367 0.10462 0.83166 0.10847 0.83044 0.14230 0.82461 0.16133 0.82368 0.20640 0.83340 0.21533 0.84183 0.21494 0.84623 0.22223 0.84814 0.21464 0.86078 0.21405 0.86298 0.21770 0.86930 0.21741 0.87170 0.22855 0.87481 0.22654 0.87882 0.21884 0.87833 0.20011 0.88195 0.17742 0.87203 0.16100 0.86601 0.17254 0.85338 0.17313 0.85007 0.16765 0.85462 0.09989 0.85663 0.09605 0.85623 0.08106 0.85824 0.07721 0.85765 0.05473 0.85966 0.05088 0.85917 0.03214 0.86118 0.02830 0.86043 0.00000 0.84052 0.00000
6 0.00000 0.39809 0.17690 0.40846 0.18933 0.40038 0.20285 0.37974 0.21101 0.36936 0.22083 0.36890 0.22632 0.36364 0.22599 0.35115 0.22226 0.31630 0.21658 0.31406 0.21231 0.31176 0.20790 0.30446 0.20069 0.29729 0.19582 0.27250 0.19115 0.25521 0.18929 0.23779 0.19138 0.21017 0.00000 0.19863 0.00000 0.39809
6 1.00000 0.48838 0.99996 0.48685 0.70565 0.04616 0.51737 0.04742 0.47690 0.21940 0.24057 0.21038 0.25004 0.24997 0.23640 0.26561 0.25240 0.33991 0.24917 0.37759 0.29562 0.38043 0.28952 0.41573 0.41611 0.41985 0.26901 1.00000 0.50655 1.00000 1.00000 0.97705 1.00000 0.48838
7 0.41586 0.16909 0.41713 0.21780 0.46776 0.21920 0.47178 0.21151 0.47922 0.17364 0.47461 0.15885 0.46690 0.14607 0.45948 0.14454 0.45909 0.12955 0.46281 0.11062 0.47605 0.09312 0.48097 0.07975 0.48239 0.05342 0.48440 0.04957 0.47730 0.01989 0.46738 0.00346 0.45974 0.00157 0.43037 0.00293 0.42304 0.04117 0.42373 0.06741 0.43093 0.10084 0.42902 0.10844 0.43011 0.14966 0.41586 0.16909
7 0.84052 0.00000 0.83752 0.01064 0.83660 0.05571 0.83459 0.05955 0.83508 0.07829 0.83308 0.08214 0.83367 0.10462 0.83166 0.10847 0.83044 0.14230 0.82461 0.16133 0.82368 0.20640 0.83340 0.21533 0.84183 0.21494 0.84623 0.22223 0.84814 0.21464 0.86078 0.21405 0.86298 0.21770 0.86930 0.21741 0.87170 0.22855 0.87481 0.22654 0.87882 0.21884 0.87833 0.20011 0.88195 0.17742 0.87203 0.16100 0.86601 0.17254 0.85338 0.17313 0.85007 0.16765 0.85462 0.09989 0.85663 0.09605 0.85623 0.08106 0.85824 0.07721 0.85765 0.05473 0.85966 0.05088 0.85917 0.03214 0.86118 0.02830 0.86043 0.00000 0.84052 0.00000
6 0.00000 0.39809 0.17690 0.40846 0.18933 0.40038 0.20285 0.37974 0.21101 0.36936 0.22083 0.36890 0.22632 0.36364 0.22599 0.35115 0.22226 0.31630 0.21658 0.31406 0.21231 0.31176 0.20790 0.30446 0.20069 0.29729 0.19582 0.27250 0.19115 0.25521 0.18929 0.23779 0.19138 0.21017 0.00000 0.19863 0.00000 0.39809
6 1.00000 0.48838 0.99996 0.48685 0.70565 0.04616 0.51737 0.04742 0.47690 0.21940 0.24057 0.21038 0.25004 0.24997 0.23640 0.26561 0.25240 0.33991 0.24917 0.37759 0.29562 0.38043 0.28952 0.41573 0.41611 0.41985 0.26901 1.00000 0.50655 1.00000 1.00000 0.97705 1.00000 0.48838
7 0.41586 0.16909 0.41713 0.21780 0.46776 0.21920 0.47178 0.21151 0.47922 0.17364 0.47461 0.15885 0.46690 0.14607 0.45948 0.14454 0.45909 0.12955 0.46281 0.11062 0.47605 0.09312 0.48097 0.07975 0.48239 0.05342 0.48440 0.04957 0.47730 0.01989 0.46738 0.00346 0.45974 0.00157 0.43037 0.00293 0.42304 0.04117 0.42373 0.06741 0.43093 0.10084 0.42902 0.10844 0.43011 0.14966 0.41586 0.16909
7 0.84052 0.00000 0.83752 0.01064 0.83660 0.05571 0.83459 0.05955 0.83508 0.07829 0.83308 0.08214 0.83367 0.10462 0.83166 0.10847 0.83044 0.14230 0.82461 0.16133 0.82368 0.20640 0.83340 0.21533 0.84183 0.21494 0.84623 0.22223 0.84814 0.21464 0.86078 0.21405 0.86298 0.21770 0.86930 0.21741 0.87170 0.22855 0.87481 0.22654 0.87882 0.21884 0.87833 0.20011 0.88195 0.17742 0.87203 0.16100 0.86601 0.17254 0.85338 0.17313 0.85007 0.16765 0.85462 0.09989 0.85663 0.09605 0.85623 0.08106 0.85824 0.07721 0.85765 0.05473 0.85966 0.05088 0.85917 0.03214 0.86118 0.02830 0.86043 0.00000 0.84052 0.00000
6 0.00000 0.39809 0.17690 0.40846 0.18933 0.40038 0.20285 0.37974 0.21101 0.36936 0.22083 0.36890 0.22632 0.36364 0.22599 0.35115 0.22226 0.31630 0.21658 0.31406 0.21231 0.31176 0.20790 0.30446 0.20069 0.29729 0.19582 0.27250 0.19115 0.25521 0.18929 0.23779 0.19138 0.21017 0.00000 0.19863 0.00000 0.39809
6 1.00000 0.48838 0.99996 0.48685 0.70565 0.04616 0.51737 0.04742 0.47690 0.21940 0.24057 0.21038 0.25004 0.24997 0.23640 0.26561 0.25240 0.33991 0.24917 0.37759 0.29562 0.38043 0.28952 0.41573 0.41611 0.41985 0.26901 1.00000 0.50655 1.00000 1.00000 0.97705 1.00000 0.48838
7 0.41586 0.16909 0.41713 0.21780 0.46776 0.21920 0.47178 0.21151 0.47922 0.17364 0.47461 0.15885 0.46690 0.14607 0.45948 0.14454 0.45909 0.12955 0.46281 0.11062 0.47605 0.09312 0.48097 0.07975 0.48239 0.05342 0.48440 0.04957 0.47730 0.01989 0.46738 0.00346 0.45974 0.00157 0.43037 0.00293 0.42304 0.04117 0.42373 0.06741 0.43093 0.10084 0.42902 0.10844 0.43011 0.14966 0.41586 0.16909
7 0.84052 0.00000 0.83752 0.01064 0.83660 0.05571 0.83459 0.05955 0.83508 0.07829 0.83308 0.08214 0.83367 0.10462 0.83166 0.10847 0.83044 0.14230 0.82461 0.16133 0.82368 0.20640 0.83340 0.21533 0.84183 0.21494 0.84623 0.22223 0.84814 0.21464 0.86078 0.21405 0.86298 0.21770 0.86930 0.21741 0.87170 0.22855 0.87481 0.22654 0.87882 0.21884 0.87833 0.20011 0.88195 0.17742 0.87203 0.16100 0.86601 0.17254 0.85338 0.17313 0.85007 0.16765 0.85462 0.09989 0.85663 0.09605 0.85623 0.08106 0.85824 0.07721 0.85765 0.05473 0.85966 0.05088 0.85917 0.03214 0.86118 0.02830 0.86043 0.00000 0.84052 0.00000
6 0.00000 0.39809 0.17690 0.40846 0.18933 0.40038 0.20285 0.37974 0.21101 0.36936 0.22083 0.36890 0.22632 0.36364 0.22599 0.35115 0.22226 0.31630 0.21658 0.31406 0.21231 0.31176 0.20790 0.30446 0.20069 0.29729 0.19582 0.27250 0.19115 0.25521 0.18929 0.23779 0.19138 0.21017 0.00000 0.19863 0.00000 0.39809
6 1.00000 0.48838 0.99996 0.48685 0.70565 0.04616 0.51737 0.04742 0.47690 0.21940 0.24057 0.21038 0.25004 0.24997 0.23640 0.26561 0.25240 0.33991 0.24917 0.37759 0.29562 0.38043 0.28952 0.41573 0.41611 0.41985 0.26901 1.00000 0.50655 1.00000 1.00000 0.97705 1.00000 0.48838
7 0.41586 0.16909 0.41713 0.21780 0.46776 0.21920 0.47178 0.21151 0.47922 0.17364 0.47461 0.15885 0.46690 0.14607 0.45948 0.14454 0.45909 0.12955 0.46281 0.11062 0.47605 0.09312 0.48097 0.07975 0.48239 0.05342 0.48440 0.04957 0.47730 0.01989 0.46738 0.00346 0.45974 0.00157 0.43037 0.00293 0.42304 0.04117 0.42373 0.06741 0.43093 0.10084 0.42902 0.10844 0.43011 0.14966 0.41586 0.16909
7 0.84052 0.00000 0.83752 0.01064 0.83660 0.05571 0.83459 0.05955 0.83508 0.07829 0.83308 0.08214 0.83367 0.10462 0.83166 0.10847 0.83044 0.14230 0.82461 0.16133 0.82368 0.20640 0.83340 0.21533 0.84183 0.21494 0.84623 0.22223 0.84814 0.21464 0.86078 0.21405 0.86298 0.21770 0.86930 0.21741 0.87170 0.22855 0.87481 0.22654 0.87882 0.21884 0.87833 0.20011 0.88195 0.17742 0.87203 0.16100 0.86601 0.17254 0.85338 0.17313 0.85007 0.16765 0.85462 0.09989 0.85663 0.09605 0.85623 0.08106 0.85824 0.07721 0.85765 0.05473 0.85966 0.05088 0.85917 0.03214 0.86118 0.02830 0.86043 0.00000 0.84052 0.00000
