6 1.00000 0.73852 0.26949 0.03824 0.00000 0.08869 0.00000 0.54657 0.04784 1.00000 0.52625 1.00000 1.00000 0.91131 1.00000 0.73852
1 0.48921 0.00000 0.48421 0.04018 0.48759 0.07216 0.49629 0.10418 0.50763 0.12081 0.52870 0.14906 0.53240 0.18052 0.52266 0.18566 0.48887 0.20760 0.49042 0.22994 0.52874 0.26100 0.60103 0.23750 0.59699 0.21248 0.57024 0.20253 0.56608 0.16756 0.55331 0.17494 0.54962 0.15031 0.55985 0.12384 0.57570 0.10050 0.57906 0.05924 0.57913 0.03188 0.57496 0.00000 0.48921 0.00000
6 1.00000 0.73852 0.26949 0.03824 0.00000 0.08869 0.00000 0.54657 0.04784 1.00000 0.52625 1.00000 1.00000 0.91131 1.00000 0.73852
1 0.48921 0.00000 0.48421 0.04018 0.48759 0.07216 0.49629 0.10418 0.50763 0.12081 0.52870 0.14906 0.53240 0.18052 0.52266 0.18566 0.48887 0.20760 0.49042 0.22994 0.52874 0.26100 0.60103 0.23750 0.59699 0.21248 0.57024 0.20253 0.56608 0.16756 0.55331 0.17494 0.54962 0.15031 0.55985 0.12384 0.57570 0.10050 0.57906 0.05924 0.57913 0.03188 0.57496 0.00000 0.48921 0.00000
6 1.00000 0.73852 0.26949 0.03824 0.00000 0.08869 0.00000 0.54657 0.04784 1.00000 0.52625 1.00000 1.00000 0.91131 1.00000 0.73852
1 0.48921 0.00000 0.48421 0.04018 0.48759 0.07216 0.49629 0.10418 0.50763 0.12081 0.52870 0.14906 0.53240 0.18052 0.52266 0.18566 0.48887 0.20760 0.49042 0.22994 0.52874 0.26100 0.60103 0.23750 0.59699 0.21248 0.57024 0.20253 0.56608 0.16756 0.55331 0.17494 0.54962 0.15031 0.55985 0.12384 0.57570 0.10050 0.57906 0.05924 0.57913 0.03188 0.57496 0.00000 0.48921 0.00000
6 1.00000 0.73852 0.26949 0.03824 0.00000 0.08869 0.00000 0.54657 0.04784 1.00000 0.52625 1.00000 1.00000 0.91131 1.00000 0.73852
1 0.48921 0.00000 0.48421 0.04018 0.48759 0.07216 0.49629 0.10418 0.50763 0.12081 0.52870 0.14906 0.53240 0.18052 0.52266 0.18566 0.48887 0.20760 0.49042 0.22994 0.52874 0.26100 0.60103 0.23750 0.59699 0.21248 0.57024 0.20253 0.56608 0.16756 0.55331 0.17494 0.54962 0.15031 0.55985 0.12384 0.57570 0.10050 0.57906 0.05924 0.57913 0.03188 0.57496 0.00000 0.48921 0.00000
6 1.00000 0.73852 0.26949 0.03824 0.00000 0.08869 0.00000 0.54657 0.04784 1.00000 0.52625 1.00000 1.00000 0.91131 1.00000 0.73852
1 0.48921 0.00000 0.48421 0.04018 0.48759 0.07216 0.49629 0.10418 0.50763 0.12081 0.52870 0.14906 0.53240 0.18052 0.52266 0.18566 0.48887 0.20760 0.49042 0.22994 0.52874 0.26100 0.60103 0.23750 0.59699 0.21248 0.57024 0.20253 0.56608 0.16756 0.55331 0.17494 0.54962 0.15031 0.55985 0.12384 0.57570 0.10050 0.57906 0.05924 0.57913 0.03188 0.57496 0.00000 0.48921 0.00000
6 1.00000 0.73852 0.26949 0.03824 0.00000 0.08869 0.00000 0.54657 0.04784 1.00000 0.52625 1.00000 1.00000 0.91131 1.00000 0.73852
1 0.48921 0.00000 0.48421 0.04018 0.48759 0.07216 0.49629 0.10418 0.50763 0.12081 0.52870 0.14906 0.53240 0.18052 0.52266 0.18566 0.48887 0.20760 0.49042 0.22994 0.52874 0.26100 0.60103 0.23750 0.59699 0.21248 0.57024 0.20253 0.56608 0.16756 0.55331 0.17494 0.54962 0.15031 0.55985 0.12384 0.57570 0.10050 0.57906 0.05924 0.57913 0.03188 0.57496 0.00000 0.48921 0.00000
