4 0.71528 0.46500 0.71415 0.47934 0.71185 0.48265 0.71188 0.50803 0.71506 0.51935 0.72574 0.53898 0.72518 0.54615 0.71627 0.55578 0.71225 0.56791 0.70621 0.56706 0.70276 0.57202 0.70219 0.57919 0.70537 0.59051 0.71692 0.61207 0.74629 0.61437 0.74946 0.61300 0.75319 0.60445 0.75489 0.58294 0.74652 0.57270 0.73582 0.54039 0.74762 0.53298 0.75796 0.51811 0.76313 0.50433 0.76483 0.48281 0.75211 0.45021 0.73627 0.44437 0.71528 0.46500
7 0.41589 0.51373 0.41849 0.51953 0.42367 0.51844 0.42279 0.50381 0.42624 0.49886 0.43027 0.49942 0.43428 0.48730 0.43284 0.47984 0.43761 0.39350 0.42062 0.38930 0.41833 0.40530 0.42007 0.40917 0.41529 0.49551 0.41703 0.49938 0.41589 0.51373
7 0.45558 0.47577 0.45038 0.46417 0.45296 0.45728 0.45717 0.37811 0.44018 0.37391 0.43506 0.42577 0.43680 0.42964 0.43482 0.45474 0.43800 0.46606 0.43428 0.48730 0.45445 0.49012 0.45558 0.47577
6 0.95746 1.00000 0.69724 0.57305 0.70837 0.56978 0.71738 0.55895 0.72061 0.53523 0.71445 0.52712 0.70830 0.51901 0.43262 0.49975 0.42784 0.50875 0.43955 0.51523 0.43960 0.54907 0.20989 0.96214 0.48033 1.00000 0.95746 1.00000
6 0.99836 0.55564 0.75791 0.53321 0.74462 0.55230 0.74541 0.56530 0.74811 0.57695 0.99484 0.60023 0.99836 0.55564
6 0.00000 0.50258 0.12443 0.51381 0.13120 0.50831 0.24766 0.51334 0.25365 0.49484 0.26233 0.47671 0.00096 0.45291 0.00000 0.46509 0.00000 0.50258
4 0.71528 0.46500 0.71415 0.47934 0.71185 0.48265 0.71188 0.50803 0.71506 0.51935 0.72574 0.53898 0.72518 0.54615 0.71627 0.55578 0.71225 0.56791 0.70621 0.56706 0.70276 0.57202 0.70219 0.57919 0.70537 0.59051 0.71692 0.61207 0.74629 0.61437 0.74946 0.61300 0.75319 0.60445 0.75489 0.58294 0.74652 0.57270 0.73582 0.54039 0.74762 0.53298 0.75796 0.51811 0.76313 0.50433 0.76483 0.48281 0.75211 0.45021 0.73627 0.44437 0.71528 0.46500
7 0.41589 0.51373 0.41849 0.51953 0.42367 0.51844 0.42279 0.50381 0.42624 0.49886 0.43027 0.49942 0.43428 0.48730 0.43284 0.47984 0.43761 0.39350 0.42062 0.38930 0.41833 0.40530 0.42007 0.40917 0.41529 0.49551 0.41703 0.49938 0.41589 0.51373
7 0.45558 0.47577 0.45038 0.46417 0.45296 0.45728 0.45717 0.37811 0.44018 0.37391 0.43506 0.42577 0.43680 0.42964 0.43482 0.45474 0.43800 0.46606 0.43428 0.48730 0.45445 0.49012 0.45558 0.47577
6 0.95746 1.00000 0.69724 0.57305 0.70837 0.56978 0.71738 0.55895 0.72061 0.53523 0.71445 0.52712 0.70830 0.51901 0.43262 0.49975 0.42784 0.50875 0.43955 0.51523 0.43960 0.54907 0.20989 0.96214 0.48033 1.00000 0.95746 1.00000
6 0.99836 0.55564 0.75791 0.53321 0.74462 0.55230 0.74541 0.56530 0.74811 0.57695 0.99484 0.60023 0.99836 0.55564
6 0.00000 0.50258 0.12443 0.51381 0.13120 0.50831 0.24766 0.51334 0.25365 0.49484 0.26233 0.47671 0.00096 0.45291 0.00000 0.46509 0.00000 0.50258
4 0.71528 0.46500 0.71415 0.47934 0.71185 0.48265 0.71188 0.50803 0.71506 0.51935 0.72574 0.53898 0.72518 0.54615 0.71627 0.55578 0.71225 0.56791 0.70621 0.56706 0.70276 0.57202 0.70219 0.57919 0.70537 0.59051 0.71692 0.61207 0.74629 0.61437 0.74946 0.61300 0.75319 0.60445 0.75489 0.58294 0.74652 0.57270 0.73582 0.54039 0.74762 0.53298 0.75796 0.51811 0.76313 0.50433 0.76483 0.48281 0.75211 0.45021 0.73627 0.44437 0.71528 0.46500
7 0.41589 0.51373 0.41849 0.51953 0.42367 0.51844 0.42279 0.50381 0.42624 0.49886 0.43027 0.49942 0.43428 0.48730 0.43284 0.47984 0.43761 0.39350 0.42062 0.38930 0.41833 0.40530 0.42007 0.40917 0.41529 0.49551 0.41703 0.49938 0.41589 0.51373
7 0.45558 0.47577 0.45038 0.46417 0.45296 0.45728 0.45717 0.37811 0.44018 0.37391 0.43506 0.42577 0.43680 0.42964 0.43482 0.45474 0.43800 0.46606 0.43428 0.48730 0.45445 0.49012 0.45558 0.47577
6 0.95746 1.00000 0.69724 0.57305 0.70837 0.56978 0.71738 0.55895 0.72061 0.53523 0.71445 0.52712 0.70830 0.51901 0.43262 0.49975 0.42784 0.50875 0.43955 0.51523 0.43960 0.54907 0.20989 0.96214 0.48033 1.00000 0.95746 1.00000
6 0.99836 0.55564 0.75791 0.53321 0.74462 0.55230 0.74541 0.56530 0.74811 0.57695 0.99484 0.60023 0.99836 0.55564
6 0.00000 0.50258 0.12443 0.51381 0.13120 0.50831 0.24766 0.51334 0.25365 0.49484 0.26233 0.47671 0.00096 0.45291 0.00000 0.46509 0.00000 0.50258
4 0.71528 0.46500 0.71415 0.47934 0.71185 0.48265 0.71188 0.50803 0.71506 0.51935 0.72574 0.53898 0.72518 0.54615 0.71627 0.55578 0.71225 0.56791 0.70621 0.56706 0.70276 0.57202 0.70219 0.57919 0.70537 0.59051 0.71692 0.61207 0.74629 0.61437 0.74946 0.61300 0.75319 0.60445 0.75489 0.58294 0.74652 0.57270 0.73582 0.54039 0.74762 0.53298 0.75796 0.51811 0.76313 0.50433 0.76483 0.48281 0.75211 0.45021 0.73627 0.44437 0.71528 0.46500
7 0.41589 0.51373 0.41849 0.51953 0.42367 0.51844 0.42279 0.50381 0.42624 0.49886 0.43027 0.49942 0.43428 0.48730 0.43284 0.47984 0.43761 0.39350 0.42062 0.38930 0.41833 0.40530 0.42007 0.40917 0.41529 0.49551 0.41703 0.49938 0.41589 0.51373
7 0.45558 0.47577 0.45038 0.46417 0.45296 0.45728 0.45717 0.37811 0.44018 0.37391 0.43506 0.42577 0.43680 0.42964 0.43482 0.45474 0.43800 0.46606 0.43428 0.48730 0.45445 0.49012 0.45558 0.47577
6 0.95746 1.00000 0.69724 0.57305 0.70837 0.56978 0.71738 0.55895 0.72061 0.53523 0.71445 0.52712 0.70830 0.51901 0.43262 0.49975 0.42784 0.50875 0.43955 0.51523 0.43960 0.54907 0.20989 0.96214 0.48033 1.00000 0.95746 1.00000
6 0.99836 0.55564 0.75791 0.53321 0.74462 0.55230 0.74541 0.56530 0.74811 0.57695 0.99484 0.60023 0.99836 0.55564
6 0.00000 0.50258 0.12443 0.51381 0.13120 0.50831 0.24766 0.51334 0.25365 0.49484 0.26233 0.47671 0.00096 0.45291 0.00000 0.46509 0.00000 0.50258
4 0.71528 0.46500 0.71415 0.47934 0.71185 0.48265 0.71188 0.50803 0.71506 0.51935 0.72574 0.53898 0.72518 0.54615 0.71627 0.55578 0.71225 0.56791 0.70621 0.56706 0.70276 0.57202 0.70219 0.57919 0.70537 0.59051 0.71692 0.61207 0.74629 0.61437 0.74946 0.61300 0.75319 0.60445 0.75489 0.58294 0.74652 0.57270 0.73582 0.54039 0.74762 0.53298 0.75796 0.51811 0.76313 0.50433 0.76483 0.48281 0.75211 0.45021 0.73627 0.44437 0.71528 0.46500
7 0.41589 0.51373 0.41849 0.51953 0.42367 0.51844 0.42279 0.50381 0.42624 0.49886 0.43027 0.49942 0.43428 0.48730 0.43284 0.47984 0.43761 0.39350 0.42062 0.38930 0.41833 0.40530 0.42007 0.40917 0.41529 0.49551 0.41703 0.49938 0.41589 0.51373
7 0.45558 0.47577 0.45038 0.46417 0.45296 0.45728 0.45717 0.37811 0.44018 0.37391 0.43506 0.42577 0.43680 0.42964 0.43482 0.45474 0.43800 0.46606 0.43428 0.48730 0.45445 0.49012 0.45558 0.47577
6 0.95746 1.00000 0.69724 0.57305 0.70837 0.56978 0.71738 0.55895 0.72061 0.53523 0.71445 0.52712 0.70830 0.51901 0.43262 0.49975 0.42784 0.50875 0.43955 0.51523 0.43960 0.54907 0.20989 0.96214 0.48033 1.00000 0.95746 1.00000
6 0.99836 0.55564 0.75791 0.53321 0.74462 0.55230 0.74541 0.56530 0.74811 0.57695 0.99484 0.60023 0.99836 0.55564
6 0.00000 0.50258 0.12443 0.51381 0.13120 0.50831 0.24766 0.51334 0.25365 0.49484 0.26233 0.47671 0.00096 0.45291 0.00000 0.46509 0.00000 0.50258
4 0.71528 0.46500 0.71415 0.47934 0.71185 0.48265 0.71188 0.50803 0.71506 0.51935 0.72574 0.53898 0.72518 0.54615 0.71627 0.55578 0.71225 0.56791 0.70621 0.56706 0.70276 0.57202 0.70219 0.57919 0.70537 0.59051 0.71692 0.61207 0.74629 0.61437 0.74946 0.61300 0.75319 0.60445 0.75489 0.58294 0.74652 0.57270 0.73582 0.54039 0.74762 0.53298 0.75796 0.51811 0.76313 0.50433 0.76483 0.48281 0.75211 0.45021 0.73627 0.44437 0.71528 0.46500
7 0.41589 0.51373 0.41849 0.51953 0.42367 0.51844 0.42279 0.50381 0.42624 0.49886 0.43027 0.49942 0.43428 0.48730 0.43284 0.47984 0.43761 0.39350 0.42062 0.38930 0.41833 0.40530 0.42007 0.40917 0.41529 0.49551 0.41703 0.49938 0.41589 0.51373
7 0.45558 0.47577 0.45038 0.46417 0.45296 0.45728 0.45717 0.37811 0.44018 0.37391 0.43506 0.42577 0.43680 0.42964 0.43482 0.45474 0.43800 0.46606 0.43428 0.48730 0.45445 0.49012 0.45558 0.47577
6 0.95746 1.00000 0.69724 0.57305 0.70837 0.56978 0.71738 0.55895 0.72061 0.53523 0.71445 0.52712 0.70830 0.51901 0.43262 0.49975 0.42784 0.50875 0.43955 0.51523 0.43960 0.54907 0.20989 0.96214 0.48033 1.00000 0.95746 1.00000
6 0.99836 0.55564 0.75791 0.53321 0.74462 0.55230 0.74541 0.56530 0.74811 0.57695 0.99484 0.60023 0.99836 0.55564
6 0.00000 0.50258 0.12443 0.51381 0.13120 0.50831 0.24766 0.51334 0.25365 0.49484 0.26233 0.47671 0.00096 0.45291 0.00000 0.46509 0.00000 0.50258
