6 0.00000 0.95465 0.26492 0.97932 0.26448 0.97602 0.26057 0.97565 0.25506 0.96814 0.23780 0.95953 0.22855 0.94817 0.19048 0.92362 0.17358 0.90805 0.16771 0.90750 0.14494 0.89138 0.13943 0.88386 0.13355 0.88332 0.12804 0.87580 0.11274 0.86738 0.09780 0.85199 0.08996 0.85126 0.07111 0.83550 0.04993 0.82653 0.03108 0.81077 0.02520 0.81022 0.01969 0.80271 0.01382 0.80216 0.00000 0.79238 0.00000 0.95465
2 0.11608 0.76619 0.11164 0.75702 0.11292 0.73264 0.12204 0.70899 0.13940 0.64060 0.14050 0.61970 0.13784 0.61421 0.08281 0.61258 0.08067 0.61588 0.06696 0.61461 0.05965 0.62268 0.06106 0.63330 0.07508 0.66611 0.08323 0.69837 0.09370 0.72385 0.09511 0.73448 0.09328 0.76931 0.08080 0.78215 0.07952 0.80653 0.05850 0.81332 0.05724 0.81846 0.05972 0.82744 0.06560 0.82799 0.06738 0.83165 0.08411 0.83146 0.10086 0.83127 0.10300 0.82797 0.11689 0.82577 0.13525 0.81347 0.14896 0.81475 0.15235 0.80632 0.15272 0.79935 0.15006 0.79385 0.13047 0.79203 0.12781 0.78653 0.12569 0.77058 0.11608 0.76619
6 0.00000 0.95465 0.26492 0.97932 0.26448 0.97602 0.26057 0.97565 0.25506 0.96814 0.23780 0.95953 0.22855 0.94817 0.19048 0.92362 0.17358 0.90805 0.16771 0.90750 0.14494 0.89138 0.13943 0.88386 0.13355 0.88332 0.12804 0.87580 0.11274 0.86738 0.09780 0.85199 0.08996 0.85126 0.07111 0.83550 0.04993 0.82653 0.03108 0.81077 0.02520 0.81022 0.01969 0.80271 0.01382 0.80216 0.00000 0.79238 0.00000 0.95465
2 0.11608 0.76619 0.11164 0.75702 0.11292 0.73264 0.12204 0.70899 0.13940 0.64060 0.14050 0.61970 0.13784 0.61421 0.08281 0.61258 0.08067 0.61588 0.06696 0.61461 0.05965 0.62268 0.06106 0.63330 0.07508 0.66611 0.08323 0.69837 0.09370 0.72385 0.09511 0.73448 0.09328 0.76931 0.08080 0.78215 0.07952 0.80653 0.05850 0.81332 0.05724 0.81846 0.05972 0.82744 0.06560 0.82799 0.06738 0.83165 0.08411 0.83146 0.10086 0.83127 0.10300 0.82797 0.11689 0.82577 0.13525 0.81347 0.14896 0.81475 0.15235 0.80632 0.15272 0.79935 0.15006 0.79385 0.13047 0.79203 0.12781 0.78653 0.12569 0.77058 0.11608 0.76619
6 0.00000 0.95465 0.26492 0.97932 0.26448 0.97602 0.26057 0.97565 0.25506 0.96814 0.23780 0.95953 0.22855 0.94817 0.19048 0.92362 0.17358 0.90805 0.16771 0.90750 0.14494 0.89138 0.13943 0.88386 0.13355 0.88332 0.12804 0.87580 0.11274 0.86738 0.09780 0.85199 0.08996 0.85126 0.07111 0.83550 0.04993 0.82653 0.03108 0.81077 0.02520 0.81022 0.01969 0.80271 0.01382 0.80216 0.00000 0.79238 0.00000 0.95465
2 0.11608 0.76619 0.11164 0.75702 0.11292 0.73264 0.12204 0.70899 0.13940 0.64060 0.14050 0.61970 0.13784 0.61421 0.08281 0.61258 0.08067 0.61588 0.06696 0.61461 0.05965 0.62268 0.06106 0.63330 0.07508 0.66611 0.08323 0.69837 0.09370 0.72385 0.09511 0.73448 0.09328 0.76931 0.08080 0.78215 0.07952 0.80653 0.05850 0.81332 0.05724 0.81846 0.05972 0.82744 0.06560 0.82799 0.06738 0.83165 0.08411 0.83146 0.10086 0.83127 0.10300 0.82797 0.11689 0.82577 0.13525 0.81347 0.14896 0.81475 0.15235 0.80632 0.15272 0.79935 0.15006 0.79385 0.13047 0.79203 0.12781 0.78653 0.12569 0.77058 0.11608 0.76619
6 0.00000 0.95465 0.26492 0.97932 0.26448 0.97602 0.26057 0.97565 0.25506 0.96814 0.23780 0.95953 0.22855 0.94817 0.19048 0.92362 0.17358 0.90805 0.16771 0.90750 0.14494 0.89138 0.13943 0.88386 0.13355 0.88332 0.12804 0.87580 0.11274 0.86738 0.09780 0.85199 0.08996 0.85126 0.07111 0.83550 0.04993 0.82653 0.03108 0.81077 0.02520 0.81022 0.01969 0.80271 0.01382 0.80216 0.00000 0.79238 0.00000 0.95465
2 0.11608 0.76619 0.11164 0.75702 0.11292 0.73264 0.12204 0.70899 0.13940 0.64060 0.14050 0.61970 0.13784 0.61421 0.08281 0.61258 0.08067 0.61588 0.06696 0.61461 0.05965 0.62268 0.06106 0.63330 0.07508 0.66611 0.08323 0.69837 0.09370 0.72385 0.09511 0.73448 0.09328 0.76931 0.08080 0.78215 0.07952 0.80653 0.05850 0.81332 0.05724 0.81846 0.05972 0.82744 0.06560 0.82799 0.06738 0.83165 0.08411 0.83146 0.10086 0.83127 0.10300 0.82797 0.11689 0.82577 0.13525 0.81347 0.14896 0.81475 0.15235 0.80632 0.15272 0.79935 0.15006 0.79385 0.13047 0.79203 0.12781 0.78653 0.12569 0.77058 0.11608 0.76619
6 0.00000 0.95465 0.26492 0.97932 0.26448 0.97602 0.26057 0.97565 0.25506 0.96814 0.23780 0.95953 0.22855 0.94817 0.19048 0.92362 0.17358 0.90805 0.16771 0.90750 0.14494 0.89138 0.13943 0.88386 0.13355 0.88332 0.12804 0.87580 0.11274 0.86738 0.09780 0.85199 0.08996 0.85126 0.07111 0.83550 0.04993 0.82653 0.03108 0.81077 0.02520 0.81022 0.01969 0.80271 0.01382 0.80216 0.00000 0.79238 0.00000 0.95465
2 0.11608 0.76619 0.11164 0.75702 0.11292 0.73264 0.12204 0.70899 0.13940 0.64060 0.14050 0.61970 0.13784 0.61421 0.08281 0.61258 0.08067 0.61588 0.06696 0.61461 0.05965 0.62268 0.06106 0.63330 0.07508 0.66611 0.08323 0.69837 0.09370 0.72385 0.09511 0.73448 0.09328 0.76931 0.08080 0.78215 0.07952 0.80653 0.05850 0.81332 0.05724 0.81846 0.05972 0.82744 0.06560 0.82799 0.06738 0.83165 0.08411 0.83146 0.10086 0.83127 0.10300 0.82797 0.11689 0.82577 0.13525 0.81347 0.14896 0.81475 0.15235 0.80632 0.15272 0.79935 0.15006 0.79385 0.13047 0.79203 0.12781 0.78653 0.12569 0.77058 0.11608 0.76619
6 0.00000 0.95465 0.26492 0.97932 0.26448 0.97602 0.26057 0.97565 0.25506 0.96814 0.23780 0.95953 0.22855 0.94817 0.19048 0.92362 0.17358 0.90805 0.16771 0.90750 0.14494 0.89138 0.13943 0.88386 0.13355 0.88332 0.12804 0.87580 0.11274 0.86738 0.09780 0.85199 0.08996 0.85126 0.07111 0.83550 0.04993 0.82653 0.03108 0.81077 0.02520 0.81022 0.01969 0.80271 0.01382 0.80216 0.00000 0.79238 0.00000 0.95465
2 0.11608 0.76619 0.11164 0.75702 0.11292 0.73264 0.12204 0.70899 0.13940 0.64060 0.14050 0.61970 0.13784 0.61421 0.08281 0.61258 0.08067 0.61588 0.06696 0.61461 0.05965 0.62268 0.06106 0.63330 0.07508 0.66611 0.08323 0.69837 0.09370 0.72385 0.09511 0.73448 0.09328 0.76931 0.08080 0.78215 0.07952 0.80653 0.05850 0.81332 0.05724 0.81846 0.05972 0.82744 0.06560 0.82799 0.06738 0.83165 0.08411 0.83146 0.10086 0.83127 0.10300 0.82797 0.11689 0.82577 0.13525 0.81347 0.14896 0.81475 0.15235 0.80632 0.15272 0.79935 0.15006 0.79385 0.13047 0.79203 0.12781 0.78653 0.12569 0.77058 0.11608 0.76619
