6 0.27637 0.96528 0.27051 0.96528 0.22754 0.93750 0.22168 0.93750 0.20801 0.92708 0.20215 0.92708 0.18848 0.91667 0.18262 0.91667 0.16309 0.90278 0.15723 0.90278 0.15137 0.89583 0.13770 0.89236 0.13184 0.88542 0.11230 0.87847 0.06738 0.85070 0.05957 0.85070 0.04590 0.83680 0.03418 0.83333 0.02637 0.82639 0.01074 0.82639 0.00879 0.82986 0.00293 0.82986 0.00000 0.83507 0.00098 1.00000 0.23633 0.99827 0.32227 0.99479 0.31348 0.98611 0.30762 0.98611 0.27637 0.96528
5 0.08583 0.76733 0.06957 0.77696 0.06753 0.79564 0.03738 0.80588 0.03840 0.82274 0.07600 0.84804 0.14811 0.81672 0.14811 0.79745 0.12033 0.78420 0.11965 0.76854 0.10847 0.76612 0.10638 0.72637 0.11892 0.71734 0.13687 0.66675 0.13619 0.61314 0.11756 0.57640 0.08470 0.58242 0.06505 0.62157 0.06110 0.69144 0.08617 0.72939 0.08583 0.76733
6 0.27637 0.96528 0.27051 0.96528 0.22754 0.93750 0.22168 0.93750 0.20801 0.92708 0.20215 0.92708 0.18848 0.91667 0.18262 0.91667 0.16309 0.90278 0.15723 0.90278 0.15137 0.89583 0.13770 0.89236 0.13184 0.88542 0.11230 0.87847 0.06738 0.85070 0.05957 0.85070 0.04590 0.83680 0.03418 0.83333 0.02637 0.82639 0.01074 0.82639 0.00879 0.82986 0.00293 0.82986 0.00000 0.83507 0.00098 1.00000 0.23633 0.99827 0.32227 0.99479 0.31348 0.98611 0.30762 0.98611 0.27637 0.96528
5 0.08583 0.76733 0.06957 0.77696 0.06753 0.79564 0.03738 0.80588 0.03840 0.82274 0.07600 0.84804 0.14811 0.81672 0.14811 0.79745 0.12033 0.78420 0.11965 0.76854 0.10847 0.76612 0.10638 0.72637 0.11892 0.71734 0.13687 0.66675 0.13619 0.61314 0.11756 0.57640 0.08470 0.58242 0.06505 0.62157 0.06110 0.69144 0.08617 0.72939 0.08583 0.76733
6 0.27637 0.96528 0.27051 0.96528 0.22754 0.93750 0.22168 0.93750 0.20801 0.92708 0.20215 0.92708 0.18848 0.91667 0.18262 0.91667 0.16309 0.90278 0.15723 0.90278 0.15137 0.89583 0.13770 0.89236 0.13184 0.88542 0.11230 0.87847 0.06738 0.85070 0.05957 0.85070 0.04590 0.83680 0.03418 0.83333 0.02637 0.82639 0.01074 0.82639 0.00879 0.82986 0.00293 0.82986 0.00000 0.83507 0.00098 1.00000 0.23633 0.99827 0.32227 0.99479 0.31348 0.98611 0.30762 0.98611 0.27637 0.96528
5 0.08583 0.76733 0.06957 0.77696 0.06753 0.79564 0.03738 0.80588 0.03840 0.82274 0.07600 0.84804 0.14811 0.81672 0.14811 0.79745 0.12033 0.78420 0.11965 0.76854 0.10847 0.76612 0.10638 0.72637 0.11892 0.71734 0.13687 0.66675 0.13619 0.61314 0.11756 0.57640 0.08470 0.58242 0.06505 0.62157 0.06110 0.69144 0.08617 0.72939 0.08583 0.76733
6 0.27637 0.96528 0.27051 0.96528 0.22754 0.93750 0.22168 0.93750 0.20801 0.92708 0.20215 0.92708 0.18848 0.91667 0.18262 0.91667 0.16309 0.90278 0.15723 0.90278 0.15137 0.89583 0.13770 0.89236 0.13184 0.88542 0.11230 0.87847 0.06738 0.85070 0.05957 0.85070 0.04590 0.83680 0.03418 0.83333 0.02637 0.82639 0.01074 0.82639 0.00879 0.82986 0.00293 0.82986 0.00000 0.83507 0.00098 1.00000 0.23633 0.99827 0.32227 0.99479 0.31348 0.98611 0.30762 0.98611 0.27637 0.96528
5 0.08583 0.76733 0.06957 0.77696 0.06753 0.79564 0.03738 0.80588 0.03840 0.82274 0.07600 0.84804 0.14811 0.81672 0.14811 0.79745 0.12033 0.78420 0.11965 0.76854 0.10847 0.76612 0.10638 0.72637 0.11892 0.71734 0.13687 0.66675 0.13619 0.61314 0.11756 0.57640 0.08470 0.58242 0.06505 0.62157 0.06110 0.69144 0.08617 0.72939 0.08583 0.76733
6 0.27637 0.96528 0.27051 0.96528 0.22754 0.93750 0.22168 0.93750 0.20801 0.92708 0.20215 0.92708 0.18848 0.91667 0.18262 0.91667 0.16309 0.90278 0.15723 0.90278 0.15137 0.89583 0.13770 0.89236 0.13184 0.88542 0.11230 0.87847 0.06738 0.85070 0.05957 0.85070 0.04590 0.83680 0.03418 0.83333 0.02637 0.82639 0.01074 0.82639 0.00879 0.82986 0.00293 0.82986 0.00000 0.83507 0.00098 1.00000 0.23633 0.99827 0.32227 0.99479 0.31348 0.98611 0.30762 0.98611 0.27637 0.96528
5 0.08583 0.76733 0.06957 0.77696 0.06753 0.79564 0.03738 0.80588 0.03840 0.82274 0.07600 0.84804 0.14811 0.81672 0.14811 0.79745 0.12033 0.78420 0.11965 0.76854 0.10847 0.76612 0.10638 0.72637 0.11892 0.71734 0.13687 0.66675 0.13619 0.61314 0.11756 0.57640 0.08470 0.58242 0.06505 0.62157 0.06110 0.69144 0.08617 0.72939 0.08583 0.76733
6 0.27637 0.96528 0.27051 0.96528 0.22754 0.93750 0.22168 0.93750 0.20801 0.92708 0.20215 0.92708 0.18848 0.91667 0.18262 0.91667 0.16309 0.90278 0.15723 0.90278 0.15137 0.89583 0.13770 0.89236 0.13184 0.88542 0.11230 0.87847 0.06738 0.85070 0.05957 0.85070 0.04590 0.83680 0.03418 0.83333 0.02637 0.82639 0.01074 0.82639 0.00879 0.82986 0.00293 0.82986 0.00000 0.83507 0.00098 1.00000 0.23633 0.99827 0.32227 0.99479 0.31348 0.98611 0.30762 0.98611 0.27637 0.96528
5 0.08583 0.76733 0.06957 0.77696 0.06753 0.79564 0.03738 0.80588 0.03840 0.82274 0.07600 0.84804 0.14811 0.81672 0.14811 0.79745 0.12033 0.78420 0.11965 0.76854 0.10847 0.76612 0.10638 0.72637 0.11892 0.71734 0.13687 0.66675 0.13619 0.61314 0.11756 0.57640 0.08470 0.58242 0.06505 0.62157 0.06110 0.69144 0.08617 0.72939 0.08583 0.76733
