6 1.00000 0.55270 0.53007 0.04722 0.50133 0.03339 0.40449 0.01977 0.19348 0.04429 0.00000 0.08217 0.00000 0.17843 0.19857 0.14927 0.02939 1.00000 0.50655 1.00000 1.00000 0.97705 1.00000 0.55270
5 0.80124 0.00000 0.79315 0.01427 0.78625 0.04809 0.78473 0.11399 0.79725 0.13600 0.82180 0.17324 0.81892 0.21621 0.79812 0.22886 0.75974 0.25029 0.75782 0.27578 0.81313 0.33096 0.90480 0.29701 0.90398 0.26581 0.87012 0.23704 0.86655 0.21579 0.85291 0.21196 0.85172 0.16649 0.87432 0.14848 0.88673 0.09588 0.89064 0.08032 0.89304 0.00716 0.89065 0.00000 0.80124 0.00000
6 1.00000 0.55270 0.53007 0.04722 0.50133 0.03339 0.40449 0.01977 0.19348 0.04429 0.00000 0.08217 0.00000 0.17843 0.19857 0.14927 0.02939 1.00000 0.50655 1.00000 1.00000 0.97705 1.00000 0.55270
5 0.80124 0.00000 0.79315 0.01427 0.78625 0.04809 0.78473 0.11399 0.79725 0.13600 0.82180 0.17324 0.81892 0.21621 0.79812 0.22886 0.75974 0.25029 0.75782 0.27578 0.81313 0.33096 0.90480 0.29701 0.90398 0.26581 0.87012 0.23704 0.86655 0.21579 0.85291 0.21196 0.85172 0.16649 0.87432 0.14848 0.88673 0.09588 0.89064 0.08032 0.89304 0.00716 0.89065 0.00000 0.80124 0.00000
6 1.00000 0.55270 0.53007 0.04722 0.50133 0.03339 0.40449 0.01977 0.19348 0.04429 0.00000 0.08217 0.00000 0.17843 0.19857 0.14927 0.02939 1.00000 0.50655 1.00000 1.00000 0.97705 1.00000 0.55270
5 0.80124 0.00000 0.79315 0.01427 0.78625 0.04809 0.78473 0.11399 0.79725 0.13600 0.82180 0.17324 0.81892 0.21621 0.79812 0.22886 0.75974 0.25029 0.75782 0.27578 0.81313 0.33096 0.90480 0.29701 0.90398 0.26581 0.87012 0.23704 0.86655 0.21579 0.85291 0.21196 0.85172 0.16649 0.87432 0.14848 0.88673 0.09588 0.89064 0.08032 0.89304 0.00716 0.89065 0.00000 0.80124 0.00000
6 1.00000 0.55270 0.53007 0.04722 0.50133 0.03339 0.40449 0.01977 0.19348 0.04429 0.00000 0.08217 0.00000 0.17843 0.19857 0.14927 0.02939 1.00000 0.50655 1.00000 1.00000 0.97705 1.00000 0.55270
5 0.80124 0.00000 0.79315 0.01427 0.78625 0.04809 0.78473 0.11399 0.79725 0.13600 0.82180 0.17324 0.81892 0.21621 0.79812 0.22886 0.75974 0.25029 0.75782 0.27578 0.81313 0.33096 0.90480 0.29701 0.90398 0.26581 0.87012 0.23704 0.86655 0.21579 0.85291 0.21196 0.85172 0.16649 0.87432 0.14848 0.88673 0.09588 0.89064 0.08032 0.89304 0.00716 0.89065 0.00000 0.80124 0.00000
6 1.00000 0.55270 0.53007 0.04722 0.50133 0.03339 0.40449 0.01977 0.19348 0.04429 0.00000 0.08217 0.00000 0.17843 0.19857 0.14927 0.02939 1.00000 0.50655 1.00000 1.00000 0.97705 1.00000 0.55270
5 0.80124 0.00000 0.79315 0.01427 0.78625 0.04809 0.78473 0.11399 0.79725 0.13600 0.82180 0.17324 0.81892 0.21621 0.79812 0.22886 0.75974 0.25029 0.75782 0.27578 0.81313 0.33096 0.90480 0.29701 0.90398 0.26581 0.87012 0.23704 0.86655 0.21579 0.85291 0.21196 0.85172 0.16649 0.87432 0.14848 0.88673 0.09588 0.89064 0.08032 0.89304 0.00716 0.89065 0.00000 0.80124 0.00000
6 1.00000 0.55270 0.53007 0.04722 0.50133 0.03339 0.40449 0.01977 0.19348 0.04429 0.00000 0.08217 0.00000 0.17843 0.19857 0.14927 0.02939 1.00000 0.50655 1.00000 1.00000 0.97705 1.00000 0.55270
5 0.80124 0.00000 0.79315 0.01427 0.78625 0.04809 0.78473 0.11399 0.79725 0.13600 0.82180 0.17324 0.81892 0.21621 0.79812 0.22886 0.75974 0.25029 0.75782 0.27578 0.81313 0.33096 0.90480 0.29701 0.90398 0.26581 0.87012 0.23704 0.86655 0.21579 0.85291 0.21196 0.85172 0.16649 0.87432 0.14848 0.88673 0.09588 0.89064 0.08032 0.89304 0.00716 0.89065 0.00000 0.80124 0.00000
