6 0.99352 1.00000 0.99562 0.84005 0.64630 0.35488 0.59647 0.29871 0.52107 0.26445 0.45660 0.25295 0.27816 0.25630 0.12068 0.26765 0.09005 0.35445 0.21947 0.33995 0.25448 0.34827 0.25993 0.36090 0.25686 0.38083 0.24801 0.41313 0.20313 0.51460 0.00340 0.98853 0.49672 1.00000 0.99352 1.00000
2 0.82204 0.42398 0.80940 0.42368 0.80632 0.41798 0.80651 0.40298 0.80446 0.39919 0.80465 0.38419 0.82670 0.30969 0.83130 0.27979 0.83567 0.26864 0.84243 0.23505 0.84057 0.21625 0.83538 0.21050 0.79952 0.21342 0.79736 0.21712 0.77209 0.21653 0.76993 0.22023 0.75097 0.21979 0.74882 0.22349 0.74039 0.22330 0.73716 0.22885 0.73897 0.25139 0.75126 0.27793 0.75322 0.28923 0.75734 0.29683 0.75724 0.30432 0.76135 0.31192 0.76126 0.31942 0.76542 0.32327 0.78168 0.36865 0.78364 0.37995 0.78300 0.42869 0.77134 0.43405 0.76811 0.43960 0.76781 0.46209 0.76458 0.46764 0.74562 0.46720 0.74239 0.47275 0.74219 0.48775 0.75150 0.50110 0.76198 0.50509 0.77438 0.52413 0.78177 0.52243 0.78936 0.50573 0.82944 0.50291 0.83159 0.49921 0.84002 0.49941 0.85457 0.51475 0.85584 0.49790 0.86015 0.49050 0.86040 0.47175 0.85731 0.46605 0.83012 0.45042 0.82718 0.43347 0.82204 0.42398
6 0.99352 1.00000 0.99562 0.84005 0.64630 0.35488 0.59647 0.29871 0.52107 0.26445 0.45660 0.25295 0.27816 0.25630 0.12068 0.26765 0.09005 0.35445 0.21947 0.33995 0.25448 0.34827 0.25993 0.36090 0.25686 0.38083 0.24801 0.41313 0.20313 0.51460 0.00340 0.98853 0.49672 1.00000 0.99352 1.00000
2 0.82204 0.42398 0.80940 0.42368 0.80632 0.41798 0.80651 0.40298 0.80446 0.39919 0.80465 0.38419 0.82670 0.30969 0.83130 0.27979 0.83567 0.26864 0.84243 0.23505 0.84057 0.21625 0.83538 0.21050 0.79952 0.21342 0.79736 0.21712 0.77209 0.21653 0.76993 0.22023 0.75097 0.21979 0.74882 0.22349 0.74039 0.22330 0.73716 0.22885 0.73897 0.25139 0.75126 0.27793 0.75322 0.28923 0.75734 0.29683 0.75724 0.30432 0.76135 0.31192 0.76126 0.31942 0.76542 0.32327 0.78168 0.36865 0.78364 0.37995 0.78300 0.42869 0.77134 0.43405 0.76811 0.43960 0.76781 0.46209 0.76458 0.46764 0.74562 0.46720 0.74239 0.47275 0.74219 0.48775 0.75150 0.50110 0.76198 0.50509 0.77438 0.52413 0.78177 0.52243 0.78936 0.50573 0.82944 0.50291 0.83159 0.49921 0.84002 0.49941 0.85457 0.51475 0.85584 0.49790 0.86015 0.49050 0.86040 0.47175 0.85731 0.46605 0.83012 0.45042 0.82718 0.43347 0.82204 0.42398
6 0.99352 1.00000 0.99562 0.84005 0.64630 0.35488 0.59647 0.29871 0.52107 0.26445 0.45660 0.25295 0.27816 0.25630 0.12068 0.26765 0.09005 0.35445 0.21947 0.33995 0.25448 0.34827 0.25993 0.36090 0.25686 0.38083 0.24801 0.41313 0.20313 0.51460 0.00340 0.98853 0.49672 1.00000 0.99352 1.00000
2 0.82204 0.42398 0.80940 0.42368 0.80632 0.41798 0.80651 0.40298 0.80446 0.39919 0.80465 0.38419 0.82670 0.30969 0.83130 0.27979 0.83567 0.26864 0.84243 0.23505 0.84057 0.21625 0.83538 0.21050 0.79952 0.21342 0.79736 0.21712 0.77209 0.21653 0.76993 0.22023 0.75097 0.21979 0.74882 0.22349 0.74039 0.22330 0.73716 0.22885 0.73897 0.25139 0.75126 0.27793 0.75322 0.28923 0.75734 0.29683 0.75724 0.30432 0.76135 0.31192 0.76126 0.31942 0.76542 0.32327 0.78168 0.36865 0.78364 0.37995 0.78300 0.42869 0.77134 0.43405 0.76811 0.43960 0.76781 0.46209 0.76458 0.46764 0.74562 0.46720 0.74239 0.47275 0.74219 0.48775 0.75150 0.50110 0.76198 0.50509 0.77438 0.52413 0.78177 0.52243 0.78936 0.50573 0.82944 0.50291 0.83159 0.49921 0.84002 0.49941 0.85457 0.51475 0.85584 0.49790 0.86015 0.49050 0.86040 0.47175 0.85731 0.46605 0.83012 0.45042 0.82718 0.43347 0.82204 0.42398
6 0.99352 1.00000 0.99562 0.84005 0.64630 0.35488 0.59647 0.29871 0.52107 0.26445 0.45660 0.25295 0.27816 0.25630 0.12068 0.26765 0.09005 0.35445 0.21947 0.33995 0.25448 0.34827 0.25993 0.36090 0.25686 0.38083 0.24801 0.41313 0.20313 0.51460 0.00340 0.98853 0.49672 1.00000 0.99352 1.00000
2 0.82204 0.42398 0.80940 0.42368 0.80632 0.41798 0.80651 0.40298 0.80446 0.39919 0.80465 0.38419 0.82670 0.30969 0.83130 0.27979 0.83567 0.26864 0.84243 0.23505 0.84057 0.21625 0.83538 0.21050 0.79952 0.21342 0.79736 0.21712 0.77209 0.21653 0.76993 0.22023 0.75097 0.21979 0.74882 0.22349 0.74039 0.22330 0.73716 0.22885 0.73897 0.25139 0.75126 0.27793 0.75322 0.28923 0.75734 0.29683 0.75724 0.30432 0.76135 0.31192 0.76126 0.31942 0.76542 0.32327 0.78168 0.36865 0.78364 0.37995 0.78300 0.42869 0.77134 0.43405 0.76811 0.43960 0.76781 0.46209 0.76458 0.46764 0.74562 0.46720 0.74239 0.47275 0.74219 0.48775 0.75150 0.50110 0.76198 0.50509 0.77438 0.52413 0.78177 0.52243 0.78936 0.50573 0.82944 0.50291 0.83159 0.49921 0.84002 0.49941 0.85457 0.51475 0.85584 0.49790 0.86015 0.49050 0.86040 0.47175 0.85731 0.46605 0.83012 0.45042 0.82718 0.43347 0.82204 0.42398
6 0.99352 1.00000 0.99562 0.84005 0.64630 0.35488 0.59647 0.29871 0.52107 0.26445 0.45660 0.25295 0.27816 0.25630 0.12068 0.26765 0.09005 0.35445 0.21947 0.33995 0.25448 0.34827 0.25993 0.36090 0.25686 0.38083 0.24801 0.41313 0.20313 0.51460 0.00340 0.98853 0.49672 1.00000 0.99352 1.00000
2 0.82204 0.42398 0.80940 0.42368 0.80632 0.41798 0.80651 0.40298 0.80446 0.39919 0.80465 0.38419 0.82670 0.30969 0.83130 0.27979 0.83567 0.26864 0.84243 0.23505 0.84057 0.21625 0.83538 0.21050 0.79952 0.21342 0.79736 0.21712 0.77209 0.21653 0.76993 0.22023 0.75097 0.21979 0.74882 0.22349 0.74039 0.22330 0.73716 0.22885 0.73897 0.25139 0.75126 0.27793 0.75322 0.28923 0.75734 0.29683 0.75724 0.30432 0.76135 0.31192 0.76126 0.31942 0.76542 0.32327 0.78168 0.36865 0.78364 0.37995 0.78300 0.42869 0.77134 0.43405 0.76811 0.43960 0.76781 0.46209 0.76458 0.46764 0.74562 0.46720 0.74239 0.47275 0.74219 0.48775 0.75150 0.50110 0.76198 0.50509 0.77438 0.52413 0.78177 0.52243 0.78936 0.50573 0.82944 0.50291 0.83159 0.49921 0.84002 0.49941 0.85457 0.51475 0.85584 0.49790 0.86015 0.49050 0.86040 0.47175 0.85731 0.46605 0.83012 0.45042 0.82718 0.43347 0.82204 0.42398
6 0.99352 1.00000 0.99562 0.84005 0.64630 0.35488 0.59647 0.29871 0.52107 0.26445 0.45660 0.25295 0.27816 0.25630 0.12068 0.26765 0.09005 0.35445 0.21947 0.33995 0.25448 0.34827 0.25993 0.36090 0.25686 0.38083 0.24801 0.41313 0.20313 0.51460 0.00340 0.98853 0.49672 1.00000 0.99352 1.00000
2 0.82204 0.42398 0.80940 0.42368 0.80632 0.41798 0.80651 0.40298 0.80446 0.39919 0.80465 0.38419 0.82670 0.30969 0.83130 0.27979 0.83567 0.26864 0.84243 0.23505 0.84057 0.21625 0.83538 0.21050 0.79952 0.21342 0.79736 0.21712 0.77209 0.21653 0.76993 0.22023 0.75097 0.21979 0.74882 0.22349 0.74039 0.22330 0.73716 0.22885 0.73897 0.25139 0.75126 0.27793 0.75322 0.28923 0.75734 0.29683 0.75724 0.30432 0.76135 0.31192 0.76126 0.31942 0.76542 0.32327 0.78168 0.36865 0.78364 0.37995 0.78300 0.42869 0.77134 0.43405 0.76811 0.43960 0.76781 0.46209 0.76458 0.46764 0.74562 0.46720 0.74239 0.47275 0.74219 0.48775 0.75150 0.50110 0.76198 0.50509 0.77438 0.52413 0.78177 0.52243 0.78936 0.50573 0.82944 0.50291 0.83159 0.49921 0.84002 0.49941 0.85457 0.51475 0.85584 0.49790 0.86015 0.49050 0.86040 0.47175 0.85731 0.46605 0.83012 0.45042 0.82718 0.43347 0.82204 0.42398
