4 0.71122 0.45304 0.70271 0.45850 0.68965 0.47897 0.68673 0.50663 0.68952 0.51773 0.68879 0.52465 0.69432 0.53802 0.69821 0.53875 0.70021 0.54794 0.69407 0.55913 0.68903 0.55995 0.68830 0.56687 0.68484 0.57151 0.67901 0.57041 0.67554 0.57505 0.67481 0.58197 0.67761 0.59307 0.68824 0.61445 0.72050 0.61873 0.72585 0.60563 0.72767 0.58834 0.71747 0.57233 0.71151 0.55358 0.71224 0.54667 0.72190 0.53966 0.73229 0.52574 0.73801 0.50918 0.73947 0.49535 0.73704 0.48079 0.72835 0.45977 0.71122 0.45304
7 0.39618 0.49808 0.39812 0.49844 0.39965 0.49344 0.40779 0.49143 0.41125 0.48679 0.41818 0.42110 0.41660 0.41728 0.41964 0.40727 0.41806 0.40345 0.41909 0.38425 0.40433 0.38325 0.39570 0.48388 0.39728 0.48770 0.39618 0.49808
7 0.41733 0.46678 0.41587 0.48061 0.41824 0.48634 0.43106 0.48698 0.43762 0.48115 0.43203 0.45895 0.43507 0.44894 0.44079 0.37597 0.43842 0.37023 0.42675 0.36805 0.42329 0.37269 0.41709 0.43147 0.41867 0.43529 0.41684 0.45258 0.41964 0.46368 0.41733 0.46678
6 0.91548 1.00000 0.91022 0.99098 0.90785 0.98524 0.90779 0.97642 0.90354 0.97914 0.89643 0.96195 0.89874 0.95886 0.89637 0.95312 0.88981 0.95895 0.87565 0.93338 0.87638 0.92646 0.87985 0.92182 0.88489 0.92100 0.88556 0.90526 0.88009 0.90071 0.87274 0.90463 0.87626 0.90881 0.87474 0.91382 0.86502 0.91200 0.86071 0.90590 0.86223 0.90089 0.85640 0.89980 0.85324 0.89216 0.84935 0.89143 0.83124 0.85631 0.81752 0.83611 0.81314 0.82119 0.80925 0.82046 0.79941 0.80098 0.79552 0.80026 0.79540 0.78261 0.79346 0.78224 0.79079 0.78879 0.78374 0.78042 0.76442 0.73802 0.75701 0.73311 0.75579 0.72583 0.75033 0.72128 0.74048 0.70180 0.71618 0.66905 0.69650 0.63011 0.68240 0.61336 0.66467 0.57478 0.66078 0.57405 0.65409 0.56223 0.65282 0.54612 0.65975 0.53684 0.65580 0.52729 0.64025 0.52438 0.63794 0.52747 0.63283 0.51946 0.62700 0.51837 0.62469 0.52146 0.61922 0.51691 0.59942 0.51673 0.59784 0.51291 0.59553 0.51600 0.54692 0.50690 0.54461 0.51000 0.54109 0.50581 0.53878 0.50891 0.45712 0.49362 0.45481 0.49671 0.44120 0.49416 0.43239 0.51191 0.42814 0.51464 0.42510 0.52464 0.41817 0.53393 0.41513 0.54394 0.40821 0.55322 0.40286 0.56632 0.39131 0.58179 0.38135 0.60108 0.35133 0.64130 0.31220 0.71154 0.25799 0.79307 0.22615 0.85057 0.18848 0.90699 0.17353 0.93592 0.17395 0.94129 0.22450 0.95075 0.22681 0.94766 0.23265 0.94875 0.23423 0.95257 0.33921 0.97223 0.34152 0.96913 0.34505 0.97332 0.34930 0.97059 0.35282 0.97478 0.35708 0.97205 0.36060 0.97623 0.48756 1.00000 0.91548 1.00000
6 0.66357 0.52874 0.63909 0.52592 0.64425 0.54275 0.65482 0.55531 0.65956 0.56678 0.66503 0.57132 0.67591 0.57160 0.68484 0.57151 0.68830 0.56687 0.68903 0.55995 0.69559 0.55413 0.69669 0.54375 0.69432 0.53802 0.68727 0.52965 0.67561 0.52747 0.67330 0.53056 0.66746 0.52947 0.66589 0.52565 0.66357 0.52874
6 0.80162 0.55458 0.72385 0.54002 0.71382 0.55049 0.71783 0.56887 0.72530 0.58261 0.80034 0.59489 0.84816 0.60208 0.85046 0.59899 0.90685 0.60954 0.90843 0.61336 0.98850 0.62483 0.99194 0.62300 0.99625 0.58213 0.91742 0.56568 0.90503 0.57042 0.86067 0.55859 0.85836 0.56168 0.80393 0.55149 0.80162 0.55458
6 0.00000 0.47487 0.02750 0.47842 0.04810 0.48052 0.05040 0.47742 0.11457 0.48943 0.11687 0.48634 0.18334 0.49525 0.18565 0.49216 0.22259 0.49908 0.22642 0.49098 0.22521 0.48370 0.23213 0.47442 0.23287 0.46750 0.23050 0.46177 0.20328 0.45668 0.20096 0.45977 0.14847 0.44994 0.14616 0.45304 0.07228 0.43920 0.06997 0.44230 0.00233 0.43136 0.00000 0.45343 0.00000 0.47487
4 0.71122 0.45304 0.70271 0.45850 0.68965 0.47897 0.68673 0.50663 0.68952 0.51773 0.68879 0.52465 0.69432 0.53802 0.69821 0.53875 0.70021 0.54794 0.69407 0.55913 0.68903 0.55995 0.68830 0.56687 0.68484 0.57151 0.67901 0.57041 0.67554 0.57505 0.67481 0.58197 0.67761 0.59307 0.68824 0.61445 0.72050 0.61873 0.72585 0.60563 0.72767 0.58834 0.71747 0.57233 0.71151 0.55358 0.71224 0.54667 0.72190 0.53966 0.73229 0.52574 0.73801 0.50918 0.73947 0.49535 0.73704 0.48079 0.72835 0.45977 0.71122 0.45304
7 0.39618 0.49808 0.39812 0.49844 0.39965 0.49344 0.40779 0.49143 0.41125 0.48679 0.41818 0.42110 0.41660 0.41728 0.41964 0.40727 0.41806 0.40345 0.41909 0.38425 0.40433 0.38325 0.39570 0.48388 0.39728 0.48770 0.39618 0.49808
7 0.41733 0.46678 0.41587 0.48061 0.41824 0.48634 0.43106 0.48698 0.43762 0.48115 0.43203 0.45895 0.43507 0.44894 0.44079 0.37597 0.43842 0.37023 0.42675 0.36805 0.42329 0.37269 0.41709 0.43147 0.41867 0.43529 0.41684 0.45258 0.41964 0.46368 0.41733 0.46678
6 0.91548 1.00000 0.91022 0.99098 0.90785 0.98524 0.90779 0.97642 0.90354 0.97914 0.89643 0.96195 0.89874 0.95886 0.89637 0.95312 0.88981 0.95895 0.87565 0.93338 0.87638 0.92646 0.87985 0.92182 0.88489 0.92100 0.88556 0.90526 0.88009 0.90071 0.87274 0.90463 0.87626 0.90881 0.87474 0.91382 0.86502 0.91200 0.86071 0.90590 0.86223 0.90089 0.85640 0.89980 0.85324 0.89216 0.84935 0.89143 0.83124 0.85631 0.81752 0.83611 0.81314 0.82119 0.80925 0.82046 0.79941 0.80098 0.79552 0.80026 0.79540 0.78261 0.79346 0.78224 0.79079 0.78879 0.78374 0.78042 0.76442 0.73802 0.75701 0.73311 0.75579 0.72583 0.75033 0.72128 0.74048 0.70180 0.71618 0.66905 0.69650 0.63011 0.68240 0.61336 0.66467 0.57478 0.66078 0.57405 0.65409 0.56223 0.65282 0.54612 0.65975 0.53684 0.65580 0.52729 0.64025 0.52438 0.63794 0.52747 0.63283 0.51946 0.62700 0.51837 0.62469 0.52146 0.61922 0.51691 0.59942 0.51673 0.59784 0.51291 0.59553 0.51600 0.54692 0.50690 0.54461 0.51000 0.54109 0.50581 0.53878 0.50891 0.45712 0.49362 0.45481 0.49671 0.44120 0.49416 0.43239 0.51191 0.42814 0.51464 0.42510 0.52464 0.41817 0.53393 0.41513 0.54394 0.40821 0.55322 0.40286 0.56632 0.39131 0.58179 0.38135 0.60108 0.35133 0.64130 0.31220 0.71154 0.25799 0.79307 0.22615 0.85057 0.18848 0.90699 0.17353 0.93592 0.17395 0.94129 0.22450 0.95075 0.22681 0.94766 0.23265 0.94875 0.23423 0.95257 0.33921 0.97223 0.34152 0.96913 0.34505 0.97332 0.34930 0.97059 0.35282 0.97478 0.35708 0.97205 0.36060 0.97623 0.48756 1.00000 0.91548 1.00000
6 0.66357 0.52874 0.63909 0.52592 0.64425 0.54275 0.65482 0.55531 0.65956 0.56678 0.66503 0.57132 0.67591 0.57160 0.68484 0.57151 0.68830 0.56687 0.68903 0.55995 0.69559 0.55413 0.69669 0.54375 0.69432 0.53802 0.68727 0.52965 0.67561 0.52747 0.67330 0.53056 0.66746 0.52947 0.66589 0.52565 0.66357 0.52874
6 0.80162 0.55458 0.72385 0.54002 0.71382 0.55049 0.71783 0.56887 0.72530 0.58261 0.80034 0.59489 0.84816 0.60208 0.85046 0.59899 0.90685 0.60954 0.90843 0.61336 0.98850 0.62483 0.99194 0.62300 0.99625 0.58213 0.91742 0.56568 0.90503 0.57042 0.86067 0.55859 0.85836 0.56168 0.80393 0.55149 0.80162 0.55458
6 0.00000 0.47487 0.02750 0.47842 0.04810 0.48052 0.05040 0.47742 0.11457 0.48943 0.11687 0.48634 0.18334 0.49525 0.18565 0.49216 0.22259 0.49908 0.22642 0.49098 0.22521 0.48370 0.23213 0.47442 0.23287 0.46750 0.23050 0.46177 0.20328 0.45668 0.20096 0.45977 0.14847 0.44994 0.14616 0.45304 0.07228 0.43920 0.06997 0.44230 0.00233 0.43136 0.00000 0.45343 0.00000 0.47487
4 0.71122 0.45304 0.70271 0.45850 0.68965 0.47897 0.68673 0.50663 0.68952 0.51773 0.68879 0.52465 0.69432 0.53802 0.69821 0.53875 0.70021 0.54794 0.69407 0.55913 0.68903 0.55995 0.68830 0.56687 0.68484 0.57151 0.67901 0.57041 0.67554 0.57505 0.67481 0.58197 0.67761 0.59307 0.68824 0.61445 0.72050 0.61873 0.72585 0.60563 0.72767 0.58834 0.71747 0.57233 0.71151 0.55358 0.71224 0.54667 0.72190 0.53966 0.73229 0.52574 0.73801 0.50918 0.73947 0.49535 0.73704 0.48079 0.72835 0.45977 0.71122 0.45304
7 0.39618 0.49808 0.39812 0.49844 0.39965 0.49344 0.40779 0.49143 0.41125 0.48679 0.41818 0.42110 0.41660 0.41728 0.41964 0.40727 0.41806 0.40345 0.41909 0.38425 0.40433 0.38325 0.39570 0.48388 0.39728 0.48770 0.39618 0.49808
7 0.41733 0.46678 0.41587 0.48061 0.41824 0.48634 0.43106 0.48698 0.43762 0.48115 0.43203 0.45895 0.43507 0.44894 0.44079 0.37597 0.43842 0.37023 0.42675 0.36805 0.42329 0.37269 0.41709 0.43147 0.41867 0.43529 0.41684 0.45258 0.41964 0.46368 0.41733 0.46678
6 0.91548 1.00000 0.91022 0.99098 0.90785 0.98524 0.90779 0.97642 0.90354 0.97914 0.89643 0.96195 0.89874 0.95886 0.89637 0.95312 0.88981 0.95895 0.87565 0.93338 0.87638 0.92646 0.87985 0.92182 0.88489 0.92100 0.88556 0.90526 0.88009 0.90071 0.87274 0.90463 0.87626 0.90881 0.87474 0.91382 0.86502 0.91200 0.86071 0.90590 0.86223 0.90089 0.85640 0.89980 0.85324 0.89216 0.84935 0.89143 0.83124 0.85631 0.81752 0.83611 0.81314 0.82119 0.80925 0.82046 0.79941 0.80098 0.79552 0.80026 0.79540 0.78261 0.79346 0.78224 0.79079 0.78879 0.78374 0.78042 0.76442 0.73802 0.75701 0.73311 0.75579 0.72583 0.75033 0.72128 0.74048 0.70180 0.71618 0.66905 0.69650 0.63011 0.68240 0.61336 0.66467 0.57478 0.66078 0.57405 0.65409 0.56223 0.65282 0.54612 0.65975 0.53684 0.65580 0.52729 0.64025 0.52438 0.63794 0.52747 0.63283 0.51946 0.62700 0.51837 0.62469 0.52146 0.61922 0.51691 0.59942 0.51673 0.59784 0.51291 0.59553 0.51600 0.54692 0.50690 0.54461 0.51000 0.54109 0.50581 0.53878 0.50891 0.45712 0.49362 0.45481 0.49671 0.44120 0.49416 0.43239 0.51191 0.42814 0.51464 0.42510 0.52464 0.41817 0.53393 0.41513 0.54394 0.40821 0.55322 0.40286 0.56632 0.39131 0.58179 0.38135 0.60108 0.35133 0.64130 0.31220 0.71154 0.25799 0.79307 0.22615 0.85057 0.18848 0.90699 0.17353 0.93592 0.17395 0.94129 0.22450 0.95075 0.22681 0.94766 0.23265 0.94875 0.23423 0.95257 0.33921 0.97223 0.34152 0.96913 0.34505 0.97332 0.34930 0.97059 0.35282 0.97478 0.35708 0.97205 0.36060 0.97623 0.48756 1.00000 0.91548 1.00000
6 0.66357 0.52874 0.63909 0.52592 0.64425 0.54275 0.65482 0.55531 0.65956 0.56678 0.66503 0.57132 0.67591 0.57160 0.68484 0.57151 0.68830 0.56687 0.68903 0.55995 0.69559 0.55413 0.69669 0.54375 0.69432 0.53802 0.68727 0.52965 0.67561 0.52747 0.67330 0.53056 0.66746 0.52947 0.66589 0.52565 0.66357 0.52874
6 0.80162 0.55458 0.72385 0.54002 0.71382 0.55049 0.71783 0.56887 0.72530 0.58261 0.80034 0.59489 0.84816 0.60208 0.85046 0.59899 0.90685 0.60954 0.90843 0.61336 0.98850 0.62483 0.99194 0.62300 0.99625 0.58213 0.91742 0.56568 0.90503 0.57042 0.86067 0.55859 0.85836 0.56168 0.80393 0.55149 0.80162 0.55458
6 0.00000 0.47487 0.02750 0.47842 0.04810 0.48052 0.05040 0.47742 0.11457 0.48943 0.11687 0.48634 0.18334 0.49525 0.18565 0.49216 0.22259 0.49908 0.22642 0.49098 0.22521 0.48370 0.23213 0.47442 0.23287 0.46750 0.23050 0.46177 0.20328 0.45668 0.20096 0.45977 0.14847 0.44994 0.14616 0.45304 0.07228 0.43920 0.06997 0.44230 0.00233 0.43136 0.00000 0.45343 0.00000 0.47487
4 0.71122 0.45304 0.70271 0.45850 0.68965 0.47897 0.68673 0.50663 0.68952 0.51773 0.68879 0.52465 0.69432 0.53802 0.69821 0.53875 0.70021 0.54794 0.69407 0.55913 0.68903 0.55995 0.68830 0.56687 0.68484 0.57151 0.67901 0.57041 0.67554 0.57505 0.67481 0.58197 0.67761 0.59307 0.68824 0.61445 0.72050 0.61873 0.72585 0.60563 0.72767 0.58834 0.71747 0.57233 0.71151 0.55358 0.71224 0.54667 0.72190 0.53966 0.73229 0.52574 0.73801 0.50918 0.73947 0.49535 0.73704 0.48079 0.72835 0.45977 0.71122 0.45304
7 0.39618 0.49808 0.39812 0.49844 0.39965 0.49344 0.40779 0.49143 0.41125 0.48679 0.41818 0.42110 0.41660 0.41728 0.41964 0.40727 0.41806 0.40345 0.41909 0.38425 0.40433 0.38325 0.39570 0.48388 0.39728 0.48770 0.39618 0.49808
7 0.41733 0.46678 0.41587 0.48061 0.41824 0.48634 0.43106 0.48698 0.43762 0.48115 0.43203 0.45895 0.43507 0.44894 0.44079 0.37597 0.43842 0.37023 0.42675 0.36805 0.42329 0.37269 0.41709 0.43147 0.41867 0.43529 0.41684 0.45258 0.41964 0.46368 0.41733 0.46678
6 0.91548 1.00000 0.91022 0.99098 0.90785 0.98524 0.90779 0.97642 0.90354 0.97914 0.89643 0.96195 0.89874 0.95886 0.89637 0.95312 0.88981 0.95895 0.87565 0.93338 0.87638 0.92646 0.87985 0.92182 0.88489 0.92100 0.88556 0.90526 0.88009 0.90071 0.87274 0.90463 0.87626 0.90881 0.87474 0.91382 0.86502 0.91200 0.86071 0.90590 0.86223 0.90089 0.85640 0.89980 0.85324 0.89216 0.84935 0.89143 0.83124 0.85631 0.81752 0.83611 0.81314 0.82119 0.80925 0.82046 0.79941 0.80098 0.79552 0.80026 0.79540 0.78261 0.79346 0.78224 0.79079 0.78879 0.78374 0.78042 0.76442 0.73802 0.75701 0.73311 0.75579 0.72583 0.75033 0.72128 0.74048 0.70180 0.71618 0.66905 0.69650 0.63011 0.68240 0.61336 0.66467 0.57478 0.66078 0.57405 0.65409 0.56223 0.65282 0.54612 0.65975 0.53684 0.65580 0.52729 0.64025 0.52438 0.63794 0.52747 0.63283 0.51946 0.62700 0.51837 0.62469 0.52146 0.61922 0.51691 0.59942 0.51673 0.59784 0.51291 0.59553 0.51600 0.54692 0.50690 0.54461 0.51000 0.54109 0.50581 0.53878 0.50891 0.45712 0.49362 0.45481 0.49671 0.44120 0.49416 0.43239 0.51191 0.42814 0.51464 0.42510 0.52464 0.41817 0.53393 0.41513 0.54394 0.40821 0.55322 0.40286 0.56632 0.39131 0.58179 0.38135 0.60108 0.35133 0.64130 0.31220 0.71154 0.25799 0.79307 0.22615 0.85057 0.18848 0.90699 0.17353 0.93592 0.17395 0.94129 0.22450 0.95075 0.22681 0.94766 0.23265 0.94875 0.23423 0.95257 0.33921 0.97223 0.34152 0.96913 0.34505 0.97332 0.34930 0.97059 0.35282 0.97478 0.35708 0.97205 0.36060 0.97623 0.48756 1.00000 0.91548 1.00000
6 0.66357 0.52874 0.63909 0.52592 0.64425 0.54275 0.65482 0.55531 0.65956 0.56678 0.66503 0.57132 0.67591 0.57160 0.68484 0.57151 0.68830 0.56687 0.68903 0.55995 0.69559 0.55413 0.69669 0.54375 0.69432 0.53802 0.68727 0.52965 0.67561 0.52747 0.67330 0.53056 0.66746 0.52947 0.66589 0.52565 0.66357 0.52874
6 0.80162 0.55458 0.72385 0.54002 0.71382 0.55049 0.71783 0.56887 0.72530 0.58261 0.80034 0.59489 0.84816 0.60208 0.85046 0.59899 0.90685 0.60954 0.90843 0.61336 0.98850 0.62483 0.99194 0.62300 0.99625 0.58213 0.91742 0.56568 0.90503 0.57042 0.86067 0.55859 0.85836 0.56168 0.80393 0.55149 0.80162 0.55458
6 0.00000 0.47487 0.02750 0.47842 0.04810 0.48052 0.05040 0.47742 0.11457 0.48943 0.11687 0.48634 0.18334 0.49525 0.18565 0.49216 0.22259 0.49908 0.22642 0.49098 0.22521 0.48370 0.23213 0.47442 0.23287 0.46750 0.23050 0.46177 0.20328 0.45668 0.20096 0.45977 0.14847 0.44994 0.14616 0.45304 0.07228 0.43920 0.06997 0.44230 0.00233 0.43136 0.00000 0.45343 0.00000 0.47487
4 0.71122 0.45304 0.70271 0.45850 0.68965 0.47897 0.68673 0.50663 0.68952 0.51773 0.68879 0.52465 0.69432 0.53802 0.69821 0.53875 0.70021 0.54794 0.69407 0.55913 0.68903 0.55995 0.68830 0.56687 0.68484 0.57151 0.67901 0.57041 0.67554 0.57505 0.67481 0.58197 0.67761 0.59307 0.68824 0.61445 0.72050 0.61873 0.72585 0.60563 0.72767 0.58834 0.71747 0.57233 0.71151 0.55358 0.71224 0.54667 0.72190 0.53966 0.73229 0.52574 0.73801 0.50918 0.73947 0.49535 0.73704 0.48079 0.72835 0.45977 0.71122 0.45304
7 0.39618 0.49808 0.39812 0.49844 0.39965 0.49344 0.40779 0.49143 0.41125 0.48679 0.41818 0.42110 0.41660 0.41728 0.41964 0.40727 0.41806 0.40345 0.41909 0.38425 0.40433 0.38325 0.39570 0.48388 0.39728 0.48770 0.39618 0.49808
7 0.41733 0.46678 0.41587 0.48061 0.41824 0.48634 0.43106 0.48698 0.43762 0.48115 0.43203 0.45895 0.43507 0.44894 0.44079 0.37597 0.43842 0.37023 0.42675 0.36805 0.42329 0.37269 0.41709 0.43147 0.41867 0.43529 0.41684 0.45258 0.41964 0.46368 0.41733 0.46678
6 0.91548 1.00000 0.91022 0.99098 0.90785 0.98524 0.90779 0.97642 0.90354 0.97914 0.89643 0.96195 0.89874 0.95886 0.89637 0.95312 0.88981 0.95895 0.87565 0.93338 0.87638 0.92646 0.87985 0.92182 0.88489 0.92100 0.88556 0.90526 0.88009 0.90071 0.87274 0.90463 0.87626 0.90881 0.87474 0.91382 0.86502 0.91200 0.86071 0.90590 0.86223 0.90089 0.85640 0.89980 0.85324 0.89216 0.84935 0.89143 0.83124 0.85631 0.81752 0.83611 0.81314 0.82119 0.80925 0.82046 0.79941 0.80098 0.79552 0.80026 0.79540 0.78261 0.79346 0.78224 0.79079 0.78879 0.78374 0.78042 0.76442 0.73802 0.75701 0.73311 0.75579 0.72583 0.75033 0.72128 0.74048 0.70180 0.71618 0.66905 0.69650 0.63011 0.68240 0.61336 0.66467 0.57478 0.66078 0.57405 0.65409 0.56223 0.65282 0.54612 0.65975 0.53684 0.65580 0.52729 0.64025 0.52438 0.63794 0.52747 0.63283 0.51946 0.62700 0.51837 0.62469 0.52146 0.61922 0.51691 0.59942 0.51673 0.59784 0.51291 0.59553 0.51600 0.54692 0.50690 0.54461 0.51000 0.54109 0.50581 0.53878 0.50891 0.45712 0.49362 0.45481 0.49671 0.44120 0.49416 0.43239 0.51191 0.42814 0.51464 0.42510 0.52464 0.41817 0.53393 0.41513 0.54394 0.40821 0.55322 0.40286 0.56632 0.39131 0.58179 0.38135 0.60108 0.35133 0.64130 0.31220 0.71154 0.25799 0.79307 0.22615 0.85057 0.18848 0.90699 0.17353 0.93592 0.17395 0.94129 0.22450 0.95075 0.22681 0.94766 0.23265 0.94875 0.23423 0.95257 0.33921 0.97223 0.34152 0.96913 0.34505 0.97332 0.34930 0.97059 0.35282 0.97478 0.35708 0.97205 0.36060 0.97623 0.48756 1.00000 0.91548 1.00000
6 0.66357 0.52874 0.63909 0.52592 0.64425 0.54275 0.65482 0.55531 0.65956 0.56678 0.66503 0.57132 0.67591 0.57160 0.68484 0.57151 0.68830 0.56687 0.68903 0.55995 0.69559 0.55413 0.69669 0.54375 0.69432 0.53802 0.68727 0.52965 0.67561 0.52747 0.67330 0.53056 0.66746 0.52947 0.66589 0.52565 0.66357 0.52874
6 0.80162 0.55458 0.72385 0.54002 0.71382 0.55049 0.71783 0.56887 0.72530 0.58261 0.80034 0.59489 0.84816 0.60208 0.85046 0.59899 0.90685 0.60954 0.90843 0.61336 0.98850 0.62483 0.99194 0.62300 0.99625 0.58213 0.91742 0.56568 0.90503 0.57042 0.86067 0.55859 0.85836 0.56168 0.80393 0.55149 0.80162 0.55458
6 0.00000 0.47487 0.02750 0.47842 0.04810 0.48052 0.05040 0.47742 0.11457 0.48943 0.11687 0.48634 0.18334 0.49525 0.18565 0.49216 0.22259 0.49908 0.22642 0.49098 0.22521 0.48370 0.23213 0.47442 0.23287 0.46750 0.23050 0.46177 0.20328 0.45668 0.20096 0.45977 0.14847 0.44994 0.14616 0.45304 0.07228 0.43920 0.06997 0.44230 0.00233 0.43136 0.00000 0.45343 0.00000 0.47487
4 0.71122 0.45304 0.70271 0.45850 0.68965 0.47897 0.68673 0.50663 0.68952 0.51773 0.68879 0.52465 0.69432 0.53802 0.69821 0.53875 0.70021 0.54794 0.69407 0.55913 0.68903 0.55995 0.68830 0.56687 0.68484 0.57151 0.67901 0.57041 0.67554 0.57505 0.67481 0.58197 0.67761 0.59307 0.68824 0.61445 0.72050 0.61873 0.72585 0.60563 0.72767 0.58834 0.71747 0.57233 0.71151 0.55358 0.71224 0.54667 0.72190 0.53966 0.73229 0.52574 0.73801 0.50918 0.73947 0.49535 0.73704 0.48079 0.72835 0.45977 0.71122 0.45304
7 0.39618 0.49808 0.39812 0.49844 0.39965 0.49344 0.40779 0.49143 0.41125 0.48679 0.41818 0.42110 0.41660 0.41728 0.41964 0.40727 0.41806 0.40345 0.41909 0.38425 0.40433 0.38325 0.39570 0.48388 0.39728 0.48770 0.39618 0.49808
7 0.41733 0.46678 0.41587 0.48061 0.41824 0.48634 0.43106 0.48698 0.43762 0.48115 0.43203 0.45895 0.43507 0.44894 0.44079 0.37597 0.43842 0.37023 0.42675 0.36805 0.42329 0.37269 0.41709 0.43147 0.41867 0.43529 0.41684 0.45258 0.41964 0.46368 0.41733 0.46678
6 0.91548 1.00000 0.91022 0.99098 0.90785 0.98524 0.90779 0.97642 0.90354 0.97914 0.89643 0.96195 0.89874 0.95886 0.89637 0.95312 0.88981 0.95895 0.87565 0.93338 0.87638 0.92646 0.87985 0.92182 0.88489 0.92100 0.88556 0.90526 0.88009 0.90071 0.87274 0.90463 0.87626 0.90881 0.87474 0.91382 0.86502 0.91200 0.86071 0.90590 0.86223 0.90089 0.85640 0.89980 0.85324 0.89216 0.84935 0.89143 0.83124 0.85631 0.81752 0.83611 0.81314 0.82119 0.80925 0.82046 0.79941 0.80098 0.79552 0.80026 0.79540 0.78261 0.79346 0.78224 0.79079 0.78879 0.78374 0.78042 0.76442 0.73802 0.75701 0.73311 0.75579 0.72583 0.75033 0.72128 0.74048 0.70180 0.71618 0.66905 0.69650 0.63011 0.68240 0.61336 0.66467 0.57478 0.66078 0.57405 0.65409 0.56223 0.65282 0.54612 0.65975 0.53684 0.65580 0.52729 0.64025 0.52438 0.63794 0.52747 0.63283 0.51946 0.62700 0.51837 0.62469 0.52146 0.61922 0.51691 0.59942 0.51673 0.59784 0.51291 0.59553 0.51600 0.54692 0.50690 0.54461 0.51000 0.54109 0.50581 0.53878 0.50891 0.45712 0.49362 0.45481 0.49671 0.44120 0.49416 0.43239 0.51191 0.42814 0.51464 0.42510 0.52464 0.41817 0.53393 0.41513 0.54394 0.40821 0.55322 0.40286 0.56632 0.39131 0.58179 0.38135 0.60108 0.35133 0.64130 0.31220 0.71154 0.25799 0.79307 0.22615 0.85057 0.18848 0.90699 0.17353 0.93592 0.17395 0.94129 0.22450 0.95075 0.22681 0.94766 0.23265 0.94875 0.23423 0.95257 0.33921 0.97223 0.34152 0.96913 0.34505 0.97332 0.34930 0.97059 0.35282 0.97478 0.35708 0.97205 0.36060 0.97623 0.48756 1.00000 0.91548 1.00000
6 0.66357 0.52874 0.63909 0.52592 0.64425 0.54275 0.65482 0.55531 0.65956 0.56678 0.66503 0.57132 0.67591 0.57160 0.68484 0.57151 0.68830 0.56687 0.68903 0.55995 0.69559 0.55413 0.69669 0.54375 0.69432 0.53802 0.68727 0.52965 0.67561 0.52747 0.67330 0.53056 0.66746 0.52947 0.66589 0.52565 0.66357 0.52874
6 0.80162 0.55458 0.72385 0.54002 0.71382 0.55049 0.71783 0.56887 0.72530 0.58261 0.80034 0.59489 0.84816 0.60208 0.85046 0.59899 0.90685 0.60954 0.90843 0.61336 0.98850 0.62483 0.99194 0.62300 0.99625 0.58213 0.91742 0.56568 0.90503 0.57042 0.86067 0.55859 0.85836 0.56168 0.80393 0.55149 0.80162 0.55458
6 0.00000 0.47487 0.02750 0.47842 0.04810 0.48052 0.05040 0.47742 0.11457 0.48943 0.11687 0.48634 0.18334 0.49525 0.18565 0.49216 0.22259 0.49908 0.22642 0.49098 0.22521 0.48370 0.23213 0.47442 0.23287 0.46750 0.23050 0.46177 0.20328 0.45668 0.20096 0.45977 0.14847 0.44994 0.14616 0.45304 0.07228 0.43920 0.06997 0.44230 0.00233 0.43136 0.00000 0.45343 0.00000 0.47487
