6 1.00000 0.75463 0.74740 0.41204 0.61719 0.23148 0.54036 0.19676 0.46745 0.18750 0.38932 0.18518 0.29167 0.19213 0.20313 0.20833 0.08073 0.21991 0.00000 0.23380 0.00000 0.32407 0.13411 0.30324 0.24219 0.28472 0.26562 0.28704 0.27344 0.30324 0.26432 0.32870 0.02213 1.00000 1.00000 1.00000 1.00000 0.75463
5 1.00000 0.20312 0.96582 0.20833 0.95899 0.22743 0.93359 0.26562 0.91601 0.30729 0.91601 0.33160 0.91406 0.33507 0.91406 0.39757 0.91699 0.40278 0.92090 0.40278 0.92187 0.41146 0.92676 0.41667 0.93262 0.43055 0.93652 0.43055 0.93945 0.44271 0.94531 0.44965 0.94336 0.49827 0.93848 0.51042 0.92090 0.51389 0.91504 0.52778 0.89355 0.52778 0.89160 0.53125 0.88965 0.52778 0.87207 0.52430 0.86719 0.53646 0.86719 0.56077 0.87012 0.56945 0.87598 0.57292 0.88770 0.59028 0.89746 0.59722 0.91309 0.61805 0.91699 0.61805 0.92676 0.62847 0.95410 0.63195 0.95606 0.62847 0.96582 0.62847 0.96777 0.62500 0.99316 0.61805 0.99512 0.61458 0.99902 0.61805 1.00000 0.53993 0.99609 0.53298 0.99609 0.51910 0.99219 0.50868 0.98926 0.50347 0.98730 0.50695 0.97656 0.49479 0.97656 0.44965 0.98730 0.43750 1.00000 0.43229 1.00000 0.20312
6 1.00000 0.75463 0.74740 0.41204 0.61719 0.23148 0.54036 0.19676 0.46745 0.18750 0.38932 0.18518 0.29167 0.19213 0.20313 0.20833 0.08073 0.21991 0.00000 0.23380 0.00000 0.32407 0.13411 0.30324 0.24219 0.28472 0.26562 0.28704 0.27344 0.30324 0.26432 0.32870 0.02213 1.00000 1.00000 1.00000 1.00000 0.75463
5 1.00000 0.20312 0.96582 0.20833 0.95899 0.22743 0.93359 0.26562 0.91601 0.30729 0.91601 0.33160 0.91406 0.33507 0.91406 0.39757 0.91699 0.40278 0.92090 0.40278 0.92187 0.41146 0.92676 0.41667 0.93262 0.43055 0.93652 0.43055 0.93945 0.44271 0.94531 0.44965 0.94336 0.49827 0.93848 0.51042 0.92090 0.51389 0.91504 0.52778 0.89355 0.52778 0.89160 0.53125 0.88965 0.52778 0.87207 0.52430 0.86719 0.53646 0.86719 0.56077 0.87012 0.56945 0.87598 0.57292 0.88770 0.59028 0.89746 0.59722 0.91309 0.61805 0.91699 0.61805 0.92676 0.62847 0.95410 0.63195 0.95606 0.62847 0.96582 0.62847 0.96777 0.62500 0.99316 0.61805 0.99512 0.61458 0.99902 0.61805 1.00000 0.53993 0.99609 0.53298 0.99609 0.51910 0.99219 0.50868 0.98926 0.50347 0.98730 0.50695 0.97656 0.49479 0.97656 0.44965 0.98730 0.43750 1.00000 0.43229 1.00000 0.20312
6 1.00000 0.75463 0.74740 0.41204 0.61719 0.23148 0.54036 0.19676 0.46745 0.18750 0.38932 0.18518 0.29167 0.19213 0.20313 0.20833 0.08073 0.21991 0.00000 0.23380 0.00000 0.32407 0.13411 0.30324 0.24219 0.28472 0.26562 0.28704 0.27344 0.30324 0.26432 0.32870 0.02213 1.00000 1.00000 1.00000 1.00000 0.75463
5 1.00000 0.20312 0.96582 0.20833 0.95899 0.22743 0.93359 0.26562 0.91601 0.30729 0.91601 0.33160 0.91406 0.33507 0.91406 0.39757 0.91699 0.40278 0.92090 0.40278 0.92187 0.41146 0.92676 0.41667 0.93262 0.43055 0.93652 0.43055 0.93945 0.44271 0.94531 0.44965 0.94336 0.49827 0.93848 0.51042 0.92090 0.51389 0.91504 0.52778 0.89355 0.52778 0.89160 0.53125 0.88965 0.52778 0.87207 0.52430 0.86719 0.53646 0.86719 0.56077 0.87012 0.56945 0.87598 0.57292 0.88770 0.59028 0.89746 0.59722 0.91309 0.61805 0.91699 0.61805 0.92676 0.62847 0.95410 0.63195 0.95606 0.62847 0.96582 0.62847 0.96777 0.62500 0.99316 0.61805 0.99512 0.61458 0.99902 0.61805 1.00000 0.53993 0.99609 0.53298 0.99609 0.51910 0.99219 0.50868 0.98926 0.50347 0.98730 0.50695 0.97656 0.49479 0.97656 0.44965 0.98730 0.43750 1.00000 0.43229 1.00000 0.20312
6 1.00000 0.75463 0.74740 0.41204 0.61719 0.23148 0.54036 0.19676 0.46745 0.18750 0.38932 0.18518 0.29167 0.19213 0.20313 0.20833 0.08073 0.21991 0.00000 0.23380 0.00000 0.32407 0.13411 0.30324 0.24219 0.28472 0.26562 0.28704 0.27344 0.30324 0.26432 0.32870 0.02213 1.00000 1.00000 1.00000 1.00000 0.75463
5 1.00000 0.20312 0.96582 0.20833 0.95899 0.22743 0.93359 0.26562 0.91601 0.30729 0.91601 0.33160 0.91406 0.33507 0.91406 0.39757 0.91699 0.40278 0.92090 0.40278 0.92187 0.41146 0.92676 0.41667 0.93262 0.43055 0.93652 0.43055 0.93945 0.44271 0.94531 0.44965 0.94336 0.49827 0.93848 0.51042 0.92090 0.51389 0.91504 0.52778 0.89355 0.52778 0.89160 0.53125 0.88965 0.52778 0.87207 0.52430 0.86719 0.53646 0.86719 0.56077 0.87012 0.56945 0.87598 0.57292 0.88770 0.59028 0.89746 0.59722 0.91309 0.61805 0.91699 0.61805 0.92676 0.62847 0.95410 0.63195 0.95606 0.62847 0.96582 0.62847 0.96777 0.62500 0.99316 0.61805 0.99512 0.61458 0.99902 0.61805 1.00000 0.53993 0.99609 0.53298 0.99609 0.51910 0.99219 0.50868 0.98926 0.50347 0.98730 0.50695 0.97656 0.49479 0.97656 0.44965 0.98730 0.43750 1.00000 0.43229 1.00000 0.20312
6 1.00000 0.75463 0.74740 0.41204 0.61719 0.23148 0.54036 0.19676 0.46745 0.18750 0.38932 0.18518 0.29167 0.19213 0.20313 0.20833 0.08073 0.21991 0.00000 0.23380 0.00000 0.32407 0.13411 0.30324 0.24219 0.28472 0.26562 0.28704 0.27344 0.30324 0.26432 0.32870 0.02213 1.00000 1.00000 1.00000 1.00000 0.75463
5 1.00000 0.20312 0.96582 0.20833 0.95899 0.22743 0.93359 0.26562 0.91601 0.30729 0.91601 0.33160 0.91406 0.33507 0.91406 0.39757 0.91699 0.40278 0.92090 0.40278 0.92187 0.41146 0.92676 0.41667 0.93262 0.43055 0.93652 0.43055 0.93945 0.44271 0.94531 0.44965 0.94336 0.49827 0.93848 0.51042 0.92090 0.51389 0.91504 0.52778 0.89355 0.52778 0.89160 0.53125 0.88965 0.52778 0.87207 0.52430 0.86719 0.53646 0.86719 0.56077 0.87012 0.56945 0.87598 0.57292 0.88770 0.59028 0.89746 0.59722 0.91309 0.61805 0.91699 0.61805 0.92676 0.62847 0.95410 0.63195 0.95606 0.62847 0.96582 0.62847 0.96777 0.62500 0.99316 0.61805 0.99512 0.61458 0.99902 0.61805 1.00000 0.53993 0.99609 0.53298 0.99609 0.51910 0.99219 0.50868 0.98926 0.50347 0.98730 0.50695 0.97656 0.49479 0.97656 0.44965 0.98730 0.43750 1.00000 0.43229 1.00000 0.20312
6 1.00000 0.75463 0.74740 0.41204 0.61719 0.23148 0.54036 0.19676 0.46745 0.18750 0.38932 0.18518 0.29167 0.19213 0.20313 0.20833 0.08073 0.21991 0.00000 0.23380 0.00000 0.32407 0.13411 0.30324 0.24219 0.28472 0.26562 0.28704 0.27344 0.30324 0.26432 0.32870 0.02213 1.00000 1.00000 1.00000 1.00000 0.75463
5 1.00000 0.20312 0.96582 0.20833 0.95899 0.22743 0.93359 0.26562 0.91601 0.30729 0.91601 0.33160 0.91406 0.33507 0.91406 0.39757 0.91699 0.40278 0.92090 0.40278 0.92187 0.41146 0.92676 0.41667 0.93262 0.43055 0.93652 0.43055 0.93945 0.44271 0.94531 0.44965 0.94336 0.49827 0.93848 0.51042 0.92090 0.51389 0.91504 0.52778 0.89355 0.52778 0.89160 0.53125 0.88965 0.52778 0.87207 0.52430 0.86719 0.53646 0.86719 0.56077 0.87012 0.56945 0.87598 0.57292 0.88770 0.59028 0.89746 0.59722 0.91309 0.61805 0.91699 0.61805 0.92676 0.62847 0.95410 0.63195 0.95606 0.62847 0.96582 0.62847 0.96777 0.62500 0.99316 0.61805 0.99512 0.61458 0.99902 0.61805 1.00000 0.53993 0.99609 0.53298 0.99609 0.51910 0.99219 0.50868 0.98926 0.50347 0.98730 0.50695 0.97656 0.49479 0.97656 0.44965 0.98730 0.43750 1.00000 0.43229 1.00000 0.20312
