6 0.02503 0.00000 0.02004 0.09507 0.23108 0.14064 0.25192 0.11077 0.26562 0.11204 0.27513 0.08845 0.27516 0.06154 0.26608 0.05090 0.26076 0.02104 0.14635 0.00000 0.02503 0.00000
6 0.48988 0.00000 0.46815 0.05748 0.29138 0.04102 0.28609 0.08948 0.29029 0.11434 0.32990 0.12048 0.32738 0.14227 0.32387 0.15662 0.41654 0.17505 0.06040 0.96027 0.48689 1.00000 0.97497 1.00000 0.99702 0.58004 0.72198 0.01946 0.51311 0.00000 0.48988 0.00000
6 0.02503 0.00000 0.02004 0.09507 0.23108 0.14064 0.25192 0.11077 0.26562 0.11204 0.27513 0.08845 0.27516 0.06154 0.26608 0.05090 0.26076 0.02104 0.14635 0.00000 0.02503 0.00000
6 0.48988 0.00000 0.46815 0.05748 0.29138 0.04102 0.28609 0.08948 0.29029 0.11434 0.32990 0.12048 0.32738 0.14227 0.32387 0.15662 0.41654 0.17505 0.06040 0.96027 0.48689 1.00000 0.97497 1.00000 0.99702 0.58004 0.72198 0.01946 0.51311 0.00000 0.48988 0.00000
6 0.02503 0.00000 0.02004 0.09507 0.23108 0.14064 0.25192 0.11077 0.26562 0.11204 0.27513 0.08845 0.27516 0.06154 0.26608 0.05090 0.26076 0.02104 0.14635 0.00000 0.02503 0.00000
6 0.48988 0.00000 0.46815 0.05748 0.29138 0.04102 0.28609 0.08948 0.29029 0.11434 0.32990 0.12048 0.32738 0.14227 0.32387 0.15662 0.41654 0.17505 0.06040 0.96027 0.48689 1.00000 0.97497 1.00000 0.99702 0.58004 0.72198 0.01946 0.51311 0.00000 0.48988 0.00000
6 0.02503 0.00000 0.02004 0.09507 0.23108 0.14064 0.25192 0.11077 0.26562 0.11204 0.27513 0.08845 0.27516 0.06154 0.26608 0.05090 0.26076 0.02104 0.14635 0.00000 0.02503 0.00000
6 0.48988 0.00000 0.46815 0.05748 0.29138 0.04102 0.28609 0.08948 0.29029 0.11434 0.32990 0.12048 0.32738 0.14227 0.32387 0.15662 0.41654 0.17505 0.06040 0.96027 0.48689 1.00000 0.97497 1.00000 0.99702 0.58004 0.72198 0.01946 0.51311 0.00000 0.48988 0.00000
6 0.02503 0.00000 0.02004 0.09507 0.23108 0.14064 0.25192 0.11077 0.26562 0.11204 0.27513 0.08845 0.27516 0.06154 0.26608 0.05090 0.26076 0.02104 0.14635 0.00000 0.02503 0.00000
6 0.48988 0.00000 0.46815 0.05748 0.29138 0.04102 0.28609 0.08948 0.29029 0.11434 0.32990 0.12048 0.32738 0.14227 0.32387 0.15662 0.41654 0.17505 0.06040 0.96027 0.48689 1.00000 0.97497 1.00000 0.99702 0.58004 0.72198 0.01946 0.51311 0.00000 0.48988 0.00000
6 0.02503 0.00000 0.02004 0.09507 0.23108 0.14064 0.25192 0.11077 0.26562 0.11204 0.27513 0.08845 0.27516 0.06154 0.26608 0.05090 0.26076 0.02104 0.14635 0.00000 0.02503 0.00000
6 0.48988 0.00000 0.46815 0.05748 0.29138 0.04102 0.28609 0.08948 0.29029 0.11434 0.32990 0.12048 0.32738 0.14227 0.32387 0.15662 0.41654 0.17505 0.06040 0.96027 0.48689 1.00000 0.97497 1.00000 0.99702 0.58004 0.72198 0.01946 0.51311 0.00000 0.48988 0.00000
