6 0.51639 1.00000 0.57266 0.99344 0.56285 0.98300 0.55872 0.98348 0.55411 0.97662 0.54999 0.97710 0.54538 0.97025 0.53688 0.96754 0.53203 0.95701 0.52353 0.95430 0.49501 0.93174 0.49088 0.93222 0.48627 0.92536 0.46673 0.91285 0.44234 0.88981 0.40533 0.86454 0.38531 0.84469 0.38118 0.84517 0.37657 0.83831 0.36370 0.83241 0.33033 0.79932 0.32184 0.79662 0.29999 0.78067 0.29538 0.77382 0.24320 0.73922 0.22318 0.71937 0.19720 0.70391 0.19350 0.69509 0.18362 0.68700 0.17876 0.67647 0.17464 0.67695 0.16748 0.66300 0.16335 0.66348 0.15989 0.65833 0.15826 0.64928 0.14381 0.65096 0.12658 0.64188 0.11299 0.62497 0.09211 0.62371 0.07876 0.61047 0.07026 0.60777 0.06565 0.60091 0.05922 0.59796 0.05230 0.58767 0.02172 0.56535 0.00291 0.56385 0.00226 0.56348 0.03093 1.00000 0.51639 1.00000
1 0.36540 0.71573 0.36347 0.68638 0.37628 0.67564 0.38813 0.65022 0.39288 0.62748 0.39047 0.59079 0.38235 0.56215 0.36761 0.54353 0.35681 0.53739 0.33847 0.54323 0.32887 0.55544 0.32091 0.57671 0.31507 0.61437 0.31651 0.63638 0.32439 0.66135 0.33707 0.68021 0.34696 0.68830 0.34865 0.71399 0.34433 0.72743 0.33540 0.73402 0.33522 0.74698 0.33133 0.75114 0.31870 0.74891 0.31415 0.75869 0.31463 0.76602 0.31833 0.77484 0.32245 0.77436 0.33580 0.78759 0.34934 0.78786 0.36057 0.78471 0.36239 0.78080 0.39748 0.77671 0.40410 0.76669 0.40016 0.75421 0.39349 0.74759 0.38293 0.74513 0.37947 0.73998 0.37875 0.72897 0.37299 0.72040 0.36886 0.72088 0.36540 0.71573
7 0.13588 0.60936 0.13328 0.58563 0.11677 0.58755 0.11495 0.59146 0.09200 0.59044 0.09018 0.59435 0.08192 0.59531 0.07506 0.60166 0.07645 0.60704 0.09599 0.61956 0.13199 0.61352 0.13588 0.60936
7 0.11431 0.53422 0.11613 0.53031 0.11324 0.48628 0.10978 0.48113 0.09946 0.48234 0.09466 0.48844 0.10045 0.57652 0.10391 0.58166 0.11513 0.57850 0.11696 0.57459 0.11431 0.53422
6 0.51639 1.00000 0.57266 0.99344 0.56285 0.98300 0.55872 0.98348 0.55411 0.97662 0.54999 0.97710 0.54538 0.97025 0.53688 0.96754 0.53203 0.95701 0.52353 0.95430 0.49501 0.93174 0.49088 0.93222 0.48627 0.92536 0.46673 0.91285 0.44234 0.88981 0.40533 0.86454 0.38531 0.84469 0.38118 0.84517 0.37657 0.83831 0.36370 0.83241 0.33033 0.79932 0.32184 0.79662 0.29999 0.78067 0.29538 0.77382 0.24320 0.73922 0.22318 0.71937 0.19720 0.70391 0.19350 0.69509 0.18362 0.68700 0.17876 0.67647 0.17464 0.67695 0.16748 0.66300 0.16335 0.66348 0.15989 0.65833 0.15826 0.64928 0.14381 0.65096 0.12658 0.64188 0.11299 0.62497 0.09211 0.62371 0.07876 0.61047 0.07026 0.60777 0.06565 0.60091 0.05922 0.59796 0.05230 0.58767 0.02172 0.56535 0.00291 0.56385 0.00226 0.56348 0.03093 1.00000 0.51639 1.00000
1 0.36540 0.71573 0.36347 0.68638 0.37628 0.67564 0.38813 0.65022 0.39288 0.62748 0.39047 0.59079 0.38235 0.56215 0.36761 0.54353 0.35681 0.53739 0.33847 0.54323 0.32887 0.55544 0.32091 0.57671 0.31507 0.61437 0.31651 0.63638 0.32439 0.66135 0.33707 0.68021 0.34696 0.68830 0.34865 0.71399 0.34433 0.72743 0.33540 0.73402 0.33522 0.74698 0.33133 0.75114 0.31870 0.74891 0.31415 0.75869 0.31463 0.76602 0.31833 0.77484 0.32245 0.77436 0.33580 0.78759 0.34934 0.78786 0.36057 0.78471 0.36239 0.78080 0.39748 0.77671 0.40410 0.76669 0.40016 0.75421 0.39349 0.74759 0.38293 0.74513 0.37947 0.73998 0.37875 0.72897 0.37299 0.72040 0.36886 0.72088 0.36540 0.71573
7 0.13588 0.60936 0.13328 0.58563 0.11677 0.58755 0.11495 0.59146 0.09200 0.59044 0.09018 0.59435 0.08192 0.59531 0.07506 0.60166 0.07645 0.60704 0.09599 0.61956 0.13199 0.61352 0.13588 0.60936
7 0.11431 0.53422 0.11613 0.53031 0.11324 0.48628 0.10978 0.48113 0.09946 0.48234 0.09466 0.48844 0.10045 0.57652 0.10391 0.58166 0.11513 0.57850 0.11696 0.57459 0.11431 0.53422
6 0.51639 1.00000 0.57266 0.99344 0.56285 0.98300 0.55872 0.98348 0.55411 0.97662 0.54999 0.97710 0.54538 0.97025 0.53688 0.96754 0.53203 0.95701 0.52353 0.95430 0.49501 0.93174 0.49088 0.93222 0.48627 0.92536 0.46673 0.91285 0.44234 0.88981 0.40533 0.86454 0.38531 0.84469 0.38118 0.84517 0.37657 0.83831 0.36370 0.83241 0.33033 0.79932 0.32184 0.79662 0.29999 0.78067 0.29538 0.77382 0.24320 0.73922 0.22318 0.71937 0.19720 0.70391 0.19350 0.69509 0.18362 0.68700 0.17876 0.67647 0.17464 0.67695 0.16748 0.66300 0.16335 0.66348 0.15989 0.65833 0.15826 0.64928 0.14381 0.65096 0.12658 0.64188 0.11299 0.62497 0.09211 0.62371 0.07876 0.61047 0.07026 0.60777 0.06565 0.60091 0.05922 0.59796 0.05230 0.58767 0.02172 0.56535 0.00291 0.56385 0.00226 0.56348 0.03093 1.00000 0.51639 1.00000
1 0.36540 0.71573 0.36347 0.68638 0.37628 0.67564 0.38813 0.65022 0.39288 0.62748 0.39047 0.59079 0.38235 0.56215 0.36761 0.54353 0.35681 0.53739 0.33847 0.54323 0.32887 0.55544 0.32091 0.57671 0.31507 0.61437 0.31651 0.63638 0.32439 0.66135 0.33707 0.68021 0.34696 0.68830 0.34865 0.71399 0.34433 0.72743 0.33540 0.73402 0.33522 0.74698 0.33133 0.75114 0.31870 0.74891 0.31415 0.75869 0.31463 0.76602 0.31833 0.77484 0.32245 0.77436 0.33580 0.78759 0.34934 0.78786 0.36057 0.78471 0.36239 0.78080 0.39748 0.77671 0.40410 0.76669 0.40016 0.75421 0.39349 0.74759 0.38293 0.74513 0.37947 0.73998 0.37875 0.72897 0.37299 0.72040 0.36886 0.72088 0.36540 0.71573
7 0.13588 0.60936 0.13328 0.58563 0.11677 0.58755 0.11495 0.59146 0.09200 0.59044 0.09018 0.59435 0.08192 0.59531 0.07506 0.60166 0.07645 0.60704 0.09599 0.61956 0.13199 0.61352 0.13588 0.60936
7 0.11431 0.53422 0.11613 0.53031 0.11324 0.48628 0.10978 0.48113 0.09946 0.48234 0.09466 0.48844 0.10045 0.57652 0.10391 0.58166 0.11513 0.57850 0.11696 0.57459 0.11431 0.53422
6 0.51639 1.00000 0.57266 0.99344 0.56285 0.98300 0.55872 0.98348 0.55411 0.97662 0.54999 0.97710 0.54538 0.97025 0.53688 0.96754 0.53203 0.95701 0.52353 0.95430 0.49501 0.93174 0.49088 0.93222 0.48627 0.92536 0.46673 0.91285 0.44234 0.88981 0.40533 0.86454 0.38531 0.84469 0.38118 0.84517 0.37657 0.83831 0.36370 0.83241 0.33033 0.79932 0.32184 0.79662 0.29999 0.78067 0.29538 0.77382 0.24320 0.73922 0.22318 0.71937 0.19720 0.70391 0.19350 0.69509 0.18362 0.68700 0.17876 0.67647 0.17464 0.67695 0.16748 0.66300 0.16335 0.66348 0.15989 0.65833 0.15826 0.64928 0.14381 0.65096 0.12658 0.64188 0.11299 0.62497 0.09211 0.62371 0.07876 0.61047 0.07026 0.60777 0.06565 0.60091 0.05922 0.59796 0.05230 0.58767 0.02172 0.56535 0.00291 0.56385 0.00226 0.56348 0.03093 1.00000 0.51639 1.00000
1 0.36540 0.71573 0.36347 0.68638 0.37628 0.67564 0.38813 0.65022 0.39288 0.62748 0.39047 0.59079 0.38235 0.56215 0.36761 0.54353 0.35681 0.53739 0.33847 0.54323 0.32887 0.55544 0.32091 0.57671 0.31507 0.61437 0.31651 0.63638 0.32439 0.66135 0.33707 0.68021 0.34696 0.68830 0.34865 0.71399 0.34433 0.72743 0.33540 0.73402 0.33522 0.74698 0.33133 0.75114 0.31870 0.74891 0.31415 0.75869 0.31463 0.76602 0.31833 0.77484 0.32245 0.77436 0.33580 0.78759 0.34934 0.78786 0.36057 0.78471 0.36239 0.78080 0.39748 0.77671 0.40410 0.76669 0.40016 0.75421 0.39349 0.74759 0.38293 0.74513 0.37947 0.73998 0.37875 0.72897 0.37299 0.72040 0.36886 0.72088 0.36540 0.71573
7 0.13588 0.60936 0.13328 0.58563 0.11677 0.58755 0.11495 0.59146 0.09200 0.59044 0.09018 0.59435 0.08192 0.59531 0.07506 0.60166 0.07645 0.60704 0.09599 0.61956 0.13199 0.61352 0.13588 0.60936
7 0.11431 0.53422 0.11613 0.53031 0.11324 0.48628 0.10978 0.48113 0.09946 0.48234 0.09466 0.48844 0.10045 0.57652 0.10391 0.58166 0.11513 0.57850 0.11696 0.57459 0.11431 0.53422
6 0.51639 1.00000 0.57266 0.99344 0.56285 0.98300 0.55872 0.98348 0.55411 0.97662 0.54999 0.97710 0.54538 0.97025 0.53688 0.96754 0.53203 0.95701 0.52353 0.95430 0.49501 0.93174 0.49088 0.93222 0.48627 0.92536 0.46673 0.91285 0.44234 0.88981 0.40533 0.86454 0.38531 0.84469 0.38118 0.84517 0.37657 0.83831 0.36370 0.83241 0.33033 0.79932 0.32184 0.79662 0.29999 0.78067 0.29538 0.77382 0.24320 0.73922 0.22318 0.71937 0.19720 0.70391 0.19350 0.69509 0.18362 0.68700 0.17876 0.67647 0.17464 0.67695 0.16748 0.66300 0.16335 0.66348 0.15989 0.65833 0.15826 0.64928 0.14381 0.65096 0.12658 0.64188 0.11299 0.62497 0.09211 0.62371 0.07876 0.61047 0.07026 0.60777 0.06565 0.60091 0.05922 0.59796 0.05230 0.58767 0.02172 0.56535 0.00291 0.56385 0.00226 0.56348 0.03093 1.00000 0.51639 1.00000
1 0.36540 0.71573 0.36347 0.68638 0.37628 0.67564 0.38813 0.65022 0.39288 0.62748 0.39047 0.59079 0.38235 0.56215 0.36761 0.54353 0.35681 0.53739 0.33847 0.54323 0.32887 0.55544 0.32091 0.57671 0.31507 0.61437 0.31651 0.63638 0.32439 0.66135 0.33707 0.68021 0.34696 0.68830 0.34865 0.71399 0.34433 0.72743 0.33540 0.73402 0.33522 0.74698 0.33133 0.75114 0.31870 0.74891 0.31415 0.75869 0.31463 0.76602 0.31833 0.77484 0.32245 0.77436 0.33580 0.78759 0.34934 0.78786 0.36057 0.78471 0.36239 0.78080 0.39748 0.77671 0.40410 0.76669 0.40016 0.75421 0.39349 0.74759 0.38293 0.74513 0.37947 0.73998 0.37875 0.72897 0.37299 0.72040 0.36886 0.72088 0.36540 0.71573
7 0.13588 0.60936 0.13328 0.58563 0.11677 0.58755 0.11495 0.59146 0.09200 0.59044 0.09018 0.59435 0.08192 0.59531 0.07506 0.60166 0.07645 0.60704 0.09599 0.61956 0.13199 0.61352 0.13588 0.60936
7 0.11431 0.53422 0.11613 0.53031 0.11324 0.48628 0.10978 0.48113 0.09946 0.48234 0.09466 0.48844 0.10045 0.57652 0.10391 0.58166 0.11513 0.57850 0.11696 0.57459 0.11431 0.53422
6 0.51639 1.00000 0.57266 0.99344 0.56285 0.98300 0.55872 0.98348 0.55411 0.97662 0.54999 0.97710 0.54538 0.97025 0.53688 0.96754 0.53203 0.95701 0.52353 0.95430 0.49501 0.93174 0.49088 0.93222 0.48627 0.92536 0.46673 0.91285 0.44234 0.88981 0.40533 0.86454 0.38531 0.84469 0.38118 0.84517 0.37657 0.83831 0.36370 0.83241 0.33033 0.79932 0.32184 0.79662 0.29999 0.78067 0.29538 0.77382 0.24320 0.73922 0.22318 0.71937 0.19720 0.70391 0.19350 0.69509 0.18362 0.68700 0.17876 0.67647 0.17464 0.67695 0.16748 0.66300 0.16335 0.66348 0.15989 0.65833 0.15826 0.64928 0.14381 0.65096 0.12658 0.64188 0.11299 0.62497 0.09211 0.62371 0.07876 0.61047 0.07026 0.60777 0.06565 0.60091 0.05922 0.59796 0.05230 0.58767 0.02172 0.56535 0.00291 0.56385 0.00226 0.56348 0.03093 1.00000 0.51639 1.00000
1 0.36540 0.71573 0.36347 0.68638 0.37628 0.67564 0.38813 0.65022 0.39288 0.62748 0.39047 0.59079 0.38235 0.56215 0.36761 0.54353 0.35681 0.53739 0.33847 0.54323 0.32887 0.55544 0.32091 0.57671 0.31507 0.61437 0.31651 0.63638 0.32439 0.66135 0.33707 0.68021 0.34696 0.68830 0.34865 0.71399 0.34433 0.72743 0.33540 0.73402 0.33522 0.74698 0.33133 0.75114 0.31870 0.74891 0.31415 0.75869 0.31463 0.76602 0.31833 0.77484 0.32245 0.77436 0.33580 0.78759 0.34934 0.78786 0.36057 0.78471 0.36239 0.78080 0.39748 0.77671 0.40410 0.76669 0.40016 0.75421 0.39349 0.74759 0.38293 0.74513 0.37947 0.73998 0.37875 0.72897 0.37299 0.72040 0.36886 0.72088 0.36540 0.71573
7 0.13588 0.60936 0.13328 0.58563 0.11677 0.58755 0.11495 0.59146 0.09200 0.59044 0.09018 0.59435 0.08192 0.59531 0.07506 0.60166 0.07645 0.60704 0.09599 0.61956 0.13199 0.61352 0.13588 0.60936
7 0.11431 0.53422 0.11613 0.53031 0.11324 0.48628 0.10978 0.48113 0.09946 0.48234 0.09466 0.48844 0.10045 0.57652 0.10391 0.58166 0.11513 0.57850 0.11696 0.57459 0.11431 0.53422
