5 0.40398 0.83517 0.37422 0.81545 0.37272 0.79507 0.36289 0.79530 0.35948 0.75456 0.37125 0.74554 0.38790 0.70215 0.39069 0.63356 0.37381 0.59678 0.33946 0.60268 0.31541 0.64402 0.31412 0.63899 0.31054 0.70978 0.34153 0.76081 0.33716 0.80246 0.32451 0.80640 0.32274 0.82831 0.29820 0.83180 0.29810 0.85513 0.33580 0.88632 0.40547 0.85482 0.40398 0.83517
6 0.45195 1.00000 0.30506 0.87266 0.30093 0.86558 0.28668 0.85516 0.27435 0.83752 0.25602 0.82360 0.25199 0.82369 0.24786 0.81662 0.24383 0.81671 0.16024 0.74694 0.15621 0.74704 0.12152 0.71557 0.11739 0.70850 0.11130 0.70505 0.10731 0.70873 0.10314 0.69807 0.07890 0.69505 0.07684 0.69151 0.06071 0.69189 0.05865 0.68835 0.04454 0.68868 0.04248 0.68514 0.03849 0.68882 0.03240 0.68537 0.02433 0.68556 0.02237 0.68919 0.00240 0.68890 0.00648 1.00000 0.45195 1.00000
5 0.40398 0.83517 0.37422 0.81545 0.37272 0.79507 0.36289 0.79530 0.35948 0.75456 0.37125 0.74554 0.38790 0.70215 0.39069 0.63356 0.37381 0.59678 0.33946 0.60268 0.31541 0.64402 0.31412 0.63899 0.31054 0.70978 0.34153 0.76081 0.33716 0.80246 0.32451 0.80640 0.32274 0.82831 0.29820 0.83180 0.29810 0.85513 0.33580 0.88632 0.40547 0.85482 0.40398 0.83517
6 0.45195 1.00000 0.30506 0.87266 0.30093 0.86558 0.28668 0.85516 0.27435 0.83752 0.25602 0.82360 0.25199 0.82369 0.24786 0.81662 0.24383 0.81671 0.16024 0.74694 0.15621 0.74704 0.12152 0.71557 0.11739 0.70850 0.11130 0.70505 0.10731 0.70873 0.10314 0.69807 0.07890 0.69505 0.07684 0.69151 0.06071 0.69189 0.05865 0.68835 0.04454 0.68868 0.04248 0.68514 0.03849 0.68882 0.03240 0.68537 0.02433 0.68556 0.02237 0.68919 0.00240 0.68890 0.00648 1.00000 0.45195 1.00000
5 0.40398 0.83517 0.37422 0.81545 0.37272 0.79507 0.36289 0.79530 0.35948 0.75456 0.37125 0.74554 0.38790 0.70215 0.39069 0.63356 0.37381 0.59678 0.33946 0.60268 0.31541 0.64402 0.31412 0.63899 0.31054 0.70978 0.34153 0.76081 0.33716 0.80246 0.32451 0.80640 0.32274 0.82831 0.29820 0.83180 0.29810 0.85513 0.33580 0.88632 0.40547 0.85482 0.40398 0.83517
6 0.45195 1.00000 0.30506 0.87266 0.30093 0.86558 0.28668 0.85516 0.27435 0.83752 0.25602 0.82360 0.25199 0.82369 0.24786 0.81662 0.24383 0.81671 0.16024 0.74694 0.15621 0.74704 0.12152 0.71557 0.11739 0.70850 0.11130 0.70505 0.10731 0.70873 0.10314 0.69807 0.07890 0.69505 0.07684 0.69151 0.06071 0.69189 0.05865 0.68835 0.04454 0.68868 0.04248 0.68514 0.03849 0.68882 0.03240 0.68537 0.02433 0.68556 0.02237 0.68919 0.00240 0.68890 0.00648 1.00000 0.45195 1.00000
5 0.40398 0.83517 0.37422 0.81545 0.37272 0.79507 0.36289 0.79530 0.35948 0.75456 0.37125 0.74554 0.38790 0.70215 0.39069 0.63356 0.37381 0.59678 0.33946 0.60268 0.31541 0.64402 0.31412 0.63899 0.31054 0.70978 0.34153 0.76081 0.33716 0.80246 0.32451 0.80640 0.32274 0.82831 0.29820 0.83180 0.29810 0.85513 0.33580 0.88632 0.40547 0.85482 0.40398 0.83517
6 0.45195 1.00000 0.30506 0.87266 0.30093 0.86558 0.28668 0.85516 0.27435 0.83752 0.25602 0.82360 0.25199 0.82369 0.24786 0.81662 0.24383 0.81671 0.16024 0.74694 0.15621 0.74704 0.12152 0.71557 0.11739 0.70850 0.11130 0.70505 0.10731 0.70873 0.10314 0.69807 0.07890 0.69505 0.07684 0.69151 0.06071 0.69189 0.05865 0.68835 0.04454 0.68868 0.04248 0.68514 0.03849 0.68882 0.03240 0.68537 0.02433 0.68556 0.02237 0.68919 0.00240 0.68890 0.00648 1.00000 0.45195 1.00000
5 0.40398 0.83517 0.37422 0.81545 0.37272 0.79507 0.36289 0.79530 0.35948 0.75456 0.37125 0.74554 0.38790 0.70215 0.39069 0.63356 0.37381 0.59678 0.33946 0.60268 0.31541 0.64402 0.31412 0.63899 0.31054 0.70978 0.34153 0.76081 0.33716 0.80246 0.32451 0.80640 0.32274 0.82831 0.29820 0.83180 0.29810 0.85513 0.33580 0.88632 0.40547 0.85482 0.40398 0.83517
6 0.45195 1.00000 0.30506 0.87266 0.30093 0.86558 0.28668 0.85516 0.27435 0.83752 0.25602 0.82360 0.25199 0.82369 0.24786 0.81662 0.24383 0.81671 0.16024 0.74694 0.15621 0.74704 0.12152 0.71557 0.11739 0.70850 0.11130 0.70505 0.10731 0.70873 0.10314 0.69807 0.07890 0.69505 0.07684 0.69151 0.06071 0.69189 0.05865 0.68835 0.04454 0.68868 0.04248 0.68514 0.03849 0.68882 0.03240 0.68537 0.02433 0.68556 0.02237 0.68919 0.00240 0.68890 0.00648 1.00000 0.45195 1.00000
5 0.40398 0.83517 0.37422 0.81545 0.37272 0.79507 0.36289 0.79530 0.35948 0.75456 0.37125 0.74554 0.38790 0.70215 0.39069 0.63356 0.37381 0.59678 0.33946 0.60268 0.31541 0.64402 0.31412 0.63899 0.31054 0.70978 0.34153 0.76081 0.33716 0.80246 0.32451 0.80640 0.32274 0.82831 0.29820 0.83180 0.29810 0.85513 0.33580 0.88632 0.40547 0.85482 0.40398 0.83517
6 0.45195 1.00000 0.30506 0.87266 0.30093 0.86558 0.28668 0.85516 0.27435 0.83752 0.25602 0.82360 0.25199 0.82369 0.24786 0.81662 0.24383 0.81671 0.16024 0.74694 0.15621 0.74704 0.12152 0.71557 0.11739 0.70850 0.11130 0.70505 0.10731 0.70873 0.10314 0.69807 0.07890 0.69505 0.07684 0.69151 0.06071 0.69189 0.05865 0.68835 0.04454 0.68868 0.04248 0.68514 0.03849 0.68882 0.03240 0.68537 0.02433 0.68556 0.02237 0.68919 0.00240 0.68890 0.00648 1.00000 0.45195 1.00000
