6 0.00000 0.92190 0.22372 0.95682 0.22323 0.95149 0.21255 0.93925 0.20867 0.93862 0.19088 0.91821 0.16695 0.90031 0.14559 0.87582 0.13622 0.87079 0.12391 0.85479 0.10517 0.84473 0.10192 0.83720 0.07993 0.81961 0.07412 0.81866 0.05988 0.80234 0.02851 0.77971 0.02333 0.77187 0.00000 0.75441 0.00000 0.92190
2 0.15323 0.69691 0.16769 0.64680 0.16896 0.63302 0.17121 0.62989 0.16779 0.61359 0.10706 0.61065 0.09173 0.61689 0.09402 0.63475 0.10050 0.64980 0.10604 0.67520 0.11090 0.68649 0.11188 0.69714 0.11674 0.70844 0.12034 0.73351 0.11776 0.74009 0.11522 0.76766 0.10426 0.77986 0.10267 0.79709 0.09928 0.80179 0.08734 0.80333 0.08395 0.80802 0.08332 0.81491 0.08737 0.82432 0.10594 0.82561 0.13453 0.82504 0.15938 0.81161 0.16907 0.81320 0.17472 0.80537 0.17503 0.80193 0.16904 0.79220 0.15385 0.78622 0.14962 0.76804 0.13831 0.76269 0.13683 0.74670 0.14067 0.72634 0.15323 0.69691
6 0.00000 0.92190 0.22372 0.95682 0.22323 0.95149 0.21255 0.93925 0.20867 0.93862 0.19088 0.91821 0.16695 0.90031 0.14559 0.87582 0.13622 0.87079 0.12391 0.85479 0.10517 0.84473 0.10192 0.83720 0.07993 0.81961 0.07412 0.81866 0.05988 0.80234 0.02851 0.77971 0.02333 0.77187 0.00000 0.75441 0.00000 0.92190
2 0.15323 0.69691 0.16769 0.64680 0.16896 0.63302 0.17121 0.62989 0.16779 0.61359 0.10706 0.61065 0.09173 0.61689 0.09402 0.63475 0.10050 0.64980 0.10604 0.67520 0.11090 0.68649 0.11188 0.69714 0.11674 0.70844 0.12034 0.73351 0.11776 0.74009 0.11522 0.76766 0.10426 0.77986 0.10267 0.79709 0.09928 0.80179 0.08734 0.80333 0.08395 0.80802 0.08332 0.81491 0.08737 0.82432 0.10594 0.82561 0.13453 0.82504 0.15938 0.81161 0.16907 0.81320 0.17472 0.80537 0.17503 0.80193 0.16904 0.79220 0.15385 0.78622 0.14962 0.76804 0.13831 0.76269 0.13683 0.74670 0.14067 0.72634 0.15323 0.69691
6 0.00000 0.92190 0.22372 0.95682 0.22323 0.95149 0.21255 0.93925 0.20867 0.93862 0.19088 0.91821 0.16695 0.90031 0.14559 0.87582 0.13622 0.87079 0.12391 0.85479 0.10517 0.84473 0.10192 0.83720 0.07993 0.81961 0.07412 0.81866 0.05988 0.80234 0.02851 0.77971 0.02333 0.77187 0.00000 0.75441 0.00000 0.92190
2 0.15323 0.69691 0.16769 0.64680 0.16896 0.63302 0.17121 0.62989 0.16779 0.61359 0.10706 0.61065 0.09173 0.61689 0.09402 0.63475 0.10050 0.64980 0.10604 0.67520 0.11090 0.68649 0.11188 0.69714 0.11674 0.70844 0.12034 0.73351 0.11776 0.74009 0.11522 0.76766 0.10426 0.77986 0.10267 0.79709 0.09928 0.80179 0.08734 0.80333 0.08395 0.80802 0.08332 0.81491 0.08737 0.82432 0.10594 0.82561 0.13453 0.82504 0.15938 0.81161 0.16907 0.81320 0.17472 0.80537 0.17503 0.80193 0.16904 0.79220 0.15385 0.78622 0.14962 0.76804 0.13831 0.76269 0.13683 0.74670 0.14067 0.72634 0.15323 0.69691
6 0.00000 0.92190 0.22372 0.95682 0.22323 0.95149 0.21255 0.93925 0.20867 0.93862 0.19088 0.91821 0.16695 0.90031 0.14559 0.87582 0.13622 0.87079 0.12391 0.85479 0.10517 0.84473 0.10192 0.83720 0.07993 0.81961 0.07412 0.81866 0.05988 0.80234 0.02851 0.77971 0.02333 0.77187 0.00000 0.75441 0.00000 0.92190
2 0.15323 0.69691 0.16769 0.64680 0.16896 0.63302 0.17121 0.62989 0.16779 0.61359 0.10706 0.61065 0.09173 0.61689 0.09402 0.63475 0.10050 0.64980 0.10604 0.67520 0.11090 0.68649 0.11188 0.69714 0.11674 0.70844 0.12034 0.73351 0.11776 0.74009 0.11522 0.76766 0.10426 0.77986 0.10267 0.79709 0.09928 0.80179 0.08734 0.80333 0.08395 0.80802 0.08332 0.81491 0.08737 0.82432 0.10594 0.82561 0.13453 0.82504 0.15938 0.81161 0.16907 0.81320 0.17472 0.80537 0.17503 0.80193 0.16904 0.79220 0.15385 0.78622 0.14962 0.76804 0.13831 0.76269 0.13683 0.74670 0.14067 0.72634 0.15323 0.69691
6 0.00000 0.92190 0.22372 0.95682 0.22323 0.95149 0.21255 0.93925 0.20867 0.93862 0.19088 0.91821 0.16695 0.90031 0.14559 0.87582 0.13622 0.87079 0.12391 0.85479 0.10517 0.84473 0.10192 0.83720 0.07993 0.81961 0.07412 0.81866 0.05988 0.80234 0.02851 0.77971 0.02333 0.77187 0.00000 0.75441 0.00000 0.92190
2 0.15323 0.69691 0.16769 0.64680 0.16896 0.63302 0.17121 0.62989 0.16779 0.61359 0.10706 0.61065 0.09173 0.61689 0.09402 0.63475 0.10050 0.64980 0.10604 0.67520 0.11090 0.68649 0.11188 0.69714 0.11674 0.70844 0.12034 0.73351 0.11776 0.74009 0.11522 0.76766 0.10426 0.77986 0.10267 0.79709 0.09928 0.80179 0.08734 0.80333 0.08395 0.80802 0.08332 0.81491 0.08737 0.82432 0.10594 0.82561 0.13453 0.82504 0.15938 0.81161 0.16907 0.81320 0.17472 0.80537 0.17503 0.80193 0.16904 0.79220 0.15385 0.78622 0.14962 0.76804 0.13831 0.76269 0.13683 0.74670 0.14067 0.72634 0.15323 0.69691
6 0.00000 0.92190 0.22372 0.95682 0.22323 0.95149 0.21255 0.93925 0.20867 0.93862 0.19088 0.91821 0.16695 0.90031 0.14559 0.87582 0.13622 0.87079 0.12391 0.85479 0.10517 0.84473 0.10192 0.83720 0.07993 0.81961 0.07412 0.81866 0.05988 0.80234 0.02851 0.77971 0.02333 0.77187 0.00000 0.75441 0.00000 0.92190
2 0.15323 0.69691 0.16769 0.64680 0.16896 0.63302 0.17121 0.62989 0.16779 0.61359 0.10706 0.61065 0.09173 0.61689 0.09402 0.63475 0.10050 0.64980 0.10604 0.67520 0.11090 0.68649 0.11188 0.69714 0.11674 0.70844 0.12034 0.73351 0.11776 0.74009 0.11522 0.76766 0.10426 0.77986 0.10267 0.79709 0.09928 0.80179 0.08734 0.80333 0.08395 0.80802 0.08332 0.81491 0.08737 0.82432 0.10594 0.82561 0.13453 0.82504 0.15938 0.81161 0.16907 0.81320 0.17472 0.80537 0.17503 0.80193 0.16904 0.79220 0.15385 0.78622 0.14962 0.76804 0.13831 0.76269 0.13683 0.74670 0.14067 0.72634 0.15323 0.69691
