6 0.52954 1.00000 0.98217 0.90451 0.97757 0.86582 0.97509 0.86261 0.97789 0.85084 0.96425 0.83320 0.92632 0.79645 0.92223 0.79731 0.91739 0.80952 0.91329 0.81038 0.91113 0.79219 0.91609 0.79861 0.92099 0.79571 0.91188 0.78084 0.90531 0.77850 0.89335 0.76611 0.89167 0.76086 0.87804 0.74323 0.87147 0.74089 0.86608 0.73083 0.85541 0.72936 0.83267 0.69686 0.80757 0.67977 0.77738 0.63766 0.77286 0.63488 0.76263 0.63704 0.76015 0.63383 0.75649 0.63834 0.75196 0.63556 0.74626 0.64049 0.74130 0.63408 0.73516 0.63538 0.72896 0.62736 0.72934 0.62169 0.74652 0.61620 0.74236 0.60775 0.73870 0.61225 0.73703 0.60701 0.74392 0.59437 0.74386 0.58505 0.75409 0.58290 0.76519 0.58802 0.77499 0.58222 0.77536 0.57654 0.77245 0.56970 0.77568 0.56156 0.77320 0.55835 0.78294 0.54325 0.78994 0.54923 0.78989 0.53991 0.78697 0.53307 0.78326 0.52826 0.76689 0.53171 0.76527 0.53578 0.76075 0.53301 0.73619 0.53819 0.70861 0.51790 0.68610 0.52265 0.68448 0.52672 0.67630 0.52845 0.67382 0.52524 0.66768 0.52654 0.66607 0.53061 0.66359 0.52740 0.66197 0.53147 0.65540 0.52912 0.65379 0.53320 0.55761 0.55349 0.55600 0.55755 0.44550 0.58087 0.44388 0.58494 0.41933 0.59012 0.41772 0.59419 0.41523 0.59098 0.40953 0.59592 0.40630 0.60406 0.39650 0.60986 0.39625 0.63415 0.38290 0.66307 0.38345 0.68534 0.37259 0.71746 0.37389 0.72838 0.36377 0.74916 0.36141 0.76458 0.33484 0.84104 0.33248 0.85646 0.32398 0.87317 0.32323 0.88452 0.31194 0.91301 0.30355 0.94835 0.28698 0.98541 0.28352 1.00000 0.52954 1.00000
6 1.00000 0.47196 0.98454 0.47461 0.98293 0.47868 0.88061 0.50026 0.87900 0.50433 0.86672 0.50692 0.86269 0.51710 0.86275 0.52641 0.94869 0.50827 0.95036 0.51352 0.85747 0.53498 0.85381 0.53948 0.85263 0.54719 0.84084 0.56273 0.84257 0.57728 0.85534 0.58764 0.85696 0.58357 0.89993 0.57451 0.90241 0.57771 0.94048 0.57155 1.00000 0.55758 1.00000 0.47196
6 0.25369 0.64371 0.24142 0.64630 0.24364 0.67380 0.24946 0.68750 0.25162 0.70569 0.25534 0.71050 0.27457 0.70458 0.28269 0.69354 0.29292 0.69138 0.29572 0.67960 0.30831 0.66203 0.32220 0.65537 0.32041 0.63150 0.31670 0.62669 0.30851 0.62842 0.30603 0.62521 0.30237 0.62971 0.25531 0.63964 0.25369 0.64371
6 0.11588 0.75484 0.20796 0.73541 0.21894 0.72191 0.22713 0.72018 0.23116 0.71000 0.23191 0.69866 0.22801 0.66591 0.21233 0.64871 0.15709 0.66036 0.15547 0.66443 0.03474 0.68991 0.03226 0.68670 0.01637 0.69005 0.02692 0.77884 0.10199 0.76150 0.10360 0.75743 0.10608 0.76064 0.10974 0.75614 0.11426 0.75891 0.11588 0.75484
7 0.32320 0.48732 0.30640 0.48714 0.30193 0.49368 0.32549 0.65654 0.33422 0.67707 0.33639 0.69527 0.34221 0.70895 0.34394 0.72351 0.35014 0.73152 0.35547 0.73227 0.36440 0.71919 0.36149 0.71234 0.36348 0.70260 0.36962 0.70131 0.37204 0.69520 0.36913 0.68836 0.36523 0.65561 0.34638 0.65586 0.35079 0.64001 0.32853 0.48806 0.32481 0.48325 0.32320 0.48732
7 0.35730 0.50064 0.36206 0.54066 0.36874 0.56163 0.36632 0.56773 0.35733 0.57150 0.35615 0.57921 0.35863 0.58241 0.36166 0.60788 0.39645 0.60054 0.40904 0.58297 0.40558 0.55386 0.40025 0.55312 0.39292 0.56212 0.38716 0.55775 0.38791 0.54640 0.38488 0.52093 0.38240 0.51772 0.37127 0.44175 0.34957 0.44446 0.35482 0.49744 0.35730 0.50064
4 0.84122 0.55705 0.84854 0.54805 0.86269 0.51710 0.86537 0.48670 0.86234 0.46123 0.84821 0.43064 0.83749 0.41985 0.82844 0.41430 0.80550 0.41541 0.79043 0.42978 0.78155 0.45216 0.77801 0.47529 0.78277 0.51531 0.79107 0.53221 0.79193 0.53948 0.79980 0.55274 0.81586 0.56427 0.81802 0.58246 0.81194 0.59307 0.80580 0.59437 0.80629 0.60732 0.80387 0.61342 0.78750 0.61687 0.78508 0.62298 0.78681 0.63753 0.81575 0.67805 0.82976 0.69001 0.87149 0.67934 0.88048 0.67558 0.88452 0.66541 0.88322 0.65449 0.87783 0.64444 0.88224 0.62859 0.87561 0.61693 0.85503 0.60263 0.84877 0.58530 0.83811 0.58382 0.83266 0.56446 0.83508 0.55835 0.84122 0.55705
6 0.52954 1.00000 0.98217 0.90451 0.97757 0.86582 0.97509 0.86261 0.97789 0.85084 0.96425 0.83320 0.92632 0.79645 0.92223 0.79731 0.91739 0.80952 0.91329 0.81038 0.91113 0.79219 0.91609 0.79861 0.92099 0.79571 0.91188 0.78084 0.90531 0.77850 0.89335 0.76611 0.89167 0.76086 0.87804 0.74323 0.87147 0.74089 0.86608 0.73083 0.85541 0.72936 0.83267 0.69686 0.80757 0.67977 0.77738 0.63766 0.77286 0.63488 0.76263 0.63704 0.76015 0.63383 0.75649 0.63834 0.75196 0.63556 0.74626 0.64049 0.74130 0.63408 0.73516 0.63538 0.72896 0.62736 0.72934 0.62169 0.74652 0.61620 0.74236 0.60775 0.73870 0.61225 0.73703 0.60701 0.74392 0.59437 0.74386 0.58505 0.75409 0.58290 0.76519 0.58802 0.77499 0.58222 0.77536 0.57654 0.77245 0.56970 0.77568 0.56156 0.77320 0.55835 0.78294 0.54325 0.78994 0.54923 0.78989 0.53991 0.78697 0.53307 0.78326 0.52826 0.76689 0.53171 0.76527 0.53578 0.76075 0.53301 0.73619 0.53819 0.70861 0.51790 0.68610 0.52265 0.68448 0.52672 0.67630 0.52845 0.67382 0.52524 0.66768 0.52654 0.66607 0.53061 0.66359 0.52740 0.66197 0.53147 0.65540 0.52912 0.65379 0.53320 0.55761 0.55349 0.55600 0.55755 0.44550 0.58087 0.44388 0.58494 0.41933 0.59012 0.41772 0.59419 0.41523 0.59098 0.40953 0.59592 0.40630 0.60406 0.39650 0.60986 0.39625 0.63415 0.38290 0.66307 0.38345 0.68534 0.37259 0.71746 0.37389 0.72838 0.36377 0.74916 0.36141 0.76458 0.33484 0.84104 0.33248 0.85646 0.32398 0.87317 0.32323 0.88452 0.31194 0.91301 0.30355 0.94835 0.28698 0.98541 0.28352 1.00000 0.52954 1.00000
6 1.00000 0.47196 0.98454 0.47461 0.98293 0.47868 0.88061 0.50026 0.87900 0.50433 0.86672 0.50692 0.86269 0.51710 0.86275 0.52641 0.94869 0.50827 0.95036 0.51352 0.85747 0.53498 0.85381 0.53948 0.85263 0.54719 0.84084 0.56273 0.84257 0.57728 0.85534 0.58764 0.85696 0.58357 0.89993 0.57451 0.90241 0.57771 0.94048 0.57155 1.00000 0.55758 1.00000 0.47196
6 0.25369 0.64371 0.24142 0.64630 0.24364 0.67380 0.24946 0.68750 0.25162 0.70569 0.25534 0.71050 0.27457 0.70458 0.28269 0.69354 0.29292 0.69138 0.29572 0.67960 0.30831 0.66203 0.32220 0.65537 0.32041 0.63150 0.31670 0.62669 0.30851 0.62842 0.30603 0.62521 0.30237 0.62971 0.25531 0.63964 0.25369 0.64371
6 0.11588 0.75484 0.20796 0.73541 0.21894 0.72191 0.22713 0.72018 0.23116 0.71000 0.23191 0.69866 0.22801 0.66591 0.21233 0.64871 0.15709 0.66036 0.15547 0.66443 0.03474 0.68991 0.03226 0.68670 0.01637 0.69005 0.02692 0.77884 0.10199 0.76150 0.10360 0.75743 0.10608 0.76064 0.10974 0.75614 0.11426 0.75891 0.11588 0.75484
7 0.32320 0.48732 0.30640 0.48714 0.30193 0.49368 0.32549 0.65654 0.33422 0.67707 0.33639 0.69527 0.34221 0.70895 0.34394 0.72351 0.35014 0.73152 0.35547 0.73227 0.36440 0.71919 0.36149 0.71234 0.36348 0.70260 0.36962 0.70131 0.37204 0.69520 0.36913 0.68836 0.36523 0.65561 0.34638 0.65586 0.35079 0.64001 0.32853 0.48806 0.32481 0.48325 0.32320 0.48732
7 0.35730 0.50064 0.36206 0.54066 0.36874 0.56163 0.36632 0.56773 0.35733 0.57150 0.35615 0.57921 0.35863 0.58241 0.36166 0.60788 0.39645 0.60054 0.40904 0.58297 0.40558 0.55386 0.40025 0.55312 0.39292 0.56212 0.38716 0.55775 0.38791 0.54640 0.38488 0.52093 0.38240 0.51772 0.37127 0.44175 0.34957 0.44446 0.35482 0.49744 0.35730 0.50064
4 0.84122 0.55705 0.84854 0.54805 0.86269 0.51710 0.86537 0.48670 0.86234 0.46123 0.84821 0.43064 0.83749 0.41985 0.82844 0.41430 0.80550 0.41541 0.79043 0.42978 0.78155 0.45216 0.77801 0.47529 0.78277 0.51531 0.79107 0.53221 0.79193 0.53948 0.79980 0.55274 0.81586 0.56427 0.81802 0.58246 0.81194 0.59307 0.80580 0.59437 0.80629 0.60732 0.80387 0.61342 0.78750 0.61687 0.78508 0.62298 0.78681 0.63753 0.81575 0.67805 0.82976 0.69001 0.87149 0.67934 0.88048 0.67558 0.88452 0.66541 0.88322 0.65449 0.87783 0.64444 0.88224 0.62859 0.87561 0.61693 0.85503 0.60263 0.84877 0.58530 0.83811 0.58382 0.83266 0.56446 0.83508 0.55835 0.84122 0.55705
6 0.52954 1.00000 0.98217 0.90451 0.97757 0.86582 0.97509 0.86261 0.97789 0.85084 0.96425 0.83320 0.92632 0.79645 0.92223 0.79731 0.91739 0.80952 0.91329 0.81038 0.91113 0.79219 0.91609 0.79861 0.92099 0.79571 0.91188 0.78084 0.90531 0.77850 0.89335 0.76611 0.89167 0.76086 0.87804 0.74323 0.87147 0.74089 0.86608 0.73083 0.85541 0.72936 0.83267 0.69686 0.80757 0.67977 0.77738 0.63766 0.77286 0.63488 0.76263 0.63704 0.76015 0.63383 0.75649 0.63834 0.75196 0.63556 0.74626 0.64049 0.74130 0.63408 0.73516 0.63538 0.72896 0.62736 0.72934 0.62169 0.74652 0.61620 0.74236 0.60775 0.73870 0.61225 0.73703 0.60701 0.74392 0.59437 0.74386 0.58505 0.75409 0.58290 0.76519 0.58802 0.77499 0.58222 0.77536 0.57654 0.77245 0.56970 0.77568 0.56156 0.77320 0.55835 0.78294 0.54325 0.78994 0.54923 0.78989 0.53991 0.78697 0.53307 0.78326 0.52826 0.76689 0.53171 0.76527 0.53578 0.76075 0.53301 0.73619 0.53819 0.70861 0.51790 0.68610 0.52265 0.68448 0.52672 0.67630 0.52845 0.67382 0.52524 0.66768 0.52654 0.66607 0.53061 0.66359 0.52740 0.66197 0.53147 0.65540 0.52912 0.65379 0.53320 0.55761 0.55349 0.55600 0.55755 0.44550 0.58087 0.44388 0.58494 0.41933 0.59012 0.41772 0.59419 0.41523 0.59098 0.40953 0.59592 0.40630 0.60406 0.39650 0.60986 0.39625 0.63415 0.38290 0.66307 0.38345 0.68534 0.37259 0.71746 0.37389 0.72838 0.36377 0.74916 0.36141 0.76458 0.33484 0.84104 0.33248 0.85646 0.32398 0.87317 0.32323 0.88452 0.31194 0.91301 0.30355 0.94835 0.28698 0.98541 0.28352 1.00000 0.52954 1.00000
6 1.00000 0.47196 0.98454 0.47461 0.98293 0.47868 0.88061 0.50026 0.87900 0.50433 0.86672 0.50692 0.86269 0.51710 0.86275 0.52641 0.94869 0.50827 0.95036 0.51352 0.85747 0.53498 0.85381 0.53948 0.85263 0.54719 0.84084 0.56273 0.84257 0.57728 0.85534 0.58764 0.85696 0.58357 0.89993 0.57451 0.90241 0.57771 0.94048 0.57155 1.00000 0.55758 1.00000 0.47196
6 0.25369 0.64371 0.24142 0.64630 0.24364 0.67380 0.24946 0.68750 0.25162 0.70569 0.25534 0.71050 0.27457 0.70458 0.28269 0.69354 0.29292 0.69138 0.29572 0.67960 0.30831 0.66203 0.32220 0.65537 0.32041 0.63150 0.31670 0.62669 0.30851 0.62842 0.30603 0.62521 0.30237 0.62971 0.25531 0.63964 0.25369 0.64371
6 0.11588 0.75484 0.20796 0.73541 0.21894 0.72191 0.22713 0.72018 0.23116 0.71000 0.23191 0.69866 0.22801 0.66591 0.21233 0.64871 0.15709 0.66036 0.15547 0.66443 0.03474 0.68991 0.03226 0.68670 0.01637 0.69005 0.02692 0.77884 0.10199 0.76150 0.10360 0.75743 0.10608 0.76064 0.10974 0.75614 0.11426 0.75891 0.11588 0.75484
7 0.32320 0.48732 0.30640 0.48714 0.30193 0.49368 0.32549 0.65654 0.33422 0.67707 0.33639 0.69527 0.34221 0.70895 0.34394 0.72351 0.35014 0.73152 0.35547 0.73227 0.36440 0.71919 0.36149 0.71234 0.36348 0.70260 0.36962 0.70131 0.37204 0.69520 0.36913 0.68836 0.36523 0.65561 0.34638 0.65586 0.35079 0.64001 0.32853 0.48806 0.32481 0.48325 0.32320 0.48732
7 0.35730 0.50064 0.36206 0.54066 0.36874 0.56163 0.36632 0.56773 0.35733 0.57150 0.35615 0.57921 0.35863 0.58241 0.36166 0.60788 0.39645 0.60054 0.40904 0.58297 0.40558 0.55386 0.40025 0.55312 0.39292 0.56212 0.38716 0.55775 0.38791 0.54640 0.38488 0.52093 0.38240 0.51772 0.37127 0.44175 0.34957 0.44446 0.35482 0.49744 0.35730 0.50064
4 0.84122 0.55705 0.84854 0.54805 0.86269 0.51710 0.86537 0.48670 0.86234 0.46123 0.84821 0.43064 0.83749 0.41985 0.82844 0.41430 0.80550 0.41541 0.79043 0.42978 0.78155 0.45216 0.77801 0.47529 0.78277 0.51531 0.79107 0.53221 0.79193 0.53948 0.79980 0.55274 0.81586 0.56427 0.81802 0.58246 0.81194 0.59307 0.80580 0.59437 0.80629 0.60732 0.80387 0.61342 0.78750 0.61687 0.78508 0.62298 0.78681 0.63753 0.81575 0.67805 0.82976 0.69001 0.87149 0.67934 0.88048 0.67558 0.88452 0.66541 0.88322 0.65449 0.87783 0.64444 0.88224 0.62859 0.87561 0.61693 0.85503 0.60263 0.84877 0.58530 0.83811 0.58382 0.83266 0.56446 0.83508 0.55835 0.84122 0.55705
6 0.52954 1.00000 0.98217 0.90451 0.97757 0.86582 0.97509 0.86261 0.97789 0.85084 0.96425 0.83320 0.92632 0.79645 0.92223 0.79731 0.91739 0.80952 0.91329 0.81038 0.91113 0.79219 0.91609 0.79861 0.92099 0.79571 0.91188 0.78084 0.90531 0.77850 0.89335 0.76611 0.89167 0.76086 0.87804 0.74323 0.87147 0.74089 0.86608 0.73083 0.85541 0.72936 0.83267 0.69686 0.80757 0.67977 0.77738 0.63766 0.77286 0.63488 0.76263 0.63704 0.76015 0.63383 0.75649 0.63834 0.75196 0.63556 0.74626 0.64049 0.74130 0.63408 0.73516 0.63538 0.72896 0.62736 0.72934 0.62169 0.74652 0.61620 0.74236 0.60775 0.73870 0.61225 0.73703 0.60701 0.74392 0.59437 0.74386 0.58505 0.75409 0.58290 0.76519 0.58802 0.77499 0.58222 0.77536 0.57654 0.77245 0.56970 0.77568 0.56156 0.77320 0.55835 0.78294 0.54325 0.78994 0.54923 0.78989 0.53991 0.78697 0.53307 0.78326 0.52826 0.76689 0.53171 0.76527 0.53578 0.76075 0.53301 0.73619 0.53819 0.70861 0.51790 0.68610 0.52265 0.68448 0.52672 0.67630 0.52845 0.67382 0.52524 0.66768 0.52654 0.66607 0.53061 0.66359 0.52740 0.66197 0.53147 0.65540 0.52912 0.65379 0.53320 0.55761 0.55349 0.55600 0.55755 0.44550 0.58087 0.44388 0.58494 0.41933 0.59012 0.41772 0.59419 0.41523 0.59098 0.40953 0.59592 0.40630 0.60406 0.39650 0.60986 0.39625 0.63415 0.38290 0.66307 0.38345 0.68534 0.37259 0.71746 0.37389 0.72838 0.36377 0.74916 0.36141 0.76458 0.33484 0.84104 0.33248 0.85646 0.32398 0.87317 0.32323 0.88452 0.31194 0.91301 0.30355 0.94835 0.28698 0.98541 0.28352 1.00000 0.52954 1.00000
6 1.00000 0.47196 0.98454 0.47461 0.98293 0.47868 0.88061 0.50026 0.87900 0.50433 0.86672 0.50692 0.86269 0.51710 0.86275 0.52641 0.94869 0.50827 0.95036 0.51352 0.85747 0.53498 0.85381 0.53948 0.85263 0.54719 0.84084 0.56273 0.84257 0.57728 0.85534 0.58764 0.85696 0.58357 0.89993 0.57451 0.90241 0.57771 0.94048 0.57155 1.00000 0.55758 1.00000 0.47196
6 0.25369 0.64371 0.24142 0.64630 0.24364 0.67380 0.24946 0.68750 0.25162 0.70569 0.25534 0.71050 0.27457 0.70458 0.28269 0.69354 0.29292 0.69138 0.29572 0.67960 0.30831 0.66203 0.32220 0.65537 0.32041 0.63150 0.31670 0.62669 0.30851 0.62842 0.30603 0.62521 0.30237 0.62971 0.25531 0.63964 0.25369 0.64371
6 0.11588 0.75484 0.20796 0.73541 0.21894 0.72191 0.22713 0.72018 0.23116 0.71000 0.23191 0.69866 0.22801 0.66591 0.21233 0.64871 0.15709 0.66036 0.15547 0.66443 0.03474 0.68991 0.03226 0.68670 0.01637 0.69005 0.02692 0.77884 0.10199 0.76150 0.10360 0.75743 0.10608 0.76064 0.10974 0.75614 0.11426 0.75891 0.11588 0.75484
7 0.32320 0.48732 0.30640 0.48714 0.30193 0.49368 0.32549 0.65654 0.33422 0.67707 0.33639 0.69527 0.34221 0.70895 0.34394 0.72351 0.35014 0.73152 0.35547 0.73227 0.36440 0.71919 0.36149 0.71234 0.36348 0.70260 0.36962 0.70131 0.37204 0.69520 0.36913 0.68836 0.36523 0.65561 0.34638 0.65586 0.35079 0.64001 0.32853 0.48806 0.32481 0.48325 0.32320 0.48732
7 0.35730 0.50064 0.36206 0.54066 0.36874 0.56163 0.36632 0.56773 0.35733 0.57150 0.35615 0.57921 0.35863 0.58241 0.36166 0.60788 0.39645 0.60054 0.40904 0.58297 0.40558 0.55386 0.40025 0.55312 0.39292 0.56212 0.38716 0.55775 0.38791 0.54640 0.38488 0.52093 0.38240 0.51772 0.37127 0.44175 0.34957 0.44446 0.35482 0.49744 0.35730 0.50064
4 0.84122 0.55705 0.84854 0.54805 0.86269 0.51710 0.86537 0.48670 0.86234 0.46123 0.84821 0.43064 0.83749 0.41985 0.82844 0.41430 0.80550 0.41541 0.79043 0.42978 0.78155 0.45216 0.77801 0.47529 0.78277 0.51531 0.79107 0.53221 0.79193 0.53948 0.79980 0.55274 0.81586 0.56427 0.81802 0.58246 0.81194 0.59307 0.80580 0.59437 0.80629 0.60732 0.80387 0.61342 0.78750 0.61687 0.78508 0.62298 0.78681 0.63753 0.81575 0.67805 0.82976 0.69001 0.87149 0.67934 0.88048 0.67558 0.88452 0.66541 0.88322 0.65449 0.87783 0.64444 0.88224 0.62859 0.87561 0.61693 0.85503 0.60263 0.84877 0.58530 0.83811 0.58382 0.83266 0.56446 0.83508 0.55835 0.84122 0.55705
6 0.52954 1.00000 0.98217 0.90451 0.97757 0.86582 0.97509 0.86261 0.97789 0.85084 0.96425 0.83320 0.92632 0.79645 0.92223 0.79731 0.91739 0.80952 0.91329 0.81038 0.91113 0.79219 0.91609 0.79861 0.92099 0.79571 0.91188 0.78084 0.90531 0.77850 0.89335 0.76611 0.89167 0.76086 0.87804 0.74323 0.87147 0.74089 0.86608 0.73083 0.85541 0.72936 0.83267 0.69686 0.80757 0.67977 0.77738 0.63766 0.77286 0.63488 0.76263 0.63704 0.76015 0.63383 0.75649 0.63834 0.75196 0.63556 0.74626 0.64049 0.74130 0.63408 0.73516 0.63538 0.72896 0.62736 0.72934 0.62169 0.74652 0.61620 0.74236 0.60775 0.73870 0.61225 0.73703 0.60701 0.74392 0.59437 0.74386 0.58505 0.75409 0.58290 0.76519 0.58802 0.77499 0.58222 0.77536 0.57654 0.77245 0.56970 0.77568 0.56156 0.77320 0.55835 0.78294 0.54325 0.78994 0.54923 0.78989 0.53991 0.78697 0.53307 0.78326 0.52826 0.76689 0.53171 0.76527 0.53578 0.76075 0.53301 0.73619 0.53819 0.70861 0.51790 0.68610 0.52265 0.68448 0.52672 0.67630 0.52845 0.67382 0.52524 0.66768 0.52654 0.66607 0.53061 0.66359 0.52740 0.66197 0.53147 0.65540 0.52912 0.65379 0.53320 0.55761 0.55349 0.55600 0.55755 0.44550 0.58087 0.44388 0.58494 0.41933 0.59012 0.41772 0.59419 0.41523 0.59098 0.40953 0.59592 0.40630 0.60406 0.39650 0.60986 0.39625 0.63415 0.38290 0.66307 0.38345 0.68534 0.37259 0.71746 0.37389 0.72838 0.36377 0.74916 0.36141 0.76458 0.33484 0.84104 0.33248 0.85646 0.32398 0.87317 0.32323 0.88452 0.31194 0.91301 0.30355 0.94835 0.28698 0.98541 0.28352 1.00000 0.52954 1.00000
6 1.00000 0.47196 0.98454 0.47461 0.98293 0.47868 0.88061 0.50026 0.87900 0.50433 0.86672 0.50692 0.86269 0.51710 0.86275 0.52641 0.94869 0.50827 0.95036 0.51352 0.85747 0.53498 0.85381 0.53948 0.85263 0.54719 0.84084 0.56273 0.84257 0.57728 0.85534 0.58764 0.85696 0.58357 0.89993 0.57451 0.90241 0.57771 0.94048 0.57155 1.00000 0.55758 1.00000 0.47196
6 0.25369 0.64371 0.24142 0.64630 0.24364 0.67380 0.24946 0.68750 0.25162 0.70569 0.25534 0.71050 0.27457 0.70458 0.28269 0.69354 0.29292 0.69138 0.29572 0.67960 0.30831 0.66203 0.32220 0.65537 0.32041 0.63150 0.31670 0.62669 0.30851 0.62842 0.30603 0.62521 0.30237 0.62971 0.25531 0.63964 0.25369 0.64371
6 0.11588 0.75484 0.20796 0.73541 0.21894 0.72191 0.22713 0.72018 0.23116 0.71000 0.23191 0.69866 0.22801 0.66591 0.21233 0.64871 0.15709 0.66036 0.15547 0.66443 0.03474 0.68991 0.03226 0.68670 0.01637 0.69005 0.02692 0.77884 0.10199 0.76150 0.10360 0.75743 0.10608 0.76064 0.10974 0.75614 0.11426 0.75891 0.11588 0.75484
7 0.32320 0.48732 0.30640 0.48714 0.30193 0.49368 0.32549 0.65654 0.33422 0.67707 0.33639 0.69527 0.34221 0.70895 0.34394 0.72351 0.35014 0.73152 0.35547 0.73227 0.36440 0.71919 0.36149 0.71234 0.36348 0.70260 0.36962 0.70131 0.37204 0.69520 0.36913 0.68836 0.36523 0.65561 0.34638 0.65586 0.35079 0.64001 0.32853 0.48806 0.32481 0.48325 0.32320 0.48732
7 0.35730 0.50064 0.36206 0.54066 0.36874 0.56163 0.36632 0.56773 0.35733 0.57150 0.35615 0.57921 0.35863 0.58241 0.36166 0.60788 0.39645 0.60054 0.40904 0.58297 0.40558 0.55386 0.40025 0.55312 0.39292 0.56212 0.38716 0.55775 0.38791 0.54640 0.38488 0.52093 0.38240 0.51772 0.37127 0.44175 0.34957 0.44446 0.35482 0.49744 0.35730 0.50064
4 0.84122 0.55705 0.84854 0.54805 0.86269 0.51710 0.86537 0.48670 0.86234 0.46123 0.84821 0.43064 0.83749 0.41985 0.82844 0.41430 0.80550 0.41541 0.79043 0.42978 0.78155 0.45216 0.77801 0.47529 0.78277 0.51531 0.79107 0.53221 0.79193 0.53948 0.79980 0.55274 0.81586 0.56427 0.81802 0.58246 0.81194 0.59307 0.80580 0.59437 0.80629 0.60732 0.80387 0.61342 0.78750 0.61687 0.78508 0.62298 0.78681 0.63753 0.81575 0.67805 0.82976 0.69001 0.87149 0.67934 0.88048 0.67558 0.88452 0.66541 0.88322 0.65449 0.87783 0.64444 0.88224 0.62859 0.87561 0.61693 0.85503 0.60263 0.84877 0.58530 0.83811 0.58382 0.83266 0.56446 0.83508 0.55835 0.84122 0.55705
6 0.52954 1.00000 0.98217 0.90451 0.97757 0.86582 0.97509 0.86261 0.97789 0.85084 0.96425 0.83320 0.92632 0.79645 0.92223 0.79731 0.91739 0.80952 0.91329 0.81038 0.91113 0.79219 0.91609 0.79861 0.92099 0.79571 0.91188 0.78084 0.90531 0.77850 0.89335 0.76611 0.89167 0.76086 0.87804 0.74323 0.87147 0.74089 0.86608 0.73083 0.85541 0.72936 0.83267 0.69686 0.80757 0.67977 0.77738 0.63766 0.77286 0.63488 0.76263 0.63704 0.76015 0.63383 0.75649 0.63834 0.75196 0.63556 0.74626 0.64049 0.74130 0.63408 0.73516 0.63538 0.72896 0.62736 0.72934 0.62169 0.74652 0.61620 0.74236 0.60775 0.73870 0.61225 0.73703 0.60701 0.74392 0.59437 0.74386 0.58505 0.75409 0.58290 0.76519 0.58802 0.77499 0.58222 0.77536 0.57654 0.77245 0.56970 0.77568 0.56156 0.77320 0.55835 0.78294 0.54325 0.78994 0.54923 0.78989 0.53991 0.78697 0.53307 0.78326 0.52826 0.76689 0.53171 0.76527 0.53578 0.76075 0.53301 0.73619 0.53819 0.70861 0.51790 0.68610 0.52265 0.68448 0.52672 0.67630 0.52845 0.67382 0.52524 0.66768 0.52654 0.66607 0.53061 0.66359 0.52740 0.66197 0.53147 0.65540 0.52912 0.65379 0.53320 0.55761 0.55349 0.55600 0.55755 0.44550 0.58087 0.44388 0.58494 0.41933 0.59012 0.41772 0.59419 0.41523 0.59098 0.40953 0.59592 0.40630 0.60406 0.39650 0.60986 0.39625 0.63415 0.38290 0.66307 0.38345 0.68534 0.37259 0.71746 0.37389 0.72838 0.36377 0.74916 0.36141 0.76458 0.33484 0.84104 0.33248 0.85646 0.32398 0.87317 0.32323 0.88452 0.31194 0.91301 0.30355 0.94835 0.28698 0.98541 0.28352 1.00000 0.52954 1.00000
6 1.00000 0.47196 0.98454 0.47461 0.98293 0.47868 0.88061 0.50026 0.87900 0.50433 0.86672 0.50692 0.86269 0.51710 0.86275 0.52641 0.94869 0.50827 0.95036 0.51352 0.85747 0.53498 0.85381 0.53948 0.85263 0.54719 0.84084 0.56273 0.84257 0.57728 0.85534 0.58764 0.85696 0.58357 0.89993 0.57451 0.90241 0.57771 0.94048 0.57155 1.00000 0.55758 1.00000 0.47196
6 0.25369 0.64371 0.24142 0.64630 0.24364 0.67380 0.24946 0.68750 0.25162 0.70569 0.25534 0.71050 0.27457 0.70458 0.28269 0.69354 0.29292 0.69138 0.29572 0.67960 0.30831 0.66203 0.32220 0.65537 0.32041 0.63150 0.31670 0.62669 0.30851 0.62842 0.30603 0.62521 0.30237 0.62971 0.25531 0.63964 0.25369 0.64371
6 0.11588 0.75484 0.20796 0.73541 0.21894 0.72191 0.22713 0.72018 0.23116 0.71000 0.23191 0.69866 0.22801 0.66591 0.21233 0.64871 0.15709 0.66036 0.15547 0.66443 0.03474 0.68991 0.03226 0.68670 0.01637 0.69005 0.02692 0.77884 0.10199 0.76150 0.10360 0.75743 0.10608 0.76064 0.10974 0.75614 0.11426 0.75891 0.11588 0.75484
7 0.32320 0.48732 0.30640 0.48714 0.30193 0.49368 0.32549 0.65654 0.33422 0.67707 0.33639 0.69527 0.34221 0.70895 0.34394 0.72351 0.35014 0.73152 0.35547 0.73227 0.36440 0.71919 0.36149 0.71234 0.36348 0.70260 0.36962 0.70131 0.37204 0.69520 0.36913 0.68836 0.36523 0.65561 0.34638 0.65586 0.35079 0.64001 0.32853 0.48806 0.32481 0.48325 0.32320 0.48732
7 0.35730 0.50064 0.36206 0.54066 0.36874 0.56163 0.36632 0.56773 0.35733 0.57150 0.35615 0.57921 0.35863 0.58241 0.36166 0.60788 0.39645 0.60054 0.40904 0.58297 0.40558 0.55386 0.40025 0.55312 0.39292 0.56212 0.38716 0.55775 0.38791 0.54640 0.38488 0.52093 0.38240 0.51772 0.37127 0.44175 0.34957 0.44446 0.35482 0.49744 0.35730 0.50064
4 0.84122 0.55705 0.84854 0.54805 0.86269 0.51710 0.86537 0.48670 0.86234 0.46123 0.84821 0.43064 0.83749 0.41985 0.82844 0.41430 0.80550 0.41541 0.79043 0.42978 0.78155 0.45216 0.77801 0.47529 0.78277 0.51531 0.79107 0.53221 0.79193 0.53948 0.79980 0.55274 0.81586 0.56427 0.81802 0.58246 0.81194 0.59307 0.80580 0.59437 0.80629 0.60732 0.80387 0.61342 0.78750 0.61687 0.78508 0.62298 0.78681 0.63753 0.81575 0.67805 0.82976 0.69001 0.87149 0.67934 0.88048 0.67558 0.88452 0.66541 0.88322 0.65449 0.87783 0.64444 0.88224 0.62859 0.87561 0.61693 0.85503 0.60263 0.84877 0.58530 0.83811 0.58382 0.83266 0.56446 0.83508 0.55835 0.84122 0.55705
