6 1.00000 0.49044 0.98977 0.47079 0.85762 0.20438 0.82307 0.15638 0.74211 0.10206 0.65347 0.07066 0.54528 0.05609 0.39947 0.05795 0.00525 0.09386 0.00341 0.23408 0.29972 0.21221 0.34136 0.22164 0.34434 0.24582 0.33961 0.25937 0.00000 0.95513 0.00000 0.98827 0.99364 0.99125 1.00000 0.50581 1.00000 0.49044
5 0.01623 0.00000 0.01739 0.00725 0.02544 0.01792 0.02928 0.04946 0.02556 0.05870 0.02414 0.06740 0.00546 0.07723 0.00527 0.09199 0.05430 0.08791 0.07104 0.07220 0.07073 0.06091 0.04782 0.05979 0.04372 0.04747 0.03886 0.04386 0.03521 0.02223 0.03894 0.01241 0.03998 0.00000 0.01623 0.00000
6 1.00000 0.49044 0.98977 0.47079 0.85762 0.20438 0.82307 0.15638 0.74211 0.10206 0.65347 0.07066 0.54528 0.05609 0.39947 0.05795 0.00525 0.09386 0.00341 0.23408 0.29972 0.21221 0.34136 0.22164 0.34434 0.24582 0.33961 0.25937 0.00000 0.95513 0.00000 0.98827 0.99364 0.99125 1.00000 0.50581 1.00000 0.49044
5 0.01623 0.00000 0.01739 0.00725 0.02544 0.01792 0.02928 0.04946 0.02556 0.05870 0.02414 0.06740 0.00546 0.07723 0.00527 0.09199 0.05430 0.08791 0.07104 0.07220 0.07073 0.06091 0.04782 0.05979 0.04372 0.04747 0.03886 0.04386 0.03521 0.02223 0.03894 0.01241 0.03998 0.00000 0.01623 0.00000
6 1.00000 0.49044 0.98977 0.47079 0.85762 0.20438 0.82307 0.15638 0.74211 0.10206 0.65347 0.07066 0.54528 0.05609 0.39947 0.05795 0.00525 0.09386 0.00341 0.23408 0.29972 0.21221 0.34136 0.22164 0.34434 0.24582 0.33961 0.25937 0.00000 0.95513 0.00000 0.98827 0.99364 0.99125 1.00000 0.50581 1.00000 0.49044
5 0.01623 0.00000 0.01739 0.00725 0.02544 0.01792 0.02928 0.04946 0.02556 0.05870 0.02414 0.06740 0.00546 0.07723 0.00527 0.09199 0.05430 0.08791 0.07104 0.07220 0.07073 0.06091 0.04782 0.05979 0.04372 0.04747 0.03886 0.04386 0.03521 0.02223 0.03894 0.01241 0.03998 0.00000 0.01623 0.00000
6 1.00000 0.49044 0.98977 0.47079 0.85762 0.20438 0.82307 0.15638 0.74211 0.10206 0.65347 0.07066 0.54528 0.05609 0.39947 0.05795 0.00525 0.09386 0.00341 0.23408 0.29972 0.21221 0.34136 0.22164 0.34434 0.24582 0.33961 0.25937 0.00000 0.95513 0.00000 0.98827 0.99364 0.99125 1.00000 0.50581 1.00000 0.49044
5 0.01623 0.00000 0.01739 0.00725 0.02544 0.01792 0.02928 0.04946 0.02556 0.05870 0.02414 0.06740 0.00546 0.07723 0.00527 0.09199 0.05430 0.08791 0.07104 0.07220 0.07073 0.06091 0.04782 0.05979 0.04372 0.04747 0.03886 0.04386 0.03521 0.02223 0.03894 0.01241 0.03998 0.00000 0.01623 0.00000
6 1.00000 0.49044 0.98977 0.47079 0.85762 0.20438 0.82307 0.15638 0.74211 0.10206 0.65347 0.07066 0.54528 0.05609 0.39947 0.05795 0.00525 0.09386 0.00341 0.23408 0.29972 0.21221 0.34136 0.22164 0.34434 0.24582 0.33961 0.25937 0.00000 0.95513 0.00000 0.98827 0.99364 0.99125 1.00000 0.50581 1.00000 0.49044
5 0.01623 0.00000 0.01739 0.00725 0.02544 0.01792 0.02928 0.04946 0.02556 0.05870 0.02414 0.06740 0.00546 0.07723 0.00527 0.09199 0.05430 0.08791 0.07104 0.07220 0.07073 0.06091 0.04782 0.05979 0.04372 0.04747 0.03886 0.04386 0.03521 0.02223 0.03894 0.01241 0.03998 0.00000 0.01623 0.00000
6 1.00000 0.49044 0.98977 0.47079 0.85762 0.20438 0.82307 0.15638 0.74211 0.10206 0.65347 0.07066 0.54528 0.05609 0.39947 0.05795 0.00525 0.09386 0.00341 0.23408 0.29972 0.21221 0.34136 0.22164 0.34434 0.24582 0.33961 0.25937 0.00000 0.95513 0.00000 0.98827 0.99364 0.99125 1.00000 0.50581 1.00000 0.49044
5 0.01623 0.00000 0.01739 0.00725 0.02544 0.01792 0.02928 0.04946 0.02556 0.05870 0.02414 0.06740 0.00546 0.07723 0.00527 0.09199 0.05430 0.08791 0.07104 0.07220 0.07073 0.06091 0.04782 0.05979 0.04372 0.04747 0.03886 0.04386 0.03521 0.02223 0.03894 0.01241 0.03998 0.00000 0.01623 0.00000
