6 0.04784 0.00000 0.01539 0.30757 0.18755 0.58070 0.24000 0.73476 0.10253 0.93051 0.47375 1.00000 0.95216 1.00000 1.00000 0.54657 1.00000 0.53615 0.87359 0.40130 0.69873 0.30418 0.39762 0.13454 0.17985 0.00000 0.04784 0.00000
5 0.42913 0.00000 0.42853 0.00729 0.42838 0.02408 0.44007 0.05931 0.44256 0.08793 0.43177 0.09906 0.43324 0.11315 0.41034 0.11281 0.40798 0.12815 0.44986 0.14849 0.48941 0.13485 0.48889 0.12427 0.46729 0.11040 0.46791 0.08610 0.45703 0.08406 0.45633 0.05565 0.46472 0.05327 0.47680 0.01701 0.47852 0.00000 0.42913 0.00000
6 0.04784 0.00000 0.01539 0.30757 0.18755 0.58070 0.24000 0.73476 0.10253 0.93051 0.47375 1.00000 0.95216 1.00000 1.00000 0.54657 1.00000 0.53615 0.87359 0.40130 0.69873 0.30418 0.39762 0.13454 0.17985 0.00000 0.04784 0.00000
5 0.42913 0.00000 0.42853 0.00729 0.42838 0.02408 0.44007 0.05931 0.44256 0.08793 0.43177 0.09906 0.43324 0.11315 0.41034 0.11281 0.40798 0.12815 0.44986 0.14849 0.48941 0.13485 0.48889 0.12427 0.46729 0.11040 0.46791 0.08610 0.45703 0.08406 0.45633 0.05565 0.46472 0.05327 0.47680 0.01701 0.47852 0.00000 0.42913 0.00000
6 0.04784 0.00000 0.01539 0.30757 0.18755 0.58070 0.24000 0.73476 0.10253 0.93051 0.47375 1.00000 0.95216 1.00000 1.00000 0.54657 1.00000 0.53615 0.87359 0.40130 0.69873 0.30418 0.39762 0.13454 0.17985 0.00000 0.04784 0.00000
5 0.42913 0.00000 0.42853 0.00729 0.42838 0.02408 0.44007 0.05931 0.44256 0.08793 0.43177 0.09906 0.43324 0.11315 0.41034 0.11281 0.40798 0.12815 0.44986 0.14849 0.48941 0.13485 0.48889 0.12427 0.46729 0.11040 0.46791 0.08610 0.45703 0.08406 0.45633 0.05565 0.46472 0.05327 0.47680 0.01701 0.47852 0.00000 0.42913 0.00000
6 0.04784 0.00000 0.01539 0.30757 0.18755 0.58070 0.24000 0.73476 0.10253 0.93051 0.47375 1.00000 0.95216 1.00000 1.00000 0.54657 1.00000 0.53615 0.87359 0.40130 0.69873 0.30418 0.39762 0.13454 0.17985 0.00000 0.04784 0.00000
5 0.42913 0.00000 0.42853 0.00729 0.42838 0.02408 0.44007 0.05931 0.44256 0.08793 0.43177 0.09906 0.43324 0.11315 0.41034 0.11281 0.40798 0.12815 0.44986 0.14849 0.48941 0.13485 0.48889 0.12427 0.46729 0.11040 0.46791 0.08610 0.45703 0.08406 0.45633 0.05565 0.46472 0.05327 0.47680 0.01701 0.47852 0.00000 0.42913 0.00000
6 0.04784 0.00000 0.01539 0.30757 0.18755 0.58070 0.24000 0.73476 0.10253 0.93051 0.47375 1.00000 0.95216 1.00000 1.00000 0.54657 1.00000 0.53615 0.87359 0.40130 0.69873 0.30418 0.39762 0.13454 0.17985 0.00000 0.04784 0.00000
5 0.42913 0.00000 0.42853 0.00729 0.42838 0.02408 0.44007 0.05931 0.44256 0.08793 0.43177 0.09906 0.43324 0.11315 0.41034 0.11281 0.40798 0.12815 0.44986 0.14849 0.48941 0.13485 0.48889 0.12427 0.46729 0.11040 0.46791 0.08610 0.45703 0.08406 0.45633 0.05565 0.46472 0.05327 0.47680 0.01701 0.47852 0.00000 0.42913 0.00000
6 0.04784 0.00000 0.01539 0.30757 0.18755 0.58070 0.24000 0.73476 0.10253 0.93051 0.47375 1.00000 0.95216 1.00000 1.00000 0.54657 1.00000 0.53615 0.87359 0.40130 0.69873 0.30418 0.39762 0.13454 0.17985 0.00000 0.04784 0.00000
5 0.42913 0.00000 0.42853 0.00729 0.42838 0.02408 0.44007 0.05931 0.44256 0.08793 0.43177 0.09906 0.43324 0.11315 0.41034 0.11281 0.40798 0.12815 0.44986 0.14849 0.48941 0.13485 0.48889 0.12427 0.46729 0.11040 0.46791 0.08610 0.45703 0.08406 0.45633 0.05565 0.46472 0.05327 0.47680 0.01701 0.47852 0.00000 0.42913 0.00000
