6 0.05848 0.00000 0.05152 0.05251 0.21279 0.10905 0.22879 0.08696 0.24843 0.08123 0.25572 0.07002 0.25514 0.04145 0.25332 0.03327 0.24927 0.00905 0.24826 0.00000 0.05848 0.00000
6 0.50167 0.00000 0.47549 0.05496 0.31729 0.00632 0.32695 0.14066 0.40927 0.17722 0.01622 0.89409 0.46716 1.00000 0.94152 1.00000 0.98667 0.65895 0.83884 0.27783 0.74447 0.04971 0.53284 0.00000 0.50167 0.00000
6 0.05848 0.00000 0.05152 0.05251 0.21279 0.10905 0.22879 0.08696 0.24843 0.08123 0.25572 0.07002 0.25514 0.04145 0.25332 0.03327 0.24927 0.00905 0.24826 0.00000 0.05848 0.00000
6 0.50167 0.00000 0.47549 0.05496 0.31729 0.00632 0.32695 0.14066 0.40927 0.17722 0.01622 0.89409 0.46716 1.00000 0.94152 1.00000 0.98667 0.65895 0.83884 0.27783 0.74447 0.04971 0.53284 0.00000 0.50167 0.00000
6 0.05848 0.00000 0.05152 0.05251 0.21279 0.10905 0.22879 0.08696 0.24843 0.08123 0.25572 0.07002 0.25514 0.04145 0.25332 0.03327 0.24927 0.00905 0.24826 0.00000 0.05848 0.00000
6 0.50167 0.00000 0.47549 0.05496 0.31729 0.00632 0.32695 0.14066 0.40927 0.17722 0.01622 0.89409 0.46716 1.00000 0.94152 1.00000 0.98667 0.65895 0.83884 0.27783 0.74447 0.04971 0.53284 0.00000 0.50167 0.00000
6 0.05848 0.00000 0.05152 0.05251 0.21279 0.10905 0.22879 0.08696 0.24843 0.08123 0.25572 0.07002 0.25514 0.04145 0.25332 0.03327 0.24927 0.00905 0.24826 0.00000 0.05848 0.00000
6 0.50167 0.00000 0.47549 0.05496 0.31729 0.00632 0.32695 0.14066 0.40927 0.17722 0.01622 0.89409 0.46716 1.00000 0.94152 1.00000 0.98667 0.65895 0.83884 0.27783 0.74447 0.04971 0.53284 0.00000 0.50167 0.00000
6 0.05848 0.00000 0.05152 0.05251 0.21279 0.10905 0.22879 0.08696 0.24843 0.08123 0.25572 0.07002 0.25514 0.04145 0.25332 0.03327 0.24927 0.00905 0.24826 0.00000 0.05848 0.00000
6 0.50167 0.00000 0.47549 0.05496 0.31729 0.00632 0.32695 0.14066 0.40927 0.17722 0.01622 0.89409 0.46716 1.00000 0.94152 1.00000 0.98667 0.65895 0.83884 0.27783 0.74447 0.04971 0.53284 0.00000 0.50167 0.00000
6 0.05848 0.00000 0.05152 0.05251 0.21279 0.10905 0.22879 0.08696 0.24843 0.08123 0.25572 0.07002 0.25514 0.04145 0.25332 0.03327 0.24927 0.00905 0.24826 0.00000 0.05848 0.00000
6 0.50167 0.00000 0.47549 0.05496 0.31729 0.00632 0.32695 0.14066 0.40927 0.17722 0.01622 0.89409 0.46716 1.00000 0.94152 1.00000 0.98667 0.65895 0.83884 0.27783 0.74447 0.04971 0.53284 0.00000 0.50167 0.00000
