6 1.00000 0.45927 0.98726 0.32106 0.65662 0.13765 0.44071 0.00594 0.00000 0.07802 0.00000 0.13086 0.12836 0.08969 0.33849 0.86452 0.35228 0.95563 0.34171 1.00000 0.52296 1.00000 1.00000 0.92198 1.00000 0.45927
5 0.61613 0.00000 0.62226 0.01350 0.60337 0.06974 0.59243 0.08983 0.63261 0.10777 0.68172 0.08202 0.67924 0.05955 0.65634 0.05886 0.64653 0.00000 0.61613 0.00000
6 1.00000 0.45927 0.98726 0.32106 0.65662 0.13765 0.44071 0.00594 0.00000 0.07802 0.00000 0.13086 0.12836 0.08969 0.33849 0.86452 0.35228 0.95563 0.34171 1.00000 0.52296 1.00000 1.00000 0.92198 1.00000 0.45927
5 0.61613 0.00000 0.62226 0.01350 0.60337 0.06974 0.59243 0.08983 0.63261 0.10777 0.68172 0.08202 0.67924 0.05955 0.65634 0.05886 0.64653 0.00000 0.61613 0.00000
6 1.00000 0.45927 0.98726 0.32106 0.65662 0.13765 0.44071 0.00594 0.00000 0.07802 0.00000 0.13086 0.12836 0.08969 0.33849 0.86452 0.35228 0.95563 0.34171 1.00000 0.52296 1.00000 1.00000 0.92198 1.00000 0.45927
5 0.61613 0.00000 0.62226 0.01350 0.60337 0.06974 0.59243 0.08983 0.63261 0.10777 0.68172 0.08202 0.67924 0.05955 0.65634 0.05886 0.64653 0.00000 0.61613 0.00000
6 1.00000 0.45927 0.98726 0.32106 0.65662 0.13765 0.44071 0.00594 0.00000 0.07802 0.00000 0.13086 0.12836 0.08969 0.33849 0.86452 0.35228 0.95563 0.34171 1.00000 0.52296 1.00000 1.00000 0.92198 1.00000 0.45927
5 0.61613 0.00000 0.62226 0.01350 0.60337 0.06974 0.59243 0.08983 0.63261 0.10777 0.68172 0.08202 0.67924 0.05955 0.65634 0.05886 0.64653 0.00000 0.61613 0.00000
6 1.00000 0.45927 0.98726 0.32106 0.65662 0.13765 0.44071 0.00594 0.00000 0.07802 0.00000 0.13086 0.12836 0.08969 0.33849 0.86452 0.35228 0.95563 0.34171 1.00000 0.52296 1.00000 1.00000 0.92198 1.00000 0.45927
5 0.61613 0.00000 0.62226 0.01350 0.60337 0.06974 0.59243 0.08983 0.63261 0.10777 0.68172 0.08202 0.67924 0.05955 0.65634 0.05886 0.64653 0.00000 0.61613 0.00000
6 1.00000 0.45927 0.98726 0.32106 0.65662 0.13765 0.44071 0.00594 0.00000 0.07802 0.00000 0.13086 0.12836 0.08969 0.33849 0.86452 0.35228 0.95563 0.34171 1.00000 0.52296 1.00000 1.00000 0.92198 1.00000 0.45927
5 0.61613 0.00000 0.62226 0.01350 0.60337 0.06974 0.59243 0.08983 0.63261 0.10777 0.68172 0.08202 0.67924 0.05955 0.65634 0.05886 0.64653 0.00000 0.61613 0.00000
