6 0.54004 0.91667 0.52441 0.89583 0.49512 0.87153 0.48926 0.86111 0.48535 0.86111 0.47559 0.84722 0.44629 0.81945 0.42480 0.79167 0.40723 0.77778 0.39746 0.76389 0.36230 0.73264 0.33301 0.69792 0.31738 0.68403 0.31348 0.68403 0.30176 0.67014 0.28809 0.64236 0.27832 0.63889 0.26270 0.61805 0.23730 0.60070 0.23340 0.59028 0.21777 0.58680 0.20996 0.57986 0.19824 0.55903 0.18652 0.55208 0.16699 0.52778 0.15527 0.52430 0.15332 0.52083 0.12598 0.52083 0.12402 0.51736 0.10449 0.51736 0.10254 0.51389 0.10059 0.51736 0.09863 0.51389 0.03613 0.51389 0.03418 0.51042 0.00000 0.51215 0.00098 0.99653 0.61328 0.99479 0.58301 0.95833 0.56934 0.94792 0.55957 0.93403 0.54004 0.91667
1 0.49707 0.75347 0.48340 0.74305 0.48047 0.72743 0.47754 0.72222 0.46875 0.71702 0.46875 0.70660 0.46680 0.70312 0.46680 0.68577 0.48340 0.67361 0.49219 0.65798 0.50000 0.62327 0.50000 0.59896 0.49805 0.59548 0.49414 0.56423 0.48145 0.54514 0.47168 0.53820 0.45606 0.53820 0.44629 0.54514 0.43555 0.56423 0.42773 0.58854 0.42578 0.59896 0.42578 0.63368 0.43164 0.65798 0.44238 0.67708 0.45117 0.68229 0.45117 0.71354 0.44824 0.72222 0.44043 0.72570 0.43457 0.74305 0.42090 0.74305 0.41601 0.75173 0.41601 0.76215 0.41894 0.76736 0.43652 0.78472 0.46094 0.78298 0.49707 0.78125 0.50195 0.77604 0.50195 0.76215 0.49707 0.75347
7 0.25098 0.55903 0.24414 0.55382 0.24414 0.52952 0.24609 0.52604 0.24414 0.51910 0.24414 0.50521 0.24609 0.50173 0.24414 0.47048 0.24609 0.46354 0.24316 0.45833 0.23145 0.45833 0.22852 0.46354 0.22852 0.54340 0.23047 0.55035 0.22754 0.55555 0.22168 0.55555 0.21191 0.54861 0.20996 0.55208 0.20410 0.55208 0.20117 0.55729 0.21973 0.58333 0.22559 0.58333 0.22754 0.58680 0.23828 0.58507 0.26074 0.58333 0.26562 0.57812 0.25879 0.55903 0.25098 0.55903
6 0.54004 0.91667 0.52441 0.89583 0.49512 0.87153 0.48926 0.86111 0.48535 0.86111 0.47559 0.84722 0.44629 0.81945 0.42480 0.79167 0.40723 0.77778 0.39746 0.76389 0.36230 0.73264 0.33301 0.69792 0.31738 0.68403 0.31348 0.68403 0.30176 0.67014 0.28809 0.64236 0.27832 0.63889 0.26270 0.61805 0.23730 0.60070 0.23340 0.59028 0.21777 0.58680 0.20996 0.57986 0.19824 0.55903 0.18652 0.55208 0.16699 0.52778 0.15527 0.52430 0.15332 0.52083 0.12598 0.52083 0.12402 0.51736 0.10449 0.51736 0.10254 0.51389 0.10059 0.51736 0.09863 0.51389 0.03613 0.51389 0.03418 0.51042 0.00000 0.51215 0.00098 0.99653 0.61328 0.99479 0.58301 0.95833 0.56934 0.94792 0.55957 0.93403 0.54004 0.91667
1 0.49707 0.75347 0.48340 0.74305 0.48047 0.72743 0.47754 0.72222 0.46875 0.71702 0.46875 0.70660 0.46680 0.70312 0.46680 0.68577 0.48340 0.67361 0.49219 0.65798 0.50000 0.62327 0.50000 0.59896 0.49805 0.59548 0.49414 0.56423 0.48145 0.54514 0.47168 0.53820 0.45606 0.53820 0.44629 0.54514 0.43555 0.56423 0.42773 0.58854 0.42578 0.59896 0.42578 0.63368 0.43164 0.65798 0.44238 0.67708 0.45117 0.68229 0.45117 0.71354 0.44824 0.72222 0.44043 0.72570 0.43457 0.74305 0.42090 0.74305 0.41601 0.75173 0.41601 0.76215 0.41894 0.76736 0.43652 0.78472 0.46094 0.78298 0.49707 0.78125 0.50195 0.77604 0.50195 0.76215 0.49707 0.75347
7 0.25098 0.55903 0.24414 0.55382 0.24414 0.52952 0.24609 0.52604 0.24414 0.51910 0.24414 0.50521 0.24609 0.50173 0.24414 0.47048 0.24609 0.46354 0.24316 0.45833 0.23145 0.45833 0.22852 0.46354 0.22852 0.54340 0.23047 0.55035 0.22754 0.55555 0.22168 0.55555 0.21191 0.54861 0.20996 0.55208 0.20410 0.55208 0.20117 0.55729 0.21973 0.58333 0.22559 0.58333 0.22754 0.58680 0.23828 0.58507 0.26074 0.58333 0.26562 0.57812 0.25879 0.55903 0.25098 0.55903
6 0.54004 0.91667 0.52441 0.89583 0.49512 0.87153 0.48926 0.86111 0.48535 0.86111 0.47559 0.84722 0.44629 0.81945 0.42480 0.79167 0.40723 0.77778 0.39746 0.76389 0.36230 0.73264 0.33301 0.69792 0.31738 0.68403 0.31348 0.68403 0.30176 0.67014 0.28809 0.64236 0.27832 0.63889 0.26270 0.61805 0.23730 0.60070 0.23340 0.59028 0.21777 0.58680 0.20996 0.57986 0.19824 0.55903 0.18652 0.55208 0.16699 0.52778 0.15527 0.52430 0.15332 0.52083 0.12598 0.52083 0.12402 0.51736 0.10449 0.51736 0.10254 0.51389 0.10059 0.51736 0.09863 0.51389 0.03613 0.51389 0.03418 0.51042 0.00000 0.51215 0.00098 0.99653 0.61328 0.99479 0.58301 0.95833 0.56934 0.94792 0.55957 0.93403 0.54004 0.91667
1 0.49707 0.75347 0.48340 0.74305 0.48047 0.72743 0.47754 0.72222 0.46875 0.71702 0.46875 0.70660 0.46680 0.70312 0.46680 0.68577 0.48340 0.67361 0.49219 0.65798 0.50000 0.62327 0.50000 0.59896 0.49805 0.59548 0.49414 0.56423 0.48145 0.54514 0.47168 0.53820 0.45606 0.53820 0.44629 0.54514 0.43555 0.56423 0.42773 0.58854 0.42578 0.59896 0.42578 0.63368 0.43164 0.65798 0.44238 0.67708 0.45117 0.68229 0.45117 0.71354 0.44824 0.72222 0.44043 0.72570 0.43457 0.74305 0.42090 0.74305 0.41601 0.75173 0.41601 0.76215 0.41894 0.76736 0.43652 0.78472 0.46094 0.78298 0.49707 0.78125 0.50195 0.77604 0.50195 0.76215 0.49707 0.75347
7 0.25098 0.55903 0.24414 0.55382 0.24414 0.52952 0.24609 0.52604 0.24414 0.51910 0.24414 0.50521 0.24609 0.50173 0.24414 0.47048 0.24609 0.46354 0.24316 0.45833 0.23145 0.45833 0.22852 0.46354 0.22852 0.54340 0.23047 0.55035 0.22754 0.55555 0.22168 0.55555 0.21191 0.54861 0.20996 0.55208 0.20410 0.55208 0.20117 0.55729 0.21973 0.58333 0.22559 0.58333 0.22754 0.58680 0.23828 0.58507 0.26074 0.58333 0.26562 0.57812 0.25879 0.55903 0.25098 0.55903
6 0.54004 0.91667 0.52441 0.89583 0.49512 0.87153 0.48926 0.86111 0.48535 0.86111 0.47559 0.84722 0.44629 0.81945 0.42480 0.79167 0.40723 0.77778 0.39746 0.76389 0.36230 0.73264 0.33301 0.69792 0.31738 0.68403 0.31348 0.68403 0.30176 0.67014 0.28809 0.64236 0.27832 0.63889 0.26270 0.61805 0.23730 0.60070 0.23340 0.59028 0.21777 0.58680 0.20996 0.57986 0.19824 0.55903 0.18652 0.55208 0.16699 0.52778 0.15527 0.52430 0.15332 0.52083 0.12598 0.52083 0.12402 0.51736 0.10449 0.51736 0.10254 0.51389 0.10059 0.51736 0.09863 0.51389 0.03613 0.51389 0.03418 0.51042 0.00000 0.51215 0.00098 0.99653 0.61328 0.99479 0.58301 0.95833 0.56934 0.94792 0.55957 0.93403 0.54004 0.91667
1 0.49707 0.75347 0.48340 0.74305 0.48047 0.72743 0.47754 0.72222 0.46875 0.71702 0.46875 0.70660 0.46680 0.70312 0.46680 0.68577 0.48340 0.67361 0.49219 0.65798 0.50000 0.62327 0.50000 0.59896 0.49805 0.59548 0.49414 0.56423 0.48145 0.54514 0.47168 0.53820 0.45606 0.53820 0.44629 0.54514 0.43555 0.56423 0.42773 0.58854 0.42578 0.59896 0.42578 0.63368 0.43164 0.65798 0.44238 0.67708 0.45117 0.68229 0.45117 0.71354 0.44824 0.72222 0.44043 0.72570 0.43457 0.74305 0.42090 0.74305 0.41601 0.75173 0.41601 0.76215 0.41894 0.76736 0.43652 0.78472 0.46094 0.78298 0.49707 0.78125 0.50195 0.77604 0.50195 0.76215 0.49707 0.75347
7 0.25098 0.55903 0.24414 0.55382 0.24414 0.52952 0.24609 0.52604 0.24414 0.51910 0.24414 0.50521 0.24609 0.50173 0.24414 0.47048 0.24609 0.46354 0.24316 0.45833 0.23145 0.45833 0.22852 0.46354 0.22852 0.54340 0.23047 0.55035 0.22754 0.55555 0.22168 0.55555 0.21191 0.54861 0.20996 0.55208 0.20410 0.55208 0.20117 0.55729 0.21973 0.58333 0.22559 0.58333 0.22754 0.58680 0.23828 0.58507 0.26074 0.58333 0.26562 0.57812 0.25879 0.55903 0.25098 0.55903
6 0.54004 0.91667 0.52441 0.89583 0.49512 0.87153 0.48926 0.86111 0.48535 0.86111 0.47559 0.84722 0.44629 0.81945 0.42480 0.79167 0.40723 0.77778 0.39746 0.76389 0.36230 0.73264 0.33301 0.69792 0.31738 0.68403 0.31348 0.68403 0.30176 0.67014 0.28809 0.64236 0.27832 0.63889 0.26270 0.61805 0.23730 0.60070 0.23340 0.59028 0.21777 0.58680 0.20996 0.57986 0.19824 0.55903 0.18652 0.55208 0.16699 0.52778 0.15527 0.52430 0.15332 0.52083 0.12598 0.52083 0.12402 0.51736 0.10449 0.51736 0.10254 0.51389 0.10059 0.51736 0.09863 0.51389 0.03613 0.51389 0.03418 0.51042 0.00000 0.51215 0.00098 0.99653 0.61328 0.99479 0.58301 0.95833 0.56934 0.94792 0.55957 0.93403 0.54004 0.91667
1 0.49707 0.75347 0.48340 0.74305 0.48047 0.72743 0.47754 0.72222 0.46875 0.71702 0.46875 0.70660 0.46680 0.70312 0.46680 0.68577 0.48340 0.67361 0.49219 0.65798 0.50000 0.62327 0.50000 0.59896 0.49805 0.59548 0.49414 0.56423 0.48145 0.54514 0.47168 0.53820 0.45606 0.53820 0.44629 0.54514 0.43555 0.56423 0.42773 0.58854 0.42578 0.59896 0.42578 0.63368 0.43164 0.65798 0.44238 0.67708 0.45117 0.68229 0.45117 0.71354 0.44824 0.72222 0.44043 0.72570 0.43457 0.74305 0.42090 0.74305 0.41601 0.75173 0.41601 0.76215 0.41894 0.76736 0.43652 0.78472 0.46094 0.78298 0.49707 0.78125 0.50195 0.77604 0.50195 0.76215 0.49707 0.75347
7 0.25098 0.55903 0.24414 0.55382 0.24414 0.52952 0.24609 0.52604 0.24414 0.51910 0.24414 0.50521 0.24609 0.50173 0.24414 0.47048 0.24609 0.46354 0.24316 0.45833 0.23145 0.45833 0.22852 0.46354 0.22852 0.54340 0.23047 0.55035 0.22754 0.55555 0.22168 0.55555 0.21191 0.54861 0.20996 0.55208 0.20410 0.55208 0.20117 0.55729 0.21973 0.58333 0.22559 0.58333 0.22754 0.58680 0.23828 0.58507 0.26074 0.58333 0.26562 0.57812 0.25879 0.55903 0.25098 0.55903
6 0.54004 0.91667 0.52441 0.89583 0.49512 0.87153 0.48926 0.86111 0.48535 0.86111 0.47559 0.84722 0.44629 0.81945 0.42480 0.79167 0.40723 0.77778 0.39746 0.76389 0.36230 0.73264 0.33301 0.69792 0.31738 0.68403 0.31348 0.68403 0.30176 0.67014 0.28809 0.64236 0.27832 0.63889 0.26270 0.61805 0.23730 0.60070 0.23340 0.59028 0.21777 0.58680 0.20996 0.57986 0.19824 0.55903 0.18652 0.55208 0.16699 0.52778 0.15527 0.52430 0.15332 0.52083 0.12598 0.52083 0.12402 0.51736 0.10449 0.51736 0.10254 0.51389 0.10059 0.51736 0.09863 0.51389 0.03613 0.51389 0.03418 0.51042 0.00000 0.51215 0.00098 0.99653 0.61328 0.99479 0.58301 0.95833 0.56934 0.94792 0.55957 0.93403 0.54004 0.91667
1 0.49707 0.75347 0.48340 0.74305 0.48047 0.72743 0.47754 0.72222 0.46875 0.71702 0.46875 0.70660 0.46680 0.70312 0.46680 0.68577 0.48340 0.67361 0.49219 0.65798 0.50000 0.62327 0.50000 0.59896 0.49805 0.59548 0.49414 0.56423 0.48145 0.54514 0.47168 0.53820 0.45606 0.53820 0.44629 0.54514 0.43555 0.56423 0.42773 0.58854 0.42578 0.59896 0.42578 0.63368 0.43164 0.65798 0.44238 0.67708 0.45117 0.68229 0.45117 0.71354 0.44824 0.72222 0.44043 0.72570 0.43457 0.74305 0.42090 0.74305 0.41601 0.75173 0.41601 0.76215 0.41894 0.76736 0.43652 0.78472 0.46094 0.78298 0.49707 0.78125 0.50195 0.77604 0.50195 0.76215 0.49707 0.75347
7 0.25098 0.55903 0.24414 0.55382 0.24414 0.52952 0.24609 0.52604 0.24414 0.51910 0.24414 0.50521 0.24609 0.50173 0.24414 0.47048 0.24609 0.46354 0.24316 0.45833 0.23145 0.45833 0.22852 0.46354 0.22852 0.54340 0.23047 0.55035 0.22754 0.55555 0.22168 0.55555 0.21191 0.54861 0.20996 0.55208 0.20410 0.55208 0.20117 0.55729 0.21973 0.58333 0.22559 0.58333 0.22754 0.58680 0.23828 0.58507 0.26074 0.58333 0.26562 0.57812 0.25879 0.55903 0.25098 0.55903
