2 0.63328 0.28711 0.62530 0.28600 0.62273 0.28026 0.62357 0.26963 0.62185 0.26580 0.62525 0.24836 0.63007 0.23828 0.63347 0.22083 0.64085 0.20395 0.64935 0.17288 0.65442 0.13416 0.65185 0.12842 0.58520 0.12984 0.57979 0.13446 0.57895 0.14510 0.59039 0.17896 0.59155 0.18987 0.59498 0.19752 0.59442 0.20461 0.60586 0.23847 0.60845 0.25676 0.60594 0.28866 0.59512 0.29790 0.59345 0.31917 0.57607 0.32212 0.57410 0.33439 0.57838 0.34395 0.58437 0.34479 0.59721 0.36092 0.60034 0.35957 0.61029 0.34841 0.62426 0.35037 0.63678 0.34495 0.64675 0.34635 0.65218 0.35428 0.65559 0.34938 0.65671 0.33520 0.65898 0.33193 0.65755 0.32456 0.65126 0.31472 0.64129 0.31333 0.63328 0.28711
6 0.96330 1.00000 0.97169 0.89373 0.53999 0.28959 0.48233 0.20266 0.42928 0.15939 0.35842 0.13752 0.24522 0.12406 0.13183 0.11297 0.02767 0.11437 0.02223 0.18338 0.14562 0.19375 0.16538 0.19891 0.17147 0.20693 0.16997 0.22584 0.15542 0.27398 0.00000 0.80828 0.00000 0.93275 0.48033 1.00000 0.96330 1.00000
2 0.63328 0.28711 0.62530 0.28600 0.62273 0.28026 0.62357 0.26963 0.62185 0.26580 0.62525 0.24836 0.63007 0.23828 0.63347 0.22083 0.64085 0.20395 0.64935 0.17288 0.65442 0.13416 0.65185 0.12842 0.58520 0.12984 0.57979 0.13446 0.57895 0.14510 0.59039 0.17896 0.59155 0.18987 0.59498 0.19752 0.59442 0.20461 0.60586 0.23847 0.60845 0.25676 0.60594 0.28866 0.59512 0.29790 0.59345 0.31917 0.57607 0.32212 0.57410 0.33439 0.57838 0.34395 0.58437 0.34479 0.59721 0.36092 0.60034 0.35957 0.61029 0.34841 0.62426 0.35037 0.63678 0.34495 0.64675 0.34635 0.65218 0.35428 0.65559 0.34938 0.65671 0.33520 0.65898 0.33193 0.65755 0.32456 0.65126 0.31472 0.64129 0.31333 0.63328 0.28711
6 0.96330 1.00000 0.97169 0.89373 0.53999 0.28959 0.48233 0.20266 0.42928 0.15939 0.35842 0.13752 0.24522 0.12406 0.13183 0.11297 0.02767 0.11437 0.02223 0.18338 0.14562 0.19375 0.16538 0.19891 0.17147 0.20693 0.16997 0.22584 0.15542 0.27398 0.00000 0.80828 0.00000 0.93275 0.48033 1.00000 0.96330 1.00000
2 0.63328 0.28711 0.62530 0.28600 0.62273 0.28026 0.62357 0.26963 0.62185 0.26580 0.62525 0.24836 0.63007 0.23828 0.63347 0.22083 0.64085 0.20395 0.64935 0.17288 0.65442 0.13416 0.65185 0.12842 0.58520 0.12984 0.57979 0.13446 0.57895 0.14510 0.59039 0.17896 0.59155 0.18987 0.59498 0.19752 0.59442 0.20461 0.60586 0.23847 0.60845 0.25676 0.60594 0.28866 0.59512 0.29790 0.59345 0.31917 0.57607 0.32212 0.57410 0.33439 0.57838 0.34395 0.58437 0.34479 0.59721 0.36092 0.60034 0.35957 0.61029 0.34841 0.62426 0.35037 0.63678 0.34495 0.64675 0.34635 0.65218 0.35428 0.65559 0.34938 0.65671 0.33520 0.65898 0.33193 0.65755 0.32456 0.65126 0.31472 0.64129 0.31333 0.63328 0.28711
6 0.96330 1.00000 0.97169 0.89373 0.53999 0.28959 0.48233 0.20266 0.42928 0.15939 0.35842 0.13752 0.24522 0.12406 0.13183 0.11297 0.02767 0.11437 0.02223 0.18338 0.14562 0.19375 0.16538 0.19891 0.17147 0.20693 0.16997 0.22584 0.15542 0.27398 0.00000 0.80828 0.00000 0.93275 0.48033 1.00000 0.96330 1.00000
2 0.63328 0.28711 0.62530 0.28600 0.62273 0.28026 0.62357 0.26963 0.62185 0.26580 0.62525 0.24836 0.63007 0.23828 0.63347 0.22083 0.64085 0.20395 0.64935 0.17288 0.65442 0.13416 0.65185 0.12842 0.58520 0.12984 0.57979 0.13446 0.57895 0.14510 0.59039 0.17896 0.59155 0.18987 0.59498 0.19752 0.59442 0.20461 0.60586 0.23847 0.60845 0.25676 0.60594 0.28866 0.59512 0.29790 0.59345 0.31917 0.57607 0.32212 0.57410 0.33439 0.57838 0.34395 0.58437 0.34479 0.59721 0.36092 0.60034 0.35957 0.61029 0.34841 0.62426 0.35037 0.63678 0.34495 0.64675 0.34635 0.65218 0.35428 0.65559 0.34938 0.65671 0.33520 0.65898 0.33193 0.65755 0.32456 0.65126 0.31472 0.64129 0.31333 0.63328 0.28711
6 0.96330 1.00000 0.97169 0.89373 0.53999 0.28959 0.48233 0.20266 0.42928 0.15939 0.35842 0.13752 0.24522 0.12406 0.13183 0.11297 0.02767 0.11437 0.02223 0.18338 0.14562 0.19375 0.16538 0.19891 0.17147 0.20693 0.16997 0.22584 0.15542 0.27398 0.00000 0.80828 0.00000 0.93275 0.48033 1.00000 0.96330 1.00000
2 0.63328 0.28711 0.62530 0.28600 0.62273 0.28026 0.62357 0.26963 0.62185 0.26580 0.62525 0.24836 0.63007 0.23828 0.63347 0.22083 0.64085 0.20395 0.64935 0.17288 0.65442 0.13416 0.65185 0.12842 0.58520 0.12984 0.57979 0.13446 0.57895 0.14510 0.59039 0.17896 0.59155 0.18987 0.59498 0.19752 0.59442 0.20461 0.60586 0.23847 0.60845 0.25676 0.60594 0.28866 0.59512 0.29790 0.59345 0.31917 0.57607 0.32212 0.57410 0.33439 0.57838 0.34395 0.58437 0.34479 0.59721 0.36092 0.60034 0.35957 0.61029 0.34841 0.62426 0.35037 0.63678 0.34495 0.64675 0.34635 0.65218 0.35428 0.65559 0.34938 0.65671 0.33520 0.65898 0.33193 0.65755 0.32456 0.65126 0.31472 0.64129 0.31333 0.63328 0.28711
6 0.96330 1.00000 0.97169 0.89373 0.53999 0.28959 0.48233 0.20266 0.42928 0.15939 0.35842 0.13752 0.24522 0.12406 0.13183 0.11297 0.02767 0.11437 0.02223 0.18338 0.14562 0.19375 0.16538 0.19891 0.17147 0.20693 0.16997 0.22584 0.15542 0.27398 0.00000 0.80828 0.00000 0.93275 0.48033 1.00000 0.96330 1.00000
2 0.63328 0.28711 0.62530 0.28600 0.62273 0.28026 0.62357 0.26963 0.62185 0.26580 0.62525 0.24836 0.63007 0.23828 0.63347 0.22083 0.64085 0.20395 0.64935 0.17288 0.65442 0.13416 0.65185 0.12842 0.58520 0.12984 0.57979 0.13446 0.57895 0.14510 0.59039 0.17896 0.59155 0.18987 0.59498 0.19752 0.59442 0.20461 0.60586 0.23847 0.60845 0.25676 0.60594 0.28866 0.59512 0.29790 0.59345 0.31917 0.57607 0.32212 0.57410 0.33439 0.57838 0.34395 0.58437 0.34479 0.59721 0.36092 0.60034 0.35957 0.61029 0.34841 0.62426 0.35037 0.63678 0.34495 0.64675 0.34635 0.65218 0.35428 0.65559 0.34938 0.65671 0.33520 0.65898 0.33193 0.65755 0.32456 0.65126 0.31472 0.64129 0.31333 0.63328 0.28711
6 0.96330 1.00000 0.97169 0.89373 0.53999 0.28959 0.48233 0.20266 0.42928 0.15939 0.35842 0.13752 0.24522 0.12406 0.13183 0.11297 0.02767 0.11437 0.02223 0.18338 0.14562 0.19375 0.16538 0.19891 0.17147 0.20693 0.16997 0.22584 0.15542 0.27398 0.00000 0.80828 0.00000 0.93275 0.48033 1.00000 0.96330 1.00000
