6 0.44434 0.89236 0.44043 0.88542 0.39355 0.84375 0.38965 0.84375 0.36816 0.81945 0.33691 0.79514 0.31348 0.76736 0.29785 0.75347 0.29394 0.75347 0.29004 0.74653 0.26660 0.72570 0.25293 0.71875 0.24512 0.70833 0.23340 0.70139 0.21387 0.68055 0.20020 0.67361 0.17871 0.64930 0.17285 0.64930 0.16504 0.63195 0.15918 0.62847 0.15332 0.61805 0.14355 0.61458 0.13379 0.60417 0.12793 0.60417 0.12012 0.59028 0.11621 0.59028 0.11035 0.58333 0.09473 0.57986 0.08691 0.56945 0.03027 0.51736 0.01465 0.51389 0.01270 0.51042 0.00000 0.51215 0.00098 0.99653 0.10840 0.99653 0.11035 0.99305 0.11621 0.99653 0.54883 0.99479 0.52246 0.96528 0.45215 0.89930 0.44824 0.89236 0.44434 0.89236
1 0.38184 0.73264 0.36914 0.72048 0.36719 0.70660 0.35742 0.69618 0.35742 0.68577 0.35547 0.68229 0.35547 0.66840 0.37207 0.65278 0.38086 0.63368 0.38477 0.61979 0.38477 0.57812 0.38086 0.55729 0.37012 0.53820 0.35840 0.53125 0.34668 0.53125 0.33496 0.54167 0.32813 0.55382 0.31836 0.58160 0.31836 0.59896 0.31641 0.60243 0.31836 0.60590 0.32031 0.63368 0.32422 0.64410 0.33106 0.65625 0.33887 0.66320 0.34180 0.67188 0.33984 0.67535 0.33984 0.69618 0.33301 0.70486 0.32910 0.70486 0.32324 0.72222 0.30957 0.72222 0.30566 0.72570 0.30469 0.73785 0.30762 0.74653 0.33106 0.76736 0.33887 0.76736 0.34082 0.76389 0.34277 0.76736 0.35938 0.76562 0.37598 0.76042 0.38867 0.74827 0.38574 0.73264 0.38184 0.73264
7 0.12891 0.44965 0.11035 0.44792 0.10742 0.45312 0.10742 0.46702 0.10938 0.47048 0.10742 0.53298 0.11035 0.54167 0.12500 0.53993 0.12695 0.53646 0.12695 0.50868 0.12891 0.50521 0.12891 0.44965
6 0.44434 0.89236 0.44043 0.88542 0.39355 0.84375 0.38965 0.84375 0.36816 0.81945 0.33691 0.79514 0.31348 0.76736 0.29785 0.75347 0.29394 0.75347 0.29004 0.74653 0.26660 0.72570 0.25293 0.71875 0.24512 0.70833 0.23340 0.70139 0.21387 0.68055 0.20020 0.67361 0.17871 0.64930 0.17285 0.64930 0.16504 0.63195 0.15918 0.62847 0.15332 0.61805 0.14355 0.61458 0.13379 0.60417 0.12793 0.60417 0.12012 0.59028 0.11621 0.59028 0.11035 0.58333 0.09473 0.57986 0.08691 0.56945 0.03027 0.51736 0.01465 0.51389 0.01270 0.51042 0.00000 0.51215 0.00098 0.99653 0.10840 0.99653 0.11035 0.99305 0.11621 0.99653 0.54883 0.99479 0.52246 0.96528 0.45215 0.89930 0.44824 0.89236 0.44434 0.89236
1 0.38184 0.73264 0.36914 0.72048 0.36719 0.70660 0.35742 0.69618 0.35742 0.68577 0.35547 0.68229 0.35547 0.66840 0.37207 0.65278 0.38086 0.63368 0.38477 0.61979 0.38477 0.57812 0.38086 0.55729 0.37012 0.53820 0.35840 0.53125 0.34668 0.53125 0.33496 0.54167 0.32813 0.55382 0.31836 0.58160 0.31836 0.59896 0.31641 0.60243 0.31836 0.60590 0.32031 0.63368 0.32422 0.64410 0.33106 0.65625 0.33887 0.66320 0.34180 0.67188 0.33984 0.67535 0.33984 0.69618 0.33301 0.70486 0.32910 0.70486 0.32324 0.72222 0.30957 0.72222 0.30566 0.72570 0.30469 0.73785 0.30762 0.74653 0.33106 0.76736 0.33887 0.76736 0.34082 0.76389 0.34277 0.76736 0.35938 0.76562 0.37598 0.76042 0.38867 0.74827 0.38574 0.73264 0.38184 0.73264
7 0.12891 0.44965 0.11035 0.44792 0.10742 0.45312 0.10742 0.46702 0.10938 0.47048 0.10742 0.53298 0.11035 0.54167 0.12500 0.53993 0.12695 0.53646 0.12695 0.50868 0.12891 0.50521 0.12891 0.44965
6 0.44434 0.89236 0.44043 0.88542 0.39355 0.84375 0.38965 0.84375 0.36816 0.81945 0.33691 0.79514 0.31348 0.76736 0.29785 0.75347 0.29394 0.75347 0.29004 0.74653 0.26660 0.72570 0.25293 0.71875 0.24512 0.70833 0.23340 0.70139 0.21387 0.68055 0.20020 0.67361 0.17871 0.64930 0.17285 0.64930 0.16504 0.63195 0.15918 0.62847 0.15332 0.61805 0.14355 0.61458 0.13379 0.60417 0.12793 0.60417 0.12012 0.59028 0.11621 0.59028 0.11035 0.58333 0.09473 0.57986 0.08691 0.56945 0.03027 0.51736 0.01465 0.51389 0.01270 0.51042 0.00000 0.51215 0.00098 0.99653 0.10840 0.99653 0.11035 0.99305 0.11621 0.99653 0.54883 0.99479 0.52246 0.96528 0.45215 0.89930 0.44824 0.89236 0.44434 0.89236
1 0.38184 0.73264 0.36914 0.72048 0.36719 0.70660 0.35742 0.69618 0.35742 0.68577 0.35547 0.68229 0.35547 0.66840 0.37207 0.65278 0.38086 0.63368 0.38477 0.61979 0.38477 0.57812 0.38086 0.55729 0.37012 0.53820 0.35840 0.53125 0.34668 0.53125 0.33496 0.54167 0.32813 0.55382 0.31836 0.58160 0.31836 0.59896 0.31641 0.60243 0.31836 0.60590 0.32031 0.63368 0.32422 0.64410 0.33106 0.65625 0.33887 0.66320 0.34180 0.67188 0.33984 0.67535 0.33984 0.69618 0.33301 0.70486 0.32910 0.70486 0.32324 0.72222 0.30957 0.72222 0.30566 0.72570 0.30469 0.73785 0.30762 0.74653 0.33106 0.76736 0.33887 0.76736 0.34082 0.76389 0.34277 0.76736 0.35938 0.76562 0.37598 0.76042 0.38867 0.74827 0.38574 0.73264 0.38184 0.73264
7 0.12891 0.44965 0.11035 0.44792 0.10742 0.45312 0.10742 0.46702 0.10938 0.47048 0.10742 0.53298 0.11035 0.54167 0.12500 0.53993 0.12695 0.53646 0.12695 0.50868 0.12891 0.50521 0.12891 0.44965
6 0.44434 0.89236 0.44043 0.88542 0.39355 0.84375 0.38965 0.84375 0.36816 0.81945 0.33691 0.79514 0.31348 0.76736 0.29785 0.75347 0.29394 0.75347 0.29004 0.74653 0.26660 0.72570 0.25293 0.71875 0.24512 0.70833 0.23340 0.70139 0.21387 0.68055 0.20020 0.67361 0.17871 0.64930 0.17285 0.64930 0.16504 0.63195 0.15918 0.62847 0.15332 0.61805 0.14355 0.61458 0.13379 0.60417 0.12793 0.60417 0.12012 0.59028 0.11621 0.59028 0.11035 0.58333 0.09473 0.57986 0.08691 0.56945 0.03027 0.51736 0.01465 0.51389 0.01270 0.51042 0.00000 0.51215 0.00098 0.99653 0.10840 0.99653 0.11035 0.99305 0.11621 0.99653 0.54883 0.99479 0.52246 0.96528 0.45215 0.89930 0.44824 0.89236 0.44434 0.89236
1 0.38184 0.73264 0.36914 0.72048 0.36719 0.70660 0.35742 0.69618 0.35742 0.68577 0.35547 0.68229 0.35547 0.66840 0.37207 0.65278 0.38086 0.63368 0.38477 0.61979 0.38477 0.57812 0.38086 0.55729 0.37012 0.53820 0.35840 0.53125 0.34668 0.53125 0.33496 0.54167 0.32813 0.55382 0.31836 0.58160 0.31836 0.59896 0.31641 0.60243 0.31836 0.60590 0.32031 0.63368 0.32422 0.64410 0.33106 0.65625 0.33887 0.66320 0.34180 0.67188 0.33984 0.67535 0.33984 0.69618 0.33301 0.70486 0.32910 0.70486 0.32324 0.72222 0.30957 0.72222 0.30566 0.72570 0.30469 0.73785 0.30762 0.74653 0.33106 0.76736 0.33887 0.76736 0.34082 0.76389 0.34277 0.76736 0.35938 0.76562 0.37598 0.76042 0.38867 0.74827 0.38574 0.73264 0.38184 0.73264
7 0.12891 0.44965 0.11035 0.44792 0.10742 0.45312 0.10742 0.46702 0.10938 0.47048 0.10742 0.53298 0.11035 0.54167 0.12500 0.53993 0.12695 0.53646 0.12695 0.50868 0.12891 0.50521 0.12891 0.44965
6 0.44434 0.89236 0.44043 0.88542 0.39355 0.84375 0.38965 0.84375 0.36816 0.81945 0.33691 0.79514 0.31348 0.76736 0.29785 0.75347 0.29394 0.75347 0.29004 0.74653 0.26660 0.72570 0.25293 0.71875 0.24512 0.70833 0.23340 0.70139 0.21387 0.68055 0.20020 0.67361 0.17871 0.64930 0.17285 0.64930 0.16504 0.63195 0.15918 0.62847 0.15332 0.61805 0.14355 0.61458 0.13379 0.60417 0.12793 0.60417 0.12012 0.59028 0.11621 0.59028 0.11035 0.58333 0.09473 0.57986 0.08691 0.56945 0.03027 0.51736 0.01465 0.51389 0.01270 0.51042 0.00000 0.51215 0.00098 0.99653 0.10840 0.99653 0.11035 0.99305 0.11621 0.99653 0.54883 0.99479 0.52246 0.96528 0.45215 0.89930 0.44824 0.89236 0.44434 0.89236
1 0.38184 0.73264 0.36914 0.72048 0.36719 0.70660 0.35742 0.69618 0.35742 0.68577 0.35547 0.68229 0.35547 0.66840 0.37207 0.65278 0.38086 0.63368 0.38477 0.61979 0.38477 0.57812 0.38086 0.55729 0.37012 0.53820 0.35840 0.53125 0.34668 0.53125 0.33496 0.54167 0.32813 0.55382 0.31836 0.58160 0.31836 0.59896 0.31641 0.60243 0.31836 0.60590 0.32031 0.63368 0.32422 0.64410 0.33106 0.65625 0.33887 0.66320 0.34180 0.67188 0.33984 0.67535 0.33984 0.69618 0.33301 0.70486 0.32910 0.70486 0.32324 0.72222 0.30957 0.72222 0.30566 0.72570 0.30469 0.73785 0.30762 0.74653 0.33106 0.76736 0.33887 0.76736 0.34082 0.76389 0.34277 0.76736 0.35938 0.76562 0.37598 0.76042 0.38867 0.74827 0.38574 0.73264 0.38184 0.73264
7 0.12891 0.44965 0.11035 0.44792 0.10742 0.45312 0.10742 0.46702 0.10938 0.47048 0.10742 0.53298 0.11035 0.54167 0.12500 0.53993 0.12695 0.53646 0.12695 0.50868 0.12891 0.50521 0.12891 0.44965
6 0.44434 0.89236 0.44043 0.88542 0.39355 0.84375 0.38965 0.84375 0.36816 0.81945 0.33691 0.79514 0.31348 0.76736 0.29785 0.75347 0.29394 0.75347 0.29004 0.74653 0.26660 0.72570 0.25293 0.71875 0.24512 0.70833 0.23340 0.70139 0.21387 0.68055 0.20020 0.67361 0.17871 0.64930 0.17285 0.64930 0.16504 0.63195 0.15918 0.62847 0.15332 0.61805 0.14355 0.61458 0.13379 0.60417 0.12793 0.60417 0.12012 0.59028 0.11621 0.59028 0.11035 0.58333 0.09473 0.57986 0.08691 0.56945 0.03027 0.51736 0.01465 0.51389 0.01270 0.51042 0.00000 0.51215 0.00098 0.99653 0.10840 0.99653 0.11035 0.99305 0.11621 0.99653 0.54883 0.99479 0.52246 0.96528 0.45215 0.89930 0.44824 0.89236 0.44434 0.89236
1 0.38184 0.73264 0.36914 0.72048 0.36719 0.70660 0.35742 0.69618 0.35742 0.68577 0.35547 0.68229 0.35547 0.66840 0.37207 0.65278 0.38086 0.63368 0.38477 0.61979 0.38477 0.57812 0.38086 0.55729 0.37012 0.53820 0.35840 0.53125 0.34668 0.53125 0.33496 0.54167 0.32813 0.55382 0.31836 0.58160 0.31836 0.59896 0.31641 0.60243 0.31836 0.60590 0.32031 0.63368 0.32422 0.64410 0.33106 0.65625 0.33887 0.66320 0.34180 0.67188 0.33984 0.67535 0.33984 0.69618 0.33301 0.70486 0.32910 0.70486 0.32324 0.72222 0.30957 0.72222 0.30566 0.72570 0.30469 0.73785 0.30762 0.74653 0.33106 0.76736 0.33887 0.76736 0.34082 0.76389 0.34277 0.76736 0.35938 0.76562 0.37598 0.76042 0.38867 0.74827 0.38574 0.73264 0.38184 0.73264
7 0.12891 0.44965 0.11035 0.44792 0.10742 0.45312 0.10742 0.46702 0.10938 0.47048 0.10742 0.53298 0.11035 0.54167 0.12500 0.53993 0.12695 0.53646 0.12695 0.50868 0.12891 0.50521 0.12891 0.44965
