6 1.00000 0.91021 0.00000 0.05795 0.00000 0.51162 0.01280 1.00000 0.46535 1.00000 0.74512 0.98890 1.00000 0.97705 1.00000 0.91021
1 0.23701 0.23025 0.24143 0.25173 0.27925 0.27395 0.34119 0.26079 0.34726 0.24167 0.32401 0.22846 0.31855 0.19443 0.30302 0.20236 0.29897 0.17736 0.31382 0.15978 0.32151 0.13874 0.32499 0.12101 0.33088 0.08775 0.32528 0.04577 0.30920 0.02027 0.29550 0.01177 0.27372 0.01393 0.25572 0.03759 0.24907 0.07786 0.24697 0.12020 0.25270 0.14276 0.25880 0.15504 0.27129 0.16833 0.27937 0.17452 0.28117 0.18288 0.28585 0.20966 0.26665 0.20946 0.26703 0.22429 0.23701 0.23025
6 1.00000 0.91021 0.00000 0.05795 0.00000 0.51162 0.01280 1.00000 0.46535 1.00000 0.74512 0.98890 1.00000 0.97705 1.00000 0.91021
1 0.23701 0.23025 0.24143 0.25173 0.27925 0.27395 0.34119 0.26079 0.34726 0.24167 0.32401 0.22846 0.31855 0.19443 0.30302 0.20236 0.29897 0.17736 0.31382 0.15978 0.32151 0.13874 0.32499 0.12101 0.33088 0.08775 0.32528 0.04577 0.30920 0.02027 0.29550 0.01177 0.27372 0.01393 0.25572 0.03759 0.24907 0.07786 0.24697 0.12020 0.25270 0.14276 0.25880 0.15504 0.27129 0.16833 0.27937 0.17452 0.28117 0.18288 0.28585 0.20966 0.26665 0.20946 0.26703 0.22429 0.23701 0.23025
6 1.00000 0.91021 0.00000 0.05795 0.00000 0.51162 0.01280 1.00000 0.46535 1.00000 0.74512 0.98890 1.00000 0.97705 1.00000 0.91021
1 0.23701 0.23025 0.24143 0.25173 0.27925 0.27395 0.34119 0.26079 0.34726 0.24167 0.32401 0.22846 0.31855 0.19443 0.30302 0.20236 0.29897 0.17736 0.31382 0.15978 0.32151 0.13874 0.32499 0.12101 0.33088 0.08775 0.32528 0.04577 0.30920 0.02027 0.29550 0.01177 0.27372 0.01393 0.25572 0.03759 0.24907 0.07786 0.24697 0.12020 0.25270 0.14276 0.25880 0.15504 0.27129 0.16833 0.27937 0.17452 0.28117 0.18288 0.28585 0.20966 0.26665 0.20946 0.26703 0.22429 0.23701 0.23025
6 1.00000 0.91021 0.00000 0.05795 0.00000 0.51162 0.01280 1.00000 0.46535 1.00000 0.74512 0.98890 1.00000 0.97705 1.00000 0.91021
1 0.23701 0.23025 0.24143 0.25173 0.27925 0.27395 0.34119 0.26079 0.34726 0.24167 0.32401 0.22846 0.31855 0.19443 0.30302 0.20236 0.29897 0.17736 0.31382 0.15978 0.32151 0.13874 0.32499 0.12101 0.33088 0.08775 0.32528 0.04577 0.30920 0.02027 0.29550 0.01177 0.27372 0.01393 0.25572 0.03759 0.24907 0.07786 0.24697 0.12020 0.25270 0.14276 0.25880 0.15504 0.27129 0.16833 0.27937 0.17452 0.28117 0.18288 0.28585 0.20966 0.26665 0.20946 0.26703 0.22429 0.23701 0.23025
6 1.00000 0.91021 0.00000 0.05795 0.00000 0.51162 0.01280 1.00000 0.46535 1.00000 0.74512 0.98890 1.00000 0.97705 1.00000 0.91021
1 0.23701 0.23025 0.24143 0.25173 0.27925 0.27395 0.34119 0.26079 0.34726 0.24167 0.32401 0.22846 0.31855 0.19443 0.30302 0.20236 0.29897 0.17736 0.31382 0.15978 0.32151 0.13874 0.32499 0.12101 0.33088 0.08775 0.32528 0.04577 0.30920 0.02027 0.29550 0.01177 0.27372 0.01393 0.25572 0.03759 0.24907 0.07786 0.24697 0.12020 0.25270 0.14276 0.25880 0.15504 0.27129 0.16833 0.27937 0.17452 0.28117 0.18288 0.28585 0.20966 0.26665 0.20946 0.26703 0.22429 0.23701 0.23025
6 1.00000 0.91021 0.00000 0.05795 0.00000 0.51162 0.01280 1.00000 0.46535 1.00000 0.74512 0.98890 1.00000 0.97705 1.00000 0.91021
1 0.23701 0.23025 0.24143 0.25173 0.27925 0.27395 0.34119 0.26079 0.34726 0.24167 0.32401 0.22846 0.31855 0.19443 0.30302 0.20236 0.29897 0.17736 0.31382 0.15978 0.32151 0.13874 0.32499 0.12101 0.33088 0.08775 0.32528 0.04577 0.30920 0.02027 0.29550 0.01177 0.27372 0.01393 0.25572 0.03759 0.24907 0.07786 0.24697 0.12020 0.25270 0.14276 0.25880 0.15504 0.27129 0.16833 0.27937 0.17452 0.28117 0.18288 0.28585 0.20966 0.26665 0.20946 0.26703 0.22429 0.23701 0.23025
