6 0.97497 1.00000 0.97686 0.96406 0.95860 0.94029 0.95095 0.92024 0.94858 0.92389 0.93837 0.91133 0.93346 0.90121 0.93799 0.89776 0.93721 0.89189 0.93052 0.89513 0.92226 0.88663 0.92050 0.87873 0.90812 0.86597 0.88003 0.82082 0.87374 0.81636 0.86196 0.79206 0.81128 0.72159 0.80755 0.70964 0.80126 0.70519 0.78123 0.67238 0.77690 0.67198 0.75883 0.64323 0.73623 0.61791 0.72249 0.58956 0.71207 0.58086 0.68615 0.53590 0.67376 0.52314 0.67102 0.51322 0.67440 0.49033 0.66516 0.47980 0.65650 0.47900 0.65413 0.48264 0.65001 0.47839 0.63918 0.47738 0.63682 0.48103 0.56970 0.47478 0.56734 0.47843 0.55651 0.47742 0.55455 0.47337 0.55002 0.47681 0.48291 0.47056 0.48054 0.47421 0.46559 0.46895 0.46322 0.47260 0.44374 0.47078 0.43704 0.47402 0.40881 0.53521 0.40841 0.54291 0.40348 0.55405 0.39421 0.56479 0.38177 0.59457 0.35573 0.63468 0.34823 0.65332 0.33639 0.67156 0.31902 0.71248 0.27817 0.78603 0.26337 0.81945 0.25153 0.83769 0.24876 0.84904 0.23456 0.87091 0.22942 0.88591 0.19094 0.95580 0.18387 0.97177 0.48689 1.00000 0.97497 1.00000
6 0.66141 0.48912 0.66121 0.49297 0.68006 0.52760 0.69264 0.53651 0.70032 0.53529 0.70583 0.53387 0.71391 0.52495 0.71432 0.51725 0.72122 0.51016 0.72064 0.50044 0.70609 0.48748 0.68661 0.48567 0.68424 0.48932 0.67795 0.48486 0.66889 0.49175 0.66692 0.48770 0.66141 0.48912
6 1.00000 0.50326 0.99462 0.50276 0.99226 0.50640 0.97730 0.50114 0.97494 0.50479 0.96195 0.50358 0.95958 0.50723 0.78403 0.49474 0.78166 0.49839 0.75135 0.49557 0.74682 0.49901 0.74307 0.50833 0.74679 0.52028 0.74639 0.52798 0.75975 0.54276 0.77707 0.54437 0.77944 0.54072 0.87685 0.54980 0.87922 0.54615 0.88335 0.55040 0.88788 0.54696 0.96149 0.55381 0.96974 0.56232 0.97309 0.56070 0.99795 0.56239 1.00000 0.52326 1.00000 0.50326
6 0.00000 0.49909 0.00064 0.49912 0.00301 0.49548 0.05496 0.50032 0.05733 0.49667 0.06579 0.50132 0.06815 0.49768 0.13330 0.49988 0.13567 0.49623 0.19195 0.50147 0.19432 0.49782 0.20514 0.49884 0.20870 0.49336 0.20930 0.48182 0.21424 0.47068 0.21464 0.46298 0.15954 0.45591 0.15717 0.45956 0.15521 0.45551 0.15284 0.45916 0.11387 0.45553 0.11151 0.45917 0.00133 0.45146 0.00000 0.47674 0.00000 0.49909
7 0.40001 0.49571 0.40238 0.49207 0.39886 0.47627 0.40575 0.46918 0.40945 0.35736 0.39331 0.35393 0.38870 0.42118 0.39066 0.42523 0.38823 0.47141 0.39020 0.47546 0.38939 0.49086 0.39233 0.49693 0.40001 0.49571
7 0.41242 0.34217 0.40959 0.39605 0.41155 0.40010 0.41014 0.42704 0.41623 0.43535 0.41150 0.44264 0.41028 0.46573 0.42977 0.46755 0.43667 0.46045 0.43748 0.44506 0.43650 0.44304 0.43393 0.45053 0.42726 0.43250 0.42983 0.42501 0.43084 0.40577 0.42887 0.40171 0.43170 0.34784 0.42896 0.33791 0.41597 0.33670 0.41242 0.34217
4 0.72332 0.40787 0.71504 0.42064 0.70990 0.43563 0.70849 0.46257 0.71573 0.49032 0.72399 0.49882 0.72318 0.51421 0.71767 0.51563 0.71411 0.52111 0.71371 0.52880 0.70367 0.53367 0.69991 0.54298 0.70167 0.55088 0.71856 0.58146 0.75222 0.58266 0.75695 0.57537 0.75837 0.54843 0.75150 0.53425 0.74618 0.53182 0.73894 0.50408 0.74918 0.49536 0.76221 0.47530 0.76619 0.44087 0.76267 0.42507 0.74970 0.40259 0.73239 0.40098 0.72332 0.40787
6 0.97497 1.00000 0.97686 0.96406 0.95860 0.94029 0.95095 0.92024 0.94858 0.92389 0.93837 0.91133 0.93346 0.90121 0.93799 0.89776 0.93721 0.89189 0.93052 0.89513 0.92226 0.88663 0.92050 0.87873 0.90812 0.86597 0.88003 0.82082 0.87374 0.81636 0.86196 0.79206 0.81128 0.72159 0.80755 0.70964 0.80126 0.70519 0.78123 0.67238 0.77690 0.67198 0.75883 0.64323 0.73623 0.61791 0.72249 0.58956 0.71207 0.58086 0.68615 0.53590 0.67376 0.52314 0.67102 0.51322 0.67440 0.49033 0.66516 0.47980 0.65650 0.47900 0.65413 0.48264 0.65001 0.47839 0.63918 0.47738 0.63682 0.48103 0.56970 0.47478 0.56734 0.47843 0.55651 0.47742 0.55455 0.47337 0.55002 0.47681 0.48291 0.47056 0.48054 0.47421 0.46559 0.46895 0.46322 0.47260 0.44374 0.47078 0.43704 0.47402 0.40881 0.53521 0.40841 0.54291 0.40348 0.55405 0.39421 0.56479 0.38177 0.59457 0.35573 0.63468 0.34823 0.65332 0.33639 0.67156 0.31902 0.71248 0.27817 0.78603 0.26337 0.81945 0.25153 0.83769 0.24876 0.84904 0.23456 0.87091 0.22942 0.88591 0.19094 0.95580 0.18387 0.97177 0.48689 1.00000 0.97497 1.00000
6 0.66141 0.48912 0.66121 0.49297 0.68006 0.52760 0.69264 0.53651 0.70032 0.53529 0.70583 0.53387 0.71391 0.52495 0.71432 0.51725 0.72122 0.51016 0.72064 0.50044 0.70609 0.48748 0.68661 0.48567 0.68424 0.48932 0.67795 0.48486 0.66889 0.49175 0.66692 0.48770 0.66141 0.48912
6 1.00000 0.50326 0.99462 0.50276 0.99226 0.50640 0.97730 0.50114 0.97494 0.50479 0.96195 0.50358 0.95958 0.50723 0.78403 0.49474 0.78166 0.49839 0.75135 0.49557 0.74682 0.49901 0.74307 0.50833 0.74679 0.52028 0.74639 0.52798 0.75975 0.54276 0.77707 0.54437 0.77944 0.54072 0.87685 0.54980 0.87922 0.54615 0.88335 0.55040 0.88788 0.54696 0.96149 0.55381 0.96974 0.56232 0.97309 0.56070 0.99795 0.56239 1.00000 0.52326 1.00000 0.50326
6 0.00000 0.49909 0.00064 0.49912 0.00301 0.49548 0.05496 0.50032 0.05733 0.49667 0.06579 0.50132 0.06815 0.49768 0.13330 0.49988 0.13567 0.49623 0.19195 0.50147 0.19432 0.49782 0.20514 0.49884 0.20870 0.49336 0.20930 0.48182 0.21424 0.47068 0.21464 0.46298 0.15954 0.45591 0.15717 0.45956 0.15521 0.45551 0.15284 0.45916 0.11387 0.45553 0.11151 0.45917 0.00133 0.45146 0.00000 0.47674 0.00000 0.49909
7 0.40001 0.49571 0.40238 0.49207 0.39886 0.47627 0.40575 0.46918 0.40945 0.35736 0.39331 0.35393 0.38870 0.42118 0.39066 0.42523 0.38823 0.47141 0.39020 0.47546 0.38939 0.49086 0.39233 0.49693 0.40001 0.49571
7 0.41242 0.34217 0.40959 0.39605 0.41155 0.40010 0.41014 0.42704 0.41623 0.43535 0.41150 0.44264 0.41028 0.46573 0.42977 0.46755 0.43667 0.46045 0.43748 0.44506 0.43650 0.44304 0.43393 0.45053 0.42726 0.43250 0.42983 0.42501 0.43084 0.40577 0.42887 0.40171 0.43170 0.34784 0.42896 0.33791 0.41597 0.33670 0.41242 0.34217
4 0.72332 0.40787 0.71504 0.42064 0.70990 0.43563 0.70849 0.46257 0.71573 0.49032 0.72399 0.49882 0.72318 0.51421 0.71767 0.51563 0.71411 0.52111 0.71371 0.52880 0.70367 0.53367 0.69991 0.54298 0.70167 0.55088 0.71856 0.58146 0.75222 0.58266 0.75695 0.57537 0.75837 0.54843 0.75150 0.53425 0.74618 0.53182 0.73894 0.50408 0.74918 0.49536 0.76221 0.47530 0.76619 0.44087 0.76267 0.42507 0.74970 0.40259 0.73239 0.40098 0.72332 0.40787
6 0.97497 1.00000 0.97686 0.96406 0.95860 0.94029 0.95095 0.92024 0.94858 0.92389 0.93837 0.91133 0.93346 0.90121 0.93799 0.89776 0.93721 0.89189 0.93052 0.89513 0.92226 0.88663 0.92050 0.87873 0.90812 0.86597 0.88003 0.82082 0.87374 0.81636 0.86196 0.79206 0.81128 0.72159 0.80755 0.70964 0.80126 0.70519 0.78123 0.67238 0.77690 0.67198 0.75883 0.64323 0.73623 0.61791 0.72249 0.58956 0.71207 0.58086 0.68615 0.53590 0.67376 0.52314 0.67102 0.51322 0.67440 0.49033 0.66516 0.47980 0.65650 0.47900 0.65413 0.48264 0.65001 0.47839 0.63918 0.47738 0.63682 0.48103 0.56970 0.47478 0.56734 0.47843 0.55651 0.47742 0.55455 0.47337 0.55002 0.47681 0.48291 0.47056 0.48054 0.47421 0.46559 0.46895 0.46322 0.47260 0.44374 0.47078 0.43704 0.47402 0.40881 0.53521 0.40841 0.54291 0.40348 0.55405 0.39421 0.56479 0.38177 0.59457 0.35573 0.63468 0.34823 0.65332 0.33639 0.67156 0.31902 0.71248 0.27817 0.78603 0.26337 0.81945 0.25153 0.83769 0.24876 0.84904 0.23456 0.87091 0.22942 0.88591 0.19094 0.95580 0.18387 0.97177 0.48689 1.00000 0.97497 1.00000
6 0.66141 0.48912 0.66121 0.49297 0.68006 0.52760 0.69264 0.53651 0.70032 0.53529 0.70583 0.53387 0.71391 0.52495 0.71432 0.51725 0.72122 0.51016 0.72064 0.50044 0.70609 0.48748 0.68661 0.48567 0.68424 0.48932 0.67795 0.48486 0.66889 0.49175 0.66692 0.48770 0.66141 0.48912
6 1.00000 0.50326 0.99462 0.50276 0.99226 0.50640 0.97730 0.50114 0.97494 0.50479 0.96195 0.50358 0.95958 0.50723 0.78403 0.49474 0.78166 0.49839 0.75135 0.49557 0.74682 0.49901 0.74307 0.50833 0.74679 0.52028 0.74639 0.52798 0.75975 0.54276 0.77707 0.54437 0.77944 0.54072 0.87685 0.54980 0.87922 0.54615 0.88335 0.55040 0.88788 0.54696 0.96149 0.55381 0.96974 0.56232 0.97309 0.56070 0.99795 0.56239 1.00000 0.52326 1.00000 0.50326
6 0.00000 0.49909 0.00064 0.49912 0.00301 0.49548 0.05496 0.50032 0.05733 0.49667 0.06579 0.50132 0.06815 0.49768 0.13330 0.49988 0.13567 0.49623 0.19195 0.50147 0.19432 0.49782 0.20514 0.49884 0.20870 0.49336 0.20930 0.48182 0.21424 0.47068 0.21464 0.46298 0.15954 0.45591 0.15717 0.45956 0.15521 0.45551 0.15284 0.45916 0.11387 0.45553 0.11151 0.45917 0.00133 0.45146 0.00000 0.47674 0.00000 0.49909
7 0.40001 0.49571 0.40238 0.49207 0.39886 0.47627 0.40575 0.46918 0.40945 0.35736 0.39331 0.35393 0.38870 0.42118 0.39066 0.42523 0.38823 0.47141 0.39020 0.47546 0.38939 0.49086 0.39233 0.49693 0.40001 0.49571
7 0.41242 0.34217 0.40959 0.39605 0.41155 0.40010 0.41014 0.42704 0.41623 0.43535 0.41150 0.44264 0.41028 0.46573 0.42977 0.46755 0.43667 0.46045 0.43748 0.44506 0.43650 0.44304 0.43393 0.45053 0.42726 0.43250 0.42983 0.42501 0.43084 0.40577 0.42887 0.40171 0.43170 0.34784 0.42896 0.33791 0.41597 0.33670 0.41242 0.34217
4 0.72332 0.40787 0.71504 0.42064 0.70990 0.43563 0.70849 0.46257 0.71573 0.49032 0.72399 0.49882 0.72318 0.51421 0.71767 0.51563 0.71411 0.52111 0.71371 0.52880 0.70367 0.53367 0.69991 0.54298 0.70167 0.55088 0.71856 0.58146 0.75222 0.58266 0.75695 0.57537 0.75837 0.54843 0.75150 0.53425 0.74618 0.53182 0.73894 0.50408 0.74918 0.49536 0.76221 0.47530 0.76619 0.44087 0.76267 0.42507 0.74970 0.40259 0.73239 0.40098 0.72332 0.40787
6 0.97497 1.00000 0.97686 0.96406 0.95860 0.94029 0.95095 0.92024 0.94858 0.92389 0.93837 0.91133 0.93346 0.90121 0.93799 0.89776 0.93721 0.89189 0.93052 0.89513 0.92226 0.88663 0.92050 0.87873 0.90812 0.86597 0.88003 0.82082 0.87374 0.81636 0.86196 0.79206 0.81128 0.72159 0.80755 0.70964 0.80126 0.70519 0.78123 0.67238 0.77690 0.67198 0.75883 0.64323 0.73623 0.61791 0.72249 0.58956 0.71207 0.58086 0.68615 0.53590 0.67376 0.52314 0.67102 0.51322 0.67440 0.49033 0.66516 0.47980 0.65650 0.47900 0.65413 0.48264 0.65001 0.47839 0.63918 0.47738 0.63682 0.48103 0.56970 0.47478 0.56734 0.47843 0.55651 0.47742 0.55455 0.47337 0.55002 0.47681 0.48291 0.47056 0.48054 0.47421 0.46559 0.46895 0.46322 0.47260 0.44374 0.47078 0.43704 0.47402 0.40881 0.53521 0.40841 0.54291 0.40348 0.55405 0.39421 0.56479 0.38177 0.59457 0.35573 0.63468 0.34823 0.65332 0.33639 0.67156 0.31902 0.71248 0.27817 0.78603 0.26337 0.81945 0.25153 0.83769 0.24876 0.84904 0.23456 0.87091 0.22942 0.88591 0.19094 0.95580 0.18387 0.97177 0.48689 1.00000 0.97497 1.00000
6 0.66141 0.48912 0.66121 0.49297 0.68006 0.52760 0.69264 0.53651 0.70032 0.53529 0.70583 0.53387 0.71391 0.52495 0.71432 0.51725 0.72122 0.51016 0.72064 0.50044 0.70609 0.48748 0.68661 0.48567 0.68424 0.48932 0.67795 0.48486 0.66889 0.49175 0.66692 0.48770 0.66141 0.48912
6 1.00000 0.50326 0.99462 0.50276 0.99226 0.50640 0.97730 0.50114 0.97494 0.50479 0.96195 0.50358 0.95958 0.50723 0.78403 0.49474 0.78166 0.49839 0.75135 0.49557 0.74682 0.49901 0.74307 0.50833 0.74679 0.52028 0.74639 0.52798 0.75975 0.54276 0.77707 0.54437 0.77944 0.54072 0.87685 0.54980 0.87922 0.54615 0.88335 0.55040 0.88788 0.54696 0.96149 0.55381 0.96974 0.56232 0.97309 0.56070 0.99795 0.56239 1.00000 0.52326 1.00000 0.50326
6 0.00000 0.49909 0.00064 0.49912 0.00301 0.49548 0.05496 0.50032 0.05733 0.49667 0.06579 0.50132 0.06815 0.49768 0.13330 0.49988 0.13567 0.49623 0.19195 0.50147 0.19432 0.49782 0.20514 0.49884 0.20870 0.49336 0.20930 0.48182 0.21424 0.47068 0.21464 0.46298 0.15954 0.45591 0.15717 0.45956 0.15521 0.45551 0.15284 0.45916 0.11387 0.45553 0.11151 0.45917 0.00133 0.45146 0.00000 0.47674 0.00000 0.49909
7 0.40001 0.49571 0.40238 0.49207 0.39886 0.47627 0.40575 0.46918 0.40945 0.35736 0.39331 0.35393 0.38870 0.42118 0.39066 0.42523 0.38823 0.47141 0.39020 0.47546 0.38939 0.49086 0.39233 0.49693 0.40001 0.49571
7 0.41242 0.34217 0.40959 0.39605 0.41155 0.40010 0.41014 0.42704 0.41623 0.43535 0.41150 0.44264 0.41028 0.46573 0.42977 0.46755 0.43667 0.46045 0.43748 0.44506 0.43650 0.44304 0.43393 0.45053 0.42726 0.43250 0.42983 0.42501 0.43084 0.40577 0.42887 0.40171 0.43170 0.34784 0.42896 0.33791 0.41597 0.33670 0.41242 0.34217
4 0.72332 0.40787 0.71504 0.42064 0.70990 0.43563 0.70849 0.46257 0.71573 0.49032 0.72399 0.49882 0.72318 0.51421 0.71767 0.51563 0.71411 0.52111 0.71371 0.52880 0.70367 0.53367 0.69991 0.54298 0.70167 0.55088 0.71856 0.58146 0.75222 0.58266 0.75695 0.57537 0.75837 0.54843 0.75150 0.53425 0.74618 0.53182 0.73894 0.50408 0.74918 0.49536 0.76221 0.47530 0.76619 0.44087 0.76267 0.42507 0.74970 0.40259 0.73239 0.40098 0.72332 0.40787
6 0.97497 1.00000 0.97686 0.96406 0.95860 0.94029 0.95095 0.92024 0.94858 0.92389 0.93837 0.91133 0.93346 0.90121 0.93799 0.89776 0.93721 0.89189 0.93052 0.89513 0.92226 0.88663 0.92050 0.87873 0.90812 0.86597 0.88003 0.82082 0.87374 0.81636 0.86196 0.79206 0.81128 0.72159 0.80755 0.70964 0.80126 0.70519 0.78123 0.67238 0.77690 0.67198 0.75883 0.64323 0.73623 0.61791 0.72249 0.58956 0.71207 0.58086 0.68615 0.53590 0.67376 0.52314 0.67102 0.51322 0.67440 0.49033 0.66516 0.47980 0.65650 0.47900 0.65413 0.48264 0.65001 0.47839 0.63918 0.47738 0.63682 0.48103 0.56970 0.47478 0.56734 0.47843 0.55651 0.47742 0.55455 0.47337 0.55002 0.47681 0.48291 0.47056 0.48054 0.47421 0.46559 0.46895 0.46322 0.47260 0.44374 0.47078 0.43704 0.47402 0.40881 0.53521 0.40841 0.54291 0.40348 0.55405 0.39421 0.56479 0.38177 0.59457 0.35573 0.63468 0.34823 0.65332 0.33639 0.67156 0.31902 0.71248 0.27817 0.78603 0.26337 0.81945 0.25153 0.83769 0.24876 0.84904 0.23456 0.87091 0.22942 0.88591 0.19094 0.95580 0.18387 0.97177 0.48689 1.00000 0.97497 1.00000
6 0.66141 0.48912 0.66121 0.49297 0.68006 0.52760 0.69264 0.53651 0.70032 0.53529 0.70583 0.53387 0.71391 0.52495 0.71432 0.51725 0.72122 0.51016 0.72064 0.50044 0.70609 0.48748 0.68661 0.48567 0.68424 0.48932 0.67795 0.48486 0.66889 0.49175 0.66692 0.48770 0.66141 0.48912
6 1.00000 0.50326 0.99462 0.50276 0.99226 0.50640 0.97730 0.50114 0.97494 0.50479 0.96195 0.50358 0.95958 0.50723 0.78403 0.49474 0.78166 0.49839 0.75135 0.49557 0.74682 0.49901 0.74307 0.50833 0.74679 0.52028 0.74639 0.52798 0.75975 0.54276 0.77707 0.54437 0.77944 0.54072 0.87685 0.54980 0.87922 0.54615 0.88335 0.55040 0.88788 0.54696 0.96149 0.55381 0.96974 0.56232 0.97309 0.56070 0.99795 0.56239 1.00000 0.52326 1.00000 0.50326
6 0.00000 0.49909 0.00064 0.49912 0.00301 0.49548 0.05496 0.50032 0.05733 0.49667 0.06579 0.50132 0.06815 0.49768 0.13330 0.49988 0.13567 0.49623 0.19195 0.50147 0.19432 0.49782 0.20514 0.49884 0.20870 0.49336 0.20930 0.48182 0.21424 0.47068 0.21464 0.46298 0.15954 0.45591 0.15717 0.45956 0.15521 0.45551 0.15284 0.45916 0.11387 0.45553 0.11151 0.45917 0.00133 0.45146 0.00000 0.47674 0.00000 0.49909
7 0.40001 0.49571 0.40238 0.49207 0.39886 0.47627 0.40575 0.46918 0.40945 0.35736 0.39331 0.35393 0.38870 0.42118 0.39066 0.42523 0.38823 0.47141 0.39020 0.47546 0.38939 0.49086 0.39233 0.49693 0.40001 0.49571
7 0.41242 0.34217 0.40959 0.39605 0.41155 0.40010 0.41014 0.42704 0.41623 0.43535 0.41150 0.44264 0.41028 0.46573 0.42977 0.46755 0.43667 0.46045 0.43748 0.44506 0.43650 0.44304 0.43393 0.45053 0.42726 0.43250 0.42983 0.42501 0.43084 0.40577 0.42887 0.40171 0.43170 0.34784 0.42896 0.33791 0.41597 0.33670 0.41242 0.34217
4 0.72332 0.40787 0.71504 0.42064 0.70990 0.43563 0.70849 0.46257 0.71573 0.49032 0.72399 0.49882 0.72318 0.51421 0.71767 0.51563 0.71411 0.52111 0.71371 0.52880 0.70367 0.53367 0.69991 0.54298 0.70167 0.55088 0.71856 0.58146 0.75222 0.58266 0.75695 0.57537 0.75837 0.54843 0.75150 0.53425 0.74618 0.53182 0.73894 0.50408 0.74918 0.49536 0.76221 0.47530 0.76619 0.44087 0.76267 0.42507 0.74970 0.40259 0.73239 0.40098 0.72332 0.40787
6 0.97497 1.00000 0.97686 0.96406 0.95860 0.94029 0.95095 0.92024 0.94858 0.92389 0.93837 0.91133 0.93346 0.90121 0.93799 0.89776 0.93721 0.89189 0.93052 0.89513 0.92226 0.88663 0.92050 0.87873 0.90812 0.86597 0.88003 0.82082 0.87374 0.81636 0.86196 0.79206 0.81128 0.72159 0.80755 0.70964 0.80126 0.70519 0.78123 0.67238 0.77690 0.67198 0.75883 0.64323 0.73623 0.61791 0.72249 0.58956 0.71207 0.58086 0.68615 0.53590 0.67376 0.52314 0.67102 0.51322 0.67440 0.49033 0.66516 0.47980 0.65650 0.47900 0.65413 0.48264 0.65001 0.47839 0.63918 0.47738 0.63682 0.48103 0.56970 0.47478 0.56734 0.47843 0.55651 0.47742 0.55455 0.47337 0.55002 0.47681 0.48291 0.47056 0.48054 0.47421 0.46559 0.46895 0.46322 0.47260 0.44374 0.47078 0.43704 0.47402 0.40881 0.53521 0.40841 0.54291 0.40348 0.55405 0.39421 0.56479 0.38177 0.59457 0.35573 0.63468 0.34823 0.65332 0.33639 0.67156 0.31902 0.71248 0.27817 0.78603 0.26337 0.81945 0.25153 0.83769 0.24876 0.84904 0.23456 0.87091 0.22942 0.88591 0.19094 0.95580 0.18387 0.97177 0.48689 1.00000 0.97497 1.00000
6 0.66141 0.48912 0.66121 0.49297 0.68006 0.52760 0.69264 0.53651 0.70032 0.53529 0.70583 0.53387 0.71391 0.52495 0.71432 0.51725 0.72122 0.51016 0.72064 0.50044 0.70609 0.48748 0.68661 0.48567 0.68424 0.48932 0.67795 0.48486 0.66889 0.49175 0.66692 0.48770 0.66141 0.48912
6 1.00000 0.50326 0.99462 0.50276 0.99226 0.50640 0.97730 0.50114 0.97494 0.50479 0.96195 0.50358 0.95958 0.50723 0.78403 0.49474 0.78166 0.49839 0.75135 0.49557 0.74682 0.49901 0.74307 0.50833 0.74679 0.52028 0.74639 0.52798 0.75975 0.54276 0.77707 0.54437 0.77944 0.54072 0.87685 0.54980 0.87922 0.54615 0.88335 0.55040 0.88788 0.54696 0.96149 0.55381 0.96974 0.56232 0.97309 0.56070 0.99795 0.56239 1.00000 0.52326 1.00000 0.50326
6 0.00000 0.49909 0.00064 0.49912 0.00301 0.49548 0.05496 0.50032 0.05733 0.49667 0.06579 0.50132 0.06815 0.49768 0.13330 0.49988 0.13567 0.49623 0.19195 0.50147 0.19432 0.49782 0.20514 0.49884 0.20870 0.49336 0.20930 0.48182 0.21424 0.47068 0.21464 0.46298 0.15954 0.45591 0.15717 0.45956 0.15521 0.45551 0.15284 0.45916 0.11387 0.45553 0.11151 0.45917 0.00133 0.45146 0.00000 0.47674 0.00000 0.49909
7 0.40001 0.49571 0.40238 0.49207 0.39886 0.47627 0.40575 0.46918 0.40945 0.35736 0.39331 0.35393 0.38870 0.42118 0.39066 0.42523 0.38823 0.47141 0.39020 0.47546 0.38939 0.49086 0.39233 0.49693 0.40001 0.49571
7 0.41242 0.34217 0.40959 0.39605 0.41155 0.40010 0.41014 0.42704 0.41623 0.43535 0.41150 0.44264 0.41028 0.46573 0.42977 0.46755 0.43667 0.46045 0.43748 0.44506 0.43650 0.44304 0.43393 0.45053 0.42726 0.43250 0.42983 0.42501 0.43084 0.40577 0.42887 0.40171 0.43170 0.34784 0.42896 0.33791 0.41597 0.33670 0.41242 0.34217
4 0.72332 0.40787 0.71504 0.42064 0.70990 0.43563 0.70849 0.46257 0.71573 0.49032 0.72399 0.49882 0.72318 0.51421 0.71767 0.51563 0.71411 0.52111 0.71371 0.52880 0.70367 0.53367 0.69991 0.54298 0.70167 0.55088 0.71856 0.58146 0.75222 0.58266 0.75695 0.57537 0.75837 0.54843 0.75150 0.53425 0.74618 0.53182 0.73894 0.50408 0.74918 0.49536 0.76221 0.47530 0.76619 0.44087 0.76267 0.42507 0.74970 0.40259 0.73239 0.40098 0.72332 0.40787
