6 0.53787 0.78042 0.53406 0.77531 0.53146 0.78162 0.53787 0.78042
5 1.00000 0.45929 0.99292 0.44691 0.98230 0.43920 0.97589 0.44040 0.97416 0.44460 0.94211 0.45060 0.93610 0.45561 0.92562 0.49055 0.89960 0.55362 0.89866 0.56543 0.90375 0.63432 0.90202 0.63853 0.90603 0.67657 0.91405 0.69059 0.94156 0.72424 0.95760 0.75228 0.95413 0.76069 0.96055 0.82157 0.95621 0.83208 0.93952 0.83909 0.93378 0.86732 0.93124 0.86391 0.92270 0.86552 0.92096 0.86972 0.90601 0.87252 0.90040 0.88133 0.89185 0.88293 0.87783 0.87391 0.87563 0.88403 0.87924 0.91827 0.89261 0.93141 1.00000 0.91131 1.00000 0.80917 0.99821 0.80676 0.99700 0.79534 0.99874 0.79114 0.99540 0.78012 0.99178 0.74588 0.99438 0.73957 1.00000 0.73852 1.00000 0.45929
6 0.52625 1.00000 0.87946 0.93388 0.87277 0.92918 0.81640 0.86989 0.79342 0.85868 0.75522 0.82703 0.71569 0.80339 0.71061 0.79658 0.70634 0.79738 0.66814 0.76573 0.62139 0.73568 0.60189 0.71605 0.59762 0.71685 0.59254 0.71004 0.52629 0.66037 0.51614 0.64675 0.47954 0.63032 0.44669 0.62871 0.44415 0.62530 0.43347 0.62730 0.43093 0.62390 0.42025 0.62590 0.41771 0.62249 0.40489 0.62489 0.40235 0.62149 0.37030 0.62749 0.36776 0.62408 0.31394 0.63028 0.31141 0.62687 0.09387 0.67148 0.09213 0.67568 0.06649 0.68048 0.06476 0.68469 0.01555 0.69390 0.02397 0.77380 0.02618 0.77339 0.02792 0.76918 0.07706 0.75998 0.07960 0.76339 0.09028 0.76139 0.09623 0.76609 0.09743 0.77751 0.09262 0.79393 0.03929 0.91900 0.04784 1.00000 0.52625 1.00000
6 0.53787 0.78042 0.53406 0.77531 0.53146 0.78162 0.53787 0.78042
5 1.00000 0.45929 0.99292 0.44691 0.98230 0.43920 0.97589 0.44040 0.97416 0.44460 0.94211 0.45060 0.93610 0.45561 0.92562 0.49055 0.89960 0.55362 0.89866 0.56543 0.90375 0.63432 0.90202 0.63853 0.90603 0.67657 0.91405 0.69059 0.94156 0.72424 0.95760 0.75228 0.95413 0.76069 0.96055 0.82157 0.95621 0.83208 0.93952 0.83909 0.93378 0.86732 0.93124 0.86391 0.92270 0.86552 0.92096 0.86972 0.90601 0.87252 0.90040 0.88133 0.89185 0.88293 0.87783 0.87391 0.87563 0.88403 0.87924 0.91827 0.89261 0.93141 1.00000 0.91131 1.00000 0.80917 0.99821 0.80676 0.99700 0.79534 0.99874 0.79114 0.99540 0.78012 0.99178 0.74588 0.99438 0.73957 1.00000 0.73852 1.00000 0.45929
6 0.52625 1.00000 0.87946 0.93388 0.87277 0.92918 0.81640 0.86989 0.79342 0.85868 0.75522 0.82703 0.71569 0.80339 0.71061 0.79658 0.70634 0.79738 0.66814 0.76573 0.62139 0.73568 0.60189 0.71605 0.59762 0.71685 0.59254 0.71004 0.52629 0.66037 0.51614 0.64675 0.47954 0.63032 0.44669 0.62871 0.44415 0.62530 0.43347 0.62730 0.43093 0.62390 0.42025 0.62590 0.41771 0.62249 0.40489 0.62489 0.40235 0.62149 0.37030 0.62749 0.36776 0.62408 0.31394 0.63028 0.31141 0.62687 0.09387 0.67148 0.09213 0.67568 0.06649 0.68048 0.06476 0.68469 0.01555 0.69390 0.02397 0.77380 0.02618 0.77339 0.02792 0.76918 0.07706 0.75998 0.07960 0.76339 0.09028 0.76139 0.09623 0.76609 0.09743 0.77751 0.09262 0.79393 0.03929 0.91900 0.04784 1.00000 0.52625 1.00000
6 0.53787 0.78042 0.53406 0.77531 0.53146 0.78162 0.53787 0.78042
5 1.00000 0.45929 0.99292 0.44691 0.98230 0.43920 0.97589 0.44040 0.97416 0.44460 0.94211 0.45060 0.93610 0.45561 0.92562 0.49055 0.89960 0.55362 0.89866 0.56543 0.90375 0.63432 0.90202 0.63853 0.90603 0.67657 0.91405 0.69059 0.94156 0.72424 0.95760 0.75228 0.95413 0.76069 0.96055 0.82157 0.95621 0.83208 0.93952 0.83909 0.93378 0.86732 0.93124 0.86391 0.92270 0.86552 0.92096 0.86972 0.90601 0.87252 0.90040 0.88133 0.89185 0.88293 0.87783 0.87391 0.87563 0.88403 0.87924 0.91827 0.89261 0.93141 1.00000 0.91131 1.00000 0.80917 0.99821 0.80676 0.99700 0.79534 0.99874 0.79114 0.99540 0.78012 0.99178 0.74588 0.99438 0.73957 1.00000 0.73852 1.00000 0.45929
6 0.52625 1.00000 0.87946 0.93388 0.87277 0.92918 0.81640 0.86989 0.79342 0.85868 0.75522 0.82703 0.71569 0.80339 0.71061 0.79658 0.70634 0.79738 0.66814 0.76573 0.62139 0.73568 0.60189 0.71605 0.59762 0.71685 0.59254 0.71004 0.52629 0.66037 0.51614 0.64675 0.47954 0.63032 0.44669 0.62871 0.44415 0.62530 0.43347 0.62730 0.43093 0.62390 0.42025 0.62590 0.41771 0.62249 0.40489 0.62489 0.40235 0.62149 0.37030 0.62749 0.36776 0.62408 0.31394 0.63028 0.31141 0.62687 0.09387 0.67148 0.09213 0.67568 0.06649 0.68048 0.06476 0.68469 0.01555 0.69390 0.02397 0.77380 0.02618 0.77339 0.02792 0.76918 0.07706 0.75998 0.07960 0.76339 0.09028 0.76139 0.09623 0.76609 0.09743 0.77751 0.09262 0.79393 0.03929 0.91900 0.04784 1.00000 0.52625 1.00000
6 0.53787 0.78042 0.53406 0.77531 0.53146 0.78162 0.53787 0.78042
5 1.00000 0.45929 0.99292 0.44691 0.98230 0.43920 0.97589 0.44040 0.97416 0.44460 0.94211 0.45060 0.93610 0.45561 0.92562 0.49055 0.89960 0.55362 0.89866 0.56543 0.90375 0.63432 0.90202 0.63853 0.90603 0.67657 0.91405 0.69059 0.94156 0.72424 0.95760 0.75228 0.95413 0.76069 0.96055 0.82157 0.95621 0.83208 0.93952 0.83909 0.93378 0.86732 0.93124 0.86391 0.92270 0.86552 0.92096 0.86972 0.90601 0.87252 0.90040 0.88133 0.89185 0.88293 0.87783 0.87391 0.87563 0.88403 0.87924 0.91827 0.89261 0.93141 1.00000 0.91131 1.00000 0.80917 0.99821 0.80676 0.99700 0.79534 0.99874 0.79114 0.99540 0.78012 0.99178 0.74588 0.99438 0.73957 1.00000 0.73852 1.00000 0.45929
6 0.52625 1.00000 0.87946 0.93388 0.87277 0.92918 0.81640 0.86989 0.79342 0.85868 0.75522 0.82703 0.71569 0.80339 0.71061 0.79658 0.70634 0.79738 0.66814 0.76573 0.62139 0.73568 0.60189 0.71605 0.59762 0.71685 0.59254 0.71004 0.52629 0.66037 0.51614 0.64675 0.47954 0.63032 0.44669 0.62871 0.44415 0.62530 0.43347 0.62730 0.43093 0.62390 0.42025 0.62590 0.41771 0.62249 0.40489 0.62489 0.40235 0.62149 0.37030 0.62749 0.36776 0.62408 0.31394 0.63028 0.31141 0.62687 0.09387 0.67148 0.09213 0.67568 0.06649 0.68048 0.06476 0.68469 0.01555 0.69390 0.02397 0.77380 0.02618 0.77339 0.02792 0.76918 0.07706 0.75998 0.07960 0.76339 0.09028 0.76139 0.09623 0.76609 0.09743 0.77751 0.09262 0.79393 0.03929 0.91900 0.04784 1.00000 0.52625 1.00000
6 0.53787 0.78042 0.53406 0.77531 0.53146 0.78162 0.53787 0.78042
5 1.00000 0.45929 0.99292 0.44691 0.98230 0.43920 0.97589 0.44040 0.97416 0.44460 0.94211 0.45060 0.93610 0.45561 0.92562 0.49055 0.89960 0.55362 0.89866 0.56543 0.90375 0.63432 0.90202 0.63853 0.90603 0.67657 0.91405 0.69059 0.94156 0.72424 0.95760 0.75228 0.95413 0.76069 0.96055 0.82157 0.95621 0.83208 0.93952 0.83909 0.93378 0.86732 0.93124 0.86391 0.92270 0.86552 0.92096 0.86972 0.90601 0.87252 0.90040 0.88133 0.89185 0.88293 0.87783 0.87391 0.87563 0.88403 0.87924 0.91827 0.89261 0.93141 1.00000 0.91131 1.00000 0.80917 0.99821 0.80676 0.99700 0.79534 0.99874 0.79114 0.99540 0.78012 0.99178 0.74588 0.99438 0.73957 1.00000 0.73852 1.00000 0.45929
6 0.52625 1.00000 0.87946 0.93388 0.87277 0.92918 0.81640 0.86989 0.79342 0.85868 0.75522 0.82703 0.71569 0.80339 0.71061 0.79658 0.70634 0.79738 0.66814 0.76573 0.62139 0.73568 0.60189 0.71605 0.59762 0.71685 0.59254 0.71004 0.52629 0.66037 0.51614 0.64675 0.47954 0.63032 0.44669 0.62871 0.44415 0.62530 0.43347 0.62730 0.43093 0.62390 0.42025 0.62590 0.41771 0.62249 0.40489 0.62489 0.40235 0.62149 0.37030 0.62749 0.36776 0.62408 0.31394 0.63028 0.31141 0.62687 0.09387 0.67148 0.09213 0.67568 0.06649 0.68048 0.06476 0.68469 0.01555 0.69390 0.02397 0.77380 0.02618 0.77339 0.02792 0.76918 0.07706 0.75998 0.07960 0.76339 0.09028 0.76139 0.09623 0.76609 0.09743 0.77751 0.09262 0.79393 0.03929 0.91900 0.04784 1.00000 0.52625 1.00000
6 0.53787 0.78042 0.53406 0.77531 0.53146 0.78162 0.53787 0.78042
5 1.00000 0.45929 0.99292 0.44691 0.98230 0.43920 0.97589 0.44040 0.97416 0.44460 0.94211 0.45060 0.93610 0.45561 0.92562 0.49055 0.89960 0.55362 0.89866 0.56543 0.90375 0.63432 0.90202 0.63853 0.90603 0.67657 0.91405 0.69059 0.94156 0.72424 0.95760 0.75228 0.95413 0.76069 0.96055 0.82157 0.95621 0.83208 0.93952 0.83909 0.93378 0.86732 0.93124 0.86391 0.92270 0.86552 0.92096 0.86972 0.90601 0.87252 0.90040 0.88133 0.89185 0.88293 0.87783 0.87391 0.87563 0.88403 0.87924 0.91827 0.89261 0.93141 1.00000 0.91131 1.00000 0.80917 0.99821 0.80676 0.99700 0.79534 0.99874 0.79114 0.99540 0.78012 0.99178 0.74588 0.99438 0.73957 1.00000 0.73852 1.00000 0.45929
6 0.52625 1.00000 0.87946 0.93388 0.87277 0.92918 0.81640 0.86989 0.79342 0.85868 0.75522 0.82703 0.71569 0.80339 0.71061 0.79658 0.70634 0.79738 0.66814 0.76573 0.62139 0.73568 0.60189 0.71605 0.59762 0.71685 0.59254 0.71004 0.52629 0.66037 0.51614 0.64675 0.47954 0.63032 0.44669 0.62871 0.44415 0.62530 0.43347 0.62730 0.43093 0.62390 0.42025 0.62590 0.41771 0.62249 0.40489 0.62489 0.40235 0.62149 0.37030 0.62749 0.36776 0.62408 0.31394 0.63028 0.31141 0.62687 0.09387 0.67148 0.09213 0.67568 0.06649 0.68048 0.06476 0.68469 0.01555 0.69390 0.02397 0.77380 0.02618 0.77339 0.02792 0.76918 0.07706 0.75998 0.07960 0.76339 0.09028 0.76139 0.09623 0.76609 0.09743 0.77751 0.09262 0.79393 0.03929 0.91900 0.04784 1.00000 0.52625 1.00000
