5 0.04785 0.06945 0.05273 0.05729 0.05273 0.03993 0.04687 0.00173 0.02637 0.00000 0.02539 0.01910 0.02930 0.04688 0.04004 0.06945 0.04785 0.06945
6 1.00000 0.57118 0.97713 0.51534 0.82910 0.22222 0.79590 0.18750 0.75475 0.15471 0.70138 0.12925 0.63889 0.11073 0.57771 0.09916 0.46705 0.09221 0.31214 0.11073 0.00000 0.14314 0.00000 0.16840 0.00000 0.28387 0.32362 0.26073 0.34315 0.28850 0.03592 1.00000 1.00000 0.99827 1.00000 0.57118
5 0.04785 0.06945 0.05273 0.05729 0.05273 0.03993 0.04687 0.00173 0.02637 0.00000 0.02539 0.01910 0.02930 0.04688 0.04004 0.06945 0.04785 0.06945
6 1.00000 0.57118 0.97713 0.51534 0.82910 0.22222 0.79590 0.18750 0.75475 0.15471 0.70138 0.12925 0.63889 0.11073 0.57771 0.09916 0.46705 0.09221 0.31214 0.11073 0.00000 0.14314 0.00000 0.16840 0.00000 0.28387 0.32362 0.26073 0.34315 0.28850 0.03592 1.00000 1.00000 0.99827 1.00000 0.57118
5 0.04785 0.06945 0.05273 0.05729 0.05273 0.03993 0.04687 0.00173 0.02637 0.00000 0.02539 0.01910 0.02930 0.04688 0.04004 0.06945 0.04785 0.06945
6 1.00000 0.57118 0.97713 0.51534 0.82910 0.22222 0.79590 0.18750 0.75475 0.15471 0.70138 0.12925 0.63889 0.11073 0.57771 0.09916 0.46705 0.09221 0.31214 0.11073 0.00000 0.14314 0.00000 0.16840 0.00000 0.28387 0.32362 0.26073 0.34315 0.28850 0.03592 1.00000 1.00000 0.99827 1.00000 0.57118
5 0.04785 0.06945 0.05273 0.05729 0.05273 0.03993 0.04687 0.00173 0.02637 0.00000 0.02539 0.01910 0.02930 0.04688 0.04004 0.06945 0.04785 0.06945
6 1.00000 0.57118 0.97713 0.51534 0.82910 0.22222 0.79590 0.18750 0.75475 0.15471 0.70138 0.12925 0.63889 0.11073 0.57771 0.09916 0.46705 0.09221 0.31214 0.11073 0.00000 0.14314 0.00000 0.16840 0.00000 0.28387 0.32362 0.26073 0.34315 0.28850 0.03592 1.00000 1.00000 0.99827 1.00000 0.57118
5 0.04785 0.06945 0.05273 0.05729 0.05273 0.03993 0.04687 0.00173 0.02637 0.00000 0.02539 0.01910 0.02930 0.04688 0.04004 0.06945 0.04785 0.06945
6 1.00000 0.57118 0.97713 0.51534 0.82910 0.22222 0.79590 0.18750 0.75475 0.15471 0.70138 0.12925 0.63889 0.11073 0.57771 0.09916 0.46705 0.09221 0.31214 0.11073 0.00000 0.14314 0.00000 0.16840 0.00000 0.28387 0.32362 0.26073 0.34315 0.28850 0.03592 1.00000 1.00000 0.99827 1.00000 0.57118
5 0.04785 0.06945 0.05273 0.05729 0.05273 0.03993 0.04687 0.00173 0.02637 0.00000 0.02539 0.01910 0.02930 0.04688 0.04004 0.06945 0.04785 0.06945
6 1.00000 0.57118 0.97713 0.51534 0.82910 0.22222 0.79590 0.18750 0.75475 0.15471 0.70138 0.12925 0.63889 0.11073 0.57771 0.09916 0.46705 0.09221 0.31214 0.11073 0.00000 0.14314 0.00000 0.16840 0.00000 0.28387 0.32362 0.26073 0.34315 0.28850 0.03592 1.00000 1.00000 0.99827 1.00000 0.57118
