2 1.00000 0.55497 0.98784 0.55497 0.98582 0.55139 0.98380 0.55497 0.87896 0.55855 0.87392 0.56393 0.87392 0.58545 0.89005 0.62488 0.91021 0.69300 0.91021 0.70017 0.92836 0.75036 0.93038 0.76111 0.93239 0.83640 0.92937 0.84178 0.91122 0.84536 0.90719 0.87404 0.90114 0.87404 0.89913 0.87046 0.89711 0.87404 0.87090 0.87404 0.86788 0.87942 0.86989 0.90093 0.87493 0.90989 0.88905 0.92065 0.91122 0.94933 0.93743 0.95291 0.93945 0.95650 0.94852 0.95471 1.00000 0.94839 1.00000 0.87914 0.99691 0.87584 0.99288 0.85432 0.98582 0.84178 0.97776 0.83461 0.96969 0.83461 0.96465 0.82564 0.96465 0.81130 0.96263 0.80772 0.96465 0.77545 0.97272 0.75395 0.97272 0.74677 0.99489 0.67149 0.99489 0.66432 1.00000 0.64312 1.00000 0.55497
6 0.94504 1.00000 0.66559 0.55019 0.58360 0.49044 0.50296 0.45459 0.41156 0.43786 0.28521 0.42591 0.13065 0.42352 0.09301 0.53585 0.20188 0.54541 0.23683 0.54302 0.25833 0.55258 0.26371 0.57170 0.25699 0.59082 0.23145 0.64579 0.09690 1.00000 0.94504 1.00000
2 1.00000 0.55497 0.98784 0.55497 0.98582 0.55139 0.98380 0.55497 0.87896 0.55855 0.87392 0.56393 0.87392 0.58545 0.89005 0.62488 0.91021 0.69300 0.91021 0.70017 0.92836 0.75036 0.93038 0.76111 0.93239 0.83640 0.92937 0.84178 0.91122 0.84536 0.90719 0.87404 0.90114 0.87404 0.89913 0.87046 0.89711 0.87404 0.87090 0.87404 0.86788 0.87942 0.86989 0.90093 0.87493 0.90989 0.88905 0.92065 0.91122 0.94933 0.93743 0.95291 0.93945 0.95650 0.94852 0.95471 1.00000 0.94839 1.00000 0.87914 0.99691 0.87584 0.99288 0.85432 0.98582 0.84178 0.97776 0.83461 0.96969 0.83461 0.96465 0.82564 0.96465 0.81130 0.96263 0.80772 0.96465 0.77545 0.97272 0.75395 0.97272 0.74677 0.99489 0.67149 0.99489 0.66432 1.00000 0.64312 1.00000 0.55497
6 0.94504 1.00000 0.66559 0.55019 0.58360 0.49044 0.50296 0.45459 0.41156 0.43786 0.28521 0.42591 0.13065 0.42352 0.09301 0.53585 0.20188 0.54541 0.23683 0.54302 0.25833 0.55258 0.26371 0.57170 0.25699 0.59082 0.23145 0.64579 0.09690 1.00000 0.94504 1.00000
2 1.00000 0.55497 0.98784 0.55497 0.98582 0.55139 0.98380 0.55497 0.87896 0.55855 0.87392 0.56393 0.87392 0.58545 0.89005 0.62488 0.91021 0.69300 0.91021 0.70017 0.92836 0.75036 0.93038 0.76111 0.93239 0.83640 0.92937 0.84178 0.91122 0.84536 0.90719 0.87404 0.90114 0.87404 0.89913 0.87046 0.89711 0.87404 0.87090 0.87404 0.86788 0.87942 0.86989 0.90093 0.87493 0.90989 0.88905 0.92065 0.91122 0.94933 0.93743 0.95291 0.93945 0.95650 0.94852 0.95471 1.00000 0.94839 1.00000 0.87914 0.99691 0.87584 0.99288 0.85432 0.98582 0.84178 0.97776 0.83461 0.96969 0.83461 0.96465 0.82564 0.96465 0.81130 0.96263 0.80772 0.96465 0.77545 0.97272 0.75395 0.97272 0.74677 0.99489 0.67149 0.99489 0.66432 1.00000 0.64312 1.00000 0.55497
6 0.94504 1.00000 0.66559 0.55019 0.58360 0.49044 0.50296 0.45459 0.41156 0.43786 0.28521 0.42591 0.13065 0.42352 0.09301 0.53585 0.20188 0.54541 0.23683 0.54302 0.25833 0.55258 0.26371 0.57170 0.25699 0.59082 0.23145 0.64579 0.09690 1.00000 0.94504 1.00000
2 1.00000 0.55497 0.98784 0.55497 0.98582 0.55139 0.98380 0.55497 0.87896 0.55855 0.87392 0.56393 0.87392 0.58545 0.89005 0.62488 0.91021 0.69300 0.91021 0.70017 0.92836 0.75036 0.93038 0.76111 0.93239 0.83640 0.92937 0.84178 0.91122 0.84536 0.90719 0.87404 0.90114 0.87404 0.89913 0.87046 0.89711 0.87404 0.87090 0.87404 0.86788 0.87942 0.86989 0.90093 0.87493 0.90989 0.88905 0.92065 0.91122 0.94933 0.93743 0.95291 0.93945 0.95650 0.94852 0.95471 1.00000 0.94839 1.00000 0.87914 0.99691 0.87584 0.99288 0.85432 0.98582 0.84178 0.97776 0.83461 0.96969 0.83461 0.96465 0.82564 0.96465 0.81130 0.96263 0.80772 0.96465 0.77545 0.97272 0.75395 0.97272 0.74677 0.99489 0.67149 0.99489 0.66432 1.00000 0.64312 1.00000 0.55497
6 0.94504 1.00000 0.66559 0.55019 0.58360 0.49044 0.50296 0.45459 0.41156 0.43786 0.28521 0.42591 0.13065 0.42352 0.09301 0.53585 0.20188 0.54541 0.23683 0.54302 0.25833 0.55258 0.26371 0.57170 0.25699 0.59082 0.23145 0.64579 0.09690 1.00000 0.94504 1.00000
2 1.00000 0.55497 0.98784 0.55497 0.98582 0.55139 0.98380 0.55497 0.87896 0.55855 0.87392 0.56393 0.87392 0.58545 0.89005 0.62488 0.91021 0.69300 0.91021 0.70017 0.92836 0.75036 0.93038 0.76111 0.93239 0.83640 0.92937 0.84178 0.91122 0.84536 0.90719 0.87404 0.90114 0.87404 0.89913 0.87046 0.89711 0.87404 0.87090 0.87404 0.86788 0.87942 0.86989 0.90093 0.87493 0.90989 0.88905 0.92065 0.91122 0.94933 0.93743 0.95291 0.93945 0.95650 0.94852 0.95471 1.00000 0.94839 1.00000 0.87914 0.99691 0.87584 0.99288 0.85432 0.98582 0.84178 0.97776 0.83461 0.96969 0.83461 0.96465 0.82564 0.96465 0.81130 0.96263 0.80772 0.96465 0.77545 0.97272 0.75395 0.97272 0.74677 0.99489 0.67149 0.99489 0.66432 1.00000 0.64312 1.00000 0.55497
6 0.94504 1.00000 0.66559 0.55019 0.58360 0.49044 0.50296 0.45459 0.41156 0.43786 0.28521 0.42591 0.13065 0.42352 0.09301 0.53585 0.20188 0.54541 0.23683 0.54302 0.25833 0.55258 0.26371 0.57170 0.25699 0.59082 0.23145 0.64579 0.09690 1.00000 0.94504 1.00000
