6 0.97497 1.00000 0.97951 0.91363 0.91531 0.84252 0.57938 0.54286 0.01418 0.20658 0.00000 0.47674 0.00000 0.95465 0.48689 1.00000 0.97497 1.00000
1 0.02503 0.00000 0.02007 0.09441 0.04033 0.04179 0.04549 0.02358 0.04673 0.00000 0.02503 0.00000
1 0.01555 0.18062 0.06221 0.17295 0.06020 0.13918 0.03550 0.13687 0.03257 0.10014 0.01952 0.10480 0.01555 0.18062
6 0.97497 1.00000 0.97951 0.91363 0.91531 0.84252 0.57938 0.54286 0.01418 0.20658 0.00000 0.47674 0.00000 0.95465 0.48689 1.00000 0.97497 1.00000
1 0.02503 0.00000 0.02007 0.09441 0.04033 0.04179 0.04549 0.02358 0.04673 0.00000 0.02503 0.00000
1 0.01555 0.18062 0.06221 0.17295 0.06020 0.13918 0.03550 0.13687 0.03257 0.10014 0.01952 0.10480 0.01555 0.18062
6 0.97497 1.00000 0.97951 0.91363 0.91531 0.84252 0.57938 0.54286 0.01418 0.20658 0.00000 0.47674 0.00000 0.95465 0.48689 1.00000 0.97497 1.00000
1 0.02503 0.00000 0.02007 0.09441 0.04033 0.04179 0.04549 0.02358 0.04673 0.00000 0.02503 0.00000
1 0.01555 0.18062 0.06221 0.17295 0.06020 0.13918 0.03550 0.13687 0.03257 0.10014 0.01952 0.10480 0.01555 0.18062
6 0.97497 1.00000 0.97951 0.91363 0.91531 0.84252 0.57938 0.54286 0.01418 0.20658 0.00000 0.47674 0.00000 0.95465 0.48689 1.00000 0.97497 1.00000
1 0.02503 0.00000 0.02007 0.09441 0.04033 0.04179 0.04549 0.02358 0.04673 0.00000 0.02503 0.00000
1 0.01555 0.18062 0.06221 0.17295 0.06020 0.13918 0.03550 0.13687 0.03257 0.10014 0.01952 0.10480 0.01555 0.18062
6 0.97497 1.00000 0.97951 0.91363 0.91531 0.84252 0.57938 0.54286 0.01418 0.20658 0.00000 0.47674 0.00000 0.95465 0.48689 1.00000 0.97497 1.00000
1 0.02503 0.00000 0.02007 0.09441 0.04033 0.04179 0.04549 0.02358 0.04673 0.00000 0.02503 0.00000
1 0.01555 0.18062 0.06221 0.17295 0.06020 0.13918 0.03550 0.13687 0.03257 0.10014 0.01952 0.10480 0.01555 0.18062
6 0.97497 1.00000 0.97951 0.91363 0.91531 0.84252 0.57938 0.54286 0.01418 0.20658 0.00000 0.47674 0.00000 0.95465 0.48689 1.00000 0.97497 1.00000
1 0.02503 0.00000 0.02007 0.09441 0.04033 0.04179 0.04549 0.02358 0.04673 0.00000 0.02503 0.00000
1 0.01555 0.18062 0.06221 0.17295 0.06020 0.13918 0.03550 0.13687 0.03257 0.10014 0.01952 0.10480 0.01555 0.18062
