6 0.99352 1.00000 0.99617 0.79831 0.71532 0.46798 0.52780 0.23522 0.46920 0.16895 0.38584 0.13575 0.23869 0.12271 0.12101 0.12959 0.00463 0.14067 0.00348 0.22822 0.04965 0.21208 0.12949 0.20432 0.15366 0.21691 0.15340 0.23613 0.00000 0.90172 0.00000 0.98845 0.49672 1.00000 0.99352 1.00000
2 0.63223 0.25869 0.63233 0.25148 0.62936 0.24600 0.62126 0.24581 0.61640 0.22947 0.61659 0.21505 0.62724 0.17563 0.62734 0.16841 0.63365 0.15053 0.63601 0.12534 0.64025 0.11102 0.64044 0.09659 0.64252 0.09304 0.64058 0.08578 0.63559 0.08025 0.60919 0.08325 0.60712 0.08680 0.59091 0.08643 0.58883 0.08998 0.57465 0.08965 0.56541 0.09845 0.56526 0.10927 0.57709 0.13479 0.58869 0.17834 0.59854 0.20020 0.60028 0.22188 0.60226 0.22553 0.60193 0.25077 0.59170 0.25774 0.58958 0.26491 0.59142 0.27937 0.58831 0.28471 0.57817 0.28448 0.57407 0.28799 0.57091 0.29693 0.58388 0.31346 0.58793 0.31355 0.59792 0.32461 0.60099 0.32288 0.60622 0.31038 0.62856 0.30729 0.63879 0.30031 0.64684 0.30411 0.65278 0.31506 0.65585 0.31333 0.65609 0.29530 0.65816 0.29175 0.65632 0.27728 0.64930 0.27171 0.63714 0.27142 0.63223 0.25869
6 0.99352 1.00000 0.99617 0.79831 0.71532 0.46798 0.52780 0.23522 0.46920 0.16895 0.38584 0.13575 0.23869 0.12271 0.12101 0.12959 0.00463 0.14067 0.00348 0.22822 0.04965 0.21208 0.12949 0.20432 0.15366 0.21691 0.15340 0.23613 0.00000 0.90172 0.00000 0.98845 0.49672 1.00000 0.99352 1.00000
2 0.63223 0.25869 0.63233 0.25148 0.62936 0.24600 0.62126 0.24581 0.61640 0.22947 0.61659 0.21505 0.62724 0.17563 0.62734 0.16841 0.63365 0.15053 0.63601 0.12534 0.64025 0.11102 0.64044 0.09659 0.64252 0.09304 0.64058 0.08578 0.63559 0.08025 0.60919 0.08325 0.60712 0.08680 0.59091 0.08643 0.58883 0.08998 0.57465 0.08965 0.56541 0.09845 0.56526 0.10927 0.57709 0.13479 0.58869 0.17834 0.59854 0.20020 0.60028 0.22188 0.60226 0.22553 0.60193 0.25077 0.59170 0.25774 0.58958 0.26491 0.59142 0.27937 0.58831 0.28471 0.57817 0.28448 0.57407 0.28799 0.57091 0.29693 0.58388 0.31346 0.58793 0.31355 0.59792 0.32461 0.60099 0.32288 0.60622 0.31038 0.62856 0.30729 0.63879 0.30031 0.64684 0.30411 0.65278 0.31506 0.65585 0.31333 0.65609 0.29530 0.65816 0.29175 0.65632 0.27728 0.64930 0.27171 0.63714 0.27142 0.63223 0.25869
6 0.99352 1.00000 0.99617 0.79831 0.71532 0.46798 0.52780 0.23522 0.46920 0.16895 0.38584 0.13575 0.23869 0.12271 0.12101 0.12959 0.00463 0.14067 0.00348 0.22822 0.04965 0.21208 0.12949 0.20432 0.15366 0.21691 0.15340 0.23613 0.00000 0.90172 0.00000 0.98845 0.49672 1.00000 0.99352 1.00000
2 0.63223 0.25869 0.63233 0.25148 0.62936 0.24600 0.62126 0.24581 0.61640 0.22947 0.61659 0.21505 0.62724 0.17563 0.62734 0.16841 0.63365 0.15053 0.63601 0.12534 0.64025 0.11102 0.64044 0.09659 0.64252 0.09304 0.64058 0.08578 0.63559 0.08025 0.60919 0.08325 0.60712 0.08680 0.59091 0.08643 0.58883 0.08998 0.57465 0.08965 0.56541 0.09845 0.56526 0.10927 0.57709 0.13479 0.58869 0.17834 0.59854 0.20020 0.60028 0.22188 0.60226 0.22553 0.60193 0.25077 0.59170 0.25774 0.58958 0.26491 0.59142 0.27937 0.58831 0.28471 0.57817 0.28448 0.57407 0.28799 0.57091 0.29693 0.58388 0.31346 0.58793 0.31355 0.59792 0.32461 0.60099 0.32288 0.60622 0.31038 0.62856 0.30729 0.63879 0.30031 0.64684 0.30411 0.65278 0.31506 0.65585 0.31333 0.65609 0.29530 0.65816 0.29175 0.65632 0.27728 0.64930 0.27171 0.63714 0.27142 0.63223 0.25869
6 0.99352 1.00000 0.99617 0.79831 0.71532 0.46798 0.52780 0.23522 0.46920 0.16895 0.38584 0.13575 0.23869 0.12271 0.12101 0.12959 0.00463 0.14067 0.00348 0.22822 0.04965 0.21208 0.12949 0.20432 0.15366 0.21691 0.15340 0.23613 0.00000 0.90172 0.00000 0.98845 0.49672 1.00000 0.99352 1.00000
2 0.63223 0.25869 0.63233 0.25148 0.62936 0.24600 0.62126 0.24581 0.61640 0.22947 0.61659 0.21505 0.62724 0.17563 0.62734 0.16841 0.63365 0.15053 0.63601 0.12534 0.64025 0.11102 0.64044 0.09659 0.64252 0.09304 0.64058 0.08578 0.63559 0.08025 0.60919 0.08325 0.60712 0.08680 0.59091 0.08643 0.58883 0.08998 0.57465 0.08965 0.56541 0.09845 0.56526 0.10927 0.57709 0.13479 0.58869 0.17834 0.59854 0.20020 0.60028 0.22188 0.60226 0.22553 0.60193 0.25077 0.59170 0.25774 0.58958 0.26491 0.59142 0.27937 0.58831 0.28471 0.57817 0.28448 0.57407 0.28799 0.57091 0.29693 0.58388 0.31346 0.58793 0.31355 0.59792 0.32461 0.60099 0.32288 0.60622 0.31038 0.62856 0.30729 0.63879 0.30031 0.64684 0.30411 0.65278 0.31506 0.65585 0.31333 0.65609 0.29530 0.65816 0.29175 0.65632 0.27728 0.64930 0.27171 0.63714 0.27142 0.63223 0.25869
6 0.99352 1.00000 0.99617 0.79831 0.71532 0.46798 0.52780 0.23522 0.46920 0.16895 0.38584 0.13575 0.23869 0.12271 0.12101 0.12959 0.00463 0.14067 0.00348 0.22822 0.04965 0.21208 0.12949 0.20432 0.15366 0.21691 0.15340 0.23613 0.00000 0.90172 0.00000 0.98845 0.49672 1.00000 0.99352 1.00000
2 0.63223 0.25869 0.63233 0.25148 0.62936 0.24600 0.62126 0.24581 0.61640 0.22947 0.61659 0.21505 0.62724 0.17563 0.62734 0.16841 0.63365 0.15053 0.63601 0.12534 0.64025 0.11102 0.64044 0.09659 0.64252 0.09304 0.64058 0.08578 0.63559 0.08025 0.60919 0.08325 0.60712 0.08680 0.59091 0.08643 0.58883 0.08998 0.57465 0.08965 0.56541 0.09845 0.56526 0.10927 0.57709 0.13479 0.58869 0.17834 0.59854 0.20020 0.60028 0.22188 0.60226 0.22553 0.60193 0.25077 0.59170 0.25774 0.58958 0.26491 0.59142 0.27937 0.58831 0.28471 0.57817 0.28448 0.57407 0.28799 0.57091 0.29693 0.58388 0.31346 0.58793 0.31355 0.59792 0.32461 0.60099 0.32288 0.60622 0.31038 0.62856 0.30729 0.63879 0.30031 0.64684 0.30411 0.65278 0.31506 0.65585 0.31333 0.65609 0.29530 0.65816 0.29175 0.65632 0.27728 0.64930 0.27171 0.63714 0.27142 0.63223 0.25869
