6 0.23628 1.00000 0.20446 0.98271 0.19826 0.98329 0.16630 0.96780 0.16010 0.96838 0.15351 0.96161 0.11554 0.95037 0.03242 0.91011 0.02023 0.90856 0.02503 1.00000 0.23628 1.00000
2 0.08875 0.87532 0.10322 0.87398 0.10548 0.87746 0.10829 0.87166 0.10978 0.86044 0.10619 0.85154 0.10187 0.84825 0.09793 0.85231 0.08552 0.85347 0.07384 0.82871 0.06557 0.82948 0.06218 0.82425 0.05709 0.80627 0.05987 0.78016 0.06362 0.77243 0.06323 0.76507 0.06847 0.74613 0.07572 0.68637 0.07494 0.67167 0.06723 0.66315 0.06122 0.66741 0.00802 0.67603 0.01094 0.73165 0.01170 0.73295 0.02113 0.75423 0.02151 0.76157 0.03055 0.77550 0.03772 0.79330 0.04416 0.83701 0.03047 0.85306 0.03388 0.87859 0.01895 0.88426 0.02001 0.90444 0.03523 0.90431 0.04218 0.89812 0.05458 0.89697 0.05645 0.89311 0.07486 0.88770 0.08875 0.87532
6 0.23628 1.00000 0.20446 0.98271 0.19826 0.98329 0.16630 0.96780 0.16010 0.96838 0.15351 0.96161 0.11554 0.95037 0.03242 0.91011 0.02023 0.90856 0.02503 1.00000 0.23628 1.00000
2 0.08875 0.87532 0.10322 0.87398 0.10548 0.87746 0.10829 0.87166 0.10978 0.86044 0.10619 0.85154 0.10187 0.84825 0.09793 0.85231 0.08552 0.85347 0.07384 0.82871 0.06557 0.82948 0.06218 0.82425 0.05709 0.80627 0.05987 0.78016 0.06362 0.77243 0.06323 0.76507 0.06847 0.74613 0.07572 0.68637 0.07494 0.67167 0.06723 0.66315 0.06122 0.66741 0.00802 0.67603 0.01094 0.73165 0.01170 0.73295 0.02113 0.75423 0.02151 0.76157 0.03055 0.77550 0.03772 0.79330 0.04416 0.83701 0.03047 0.85306 0.03388 0.87859 0.01895 0.88426 0.02001 0.90444 0.03523 0.90431 0.04218 0.89812 0.05458 0.89697 0.05645 0.89311 0.07486 0.88770 0.08875 0.87532
6 0.23628 1.00000 0.20446 0.98271 0.19826 0.98329 0.16630 0.96780 0.16010 0.96838 0.15351 0.96161 0.11554 0.95037 0.03242 0.91011 0.02023 0.90856 0.02503 1.00000 0.23628 1.00000
2 0.08875 0.87532 0.10322 0.87398 0.10548 0.87746 0.10829 0.87166 0.10978 0.86044 0.10619 0.85154 0.10187 0.84825 0.09793 0.85231 0.08552 0.85347 0.07384 0.82871 0.06557 0.82948 0.06218 0.82425 0.05709 0.80627 0.05987 0.78016 0.06362 0.77243 0.06323 0.76507 0.06847 0.74613 0.07572 0.68637 0.07494 0.67167 0.06723 0.66315 0.06122 0.66741 0.00802 0.67603 0.01094 0.73165 0.01170 0.73295 0.02113 0.75423 0.02151 0.76157 0.03055 0.77550 0.03772 0.79330 0.04416 0.83701 0.03047 0.85306 0.03388 0.87859 0.01895 0.88426 0.02001 0.90444 0.03523 0.90431 0.04218 0.89812 0.05458 0.89697 0.05645 0.89311 0.07486 0.88770 0.08875 0.87532
6 0.23628 1.00000 0.20446 0.98271 0.19826 0.98329 0.16630 0.96780 0.16010 0.96838 0.15351 0.96161 0.11554 0.95037 0.03242 0.91011 0.02023 0.90856 0.02503 1.00000 0.23628 1.00000
2 0.08875 0.87532 0.10322 0.87398 0.10548 0.87746 0.10829 0.87166 0.10978 0.86044 0.10619 0.85154 0.10187 0.84825 0.09793 0.85231 0.08552 0.85347 0.07384 0.82871 0.06557 0.82948 0.06218 0.82425 0.05709 0.80627 0.05987 0.78016 0.06362 0.77243 0.06323 0.76507 0.06847 0.74613 0.07572 0.68637 0.07494 0.67167 0.06723 0.66315 0.06122 0.66741 0.00802 0.67603 0.01094 0.73165 0.01170 0.73295 0.02113 0.75423 0.02151 0.76157 0.03055 0.77550 0.03772 0.79330 0.04416 0.83701 0.03047 0.85306 0.03388 0.87859 0.01895 0.88426 0.02001 0.90444 0.03523 0.90431 0.04218 0.89812 0.05458 0.89697 0.05645 0.89311 0.07486 0.88770 0.08875 0.87532
6 0.23628 1.00000 0.20446 0.98271 0.19826 0.98329 0.16630 0.96780 0.16010 0.96838 0.15351 0.96161 0.11554 0.95037 0.03242 0.91011 0.02023 0.90856 0.02503 1.00000 0.23628 1.00000
2 0.08875 0.87532 0.10322 0.87398 0.10548 0.87746 0.10829 0.87166 0.10978 0.86044 0.10619 0.85154 0.10187 0.84825 0.09793 0.85231 0.08552 0.85347 0.07384 0.82871 0.06557 0.82948 0.06218 0.82425 0.05709 0.80627 0.05987 0.78016 0.06362 0.77243 0.06323 0.76507 0.06847 0.74613 0.07572 0.68637 0.07494 0.67167 0.06723 0.66315 0.06122 0.66741 0.00802 0.67603 0.01094 0.73165 0.01170 0.73295 0.02113 0.75423 0.02151 0.76157 0.03055 0.77550 0.03772 0.79330 0.04416 0.83701 0.03047 0.85306 0.03388 0.87859 0.01895 0.88426 0.02001 0.90444 0.03523 0.90431 0.04218 0.89812 0.05458 0.89697 0.05645 0.89311 0.07486 0.88770 0.08875 0.87532
6 0.23628 1.00000 0.20446 0.98271 0.19826 0.98329 0.16630 0.96780 0.16010 0.96838 0.15351 0.96161 0.11554 0.95037 0.03242 0.91011 0.02023 0.90856 0.02503 1.00000 0.23628 1.00000
2 0.08875 0.87532 0.10322 0.87398 0.10548 0.87746 0.10829 0.87166 0.10978 0.86044 0.10619 0.85154 0.10187 0.84825 0.09793 0.85231 0.08552 0.85347 0.07384 0.82871 0.06557 0.82948 0.06218 0.82425 0.05709 0.80627 0.05987 0.78016 0.06362 0.77243 0.06323 0.76507 0.06847 0.74613 0.07572 0.68637 0.07494 0.67167 0.06723 0.66315 0.06122 0.66741 0.00802 0.67603 0.01094 0.73165 0.01170 0.73295 0.02113 0.75423 0.02151 0.76157 0.03055 0.77550 0.03772 0.79330 0.04416 0.83701 0.03047 0.85306 0.03388 0.87859 0.01895 0.88426 0.02001 0.90444 0.03523 0.90431 0.04218 0.89812 0.05458 0.89697 0.05645 0.89311 0.07486 0.88770 0.08875 0.87532
