4 0.77556 0.50321 0.76811 0.49405 0.75771 0.49185 0.74643 0.49706 0.73212 0.51872 0.72816 0.55206 0.73056 0.56775 0.74292 0.58934 0.73952 0.60002 0.73157 0.60404 0.72943 0.61307 0.72565 0.61797 0.71941 0.61666 0.71563 0.62155 0.71474 0.62896 0.73077 0.66461 0.75908 0.66869 0.76577 0.66630 0.77137 0.63711 0.76518 0.62631 0.76102 0.62543 0.75945 0.61181 0.75244 0.59895 0.75332 0.59154 0.76587 0.58469 0.77721 0.57000 0.78018 0.56303 0.78414 0.52970 0.77556 0.50321
7 0.44157 0.46882 0.44729 0.42066 0.44483 0.41445 0.43235 0.41182 0.42857 0.41671 0.43021 0.42086 0.42052 0.50234 0.42216 0.50648 0.41995 0.52500 0.41617 0.52990 0.40369 0.52727 0.39738 0.53543 0.39474 0.55765 0.39222 0.56092 0.38914 0.58684 0.39116 0.59676 0.39488 0.60134 0.41487 0.60366 0.42029 0.60291 0.42199 0.59757 0.42911 0.59148 0.43460 0.58125 0.43548 0.57384 0.44052 0.56731 0.44152 0.54095 0.43452 0.52808 0.43936 0.48734 0.44189 0.48407 0.44321 0.47296 0.44157 0.46882
7 0.44597 0.43178 0.44421 0.44659 0.44585 0.45073 0.44044 0.51414 0.44499 0.52079 0.45873 0.52179 0.47045 0.51288 0.47266 0.49436 0.47184 0.49229 0.46679 0.49882 0.46017 0.49172 0.46822 0.40610 0.46204 0.39530 0.45952 0.39857 0.45119 0.39681 0.44685 0.42437 0.44849 0.42851 0.44597 0.43178
6 0.91786 1.00000 0.90998 0.98718 0.90550 0.97105 0.90134 0.97017 0.87869 0.92742 0.86753 0.91368 0.84488 0.87093 0.84204 0.85894 0.83952 0.86221 0.82760 0.83691 0.81479 0.81902 0.80659 0.79831 0.79543 0.78456 0.77978 0.75469 0.74717 0.70604 0.73569 0.67704 0.73153 0.67616 0.72825 0.66788 0.72245 0.66286 0.70724 0.62928 0.70308 0.62840 0.69652 0.61183 0.69028 0.61051 0.68914 0.59318 0.69134 0.57466 0.69468 0.57347 0.69512 0.56977 0.69140 0.56519 0.66851 0.56036 0.66687 0.55621 0.66227 0.55904 0.64354 0.55509 0.64102 0.55836 0.54322 0.53772 0.54070 0.54098 0.53698 0.53640 0.53446 0.53967 0.51365 0.53528 0.50993 0.53070 0.50741 0.53396 0.49284 0.53089 0.49032 0.53415 0.48660 0.52957 0.48200 0.53240 0.46951 0.52977 0.46031 0.53541 0.45521 0.55143 0.43964 0.57472 0.42779 0.60259 0.41267 0.62218 0.40126 0.64635 0.36848 0.68879 0.36508 0.69947 0.35796 0.70556 0.33306 0.75346 0.29689 0.80657 0.28844 0.82378 0.25983 0.86710 0.25391 0.88104 0.24130 0.89736 0.23538 0.91130 0.22826 0.91739 0.22485 0.92806 0.22025 0.93089 0.21685 0.94156 0.21225 0.94439 0.21165 0.94540 0.47046 1.00000 0.91786 1.00000
6 0.69764 0.56650 0.69512 0.56977 0.67930 0.56833 0.68624 0.59067 0.69740 0.60442 0.69860 0.61227 0.70484 0.61358 0.70648 0.61773 0.71607 0.61785 0.72609 0.61427 0.72823 0.60523 0.73201 0.60033 0.73744 0.59958 0.73876 0.58846 0.73630 0.58225 0.72425 0.57591 0.72261 0.57177 0.71637 0.57045 0.71385 0.57372 0.70136 0.57109 0.69764 0.56650
6 0.89324 0.60777 0.84746 0.59811 0.84494 0.60137 0.76587 0.58469 0.75957 0.59286 0.75824 0.60397 0.76152 0.61225 0.76147 0.62173 0.76891 0.63089 0.77225 0.62970 0.89211 0.65309 0.89464 0.64983 0.96746 0.66519 0.96911 0.66934 0.97163 0.66607 0.97535 0.67065 0.98568 0.67283 0.99229 0.61727 0.98195 0.61509 0.97943 0.61836 0.96903 0.61616 0.96651 0.61943 0.89576 0.60450 0.89324 0.60777
6 0.00000 0.49715 0.00507 0.49822 0.05419 0.50669 0.05671 0.50342 0.12122 0.51703 0.12374 0.51377 0.14662 0.51859 0.14915 0.51533 0.19701 0.52543 0.19953 0.52216 0.24114 0.53094 0.24492 0.52604 0.24581 0.51864 0.25469 0.49773 0.17480 0.47898 0.17228 0.48224 0.13066 0.47346 0.12814 0.47673 0.12234 0.47171 0.09945 0.46688 0.09693 0.47014 0.02826 0.45566 0.02574 0.45892 0.00493 0.45453 0.00329 0.45039 0.00000 0.44969 0.00000 0.49715
4 0.77556 0.50321 0.76811 0.49405 0.75771 0.49185 0.74643 0.49706 0.73212 0.51872 0.72816 0.55206 0.73056 0.56775 0.74292 0.58934 0.73952 0.60002 0.73157 0.60404 0.72943 0.61307 0.72565 0.61797 0.71941 0.61666 0.71563 0.62155 0.71474 0.62896 0.73077 0.66461 0.75908 0.66869 0.76577 0.66630 0.77137 0.63711 0.76518 0.62631 0.76102 0.62543 0.75945 0.61181 0.75244 0.59895 0.75332 0.59154 0.76587 0.58469 0.77721 0.57000 0.78018 0.56303 0.78414 0.52970 0.77556 0.50321
7 0.44157 0.46882 0.44729 0.42066 0.44483 0.41445 0.43235 0.41182 0.42857 0.41671 0.43021 0.42086 0.42052 0.50234 0.42216 0.50648 0.41995 0.52500 0.41617 0.52990 0.40369 0.52727 0.39738 0.53543 0.39474 0.55765 0.39222 0.56092 0.38914 0.58684 0.39116 0.59676 0.39488 0.60134 0.41487 0.60366 0.42029 0.60291 0.42199 0.59757 0.42911 0.59148 0.43460 0.58125 0.43548 0.57384 0.44052 0.56731 0.44152 0.54095 0.43452 0.52808 0.43936 0.48734 0.44189 0.48407 0.44321 0.47296 0.44157 0.46882
7 0.44597 0.43178 0.44421 0.44659 0.44585 0.45073 0.44044 0.51414 0.44499 0.52079 0.45873 0.52179 0.47045 0.51288 0.47266 0.49436 0.47184 0.49229 0.46679 0.49882 0.46017 0.49172 0.46822 0.40610 0.46204 0.39530 0.45952 0.39857 0.45119 0.39681 0.44685 0.42437 0.44849 0.42851 0.44597 0.43178
6 0.91786 1.00000 0.90998 0.98718 0.90550 0.97105 0.90134 0.97017 0.87869 0.92742 0.86753 0.91368 0.84488 0.87093 0.84204 0.85894 0.83952 0.86221 0.82760 0.83691 0.81479 0.81902 0.80659 0.79831 0.79543 0.78456 0.77978 0.75469 0.74717 0.70604 0.73569 0.67704 0.73153 0.67616 0.72825 0.66788 0.72245 0.66286 0.70724 0.62928 0.70308 0.62840 0.69652 0.61183 0.69028 0.61051 0.68914 0.59318 0.69134 0.57466 0.69468 0.57347 0.69512 0.56977 0.69140 0.56519 0.66851 0.56036 0.66687 0.55621 0.66227 0.55904 0.64354 0.55509 0.64102 0.55836 0.54322 0.53772 0.54070 0.54098 0.53698 0.53640 0.53446 0.53967 0.51365 0.53528 0.50993 0.53070 0.50741 0.53396 0.49284 0.53089 0.49032 0.53415 0.48660 0.52957 0.48200 0.53240 0.46951 0.52977 0.46031 0.53541 0.45521 0.55143 0.43964 0.57472 0.42779 0.60259 0.41267 0.62218 0.40126 0.64635 0.36848 0.68879 0.36508 0.69947 0.35796 0.70556 0.33306 0.75346 0.29689 0.80657 0.28844 0.82378 0.25983 0.86710 0.25391 0.88104 0.24130 0.89736 0.23538 0.91130 0.22826 0.91739 0.22485 0.92806 0.22025 0.93089 0.21685 0.94156 0.21225 0.94439 0.21165 0.94540 0.47046 1.00000 0.91786 1.00000
6 0.69764 0.56650 0.69512 0.56977 0.67930 0.56833 0.68624 0.59067 0.69740 0.60442 0.69860 0.61227 0.70484 0.61358 0.70648 0.61773 0.71607 0.61785 0.72609 0.61427 0.72823 0.60523 0.73201 0.60033 0.73744 0.59958 0.73876 0.58846 0.73630 0.58225 0.72425 0.57591 0.72261 0.57177 0.71637 0.57045 0.71385 0.57372 0.70136 0.57109 0.69764 0.56650
6 0.89324 0.60777 0.84746 0.59811 0.84494 0.60137 0.76587 0.58469 0.75957 0.59286 0.75824 0.60397 0.76152 0.61225 0.76147 0.62173 0.76891 0.63089 0.77225 0.62970 0.89211 0.65309 0.89464 0.64983 0.96746 0.66519 0.96911 0.66934 0.97163 0.66607 0.97535 0.67065 0.98568 0.67283 0.99229 0.61727 0.98195 0.61509 0.97943 0.61836 0.96903 0.61616 0.96651 0.61943 0.89576 0.60450 0.89324 0.60777
6 0.00000 0.49715 0.00507 0.49822 0.05419 0.50669 0.05671 0.50342 0.12122 0.51703 0.12374 0.51377 0.14662 0.51859 0.14915 0.51533 0.19701 0.52543 0.19953 0.52216 0.24114 0.53094 0.24492 0.52604 0.24581 0.51864 0.25469 0.49773 0.17480 0.47898 0.17228 0.48224 0.13066 0.47346 0.12814 0.47673 0.12234 0.47171 0.09945 0.46688 0.09693 0.47014 0.02826 0.45566 0.02574 0.45892 0.00493 0.45453 0.00329 0.45039 0.00000 0.44969 0.00000 0.49715
4 0.77556 0.50321 0.76811 0.49405 0.75771 0.49185 0.74643 0.49706 0.73212 0.51872 0.72816 0.55206 0.73056 0.56775 0.74292 0.58934 0.73952 0.60002 0.73157 0.60404 0.72943 0.61307 0.72565 0.61797 0.71941 0.61666 0.71563 0.62155 0.71474 0.62896 0.73077 0.66461 0.75908 0.66869 0.76577 0.66630 0.77137 0.63711 0.76518 0.62631 0.76102 0.62543 0.75945 0.61181 0.75244 0.59895 0.75332 0.59154 0.76587 0.58469 0.77721 0.57000 0.78018 0.56303 0.78414 0.52970 0.77556 0.50321
7 0.44157 0.46882 0.44729 0.42066 0.44483 0.41445 0.43235 0.41182 0.42857 0.41671 0.43021 0.42086 0.42052 0.50234 0.42216 0.50648 0.41995 0.52500 0.41617 0.52990 0.40369 0.52727 0.39738 0.53543 0.39474 0.55765 0.39222 0.56092 0.38914 0.58684 0.39116 0.59676 0.39488 0.60134 0.41487 0.60366 0.42029 0.60291 0.42199 0.59757 0.42911 0.59148 0.43460 0.58125 0.43548 0.57384 0.44052 0.56731 0.44152 0.54095 0.43452 0.52808 0.43936 0.48734 0.44189 0.48407 0.44321 0.47296 0.44157 0.46882
7 0.44597 0.43178 0.44421 0.44659 0.44585 0.45073 0.44044 0.51414 0.44499 0.52079 0.45873 0.52179 0.47045 0.51288 0.47266 0.49436 0.47184 0.49229 0.46679 0.49882 0.46017 0.49172 0.46822 0.40610 0.46204 0.39530 0.45952 0.39857 0.45119 0.39681 0.44685 0.42437 0.44849 0.42851 0.44597 0.43178
6 0.91786 1.00000 0.90998 0.98718 0.90550 0.97105 0.90134 0.97017 0.87869 0.92742 0.86753 0.91368 0.84488 0.87093 0.84204 0.85894 0.83952 0.86221 0.82760 0.83691 0.81479 0.81902 0.80659 0.79831 0.79543 0.78456 0.77978 0.75469 0.74717 0.70604 0.73569 0.67704 0.73153 0.67616 0.72825 0.66788 0.72245 0.66286 0.70724 0.62928 0.70308 0.62840 0.69652 0.61183 0.69028 0.61051 0.68914 0.59318 0.69134 0.57466 0.69468 0.57347 0.69512 0.56977 0.69140 0.56519 0.66851 0.56036 0.66687 0.55621 0.66227 0.55904 0.64354 0.55509 0.64102 0.55836 0.54322 0.53772 0.54070 0.54098 0.53698 0.53640 0.53446 0.53967 0.51365 0.53528 0.50993 0.53070 0.50741 0.53396 0.49284 0.53089 0.49032 0.53415 0.48660 0.52957 0.48200 0.53240 0.46951 0.52977 0.46031 0.53541 0.45521 0.55143 0.43964 0.57472 0.42779 0.60259 0.41267 0.62218 0.40126 0.64635 0.36848 0.68879 0.36508 0.69947 0.35796 0.70556 0.33306 0.75346 0.29689 0.80657 0.28844 0.82378 0.25983 0.86710 0.25391 0.88104 0.24130 0.89736 0.23538 0.91130 0.22826 0.91739 0.22485 0.92806 0.22025 0.93089 0.21685 0.94156 0.21225 0.94439 0.21165 0.94540 0.47046 1.00000 0.91786 1.00000
6 0.69764 0.56650 0.69512 0.56977 0.67930 0.56833 0.68624 0.59067 0.69740 0.60442 0.69860 0.61227 0.70484 0.61358 0.70648 0.61773 0.71607 0.61785 0.72609 0.61427 0.72823 0.60523 0.73201 0.60033 0.73744 0.59958 0.73876 0.58846 0.73630 0.58225 0.72425 0.57591 0.72261 0.57177 0.71637 0.57045 0.71385 0.57372 0.70136 0.57109 0.69764 0.56650
6 0.89324 0.60777 0.84746 0.59811 0.84494 0.60137 0.76587 0.58469 0.75957 0.59286 0.75824 0.60397 0.76152 0.61225 0.76147 0.62173 0.76891 0.63089 0.77225 0.62970 0.89211 0.65309 0.89464 0.64983 0.96746 0.66519 0.96911 0.66934 0.97163 0.66607 0.97535 0.67065 0.98568 0.67283 0.99229 0.61727 0.98195 0.61509 0.97943 0.61836 0.96903 0.61616 0.96651 0.61943 0.89576 0.60450 0.89324 0.60777
6 0.00000 0.49715 0.00507 0.49822 0.05419 0.50669 0.05671 0.50342 0.12122 0.51703 0.12374 0.51377 0.14662 0.51859 0.14915 0.51533 0.19701 0.52543 0.19953 0.52216 0.24114 0.53094 0.24492 0.52604 0.24581 0.51864 0.25469 0.49773 0.17480 0.47898 0.17228 0.48224 0.13066 0.47346 0.12814 0.47673 0.12234 0.47171 0.09945 0.46688 0.09693 0.47014 0.02826 0.45566 0.02574 0.45892 0.00493 0.45453 0.00329 0.45039 0.00000 0.44969 0.00000 0.49715
4 0.77556 0.50321 0.76811 0.49405 0.75771 0.49185 0.74643 0.49706 0.73212 0.51872 0.72816 0.55206 0.73056 0.56775 0.74292 0.58934 0.73952 0.60002 0.73157 0.60404 0.72943 0.61307 0.72565 0.61797 0.71941 0.61666 0.71563 0.62155 0.71474 0.62896 0.73077 0.66461 0.75908 0.66869 0.76577 0.66630 0.77137 0.63711 0.76518 0.62631 0.76102 0.62543 0.75945 0.61181 0.75244 0.59895 0.75332 0.59154 0.76587 0.58469 0.77721 0.57000 0.78018 0.56303 0.78414 0.52970 0.77556 0.50321
7 0.44157 0.46882 0.44729 0.42066 0.44483 0.41445 0.43235 0.41182 0.42857 0.41671 0.43021 0.42086 0.42052 0.50234 0.42216 0.50648 0.41995 0.52500 0.41617 0.52990 0.40369 0.52727 0.39738 0.53543 0.39474 0.55765 0.39222 0.56092 0.38914 0.58684 0.39116 0.59676 0.39488 0.60134 0.41487 0.60366 0.42029 0.60291 0.42199 0.59757 0.42911 0.59148 0.43460 0.58125 0.43548 0.57384 0.44052 0.56731 0.44152 0.54095 0.43452 0.52808 0.43936 0.48734 0.44189 0.48407 0.44321 0.47296 0.44157 0.46882
7 0.44597 0.43178 0.44421 0.44659 0.44585 0.45073 0.44044 0.51414 0.44499 0.52079 0.45873 0.52179 0.47045 0.51288 0.47266 0.49436 0.47184 0.49229 0.46679 0.49882 0.46017 0.49172 0.46822 0.40610 0.46204 0.39530 0.45952 0.39857 0.45119 0.39681 0.44685 0.42437 0.44849 0.42851 0.44597 0.43178
6 0.91786 1.00000 0.90998 0.98718 0.90550 0.97105 0.90134 0.97017 0.87869 0.92742 0.86753 0.91368 0.84488 0.87093 0.84204 0.85894 0.83952 0.86221 0.82760 0.83691 0.81479 0.81902 0.80659 0.79831 0.79543 0.78456 0.77978 0.75469 0.74717 0.70604 0.73569 0.67704 0.73153 0.67616 0.72825 0.66788 0.72245 0.66286 0.70724 0.62928 0.70308 0.62840 0.69652 0.61183 0.69028 0.61051 0.68914 0.59318 0.69134 0.57466 0.69468 0.57347 0.69512 0.56977 0.69140 0.56519 0.66851 0.56036 0.66687 0.55621 0.66227 0.55904 0.64354 0.55509 0.64102 0.55836 0.54322 0.53772 0.54070 0.54098 0.53698 0.53640 0.53446 0.53967 0.51365 0.53528 0.50993 0.53070 0.50741 0.53396 0.49284 0.53089 0.49032 0.53415 0.48660 0.52957 0.48200 0.53240 0.46951 0.52977 0.46031 0.53541 0.45521 0.55143 0.43964 0.57472 0.42779 0.60259 0.41267 0.62218 0.40126 0.64635 0.36848 0.68879 0.36508 0.69947 0.35796 0.70556 0.33306 0.75346 0.29689 0.80657 0.28844 0.82378 0.25983 0.86710 0.25391 0.88104 0.24130 0.89736 0.23538 0.91130 0.22826 0.91739 0.22485 0.92806 0.22025 0.93089 0.21685 0.94156 0.21225 0.94439 0.21165 0.94540 0.47046 1.00000 0.91786 1.00000
6 0.69764 0.56650 0.69512 0.56977 0.67930 0.56833 0.68624 0.59067 0.69740 0.60442 0.69860 0.61227 0.70484 0.61358 0.70648 0.61773 0.71607 0.61785 0.72609 0.61427 0.72823 0.60523 0.73201 0.60033 0.73744 0.59958 0.73876 0.58846 0.73630 0.58225 0.72425 0.57591 0.72261 0.57177 0.71637 0.57045 0.71385 0.57372 0.70136 0.57109 0.69764 0.56650
6 0.89324 0.60777 0.84746 0.59811 0.84494 0.60137 0.76587 0.58469 0.75957 0.59286 0.75824 0.60397 0.76152 0.61225 0.76147 0.62173 0.76891 0.63089 0.77225 0.62970 0.89211 0.65309 0.89464 0.64983 0.96746 0.66519 0.96911 0.66934 0.97163 0.66607 0.97535 0.67065 0.98568 0.67283 0.99229 0.61727 0.98195 0.61509 0.97943 0.61836 0.96903 0.61616 0.96651 0.61943 0.89576 0.60450 0.89324 0.60777
6 0.00000 0.49715 0.00507 0.49822 0.05419 0.50669 0.05671 0.50342 0.12122 0.51703 0.12374 0.51377 0.14662 0.51859 0.14915 0.51533 0.19701 0.52543 0.19953 0.52216 0.24114 0.53094 0.24492 0.52604 0.24581 0.51864 0.25469 0.49773 0.17480 0.47898 0.17228 0.48224 0.13066 0.47346 0.12814 0.47673 0.12234 0.47171 0.09945 0.46688 0.09693 0.47014 0.02826 0.45566 0.02574 0.45892 0.00493 0.45453 0.00329 0.45039 0.00000 0.44969 0.00000 0.49715
4 0.77556 0.50321 0.76811 0.49405 0.75771 0.49185 0.74643 0.49706 0.73212 0.51872 0.72816 0.55206 0.73056 0.56775 0.74292 0.58934 0.73952 0.60002 0.73157 0.60404 0.72943 0.61307 0.72565 0.61797 0.71941 0.61666 0.71563 0.62155 0.71474 0.62896 0.73077 0.66461 0.75908 0.66869 0.76577 0.66630 0.77137 0.63711 0.76518 0.62631 0.76102 0.62543 0.75945 0.61181 0.75244 0.59895 0.75332 0.59154 0.76587 0.58469 0.77721 0.57000 0.78018 0.56303 0.78414 0.52970 0.77556 0.50321
7 0.44157 0.46882 0.44729 0.42066 0.44483 0.41445 0.43235 0.41182 0.42857 0.41671 0.43021 0.42086 0.42052 0.50234 0.42216 0.50648 0.41995 0.52500 0.41617 0.52990 0.40369 0.52727 0.39738 0.53543 0.39474 0.55765 0.39222 0.56092 0.38914 0.58684 0.39116 0.59676 0.39488 0.60134 0.41487 0.60366 0.42029 0.60291 0.42199 0.59757 0.42911 0.59148 0.43460 0.58125 0.43548 0.57384 0.44052 0.56731 0.44152 0.54095 0.43452 0.52808 0.43936 0.48734 0.44189 0.48407 0.44321 0.47296 0.44157 0.46882
7 0.44597 0.43178 0.44421 0.44659 0.44585 0.45073 0.44044 0.51414 0.44499 0.52079 0.45873 0.52179 0.47045 0.51288 0.47266 0.49436 0.47184 0.49229 0.46679 0.49882 0.46017 0.49172 0.46822 0.40610 0.46204 0.39530 0.45952 0.39857 0.45119 0.39681 0.44685 0.42437 0.44849 0.42851 0.44597 0.43178
6 0.91786 1.00000 0.90998 0.98718 0.90550 0.97105 0.90134 0.97017 0.87869 0.92742 0.86753 0.91368 0.84488 0.87093 0.84204 0.85894 0.83952 0.86221 0.82760 0.83691 0.81479 0.81902 0.80659 0.79831 0.79543 0.78456 0.77978 0.75469 0.74717 0.70604 0.73569 0.67704 0.73153 0.67616 0.72825 0.66788 0.72245 0.66286 0.70724 0.62928 0.70308 0.62840 0.69652 0.61183 0.69028 0.61051 0.68914 0.59318 0.69134 0.57466 0.69468 0.57347 0.69512 0.56977 0.69140 0.56519 0.66851 0.56036 0.66687 0.55621 0.66227 0.55904 0.64354 0.55509 0.64102 0.55836 0.54322 0.53772 0.54070 0.54098 0.53698 0.53640 0.53446 0.53967 0.51365 0.53528 0.50993 0.53070 0.50741 0.53396 0.49284 0.53089 0.49032 0.53415 0.48660 0.52957 0.48200 0.53240 0.46951 0.52977 0.46031 0.53541 0.45521 0.55143 0.43964 0.57472 0.42779 0.60259 0.41267 0.62218 0.40126 0.64635 0.36848 0.68879 0.36508 0.69947 0.35796 0.70556 0.33306 0.75346 0.29689 0.80657 0.28844 0.82378 0.25983 0.86710 0.25391 0.88104 0.24130 0.89736 0.23538 0.91130 0.22826 0.91739 0.22485 0.92806 0.22025 0.93089 0.21685 0.94156 0.21225 0.94439 0.21165 0.94540 0.47046 1.00000 0.91786 1.00000
6 0.69764 0.56650 0.69512 0.56977 0.67930 0.56833 0.68624 0.59067 0.69740 0.60442 0.69860 0.61227 0.70484 0.61358 0.70648 0.61773 0.71607 0.61785 0.72609 0.61427 0.72823 0.60523 0.73201 0.60033 0.73744 0.59958 0.73876 0.58846 0.73630 0.58225 0.72425 0.57591 0.72261 0.57177 0.71637 0.57045 0.71385 0.57372 0.70136 0.57109 0.69764 0.56650
6 0.89324 0.60777 0.84746 0.59811 0.84494 0.60137 0.76587 0.58469 0.75957 0.59286 0.75824 0.60397 0.76152 0.61225 0.76147 0.62173 0.76891 0.63089 0.77225 0.62970 0.89211 0.65309 0.89464 0.64983 0.96746 0.66519 0.96911 0.66934 0.97163 0.66607 0.97535 0.67065 0.98568 0.67283 0.99229 0.61727 0.98195 0.61509 0.97943 0.61836 0.96903 0.61616 0.96651 0.61943 0.89576 0.60450 0.89324 0.60777
6 0.00000 0.49715 0.00507 0.49822 0.05419 0.50669 0.05671 0.50342 0.12122 0.51703 0.12374 0.51377 0.14662 0.51859 0.14915 0.51533 0.19701 0.52543 0.19953 0.52216 0.24114 0.53094 0.24492 0.52604 0.24581 0.51864 0.25469 0.49773 0.17480 0.47898 0.17228 0.48224 0.13066 0.47346 0.12814 0.47673 0.12234 0.47171 0.09945 0.46688 0.09693 0.47014 0.02826 0.45566 0.02574 0.45892 0.00493 0.45453 0.00329 0.45039 0.00000 0.44969 0.00000 0.49715
4 0.77556 0.50321 0.76811 0.49405 0.75771 0.49185 0.74643 0.49706 0.73212 0.51872 0.72816 0.55206 0.73056 0.56775 0.74292 0.58934 0.73952 0.60002 0.73157 0.60404 0.72943 0.61307 0.72565 0.61797 0.71941 0.61666 0.71563 0.62155 0.71474 0.62896 0.73077 0.66461 0.75908 0.66869 0.76577 0.66630 0.77137 0.63711 0.76518 0.62631 0.76102 0.62543 0.75945 0.61181 0.75244 0.59895 0.75332 0.59154 0.76587 0.58469 0.77721 0.57000 0.78018 0.56303 0.78414 0.52970 0.77556 0.50321
7 0.44157 0.46882 0.44729 0.42066 0.44483 0.41445 0.43235 0.41182 0.42857 0.41671 0.43021 0.42086 0.42052 0.50234 0.42216 0.50648 0.41995 0.52500 0.41617 0.52990 0.40369 0.52727 0.39738 0.53543 0.39474 0.55765 0.39222 0.56092 0.38914 0.58684 0.39116 0.59676 0.39488 0.60134 0.41487 0.60366 0.42029 0.60291 0.42199 0.59757 0.42911 0.59148 0.43460 0.58125 0.43548 0.57384 0.44052 0.56731 0.44152 0.54095 0.43452 0.52808 0.43936 0.48734 0.44189 0.48407 0.44321 0.47296 0.44157 0.46882
7 0.44597 0.43178 0.44421 0.44659 0.44585 0.45073 0.44044 0.51414 0.44499 0.52079 0.45873 0.52179 0.47045 0.51288 0.47266 0.49436 0.47184 0.49229 0.46679 0.49882 0.46017 0.49172 0.46822 0.40610 0.46204 0.39530 0.45952 0.39857 0.45119 0.39681 0.44685 0.42437 0.44849 0.42851 0.44597 0.43178
6 0.91786 1.00000 0.90998 0.98718 0.90550 0.97105 0.90134 0.97017 0.87869 0.92742 0.86753 0.91368 0.84488 0.87093 0.84204 0.85894 0.83952 0.86221 0.82760 0.83691 0.81479 0.81902 0.80659 0.79831 0.79543 0.78456 0.77978 0.75469 0.74717 0.70604 0.73569 0.67704 0.73153 0.67616 0.72825 0.66788 0.72245 0.66286 0.70724 0.62928 0.70308 0.62840 0.69652 0.61183 0.69028 0.61051 0.68914 0.59318 0.69134 0.57466 0.69468 0.57347 0.69512 0.56977 0.69140 0.56519 0.66851 0.56036 0.66687 0.55621 0.66227 0.55904 0.64354 0.55509 0.64102 0.55836 0.54322 0.53772 0.54070 0.54098 0.53698 0.53640 0.53446 0.53967 0.51365 0.53528 0.50993 0.53070 0.50741 0.53396 0.49284 0.53089 0.49032 0.53415 0.48660 0.52957 0.48200 0.53240 0.46951 0.52977 0.46031 0.53541 0.45521 0.55143 0.43964 0.57472 0.42779 0.60259 0.41267 0.62218 0.40126 0.64635 0.36848 0.68879 0.36508 0.69947 0.35796 0.70556 0.33306 0.75346 0.29689 0.80657 0.28844 0.82378 0.25983 0.86710 0.25391 0.88104 0.24130 0.89736 0.23538 0.91130 0.22826 0.91739 0.22485 0.92806 0.22025 0.93089 0.21685 0.94156 0.21225 0.94439 0.21165 0.94540 0.47046 1.00000 0.91786 1.00000
6 0.69764 0.56650 0.69512 0.56977 0.67930 0.56833 0.68624 0.59067 0.69740 0.60442 0.69860 0.61227 0.70484 0.61358 0.70648 0.61773 0.71607 0.61785 0.72609 0.61427 0.72823 0.60523 0.73201 0.60033 0.73744 0.59958 0.73876 0.58846 0.73630 0.58225 0.72425 0.57591 0.72261 0.57177 0.71637 0.57045 0.71385 0.57372 0.70136 0.57109 0.69764 0.56650
6 0.89324 0.60777 0.84746 0.59811 0.84494 0.60137 0.76587 0.58469 0.75957 0.59286 0.75824 0.60397 0.76152 0.61225 0.76147 0.62173 0.76891 0.63089 0.77225 0.62970 0.89211 0.65309 0.89464 0.64983 0.96746 0.66519 0.96911 0.66934 0.97163 0.66607 0.97535 0.67065 0.98568 0.67283 0.99229 0.61727 0.98195 0.61509 0.97943 0.61836 0.96903 0.61616 0.96651 0.61943 0.89576 0.60450 0.89324 0.60777
6 0.00000 0.49715 0.00507 0.49822 0.05419 0.50669 0.05671 0.50342 0.12122 0.51703 0.12374 0.51377 0.14662 0.51859 0.14915 0.51533 0.19701 0.52543 0.19953 0.52216 0.24114 0.53094 0.24492 0.52604 0.24581 0.51864 0.25469 0.49773 0.17480 0.47898 0.17228 0.48224 0.13066 0.47346 0.12814 0.47673 0.12234 0.47171 0.09945 0.46688 0.09693 0.47014 0.02826 0.45566 0.02574 0.45892 0.00493 0.45453 0.00329 0.45039 0.00000 0.44969 0.00000 0.49715
